699
657
669
696
671
695
671
659
662
690
670
677
644
679
672
675
677
687
667
660
675
707
732
30
31
687
697
660
692
689
683
687
669
650
656
686
661
698
657
661
672
645
668
689
666
657
664
702
723
38
36
695
701
666
689
677
677
682
672
661
662
703
661
722
653
669
679
665
680
690
667
657
673
709
729
39
64
689
693
659
630
694
644
692
670
663
671
713
681
689
675
674
684
672
698
681
662
660
691
711
746
29
67
683
690
658
660
688
670
690
668
658
668
698
666
698
665
669
673
665
683
683
663
659
673
704
730
26
30
680
685
665
660
688
661
686
668
652
658
693
656
716
646
663
657
650
673
679
660
655
663
700
722
30
22
678
683
658
648
689
657
690
664
660
661
696
662
709
654
669
666
661
678
677
660
657
667
700
737
36
51
689
688
656
673
686
672
695
671
662
666
712
657
713
649
679
678
688
683
681
665
664
665
706
733
39
61
682
681
662
654
690
652
695
664
661
670
696
657
709
655
672
674
663
672
677
661
660
662
700
729
45
34
680
682
655
653
684
658
690
665
650
660
697
657
690
647
659
671
654
673
678
661
660
660
699
733
53
17
676
673
654
651
684
654
689
657
655
654
694
652
695
641
663
661
655
670
676
658
657
658
695
730
51
42
669
667
653
651
682
653
689
652
654
655
687
641
696
634
661
651
645
655
675
659
656
650
689
726
39
61
651
653
644
669
684
654
678
647
635
643
673
643
694
634
653
655
647
654
669
653
645
650
676
772
4
65
652
655
649
676
673
651
680
651
655
652
677
647
702
642
661
659
650
664
669
652
646
656
677
791
29
655
650
650
606
677
649
683
654
658
657
690
664
717
651
669
658
656
672
659
648
647
676
682
807
4
32
652
654
641
646
680
666
686
664
655
657
695
662
695
655
668
668
657
674
665
653
652
671
681
815
6
76
653
658
643
658
673
672
687
675
663
672
692
659
708
648
672
682
670
673
668
655
656
671
682
830
1
86
651
657
647
641
680
652
689
666
666
668
687
671
703
664
676
668
661
692
663
649
652
676
677
846
5
52
652
658
647
658
680
659
693
672
674
677
691
661
694
669
684
680
669
701
665
650
655
673
680
858
13
47
647
648
646
642
683
661
688
669
664
674
692
656
696
656
671
686
670
688
662
647
652
674
679
867
22
66
645
645
645
652
680
660
690
669
668
670
692
658
709
656
678
682
676
685
663
649
654
668
676
870
27
74
647
644
639
643
676
663
693
674
671
671
689
655
700
651
683
679
678
678
662
651
658
664
674
878
26
45
634
634
638
641
679
658
691
661
669
667
677
647
681
635
667
666
643
668
657
649
654
655
661
872
31
21
631
630
638
641
673
661
682
662
653
658
677
634
715
641
655
667
635
664
657
651
654
647
659
869
40
48
631
629
636
643
671
638
686
662
652
660
679
647
693
650
666
666
659
668
656
650
656
646
661
884
34
70
622
626
635
670
670
653
684
657
641
644
665
630
658
630
656
652
639
655
656
651
654
635
652
877
33
43
623
621
634
616
675
652
681
657
635
641
670
637
664
634
641
644
632
650
649
648
654
650
658
888
33
14
614
612
635
597
683
642
690
658
645
647
667
641
676
631
658
639
646
650
643
646
656
643
648
887
41
44
615
619
634
635
666
647
682
665
637
633
665
627
704
616
652
648
637
653
651
649
656
634
646
889
45
77
617
615
634
609
675
629
684
644
647
645
663
637
669
629
656
645
636
650
646
645
650
642
648
895
45
58
618
617
636
633
676
636
686
633
642
639
673
627
686
632
660
634
640
645
649
642
645
637
650
881
49
23
626
619
641
630
664
645
684
648
644
642
678
637
715
625
660
643
642
659
651
643
647
648
658
892
47
41
616
612
641
619
671
633
681
633
637
637
665
638
690
629
650
635
641
660
647
640
640
644
657
872
55
77
616
614
635
625
670
637
681
635
632
631
675
627
680
619
649
632
637
643
649
641
639
644
657
855
56
49
616
611
631
622
680
630
688
626
645
635
664
628
653
617
664
629
637
632
645
638
636
643
651
845
48
14
616
612
635
625
669
627
674
624
627
623
664
629
697
618
650
624
646
641
646
637
631
643
648
822
54
37
620
615
639
626
656
633
670
629
640
634
687
630
709
616
654
624
644
642
649
638
633
649
659
817
56
74
610
614
636
647
673
636
678
626
641
632
668
625
659
619
656
623
634
642
650
639
633
640
658
791
55
71
599
611
637
642
665
631
671
629
633
635
671
625
696
620
649
625
644
645
650
637
632
640
655
775
60
37
611
600
639
580
669
630
674
633
642
642
675
638
688
619
657
635
648
648
638
634
634
660
659
775
62
41
625
611
638
624
665
643
674
639
635
637
668
635
687
619
652
650
652
655
648
638
638
659
661
758
55
75
614
609
635
625
665
638
673
637
640
641
682
638
700
630
653
646
655
664
646
639
638
655
654
740
49
79
608
598
638
608
675
628
678
631
641
642
676
634
660
632
656
632
638
663
638
633
634
653
653
728
47
42
611
603
636
629
670
642
683
643
666
661
676
632
673
622
674
648
664
661
644
635
639
650
654
725
41
42
611
603
638
618
664
648
672
640
653
650
677
634
719
633
665
655
679
659
644
635
638
658
655
714
46
77
609
603
637
625
662
636
669
644
633
644
676
638
688
635
648
654
635
664
644
634
637
655
655
709
42
76
607
598
638
616
665
629
670
644
643
654
671
641
670
633
645
655
636
668
639
632
636
657
645
708
37
46
598
594
642
617
666
637
668
641
639
643
671
630
684
633
649
654
651
658
638
630
634
651
640
692
43
30
597
598
629
628
657
639
669
648
646
649
670
637
707
630
661
661
658
671
643
634
638
655
648
701
43
74
602
597
630
624
660
644
669
656
646
654
670
638
695
616
656
658
655
666
642
636
639
659
653
695
46
107
599
592
637
612
665
634
672
652
653
661
666
631
686
623
654
649
644
656
637
633
638
654
645
684
46
78
593
590
630
622
661
636
677
639
659
662
675
635
692
658
664
650
654
675
636
635
638
657
640
690
40
39
598
591
632
628
661
634
670
647
623
636
671
626
678
626
647
659
648
665
637
635
637
652
633
692
37
44
591
588
632
644
660
633
666
644
641
645
653
622
682
628
647
656
644
657
637
635
636
643
621
683
31
65
587
586
632
603
664
640
677
650
659
658
657
637
697
642
658
657
634
669
633
636
642
659
639
685
35
50
583
585
624
584
666
646
682
655
650
657
669
643
688
635
669
668
668
675
631
636
644
666
650
696
36
19
596
588
618
633
658
658
681
653
654
661
675
633
689
635
673
664
676
672
637
638
644
654
641
691
39
41
598
587
624
602
665
628
686
651
661
662
670
638
685
638
672
664
662
675
631
634
644
661
640
687
44
72
585
584
619
616
668
633
688
647
666
660
663
634
655
638
678
657
663
670
630
632
642
652
628
675
42
49
592
580
628
613
667
639
679
646
641
648
664
632
680
632
660
653
653
667
628
630
638
654
634
677
45
12
581
580
629
605
674
623
680
635
646
642
662
631
687
628
655
641
648
662
627
626
634
657
636
684
44
22
578
579
626
612
660
636
677
637
654
645
668
627
717
621
660
636
652
653
630
627
636
651
629
679
40
61
585
579
626
607
652
634
669
640
631
629
666
632
692
626
656
630
660
668
630
628
634
653
634
673
50
66
587
578
624
614
662
628
673
634
627
626
657
628
683
630
647
626
643
654
630
627
632
654
635
671
54
32
577
571
627
610
655
629
670
632
629
636
660
626
696
620
645
648
640
653
629
627
631
648
625
674
47
25
567
567
619
606
659
628
675
631
640
643
655
621
652
607
659
645
644
651
626
627
632
641
616
665
43
55
577
573
618
614
655
629
668
630
637
637
659
622
690
615
648
626
645
642
630
628
628
646
626
668
37
60
577
574
626
611
651
609
656
614
623
620
660
627
680
622
634
610
634
644
629
623
618
646
625
656
32
30
573
571
626
602
657
608
654
610
604
603
650
626
641
609
629
610
621
633
626
619
613
647
615
657
38
21
576
576
620
612
650
623
654
624
622
621
642
625
667
615
637
624
628
652
631
623
617
654
621
673
41
56
579
578
620
637
643
634
654
622
625
620
661
630
655
611
637
625
629
646
636
626
619
650
632
667
45
83
575
570
618
645
647
641
652
626
616
624
655
619
662
597
629
631
634
636
634
627
618
636
629
662
40
55
578
571
614
577
647
628
661
625
631
634
654
639
694
640
652
637
658
663
624
625
622
661
627
675
32
25
582
576
617
601
646
621
653
620
626
629
659
636
672
624
639
640
638
658
626
624
620
656
628
679
31
49
575
574
615
621
644
635
652
635
629
637
652
623
680
623
635
639
636
647
628
626
624
639
623
668
33
66
584
581
616
603
643
630
655
631
620
622
662
641
674
643
634
637
648
657
627
625
625
660
630
680
22
30
583
582
616
617
647
629
655
636
638
640
649
634
657
620
637
640
632
650
627
624
625
651
625
675
14
578
580
617
607
644
634
657
643
645
651
652
634
686
642
650
653
639
670
626
625
630
650
628
672
10
16
587
587
616
616
637
633
653
642
630
641
659
633
683
636
646
658
662
675
630
626
629
648
637
685
5
56
595
595
618
614
643
633
655
643
631
634
648
635
663
636
651
645
663
655
628
624
628
648
633
677
8
45
588
599
617
619
643
633
655
642
621
633
657
639
672
638
642
648
645
665
630
624
628
649
635
679
7
11
581
594
611
620
637
638
659
649
643
657
656
633
668
634
642
652
632
664
630
627
635
625
626
675
2
22
595
587
612
610
643
635
666
647
663
661
637
627
640
633
656
659
635
659
625
625
636
607
621
666
4
56
632
629
616
624
640
637
656
642
632
633
655
640
663
630
642
659
640
666
632
623
629
635
660
682
7
48
654
658
620
624
648
631
652
635
617
629
660
640
672
630
632
641
633
653
634
621
623
635
672
672
11
14
644
644
620
616
641
620
654
630
630
642
650
614
682
615
625
634
609
629
630
618
622
594
661
658
22
21
661
672
623
643
631
618
651
623
625
627
643
608
641
599
632
618
632
626
634
617
617
589
675
647
25
52
663
681
623
634
637
612
639
619
595
592
620
605
621
572
626
611
634
624
632
613
609
575
668
634
18
40
684
693
626
569
634
613
641
615
586
591
651
620
682
599
622
618
624
633
630
612
609
583
698
644
10
5
719
723
622
611
631
615
645
599
612
614
652
607
672
612
632
607
626
627
638
615
607
574
719
634
13
720
726
625
610
629
596
638
598
600
597
644
594
671
577
626
597
625
603
635
608
599
550
715
625
20
33
708
729
632
591
626
590
635
589
592
589
648
597
670
589
628
594
616
594
635
603
592
546
701
627
23
36
688
712
631
599
624
588
626
582
574
581
628
571
640
569
601
585
578
585
635
600
584
516
689
611
20
700
731
629
590
632
588
638
591
597
591
667
585
663
577
622
584
606
603
648
606
592
525
744
619
21
778
781
623
620
634
591
646
606
622
615
683
600
664
584
641
607
618
615
653
613
604
538
790
632
26
19
797
761
634
601
634
584
638
598
592
586
664
579
636
551
615
585
612
595
636
607
596
513
774
613
33
26
762
742
638
584
633
602
621
576
562
563
652
569
670
564
592
560
602
583
635
599
579
501
749
599
41
773
733
630
580
625
583
623
581
565
575
652
572
695
575
599
574
600
576
643
600
581
501
763
610
38
770
743
634
598
628
596
640
598
612
601
686
583
680
577
635
597
648
597
646
607
597
513
808
629
34
23
781
781
625
611
629
603
631
600
600
603
690
588
672
591
623
613
634
621
642
606
596
510
816
631
37
38
787
774
633
591
625
579
623
585
574
581
672
578
662
562
604
588
602
591
638
601
587
496
805
594
39
778
761
640
618
622
590
620
583
578
577
669
562
669
553
615
579
624
586
643
599
582
480
786
597
28
769
746
633
611
622
586
614
575
576
580
655
554
628
557
598
581
573
584
640
597
578
468
787
601
25
5
768
736
640
536
632
584
621
573
567
578
675
561
647
563
592
574
576
581
624
592
578
480
796
597
30
29
737
715
633
556
616
560
615
578
567
584
684
552
675
563
590
583
565
588
639
593
576
471
766
603
30
25
699
672
633
576
625
560
618
574
595
586
675
546
635
547
609
583
602
582
645
594
578
458
763
598
33
741
695
634
570
633
572
627
581
595
593
682
549
632
552
617
583
614
577
630
592
583
455
794
597
35
8
780
738
631
565
623
562
618
582
593
595
675
547
675
563
602
586
582
577
624
589
582
450
801
592
38
42
739
706
635
551
635
550
614
571
564
576
676
539
669
538
596
583
612
581
619
586
576
445
772
587
29
28
699
664
628
553
630
553
613
570
557
565
672
533
627
541
584
565
582
573
631
589
576
430
770
584
29
763
718
640
567
618
583
612
580
569
573
692
538
673
559
592
576
584
578
627
590
579
445
808
588
37
15
752
715
638
561
628
565
612
581
554
565
678
529
673
531
587
562
590
575
617
585
576
431
781
583
39
51
737
693
624
550
627
574
622
590
595
592
677
542
658
535
611
567
607
585
625
591
584
433
796
598
29
70
758
695
647
550
629
581
619
572
587
594
699
542
663
562
604
579
607
583
622
585
576
445
808
593
24
35
701
625
628
548
627
546
616
570
575
582
665
525
651
554
598
589
600
571
620
580
570
418
757
590
33
24
682
651
624
555
628
558
622
567
575
574
683
538
685
554
612
572
615
586
629
585
573
437
791
600
36
68
709
711
650
567
629
568
615
570
577
569
693
532
657
546
596
558
604
577
624
582
569
432
798
585
32
68
749
703
632
568
630
560
611
571
579
580
682
530
633
552
597
575
594
581
621
583
569
416
785
590
15
36
746
707
622
566
624
556
614
562
584
575
693
528
670
552
609
569
600
576
625
583
568
430
802
587
9
24
714
690
626
576
611
551
601
554
564
559
668
518
663
514
585
555
592
561
624
581
559
407
768
581
23
47
702
655
625
531
623
550
602
552
551
564
682
523
646
518
584
564
596
566
623
581
560
406
765
593
17
60
715
650
627
509
626
545
612
561
574
572
685
513
658
522
594
554
596
554
606
578
565
413
770
586
13
25
697
668
621
534
612
541
608
551
542
547
667
504
679
524
565
526
587
549
611
580
559
387
756
573
25
3
691
675
624
520
619
545
601
551
530
535
671
507
653
526
567
523
583
549
609
577
558
387
761
561
35
26
696
677
613
555
611
550
594
557
558
553
661
503
640
522
586
552
576
546
612
579
560
388
762
586
35
42
699
661
612
543
610
546
599
553
548
550
675
514
645
533
567
567
559
567
621
584
564
393
772
628
32
5
694
643
618
528
616
547
603
546
536
540
677
511
626
516
579
534
569
550
610
577
558
383
746
626
27
676
642
605
531
618
546
608
548
540
550
668
500
638
519
573
533
572
540
613
577
558
377
753
626
17
21
697
646
616
544
619
540
600
553
554
557
673
507
686
514
570
546
582
564
608
578
562
386
772
635
17
52
722
655
608
541
612
565
610
560
571
570
684
511
651
510
606
558
602
563
608
581
568
386
771
652
14
39
703
655
602
534
620
553
614
560
579
562
668
502
628
542
600
555
606
558
607
580
569
381
765
649
25
2
682
648
610
556
619
534
610
550
572
562
670
504
680
529
582
558
586
553
596
573
563
380
755
641
33
11
686
632
601
536
621
550
618
559
563
568
669
512
644
534
590
565
595
565
603
578
569
385
751
629
34
50
691
647
600
544
620
560
614
571
595
575
666
509
642
540
614
562
605
576
603
579
573
388
750
578
39
42
675
643
612
540
605
550
611
562
588
581
667
502
676
521
599
566
591
554
597
573
566
382
734
536
40
8
670
628
609
521
617
533
609
560
558
562
651
507
647
527
586
552
591
561
601
572
564
380
731
545
45
7
678
641
598
538
618
546
612
575
575
574
683
509
652
525
601
567
598
572
602
577
572
393
745
552
43
46
671
631
601
536
612
549
614
577
577
579
681
509
673
535
596
570
603
562
596
577
573
389
741
533
45
53
673
626
603
551
610
557
604
558
562
550
656
507
639
548
587
540
588
561
595
574
565
381
734
514
45
17
671
629
594
575
611
553
612
556
567
567
665
494
649
512
583
560
587
549
600
576
565
374
734
515
43
15
642
618
590
512
614
546
614
561
562
574
653
507
615
536
583
571
589
559
597
575
568
380
717
526
46
44
645
621
595
501
608
544
610
567
580
578
655
508
600
537
599
576
590
566
588
575
571
386
706
517
45
43
674
619
593
545
606
550
607
568
581
570
652
504
679
529
594
562
593
553
594
576
570
380
706
512
40
8
644
611
588
514
603
554
605
566
562
549
646
517
645
533
587
546
594
552
594
574
568
390
709
527
29
630
603
587
539
605
556
616
570
580
574
652
497
648
504
582
555
597
567
594
577
574
377
713
535
31
22
654
608
583
547
610
564
622
576
590
587
653
506
681
522
601
556
595
564
594
579
579
384
718
549
25
35
665
616
583
535
602
557
619
577
582
582
646
518
650
546
612
584
595
561
589
578
581
395
706
562
12
8
660
623
585
540
605
554
624
573
589
585
646
512
642
545
599
581
588
574
588
578
581
393
697
577
10
618
603
581
527
604
547
623
570
591
580
634
508
618
535
602
559
583
562
587
577
579
390
687
567
12
14
621
599
575
539
603
540
619
569
576
574
639
511
626
540
593
561
570
558
593
579
581
389
692
551
16
35
655
621
576
542
605
553
614
564
542
553
642
510
659
519
578
552
576
559
587
576
576
394
691
555
11
11
646
605
572
547
600
570
618
576
583
576
639
509
649
518
587
553
582
558
589
577
580
392
684
554
12
634
625
569
547
603
555
619
577
597
592
657
514
659
555
592
567
582
562
589
577
581
392
703
561
18
4
634
620
572
545
595
555
608
570
562
571
637
510
635
537
587
594
597
554
588
574
575
389
693
549
21
27
626
590
568
533
594
545
605
546
527
533
635
493
640
504
558
538
588
538
587
570
561
372
677
525
12
7
616
583
577
504
599
519
596
530
494
490
617
485
625
498
551
485
573
533
583
563
549
372
670
520
11
611
569
571
511
600
538
600
552
558
547
608
483
564
505
580
552
561
549
585
568
563
373
668
531
29
1
626
590
554
532
597
552
606
559
562
552
641
496
636
500
574
534
538
545
587
574
572
384
683
537
34
32
642
616
570
539
584
551
