31
13
19
2
17
13
26
30
22
14
13
4
36
23
1
1
30
7
104
21
29
14
12
15
12
27
25
22
15
11
4
36
25
1
22
92
22
29
14
15
1
16
14
25
28
21
16
12
5
34
28
1
19
497
25
33
16
19
5
15
16
28
31
21
19
10
9
36
32
2
19
551
29
26
35
17
18
3
17
18
31
34
23
20
12
10
38
35
3
15
54
26
35
17
18
3
21
21
30
36
22
22
13
11
37
37
2
3
149
27
36
18
19
7
24
21
29
36
22
20
15
11
36
37
2
6
172
29
38
21
20
4
26
23
29
36
21
22
14
12
35
38
2
17
736
36
29
38
20
24
5
27
23
30
37
19
23
12
12
35
39
2
9
28
37
13
25
7
31
25
32
40
20
22
15
11
36
40
2
2
7
26
185
28
36
15
23
5
31
26
29
42
18
21
12
9
34
39
3
2
14
28
38
17
27
7
30
23
27
42
17
21
12
6
34
36
4
1
15
735
32
29
39
20
29
8
24
17
27
40
16
17
9
4
34
35
5
14
201
32
44
15
33
13
21
19
28
43
13
20
5
8
33
39
8
14
21
174
29
40
14
33
13
18
16
24
43
11
21
3
6
30
38
7
1
1
65
28
39
14
32
13
1
16
15
20
40
7
21
5
26
35
7
2
2
648
18
27
37
13
30
14
3
14
16
18
37
3
19
7
23
34
7
3
3
427
26
24
34
10
32
17
6
12
16
16
36
19
9
19
31
7
6
5
11
150
17
29
7
41
18
7
10
15
11
28
19
8
13
24
7
8
8
162
11
25
4
26
16
7
8
11
6
30
17
5
9
23
5
9
10
398
18
32
5
26
18
10
6
14
6
37
17
7
11
27
6
9
10
635
50
22
37
6
29
20
13
9
21
6
37
20
14
10
27
7
10
12
84
19
30
5
24
17
12
8
16
7
30
19
9
9
26
6
9
12
8
198
20
32
7
29
19
14
8
17
7
31
22
11
10
30
8
8
12
97
22
34
9
27
20
16
7
18
7
37
25
12
11
30
9
8
12
715
37
21
33
9
26
22
18
6
21
6
37
26
17
9
30
9
9
12
21
33
9
27
20
14
3
17
8
32
17
10
9
23
11
9
10
18
200
26
37
13
29
21
13
14
7
33
17
8
9
25
13
8
7
7
26
35
18
28
20
12
10
5
31
19
8
8
26
15
7
4
5
730
32
25
34
12
28
14
7
8
6
31
18
5
8
25
15
7
2
30
207
6
23
31
8
28
15
6
7
7
30
16
4
6
23
14
7
1
114
24
185
22
31
9
30
16
6
8
5
31
17
7
5
23
13
6
225
100
24
34
11
26
12
4
6
6
30
14
3
8
21
12
5
265
609
23
23
33
12
24
11
5
11
7
28
12
5
9
19
11
5
1
260
523
48
23
33
12
23
10
4
2
7
9
27
9
10
17
10
4
1
169
10
113
21
32
11
22
10
7
13
17
9
25
9
5
10
14
8
4
6
8
142
20
26
11
16
4
3
16
13
8
18
12
6
4
1
5
349
17
23
9
13
2
2
17
13
6
15
11
2
3
1
7
660
38
17
24
7
10
13
7
4
11
6
3
2
7
17
12
19
3
7
14
7
8
2
2
8
17
174
7
15
5
14
6
5
2
10
31
5
14
3
16
8
6
2
12
757
56
3
11
2
19
13
5
3
15
2
11
12
2
5
21
17
2
5
18
19
158
9
4
2
7
22
22
7
5
19
10
4
18
16
11
3
17
700
34
5
1
17
13
6
1
15
324
30
1
16
14
1
1
14
8
137
19
15
13
87
20
14
13
530
18
19
13
13
545
38
18
11
11
4
84
11
4
9
14
144
10
7
8
315
12
5
8
706
58
15
6
8
28
19
11
9
4
16
190
22
18
4
8
14
16
12
2
3
773
43
16
8
1
88
23
15
2
1
21
174
28
22
4
8
37
25
19
5
11
692
26
26
19
7
7
386
26
29
24
10
7
14
141
27
18
9
9
119
28
20
10
14
503
4
30
24
12
13
619
51
30
24
2
11
16
71
29
24
5
10
28
15
167
26
22
5
9
18
188
20
19
8
10
723
48
16
17
1
1
6
22
12
15
1
1
6
28
19
179
11
11
5
27
9
8
6
15
731
35
5
4
6
4
190
8
3
1
5
22
180
2
4
65
1
2
698
26
1
420
23
4
15
136
2
138
2
7
438
3
21
684
59
2
21
62
2
15
10
179
1
6
147
754
45
24
193
746
43
229
8
9
2
22
159
80
2
575
4
495
33
99
130
374
652
31
41
19
182
24
766
55
21
172
1
691
25
2
319
17
3
9
143
2
81
1
567
6
1
520
26
75
13
164
291
719
49
21
161
724
23
84
26
175
2
15
2
653
8
2
341
1
2
8
120
2
112
2
497
3
3
603
44
8
2
7
5
92
10
1
7
9
6
7
174
1
11
2
9
11
7
221
3
11
2
12
11
7
709
35
3
9
13
11
7
17
4
9
15
13
7
19
214
4
6
13
4
17
15
8
4
10
16
8
20
18
9
760
38
5
11
15
4
23
18
9
143
5
16
10
4
6
25
13
3
8
13
198
7
17
14
12
12
29
15
8
8
15
82
8
19
15
11
10
30
17
7
9
17
637
11
8
16
7
12
29
11
9
7
22
437
23
8
16
7
14
29
12
9
6
18
11
155
8
15
2
12
27
10
7
4
20
155
7
14
9
25
8
6
2
29
403
2
7
16
10
23
8
5
1
26
645
55
1
6
20
1
2
9
20
7
1
3
27
86
4
5
17
10
18
2
4
1
26
13
210
7
5
16
11
17
3
6
1
31
159
9
5
18
1
9
17
3
6
3
31
728
39
10
5
21
5
10
16
5
5
5
32
4
4
25
6
3
11
15
7
7
8
34
26
195
2
2
7
4
27
4
3
10
12
2
6
8
41
4
4
11
4
30
10
10
8
11
6
5
8
41
774
45
7
5
9
5
32
14
11
10
14
12
6
7
36
217
20
8
6
4
5
33
16
14
14
4
17
14
9
1
7
44
25
159
9
9
7
5
32
14
12
13
7
18
14
11
5
4
52
57
10
12
7
4
33
11
9
10
14
17
14
9
13
3
54
630
37
10
13
7
3
33
8
7
9
12
15
12
7
9
1
46
525
47
9
14
5
2
34
7
7
8
14
15
2
11
5
10
1
44
4
80
8
12
4
1
37
8
11
7
12
14
12
4
7
3
45
111
6
10
4
1
36
6
11
6
8
13
9
4
8
3
42
391
7
13
2
2
39
6
10
4
12
12
2
8
3
12
6
36
699
60
4
12
1
2
41
9
15
2
13
9
8
2
6
9
29
19
12
4
47
12
23
15
5
4
6
2
10
13
20
22
160
9
2
49
11
21
13
3
4
5
2
8
16
28
49
5
51
15
22
13
3
5
8
3
9
18
39
775
55
5
2
55
20
29
12
2
10
12
10
14
21
30
39
9
1
2
54
13
19
17
10
5
4
16
21
22
19
176
11
6
3
56
12
19
18
12
2
7
17
21
28
12
21
11
62
17
27
22
24
5
18
22
23
47
714
34
10
7
13
66
18
31
30
30
6
28
28
24
66
317
20
8
5
15
67
14
28
34
34
5
30
32
1
23
65
19
153
8
5
9
59
14
15
29
25
9
11
26
1
21
76
96
9
1
2
51
10
8
22
17
5
1
20
18
79
598
4
7
46
9
8
14
3
3
8
15
95
522
24
5
39
8
7
10
2
3
12
95
6
92
5
34
3
6
1
9
93
20
150
3
33
1
7
3
8
90
313
32
5
7
9
66
758
61
32
3
11
30
9
36
13
8
21
180
1
41
2
14
1
2
43
2
3
3
15
764
43
6
50
5
7
9
1
17
132
8
6
51
7
10
13
2
3
3
1
17
29
175
10
54
8
13
18
9
4
12
18
21
10
3
58
11
18
17
9
5
2
11
19
720
35
9
2
59
7
14
16
10
3
2
13
19
307
51
9
4
58
2
9
18
10
1
14
17
102
10
1
6
60
4
12
21
11
1
2
14
17
93
11
1
6
60
5
13
22
12
1
4
15
17
489
2
13
4
59
6
14
23
11
6
16
15
604
43
2
15
3
5
58
7
15
22
11
1
3
16
14
77
4
17
2
5
5
56
8
14
23
10
2
1
3
16
12
8
163
7
20
3
9
6
56
8
13
26
13
3
2
2
20
11
243
10
24
4
13
7
55
9
12
28
12
5
1
19
1
11
709
34
11
24
6
14
7
54
9
11
28
12
5
2
17
3
2
11
10
22
7
11
5
52
11
11
23
1
9
9
6
12
3
2
11
21
185
12
21
7
7
3
53
13
14
22
1
10
11
7
14
3
1
12
13
22
7
8
3
55
15
16
21
2
8
11
1
6
14
3
1
14
9
771
40
13
25
6
20
8
59
17
17
23
13
14
6
3
17
3
3
15
136
13
23
5
14
8
59
14
18
22
11
11
7
1
15
2
3
14
22
176
11
21
5
7
59
8
17
25
12
9
7
3
18
1
12
68
12
21
6
2
3
55
3
14
23
1
11
8
1
4
17
7
651
15
12
20
7
52
11
22
2
8
9
5
16
2
444
36
12
18
8
1
2
51
7
2
18
3
6
8
8
14
2
11
132
12
18
13
2
47
8
3
17
5
6
11
10
14
1
126
12
18
10
3
53
2
19
3
21
9
14
19
6
11
20
22
457
12
20
5
2
3
5
64
10
35
4
28
11
31
28
27
13
33
39
620
27
15
22
9
4
3
5
64
29
4
31
9
31
15
23
12
33
16
61
17
22
12
5
3
5
59
6
8
29
8
28
5
11
12
31
6
11
184
15
20
9
1
50
5
26
6
23
4
11
30
93
138
3
8
33
4
1
1
4
4
203
763
52
3
2
1
30
6
10
8
255
4
2
28
5
12
19
14
245
26
184
4
3
33
6
15
25
17
155
10
8
10
3
43
5
5
11
23
35
23
718
38
16
14
19
11
54
16
17
18
8
31
45
31
4
234
11
14
10
13
11
61
22
22
21
7
33
48
33
9
25
154
13
10
13
10
66
22
23
20
10
32
47
31
12
52
11
8
12
11
71
30
28
15
11
32
1
52
26
4
16
595
14
11
9
12
10
75
31
33
15
12
29
3
48
3
24
7
19
467
26
6
5
11
9
77
26
32
14
12
26
6
39
4
21
7
22
14
93
1
8
9
78
31
34
11
6
27
3
44
4
19
5
24
7
128
8
8
16
10
76
31
33
13
8
29
2
44
2
23
7
23
407
13
11
11
10
76
32
34
18
14
31
4
45
4
27
12
24
647
26
14
11
11
9
76
31
34
18
13
29
5
42
3
25
12
24
11
4
12
9
76
31
36
19
9
29
3
42
3
26
10
24
6
138
9
4
11
9
76
29
35
16
8
28
4
40
4
26
10
23
55
10
7
11
8
78
29
37
14
10
27
10
40
4
23
13
23
11
758
49
14
12
14
9
80
27
39
19
14
27
13
38
8
24
18
24
28
17
15
15
6
9
81
24
39
21
14
28
12
37
11
25
19
24
40
24
145
20
15
15
9
81
24
40
22
20
30
14
37
11
28
23
23
47
22
17
16
9
82
22
41
23
25
32
16
36
12
31
27
24
49
720
18
23
19
17
10
83
20
39
25
24
32
16
35
13
31
26
24
37
284
23
19
16
2
10
4
85
22
40
26
27
33
15
39
13
30
28
25
53
20
135
26
22
18
4
11
2
83
17
36
30
28
37
16
36
10
36
29
23
62
80
28
24
20
7
12
1
84
15
37
32
33
38
22
36
14
39
38
23
62
552
26
23
19
12
11
7
87
16
38
31
36
38
29
35
16
37
41
25
70
540
17
26
22
22
15
10
10
92
17
43
30
38
36
31
33
20
34
40
27
68
92
29
26
19
18
10
13
98
22
48
34
42
38
34
34
26
38
43
2
2
30
67
162
31
30
21
18
11
12
99
24
49
36
39
41
29
37
24
41
39
3
2
29
60
255
33
31
24
20
11
11
99
23
48
39
42
43
28
37
19
45
43
4
2
28
72
681
29
30
26
24
17
11
11
100
27
51
39
36
43
26
38
19
43
40
3
2
29
108
36
24
22
27
11
12
6
103
34
57
35
33
41
23
39
20
37
37
1
32
106
23
215
22
18
18
6
11
5
108
43
69
35
30
38
23
44
24
36
35
1
37
102
22
19
17
11
11
10
118
38
76
32
36
34
34
36
38
35
41
2
40
100
709
30
22
19
19
13
10
13
119
25
62
33
36
31
38
28
37
35
47
4
39
75
60
20
15
19
12
10
9
112
12
33
33
32
29
28
26
14
32
39
3
35
44
18
192
16
12
16
9
9
8
115
16
40
28
32
25
28
26
18
25
36
3
37
49
37
14
9
16
6
10
5
114
14
37
27
26
24
20
25
9
25
29
2
35
54
726
30
15
7
16
3
10
2
116
15
39
28
20
25
11
24
2
26
21
1
34
55
330
13
12
4
16
9
116
17
41
28
11
25
24
26
10
34
65
20
147
11
3
15
8
116
16
41
27
10
21
20
23
7
34
63
118
9
16
8
116
16
40
24
7
21
17
22
4
33
60
507
8
18
9
118
14
38
26
4
25
18
27
2
32
67
628
45
9
12
8
124
16
39
28
3
26
20
27
3
4
35
67
94
9
14
8
130
20
44
26
2
25
22
23
5
6
38
51
15
178
14
5
18
7
10
5
136
22
48
30
11
29
2
23
2
28
14
7
39
61
238
16
7
21
11
12
8
141
27
51
35
14
34
9
29
6
33
17
1
7
39
67
743
51
17
6
23
14
6
145
31
54
39
21
40
13
36
10
39
22
5
39
76
18
7
24
16
4
146
33
54
43
21
44
13
40
10
41
24
3
37
80
21
181
17
5
24
17
144
30
51
43
18
45
11
40
7
43
23
34
79
14
27
16
139
22
42
38
12
42
4
34
40
17
28
73
764
41
10
21
16
137
16
37
37
6
38
29
36
12
24
71
162
8
9
17
15
133
8
32
39
4
36
23
38
10
21
72
18
151
8
18
15
129
5
27
38
1
37
23
40
6
18
73
34
4
15
14
131
6
27
29
30
20
29
1
19
56
643
17
4
14
12
136
5
28
26
26
16
25
2
20
44
437
29
3
13
12
142
7
33
25
22
13
21
5
23
55
90
1
12
11
147
9
37
23
19
12
18
3
25
63
95
3
12
11
147
4
33
22
2
16
7
18
3
24
59
483
8
1
10
10
147
1
30
19
14
6
15
1
24
60
631
48
8
9
146
26
17
10
4
10
23
54
36
6
7
144
18
15
5
7
21
47
16
153
2
7
142
14
10
2
3
20
44
165
6
142
8
4
20
38
797
57
5
143
6
22
28
5
148
13
26
21
29
183
5
151
13
30
18
5
154
12
32
15
769
32
5
155
10
34
9
278
13
4
158
10
35
7
19
164
3
161
11
33
2
82
1
161
29
659
19
160
26
2
502
39
161
26
4
106
169
2
30
9
138
171
3
31
390
172
29
703
56
175
30
30
174
29
13
179
173
28
77
172
26
763
57
172
24
22
171
21
15
170
1
163
16
3
164
14
734
26
4
167
14
290
9
5
163
10
13
143
6
161
8
78
6
156
7
607
4
7
158
7
580
37
7
161
8
90
7
163
9
3
157
7
161
8
340
8
160
7
729
53
8
162
8
18
9
166
9
31
183
9
170
11
3
9
172
13
810
50
10
174
13
72
10
180
5
13
26
182
11
184
15
12
21
12
168
4
713
30
11
170
1
392
29
11
177
2
21
152
11
176
1
122
11
179
2
507
11
185
6
591
27
12
187
1
10
88
13
189
3
11
11
169
14
190
5
11
279
15
189
1
8
720
47
15
188
7
15
190
8
28
178
15
194
1
8
16
198
3
9
789
46
17
203
7
12
133
16
206
7
14
13
164
4
17
206
6
14
32
9
18
206
4
1
13
3
664
13
14
18
204
7
2
2
9
7
450
26
1
18
20
201
14
8
8
6
5
7
118
2
23
21
202
15
9
8
4
4
117
4
22
22
202
20
14
16
3
8
480
2
26
23
201
20
17
17
1
17
655
52
19
24
203
1
22
21
18
2
19
49
18
24
202
1
21
22
19
2
4
26
168
16
22
209
6
12
6
4
3
16
150
17
21
212
9
12
4
4
3
25
754
48
6
21
22
215
13
20
9
14
3
26
7
20
22
219
18
23
11
18
8
6
37
8
170
2
17
22
221
23
20
16
5
21
11
36
14
21
222
18
17
18
11
22
14
24
736
29
12
22
225
25
17
19
14
22
19
23
221
9
23
228
33
15
17
18
18
23
21
15
168
7
23
225
30
12
13
21
11
24
28
76
4
24
223
30
8
15
25
9
24
29
647
9
1
25
220
1
28
6
17
32
7
23
24
446
18
25
220
28
6
17
25
6
22
15
13
118
24
222
27
6
18
21
6
22
27
2
145
23
224
26
4
14
18
4
22
20
385
1
20
228
29
9
23
10
709
55
1
19
226
23
3
22
11
50
20
221
17
2
6
19
21
22
199
19
219
14
4
4
18
34
102
20
216
10
7
5
16
44
757
37
20
214
8
8
5
16
58
31
19
216
11
7
7
18
65
14
179
19
219
14
9
7
19
79
20
218
14
14
6
2
19
78
750
36
20
221
14
4
16
8
6
21
79
296
17
18
227
17
6
10
3
4
24
83
17
138
20
225
17
9
17
11
8
24
61
84
23
223
19
11
28
23
16
24
31
577
8
1
25
221
20
14
35
27
22
23
13
564
47
2
24
220
19
14
29
21
17
21
8
93
7
23
222
22
11
18
17
7
20
7
147
8
24
225
31
12
22
24
1
8
1
19
346
4
27
226
3
40
17
38
42
7
20
18
699
44
6
26
225
28
19
39
44
21
16
18
5
22
233
40
15
24
1
18
19
16
19
27
188
4
18
227
21
5
6
1
2
16
32
1
16
224
4
3
14
808
64
1
17
209
2
5
9
11
61
17
199
4
7
10
2
9
22
176
15
205
2
11
19
15
209
3
13
727
33
15
213
8
2
3
14
389
26
15
227
29
3
5
18
20
146
13
226
21
17
107
11
220
10
551
10
8
14
213
6
599
49
3
15
207
1
1
5
13
96
1
14
206
2
3
5
17
183
11
209
1
6
262
9
214
1
7
757
58
8
216
3
9
5
9
219
7
12
