1
5
19
18
7
1
18
9
19
20
17
1
10
35
276
3
9
23
20
18
14
14
19
31
12
12
20
435
6
27
22
12
27
9
19
15
40
3
14
22
534
37
11
10
23
14
13
32
13
614
19
6
1
27
18
21
17
1
40
14
2
624
3
8
23
15
16
12
32
14
4
451
7
19
12
1
20
12
28
14
179
23
48
1
4
11
3
14
6
16
10
5
42
58
1
8
1
4
7
8
4
25
1
9
3
10
8
3
9
9
7
8
1
9
1
15
12
11
4
7
12
61
1
8
5
1
7
6
9
5
5
11
86
23
23
14
24
18
9
12
13
43
22
82
30
11
18
25
22
16
4
6
42
16
48
34
1
3
9
2
6
2
17
9
6
7
11
5
1
29
8
40
20
2
5
7
8
6
5
3
24
4
7
1
6
1
4
3
1
11
3
3
2
20
47
6
2
3
2
4
18
3
2
1
3
20
31
2
7
3
4
4
18
14
3
4
2
2
5
23
2
9
4
1
3
5
18
3
3
4
3
4
6
9
3
41
11
2
7
3
9
2
7
21
57
5
3
5
10
12
5
4
13
10
10
10
22
51
1
8
4
2
9
17
17
15
10
24
20
7
19
12
19
13
29
7
17
13
26
15
9
13
10
13
12
25
1
3
1
3
12
7
15
9
7
9
4
9
11
20
1
19
14
5
11
2
3
9
5
5
10
16
4
37
11
14
2
5
16
5
1
4
12
12
10
9
1
8
3
9
3
26
6
49
15
14
11
13
12
3
10
25
4
8
7
5
5
5
1
1
5
23
9
2
6
3
5
4
3
6
21
1
27
3
7
7
2
1
7
2
3
5
3
3
1
6
13
15
64
10
21
10
16
9
7
9
8
35
13
6
3
11
2
5
23
8
7
17
23
5
14
8
8
2
17
10
29
31
12
7
14
11
2
7
28
6
1
16
17
4
11
1
4
1
5
20
20
23
42
8
14
25
7
1
8
37
4
7
31
15
13
12
10
5
6
15
14
12
8
12
11
14
8
7
34
5
5
72
8
6
7
14
3
2
1
5
27
5
7
12
2
6
18
18
7
3
3
17
1
2
1
3
5
15
19
7
2
11
1
7
22
1
17
18
3
7
2
7
4
13
53
14
139
25
17
30
25
7
10
41
18
22
13
10
10
5
7
5
7
8
15
25
9
7
23
5
16
24
22
3
12
28
5
19
72
8
5
3
2
3
6
12
15
2
15
11
14
12
14
13
13
23
13
42
33
13
5
11
13
5
7
8
6
6
13
9
10
33
6
10
9
14
13
13
6
1
14
1
9
10
21
17
15
12
9
14
27
26
59
11
97
19
32
21
44
26
7
16
46
27
42
72
21
25
12
11
15
5
34
27
55
26
44
24
46
19
49
29
5
17
54
28
50
51
3
6
13
7
33
24
27
9
32
9
41
13
40
22
17
41
6
47
2
3
4
28
18
30
6
59
16
37
10
37
18
13
32
7
43
2
1
11
1
27
15
23
6
11
6
36
4
33
14
12
33
7
43
44
14
9
5
11
26
14
39
1
25
34
33
12
2
11
34
22
49
44
22
10
10
3
6
19
10
46
4
61
11
26
1
35
13
7
3
7
34
32
51
9
8
11
1
3
14
7
24
23
16
20
3
4
3
7
22
15
42
1
3
13
6
15
11
27
37
15
20
4
2
3
7
19
14
44
56
9
1
1
2
20
17
33
24
12
17
10
24
14
11
23
19
53
75
4
5
4
20
17
25
25
3
15
9
22
12
13
20
8
55
11
6
24
1
3
14
13
3
27
7
6
18
4
3
10
15
52
5
18
4
3
13
13
9
6
3
5
6
13
9
12
17
7
50
41
10
5
10
17
19
49
3
46
19
15
16
34
22
1
14
29
25
69
74
1
14
1
4
6
7
18
17
3
4
4
16
8
9
15
6
54
21
3
7
4
1
1
5
4
19
13
7
5
3
15
10
1
8
18
14
55
5
2
1
5
5
21
20
7
10
5
22
12
1
7
19
3
62
42
5
38
2
2
7
4
3
1
6
50
89
5
3
9
1
2
3
31
3
20
1
7
11
22
13
4
2
2
23
21
63
51
6
9
1
1
36
46
12
14
25
16
1
4
23
15
67
7
1
29
29
30
7
19
17
5
14
8
58
30
3
28
28
11
12
23
11
2
15
8
57
89
2
7
23
34
7
7
6
16
13
2
10
1
56
47
7
2
21
21
7
4
15
16
2
1
13
1
58
14
4
1
6
4
14
31
7
7
14
5
10
50
8
4
3
9
5
9
10
41
16
13
15
16
18
7
12
52
70
44
4
2
8
2
2
47
15
15
15
18
7
14
54
59
6
12
15
19
15
3
23
25
27
23
27
11
25
62
8
8
10
4
16
22
16
26
54
14
102
34
16
38
45
40
1
11
38
27
77
8
17
16
6
14
13
30
20
5
27
21
24
9
18
57
35
6
7
5
20
13
18
29
12
29
34
18
34
29
33
12
32
10
63
47
1
1
1
1
1
16
10
16
26
18
38
37
11
32
31
34
11
34
7
65
1
13
19
11
17
27
4
15
25
16
33
30
32
11
25
10
61
7
1
5
2
3
1
18
12
19
28
19
34
30
14
34
33
38
11
38
9
60
16
34
9
3
10
12
15
11
7
16
28
20
23
29
28
9
27
50
14
42
1
2
2
10
16
17
25
2
36
21
22
18
36
25
9
21
9
52
14
5
5
12
23
25
40
16
55
32
25
24
45
37
11
34
15
59
12
7
3
1
5
11
22
23
39
3
37
14
24
17
41
28
10
33
15
48
10
6
5
12
12
6
18
18
18
1
25
20
16
10
30
23
8
23
7
39
6
36
9
7
2
11
3
21
20
37
10
37
25
24
9
40
25
8
26
20
44
10
7
2
3
21
19
54
9
67
28
29
11
48
29
9
38
25
49
7
3
4
1
5
1
16
14
31
5
46
28
23
7
45
28
1
1
7
33
14
46
11
9
1
3
18
2
15
12
31
9
30
20
20
3
37
22
3
6
29
16
38
2
28
9
15
10
2
20
4
17
13
27
15
34
22
21
5
37
25
5
2
7
34
14
42
12
18
15
9
4
3
1
24
18
57
15
54
2
30
12
48
23
7
2
8
40
27
47
18
12
12
2
9
23
17
43
8
34
16
28
7
37
18
7
1
9
31
27
35
7
20
15
16
6
6
6
19
14
34
6
36
25
21
34
18
9
1
7
27
28
29
11
68
21
9
10
3
1
3
17
15
41
3
44
17
30
10
6
8
28
26
25
5
28
11
12
14
14
9
21
13
19
2
10
15
14
17
4
1
7
14
5
9
9
25
37
8
22
5
8
16
15
16
19
16
18
5
5
6
7
38
56
6
25
6
12
2
7
25
31
17
3
47
13
6
5
34
16
7
2
33
2
6
22
5
2
1
7
23
20
17
12
9
3
7
50
12
5
11
12
19
2
1
5
5
19
8
16
34
26
29
14
16
7
60
7
6
48
36
12
21
7
5
31
45
27
17
13
10
1
10
1
33
81
23
9
6
15
22
10
27
12
9
13
4
19
14
42
11
8
7
7
13
29
14
5
9
1
24
10
14
5
5
9
16
3
15
5
13
35
9
3
4
3
8
1
5
4
4
1
1
3
3
1
31
4
2
2
9
7
2
2
4
37
14
11
15
4
1
23
19
6
17
9
5
9
18
7
10
13
22
5
15
13
20
10
13
11
8
15
9
5
18
14
18
6
12
3
19
21
11
19
12
7
9
16
11
15
25
15
10
11
14
7
39
34
3
27
6
34
16
12
3
5
17
33
19
56
20
18
14
10
5
13
7
20
10
28
19
21
8
26
20
10
5
3
21
18
15
3
14
18
7
9
3
2
1
13
8
22
5
38
12
24
9
30
21
9
4
2
23
16
20
15
10
9
7
15
8
2
7
5
14
1
22
9
16
10
23
19
7
4
20
14
8
20
16
11
11
7
24
5
5
2
7
4
16
14
14
8
18
19
7
3
18
11
6
65
19
24
11
14
6
3
11
10
43
16
36
27
25
18
35
31
11
1
3
33
26
23
21
3
14
7
10
17
4
1
8
27
10
9
9
20
5
5
22
5
14
15
14
14
6
4
5
16
11
21
34
17
18
21
27
5
2
1
20
14
10
10
21
14
9
12
9
7
3
7
41
12
62
32
16
21
32
30
9
3
1
20
19
15
68
19
9
4
12
21
9
13
16
18
2
1
7
3
23
10
13
5
10
18
16
6
9
39
19
50
39
19
30
32
37
3
1
4
36
24
18
15
11
49
9
5
9
24
33
5
21
11
26
1
3
3
37
4
3
23
12
7
10
5
8
21
23
35
17
30
18
32
7
34
13
46
14
12
1
21
20
28
16
27
57
42
77
34
30
54
47
48
5
11
57
17
32
27
5
16
4
18
7
13
2
24
39
30
36
12
33
9
46
8
2
5
3
14
11
18
7
34
22
63
26
32
19
43
9
54
17
4
7
19
10
22
17
29
101
43
40
27
41
10
57
21
2
30
7
10
3
16
17
21
4
25
8
54
20
33
18
39
11
54
19
2
38
8
3
14
15
20
10
29
47
38
9
28
21
33
10
56
22
1
8
1
15
12
16
12
16
23
1
22
11
21
10
42
5
5
19
20
13
17
7
12
7
5
18
10
14
13
39
3
46
6
3
3
11
16
20
13
26
22
19
17
22
14
46
12
2
59
3
1
7
17
20
2
15
14
35
3
15
11
22
13
45
10
1
18
8
2
9
3
2
9
26
2
7
2
1
9
1
11
1
2
8
30
17
9
9
2
7
26
45
28
8
9
8
12
6
6
22
38
16
15
8
16
9
30
8
3
8
4
23
5
5
29
10
17
12
16
8
35
12
3
3
19
1
14
1
10
8
24
1
43
5
5
21
3
16
3
16
14
14
8
35
10
2
6
3
14
1
10
10
7
2
6
30
10
10
2
7
15
39
2
12
14
18
14
1
5
29
16
2
16
2
10
14
17
5
14
12
20
13
6
24
9
62
5
4
13
13
15
32
16
11
25
11
8
24
9
42
2
11
7
9
35
1
21
6
24
11
7
31
12
47
11
6
9
2
5
17
11
25
7
5
8
12
2
6
12
62
6
9
9
11
12
3
28
9
52
24
5
33
14
8
34
18
50
3
9
16
9
19
21
17
2
20
13
6
33
12
2
9
9
11
6
3
1
3
19
1
5
11
4
14
6
9
12
4
3
26
60
1
23
2
5
3
2
22
56
2
3
6
1
2
20
1
4
28
1
1
4
25
2
4
9
13
26
4
9
6
34
53
1
1
1
3
11
13
75
10
4
11
11
7
37
69
4
6
10
8
8
14
11
18
3
18
20
15
13
10
34
4
1
3
4
8
9
14
13
7
19
38
43
14
15
12
24
11
44
2
6
3
14
3
7
6
15
15
14
26
41
51
11
13
15
31
11
44
5
43
1
34
3
2
8
13
15
17
14
22
11
21
9
22
11
37
78
2
5
4
12
21
23
11
23
23
37
12
24
19
31
14
45
9
30
2
6
9
9
16
19
21
22
39
22
16
21
16
26
10
39
3
4
2
7
16
5
6
12
7
9
19
13
1
15
6
26
40
9
2
7
13
19
10
23
27
41
10
23
17
30
8
42
4
89
9
4
15
2
9
15
7
20
29
28
4
17
14
23
4
3
5
41
4
45
6
10
13
8
4
8
16
3
22
18
30
2
17
14
22
4
3
5
38
5
6
6
1
14
8
3
7
16
1
23
19
26
17
12
23
8
5
5
42
1
35
12
3
8
2
3
12
10
14
21
12
7
18
4
2
5
31
95
7
9
17
8
2
10
10
16
20
18
9
11
13
7
1
4
35
64
5
10
10
7
3
4
4
26
24
7
10
7
25
1
72
10
9
2
10
3
4
13
13
14
37
19
11
8
15
6
3
28
4
79
4
1
1
8
3
4
13
8
6
10
9
9
6
11
2
1
3
28
15
15
1
2
5
6
5
10
3
2
2
1
4
20
11
15
9
12
8
4
10
11
28
21
23
19
31
20
22
30
7
10
43
46
87
13
10
3
17
27
9
17
5
15
17
21
13
34
49
62
2
1
2
2
9
10
21
28
8
12
20
8
17
15
22
15
31
45
5
3
5
12
5
9
20
23
9
7
63
9
10
9
21
17
14
33
40
10
7
4
2
13
27
29
19
12
55
16
20
36
20
1
17
38
58
43
8
7
4
7
10
26
27
25
15
44
16
16
19
31
22
1
17
35
66
57
2
4
1
5
2
8
3
21
17
11
11
4
27
17
25
15
1
14
34
78
3
3
10
6
23
17
8
3
33
3
9
7
14
27
87
2
5
2
7
14
13
8
6
80
14
7
3
20
9
12
20
91
28
5
1
6
9
12
19
14
70
18
1
26
13
11
30
89
60
18
5
3
9
5
1
12
5
10
21
72
6
11
17
13
7
7
6
24
11
72
12
2
2
21
10
1
10
31
86
3
1
8
1
4
6
2
19
9
6
1
10
12
10
36
69
13
10
2
3
1
10
34
12
7
1
13
14
9
27
54
55
9
10
13
13
19
21
20
5
14
15
1
7
29
51
8
2
4
8
1
20
18
16
9
12
13
3
33
50
1
5
1
5
28
9
3
10
11
1
2
25
52
7
4
9
29
10
1
6
4
1
4
3
3
24
34
61
7
3
2
10
2
15
15
33
20
15
21
20
2
3
32
40
20
10
11
2
14
5
13
17
14
23
20
7
23
24
5
1
5
37
34
3
10
19
4
12
8
12
15
1
6
14
5
1
23
2
59
1
7
3
6
3
1
1
42
9
8
1
4
2
9
10
19
16
10
12
21
1
4
20
27
6
11
17
13
7
7
6
24
11
72
12
2
2
21
10
1
10
31
86
3
1
8
1
4
6
2
19
9
6
1
10
12
10
36
69
13
10
2
3
1
10
34
12
7
1
13
14
9
27
54
55
9
10
13
13
19
21
20
5
14
15
1
7
29
51
8
2
4
8
1
20
18
16
9
12
13
3
33
50
1
5
1
5
28
9
3
10
11
1
2
25
52
7
4
9
29
10
1
6
4
1
4
3
3
24
34
61
7
3
2
10
2
15
15
33
20
15
21
20
2
3
32
40
20
10
11
2
14
5
13
17
14
23
20
7
23
24
5
1
5
37
34
3
10
19
4
12
8
12
15
1
6
14
5
1
23
2
59
1
7
3
6
3
1
1
42
9
8
1
4
2
9
10
19
16
10
12
21
1
4
20
27
3
13
28
29
14
1
82
21
15
17
22
21
17
17
11
22
6
2
13
24
28
14
60
7
18
18
17
16
13
7
2
10
16
36
35
20
8
39
28
23
23
18
23
21
21
17
12
6
18
27
30
4
52
3
17
28
19
21
15
20
38
73
6
2
9
22
15
31
34
27
11
44
41
31
27
30
38
14
32
10
26
20
7
8
8
9
16
1
13
28
32
46
28
56
42
29
35
35
48
2
12
47
19
22
13
11
11
12
15
4
7
21
24
27
25
43
51
23
32
27
45
8
4
9
44
14
34
11
13
9
14
13
2
3
4
12
14
29
23
10
35
18
21
23
33
10
2
6
37
20
24
34
52
6
15
5
4
2
1
5
10
10
23
2
13
17
21
4
27
1
162
9
16
5
8
2
5
5
22
5
54
23
10
11
35
19
3
30
8
352
5
18
1
20
13
9
1
5
35
4
1
19
5
484
65
16
6
29
2
570
62
1
3
2
2
5
15
60
8
24
6
58
4
5
6
650
58
9
3
8
15
13
10
17
47
5
47
14
32
21
69
19
9
25
20
586
2
3
5
3
6
9
28
7
56
11
30
11
57
15
6
16
6
343
18
4
9
3
15
7
7
12
30
13
59
23
30
13
52
22
6
1
4
16
9
63
51
77
2
1
2
7
1
2
6
12
18
6
19
28
23
17
40
28
6
27
5
57
61
7
8
11
27
8
40
21
23
13
31
26
6
19
7
47
8
5
8
16
1
44
18
19
9
17
23
5
14
34
25
1
4
6
4
12
11
6
3
18
1
6
12
32
41
5
3
4
2
4
13
14
26
2
48
11
23
12
15
21
2
9
12
11
16
63
6
6
7
5
17
18
25
34
19
24
16
20
30
3
2
9
16
9
10
4
4
2
2
1
6
21
21
15
2
36
11
28
17
23
30
2
2
9
18
3
2
9
8
3
4
1
7
25
23
18
11
52
16
34
19
26
30
5
1
10
22
6
48
6
5
10
11
3
7
32
28
34
16
41
36
36
24
36
39
7
12
31
13
81
4
7
5
5
4
9
32
27
27
4
2
21
39
23
27
33
2
12
27
12
15
3
5
9
10
8
35
27
10
7
26
59
22
19
32
13
23
5
4
3
17
8
9
26
26
14
12
69
27
12
24
20
32
12
21
4
25
10
4
18
8
6
10
20
23
22
45
24
1
26
16
29
11
12
2
61
11
4
7
12
9
16
25
31
31
19
46
42
23
36
26
43
6
13
25
19
12
3
6
6
3
12
16
25
26
20
58
32
31
21
36
4
10
29
10
3
3
7
6
10
10
19
17
5
11
26
2
25
9
28
1
9
17
4
1
8
5
10
7
18
15
9
36
28
25
8
25
9
12
2
41
3
5
3
13
7
4
8
16
16
3
15
7
8
7
3
5
8
6
10
14
6
7
3
2
6
9
3
5
16
6
7
7
6
4
1
1
7
1
12
32
4
1
13
2
6
7
1
62
9
2
1
2
1
10
19
5
3
22
10
1
15
3
6
12
11
51
5
1
2
5
2
3
4
13
17
1
22
17
13
6
16
1
7
19
3
1
17
17
1
6
9
21
5
3
1
7
4
4
59
14
1
8
2
5
4
5
50
22
12
14
13
8
9
21
23
48
36
13
10
20
23
12
1
3
30
19
15
54
17
3
8
6
5
3
2
16
9
34
24
8
5
15
17
7
2
16
14
13
4
25
5
9
1
20
13
6
1
5
8
9
5
16
3
5
1
37
65
14
14
12
11
5
11
21
24
23
38
2
16
6
4
1
3
22
30
11
10
5
6
5
29
15
16
16
17
1
16
13
4
3
25
15
2
4
3
4
1
5
5
12
3
1
9
2
2
2
6
29
3
9
36
2
9
6
1
1
3
12
10
6
4
9
4
4
2
7
10
5
28
1
9
8
8
8
3
4
7
9
2
39
2
6
6
9
14
2
10
29
14
