2966
2982
3051
2986
3006
3057
3043
3007
3039
3025
3041
3086
3022
3029
3046
3094
2998
3050
3002
3023
3113
3021
3862
3976
3827
2993
2955
2968
3036
2969
2988
3040
3025
2993
3021
3012
3022
3068
3015
3014
3031
3076
2984
3031
2985
3008
3104
3014
3869
3940
3814
2891
2847
2868
2939
2869
2888
2942
2925
2894
2922
2912
2917
2971
2917
2916
2933
2981
2884
2929
2884
2909
3008
2918
3736
3765
3630
2744
2709
2728
2801
2728
2746
2800
2781
2756
2780
2771
2778
2828
2773
2772
2788
2838
2738
2786
2745
2768
2866
2772
3676
3680
3546
2726
2684
2708
2773
2706
2721
2779
2758
2735
2756
2750
2765
2809
2753
2751
2764
2820
2714
2762
2723
2746
2849
2757
3563
3566
3442
2572
2528
2557
2620
2552
2567
2627
2604
2583
2602
2597
2604
2657
2601
2601
2612
2669
2562
2608
2569
2595
2701
2609
3462
3450
3318
2525
2487
2517
2582
2511
2525
2587
2563
2545
2561
2556
2560
2616
2562
2561
2571
2628
2519
2567
2528
2555
2659
2568
3375
3358
3233
2416
2378
2411
2477
2404
2419
2479
2456
2438
2454
2449
2454
2509
2454
2451
2464
2517
2409
2460
2421
2449
2556
2464
3271
3242
3116
2352
2313
2344
2420
2331
2350
2406
2383
2366
2380
2382
2380
2436
2380
2378
2390
2444
2334
2391
2352
2376
2484
2400
3191
3160
3031
2277
2238
2270
2332
2253
2270
2329
2304
2290
2301
2306
2308
2361
2307
2303
2313
2367
2255
2313
2273
2299
2406
2329
3090
3055
2926
2190
2152
2187
2246
2171
2186
2248
2222
2210
2221
2222
2224
2277
2229
2222
2235
2282
2179
2228
2190
2218
2332
2246
3006
2968
2847
2133
2097
2134
2201
2116
2131
2192
2165
2156
2164
2167
2164
2222
2169
2164
2177
2225
2118
2173
2136
2163
2273
2193
2924
2884
2759
2052
2012
2052
2105
2033
2045
2107
2079
2071
2077
2086
2080
2139
2085
2077
2090
2143
2027
2087
2053
2078
2191
2110
2837
2792
2668
1989
1950
1990
2048
1969
1980
2042
2013
2003
2009
2022
2018
2073
2022
2012
2024
2076
1964
2025
1990
2013
2128
2049
2753
2707
2586
1926
1885
1928
1986
1905
1914
1977
1946
1939
1943
1959
1950
2012
1956
1949
1959
2010
1898
1963
1924
1949
2064
1991
2674
2629
2506
1863
1822
1865
1924
1840
1849
1911
1880
1874
1878
1895
1885
1948
1890
1882
1893
1944
1830
1900
1859
1884
2003
1928
2595
2551
2429
1808
1767
1809
1872
1781
1792
1851
1822
1815
1818
1837
1831
1885
1833
1820
1834
1885
1771
1843
1803
1825
1944
1872
2525
2473
2355
1741
1698
1743
1801
1716
1728
1787
1758
1751
1753
1772
1766
1822
1767
1755
1769
1821
1706
1776
1739
1761
1879
1808
2454
2396
2279
1674
1639
1685
1745
1657
1667
1728
1698
1691
1692
1712
1700
1762
1707
1698
1710
1760
1647
1718
1679
1702
1818
1747
2379
2320
2203
1619
1581
1630
1686
1602
1611
1672
1642
1636
1636
1656
1647
1704
1650
1642
1654
1701
1586
1662
1623
1646
1763
1695
2310
2250
2134
1561
1523
1572
1630
1545
1553
1614
1583
1579
1578
1595
1586
1647
1590
1583
1593
1644
1523
1604
1567
1588
1703
1634
2239
2176
2061
1509
1470
1522
1586
1493
1502
1562
1530
1524
1523
1546
1533
1593
1540
1529
1540
1591
1473
1553
1516
1535
1652
1580
2177
2109
1997
1469
1428
1480
1535
1447
1458
1517
1487
1480
1479
1504
1492
1549
1500
1486
1499
1545
1432
1510
1470
1492
1614
1543
2123
2055
1946
1421
1388
1432
1488
1399
1412
1470
1440
1435
1434
1456
1449
1502
1456
1439
1455
1500
1388
1463
1422
1446
1569
1496
2067
1997
1890
1368
1334
1378
1442
1344
1358
1413
1384
1379
1378
1404
1394
1448
1400
1381
1397
1448
1331
1408
1368
1389
1514
1442
2005
1930
1822
1320
1288
1327
1386
1292
1303
1361
1331
1327
1326
1352
1346
1398
1350
1331
1344
1394
1283
1355
1315
1335
1466
1393
1946
1867
1763
1270
1239
1280
1337
1246
1256
1315
1284
1280
1280
1306
1297
1352
1304
1286
1300
1348
1237
1307
1266
1289
1421
1346
1894
1810
1708
1221
1184
1232
1288
1197
1205
1267
1235
1230
1231
1258
1247
1304
1254
1237
1251
1298
1184
1258
1218
1240
1367
1299
1829
1748
1645
1182
1144
1192
1247
1157
1163
1226
1192
1191
1189
1218
1209
1264
1213
1195
1208
1257
1145
1217
1178
1199
1328
1260
1778
1696
1596
1146
1104
1155
1209
1118
1123
1186
1152
1152
1150
1180
1166
1222
1171
1156
1168
1220
1107
1177
1139
1159
1291
1224
1736
1646
1547
1094
1058
1107
1165
1071
1076
1139
1106
1106
1103
1132
1120
1175
1127
1110
1122
1178
1063
1131
1091
1113
1247
1173
1682
1589
1494
1053
1017
1067
1123
1032
1039
1101
1069
1069
1065
1093
1086
1140
1094
1074
1087
1136
1026
1091
1052
1076
1211
1134
1634
1540
1449
1015
977
1026
1079
992
999
1062
1029
1030
1027
1055
1047
1100
1054
1034
1047
1096
991
1049
1012
1036
1173
1096
1589
1491
1401
973
937
985
1042
951
959
1021
988
988
985
1013
1003
1061
1009
993
1005
1056
947
1007
972
995
1129
1051
1541
1439
1349
926
887
939
991
908
917
981
947
949
944
968
956
1020
968
955
966
1013
904
959
928
955
1086
1007
1490
1385
1297
889
854
902
957
870
880
945
912
914
909
931
925
979
935
920
932
980
869
923
890
919
1047
971
1446
1339
1252
869
834
880
943
848
860
921
890
890
888
907
903
955
911
893
909
955
844
902
868
896
1024
948
1420
1306
1220
839
803
851
912
819
832
891
862
862
861
877
871
925
883
862
879
921
818
873
841
867
997
918
1384
1265
1185
796
764
809
863
779
793
852
823
822
820
835
831
883
841
825
841
884
774
833
802
829
955
874
1337
1214
1135
767
736
783
843
751
767
825
797
794
793
808
806
856
811
798
814
855
746
808
775
803
924
849
1300
1177
1098
739
709
754
815
722
739
795
769
766
765
777
773
825
787
767
786
825
721
780
746
774
896
820
1269
1138
1063
704
677
717
778
687
705
762
735
733
733
741
742
790
753
732
753
792
682
743
713
740
861
781
1235
1095
1021
671
637
686
749
656
674
732
705
703
702
712
708
762
719
704
721
765
655
711
682
710
828
749
1199
1058
980
639
603
652
709
622
638
698
672
670
669
679
668
728
688
673
690
732
625
675
646
677
797
718
1164
1017
941
617
582
629
685
600
614
676
649
649
649
656
653
704
668
651
670
704
601
651
622
654
775
695
1139
986
915
595
553
604
657
575
589
649
622
623
623
632
629
681
637
624
641
685
575
625
597
627
750
670
1108
955
882
573
536
581
639
551
565
624
597
596
595
609
600
656
612
599
614
659
549
604
573
602
722
647
1084
922
849
544
513
557
616
527
543
599
573
570
569
582
582
630
593
574
591
630
524
583
549
577
699
620
1057
889
820
523
493
536
592
506
521
577
550
547
547
558
561
607
569
551
569
608
503
563
528
554
680
599
1029
858
793
504
475
518
580
488
503
557
530
527
527
541
537
588
547
529
547
588
484
547
511
535
655
577
1010
831
764
472
442
485
547
458
471
527
499
496
495
512
505
562
514
500
514
562
452
514
480
503
623
543
982
796
726
444
410
455
511
427
439
497
468
466
464
479
472
527
482
472
484
537
417
483
448
473
589
517
949
759
687
425
386
435
484
407
417
476
447
445
444
460
453
506
462
450
465
515
401
461
426
452
568
498
928
731
662
413
373
422
469
396
402
465
434
435
434
451
435
502
446
440
451
497
388
446
414
440
556
486
919
715
644
391
355
401
451
373
382
444
413
413
413
431
418
480
425
420
429
482
365
424
393
418
532
462
897
688
615
371
333
378
427
352
359
422
391
390
390
407
397
457
400
399
408
464
344
402
369
397
508
440
870
660
588
347
310
356
405
331
337
401
369
369
369
385
370
436
375
380
386
440
324
381
347
376
488
418
847
634
561
328
290
337
395
312
321
381
352
350
351
366
354
415
363
357
367
421
302
363
329
356
468
398
826
608
538
316
279
322
372
298
307
365
338
335
337
351
341
400
350
340
352
406
288
349
315
341
453
383
809
587
519
293
260
300
350
276
287
346
319
316
317
329
322
379
330
323
334
383
273
328
296
322
437
360
787
560
499
282
251
290
348
265
279
336
311
307
309
319
313
368
323
312
327
372
263
320
285
312
424
351
774
544
484
270
237
275
331
251
264
320
295
291
295
305
297
352
306
296
311
359
249
304
269
297
410
339
755
525
465
252
214
255
311
232
245
301
276
273
276
285
281
333
287
277
291
340
231
284
251
278
392
317
729
499
442
237
200
240
292
217
231
287
262
258
261
271
267
320
272
263
278
326
218
270
237
264
376
300
706
480
424
220
183
222
277
199
214
269
245
240
242
253
245
300
255
247
261
307
196
252
218
246
357
284
677
456
401
209
168
209
259
187
199
255
231
225
230
240
239
287
243
232
248
295
186
238
204
232
348
272
653
438
388
200
164
203
255
181
194
248
224
217
222
234
231
280
231
222
240
287
181
232
199
225
340
262
635
428
376
189
157
193
251
173
189
241
218
210
216
224
223
270
226
215
233
276
168
225
193
219
327
250
611
412
361
168
133
171
225
153
166
222
198
192
196
203
202
251
207
200
212
256
151
203
170
200
308
229
572
389
339
152
117
156
210
139
149
207
182
177
181
187
183
236
187
184
196
242
136
187
154
185
290
215
536
367
318
147
111
147
203
130
142
198
173
167
172
177
175
230
179
173
186
232
128
178
146
175
280
207
509
354
306
132
96
131
182
113
123
181
155
150
153
166
157
216
159
158
168
219
111
161
129
157
263
190
465
338
284
121
85
120
174
102
112
171
145
139
142
156
146
201
150
149
159
210
101
151
117
146
255
182
430
324
274
115
82
114
172
96
107
163
139
131
136
147
140
196
142
140
154
204
97
147
111
140
250
175
405
312
265
105
70
104
156
87
99
154
130
123
129
137
140
183
133
130
144
195
89
136
104
131
240
162
376
298
253
96
60
95
157
79
92
146
122
113
118
126
126
173
126
121
133
178
77
130
98
122
227
151
352
281
239
78
46
80
133
65
75
131
107
96
102
110
106
160
109
107
119
161
57
116
82
108
207
134
315
261
216
68
33
69
114
53
63
120
96
86
91
99
101
146
100
96
108
147
48
103
69
96
197
124
287
247
205
73
35
70
129
51
66
117
95
84
90
98
96
144
97
92
105
142
47
106
71
94
193
126
277
240
198
62
27
60
112
41
56
106
85
72
80
88
90
133
87
80
95
136
39
95
61
83
188
112
260
226
189
44
14
46
101
29
42
94
72
58
65
73
77
122
74
70
83
128
25
83
47
69
173
96
236
211
173
38
3
37
92
20
34
86
64
52
58
65
68
115
66
63
76
121
15
75
38
62
160
92
219
200
158
30
28
82
10
27
76
56
42
51
56
59
103
57
51
67
108
9
66
31
53
153
82
203
185
149
27
25
84
8
27
72
54
36
48
50
54
97
53
44
64
104
5
66
30
50
147
74
193
176
141
18
18
75
1
19
65
47
29
41
42
47
89
44
38
57
95
59
23
44
140
64
187
165
130
8
8
60
5
55
35
18
30
32
36
81
35
31
46
84
49
9
32
130
56
172
153
119
5
2
54
48
28
12
24
29
29
77
29
22
40
84
42
3
24
123
52
168
147
110
41
38
18
2
14
18
16
67
16
11
28
74
28
14
110
39
156
132
94
25
25
3
3
1
54
3
14
58
13
95
25
138
116
79
25
22
1
52
13
54
11
90
21
131
110
73
28
22
4
2
49
15
50
14
93
21
134
106
75
20
17
1
44
10
49
9
93
17
136
100
72
16
10
39
2
44
3
83
8
126
89
62
6
25
33
72
114
76
49
18
24
60
104
66
36
3
15
19
60
105
62
35
10
12
53
102
54
28
3
8
44
90
46
18
6
42
84
39
13
1
43
87
34
14
43
90
34
13
33
78
22
2
27
71
11
19
63
7
9
59
3
54
42
44
48
47
36
32
27
25
19
23
23
8
1
10
3
21
52
65
55
47
41
3
5
7
5
5
5
7
5
6
5
6
2
3
1
6
6
6
7
3
2
3
1
35
2
11
18
13
17
14
20
13
18
15
18
13
19
9
19
18
20
5
23
16
16
17
16
16
66
15
23
48
16
23
15
24
15
24
14
22
19
22
13
23
10
27
17
23
8
23
17
18
18
15
14
76
14
21
7
6
6
5
6
8
1
8
5
1
1
4
79
5
6
10
5
14
6
16
10
16
12
15
7
11
5
19
14
18
4
17
8
8
11
8
8
90
8
12
1
8
8
4
9
5
9
1
2
1
12
7
12
1
11
1
1
4
3
86
3
5
1
4
1
8
3
8
5
8
2
3
8
5
9
7
2
3
1
83
1
2
4
8
2
8
5
12
7
12
8
11
6
8
6
10
9
13
4
4
4
7
8
2
6
88
6
5
3
11
1
11
4
10
5
10
4
7
5
5
4
8
7
12
9
4
3
5
5
6
91
5
6
4
7
3
12
7
11
9
12
10
11
6
5
3
14
12
14
14
5
6
9
6
8
93
6
9
1
4
3
6
5
9
6
9
2
6
1
9
6
9
9
3
5
6
1
94
1
7
7
7
7
9
8
11
7
9
2
7
2
9
8
10
1
10
3
6
7
4
1
96
1
7
5
9
7
8
9
10
6
8
9
5
11
12
11
9
4
5
8
2
2
96
7
2
6
2
5
4
7
2
5
6
8
8
9
3
1
7
94
4
7
12
7
11
11
12
10
14
10
14
8
10
9
14
14
13
6
14
8
9
10
7
9
104
7
10
11
21
13
19
15
16
13
17
11
17
13
25
14
18
15
16
10
18
14
15
13
15
11
111
13
18
5
7
5
18
5
7
4
6
2
5
7
8
5
8
8
6
3
9
6
5
3
2
8
100
6
5
1
5
4
10
3
4
2
3
4
5
3
3
5
6
3
3
6
6
2
1
5
98
5
2
1
7
2
2
1
1
1
2
4
3
1
5
3
1
100
3
7
12
7
11
6
6
1
3
4
5
13
4
7
5
2
6
7
5
6
6
106
4
8
12
20
12
13
9
9
5
7
2
8
10
15
7
10
10
5
2
12
12
8
4
8
12
110
10
11
3
8
2
4
1
1
3
5
1
1
5
5
2
6
100
1
2
6
8
3
6
3
5
1
3
1
5
4
5
3
4
7
1
2
8
4
1
1
3
7
104
3
6
7
13
3
6
2
5
3
1
4
4
9
2
3
5
1
1
8
3
2
3
5
108
2
6
8
13
4
10
4
8
3
6
1
5
5
9
3
5
7
4
2
9
5
4
3
5
7
114
4
9
10
13
8
9
7
11
7
10
5
9
6
10
4
14
10
10
1
13
9
8
7
6
11
115
5
10
14
16
10
16
10
14
9
13
8
12
8
12
7
14
12
11
1
15
12
11
9
9
13
118
6
12
11
21
11
22
13
18
10
16
9
16
10
13
11
16
11
13
4
16
15
15
11
9
10
125
6
14
6
15
7
13
7
14
7
12
5
11
4
18
4
14
9
11
4
9
10
10
8
6
5
122
2
10
5
13
3
11
3
11
4
9
2
7
3
12
12
9
9
3
9
7
6
6
4
5
119
1
9
9
10
1
9
2
8
2
8
9
11
7
8
10
5
4
4
118
5
7
9
1
9
1
8
1
8
7
11
5
8
9
2
4
3
1
122
6
1
7
10
1
9
1
8
7
5
10
5
9
6
3
4
3
123
4
8
13
7
20
7
16
8
16
6
14
6
12
5
19
11
18
3
19
10
10
10
11
8
136
4
15
6
20
7
18
7
17
8
17
7
15
5
14
5
20
12
18
3
19
10
9
11
11
9
139
4
16
7
20
6
11
7
16
7
15
7
14
6
18
4
17
11
15
1
12
7
9
9
3
5
137
3
10
4
11
1
13
2
10
2
9
1
9
3
10
11
6
10
1
10
3
4
3
3
2
144
8
8
5
5
5
5
8
7
5
6
6
139
3
9
18
8
17
9
14
9
14
9
15
7
14
4
14
15
15
12
10
9
9
6
8
148
3
10
17
20
11
23
12
18
9
15
9
17
10
13
7
15
12
15
14
13
12
9
9
13
160
5
12
14
20
11
16
12
15
8
13
6
15
11
18
8
16
11
12
3
14
12
11
7
7
11
164
7
11
9
20
9
15
11
12
8
13
7
14
9
16
7
15
13
14
1
13
10
9
8
9
9
168
6
12
13
18
10
15
11
13
10
14
9
17
11
15
11
16
14
18
2
16
10
8
10
9
13
175
7
11
12
18
8
16
9
11
8
12
8
16
12
12
9
13
12
14
4
13
8
7
8
6
11
182
8
9
12
18
6
11
7
6
4
7
4
11
10
7
3
6
8
7
3
10
5
4
3
4
9
188
7
6
9
12
6
3
7
3
3
4
1
8
9
10
6
7
5
3
7
3
2
1
8
191
4
3
1
6
1
3
3
2
2
6
1
2
4
187
8
14
5
6
9
5
4
5
3
10
6
6
2
7
8
6
7
5
5
2
2
8
204
2
11
19
8
11
12
10
8
10
7
14
7
12
5
4
10
9
9
9
11
6
3
6
216
3
5
9
12
7
9
10
9
7
10
5
11
7
5
2
4
10
8
4
7
9
5
8
218
2
7
9
5
4
8
6
6
8
4
9
6
2
2
5
10
8
1
5
5
4
7
223
14
14
9
8
12
8
9
10
8
12
9
5
4
6
11
9
4
9
8
6
12
234
2
10
10
7
5
9
4
6
7
7
9
8
1
4
4
9
4
1
5
5
3
9
242
1
5
10
4
3
7
4
5
6
4
7
5
2
2
5
9
4
3
3
4
2
4
247
1
7
1
2
4
3
2
5
2
5
2
3
8
3
1
1
3
245
1
2
3
3
245
7
15
5
11
10
13
8
14
11
15
6
8
3
12
12
10
6
6
10
7
4
261
3
13
18
12
22
17
19
15
20
16
20
13
12
11
19
19
17
9
13
13
17
14
5
11
275
8
10
4
1
2
5
7
4
9
4
7
2
3
2
9
10
6
2
1
3
2
2
263
6
14
6
7
10
15
8
15
10
15
6
16
2
18
12
14
10
6
9
8
6
274
6
14
22
13
22
18
21
16
22
17
24
14
18
8
22
18
20
3
20
12
17
15
9
11
287
7
13
12
18
10
15
16
18
14
19
14
20
12
13
10
18
18
18
2
14
10
14
12
5
10
281
3
9
9
19
7
15
13
16
12
17
12
17
9
12
6
17
18
17
2
12
8
10
11
3
7
278
2
8
8
16
3
8
9
10
9
12
10
13
6
9
3
10
15
11
8
2
5
7
8
268
2
7
10
2
3
9
8
6
9
7
10
6
10
2
10
11
8
3
5
4
6
260
6
7
1
6
6
5
3
6
2
5
4
3
6
7
2
3
3
3
247
7
10
4
6
9
8
5
7
2
6
7
8
3
5
9
5
5
2
6
2
7
233
1
5
9
6
3
10
8
4
8
3
9
11
6
3
9
9
8
1
9
3
5
3
9
217
5
3
9
12
8
5
12
8
6
10
7
11
12
9
5
14
10
10
1
13
3
6
3
2
11
209
5
7
14
16
10
10
14
12
7
11
8
13
14
12
9
13
12
10
2
13
5
8
3
3
14
195
7
8
8
10
3
2
9
5
2
5
2
7
8
4
3
7
9
5
1
8
2
7
167
2
3
5
10
2
1
9
4
3
6
3
7
7
7
4
8
10
7
10
2
7
148
1
1
7
9
4
3
10
7
4
7
4
10
8
6
7
6
10
8
11
5
1
7
134
1
1
10
10
6
3
