4980
4978
1402
4980
4980
4980
945
4889
4291
4980
4367
4365
4980
4981
1826
4240
4553
4980
4848
4844
4985
4985
4985
1075
4985
4984
4985
724
4704
4256
4985
4279
4341
4984
4985
1393
4205
4432
4984
4842
4837
4974
4975
4974
1372
4974
4975
4974
929
4582
4114
4974
4116
4219
4974
4975
1781
4056
4285
4974
4835
4831
4968
4968
4967
1082
4968
4967
4968
729
4443
4051
4968
4017
4167
4967
4968
1405
3992
4175
4967
4829
4824
4964
4964
4963
1220
4964
4964
4964
826
4307
3943
4964
3882
4076
4963
4964
1583
3879
4040
4964
4822
4818
4954
4954
4953
1091
4954
4953
4954
737
4184
3864
4954
3773
4009
4953
4954
1418
3797
3928
4953
4816
4812
4951
4951
4950
1087
4950
4950
4946
736
4054
3780
4950
3659
3938
4950
4951
1411
3708
3810
4950
4810
4805
4942
4942
4941
1073
4941
4941
4874
726
3939
3693
4942
3548
3865
4941
4942
1395
3619
3699
4941
4803
4799
4936
4937
4936
1001
4936
4936
4723
678
3818
3620
4934
3447
3805
4936
4934
1301
3542
3592
4936
4797
4792
4929
4930
4929
1018
4929
4929
4587
690
3706
3536
4875
3339
3734
4929
4879
1322
3455
3484
4929
4791
4786
4923
4923
4922
950
4908
4922
4460
644
3596
3467
4728
3244
3675
4922
4731
1235
3382
3385
4922
4784
4780
4890
4891
4891
948
4784
4894
4312
644
3482
3387
4576
3144
3610
4916
4585
1232
3303
3284
4916
4778
4773
147
25
555
72
463
16
16
16
162
27
610
78
509
170
29
642
82
535
8
7
7
179
30
677
87
565
190
32
718
92
599
197
33
745
95
622
2
2
2
208
35
785
101
655
215
36
813
104
678
2
2
2
224
37
846
108
706
232
39
876
112
731
1
1
1
239
40
905
116
755
247
41
934
119
779
254
42
961
123
800
261
44
988
126
824
268
44
1013
129
845
274
45
1038
133
865
280
47
1063
136
886
287
47
1086
139
906
293
48
1109
141
924
298
49
1131
145
942
304
50
1153
147
960
309
51
1173
150
977
314
51
1193
153
993
319
53
1212
155
1010
325
53
1231
158
1025
329
54
1249
159
1040
334
55
1266
162
1055
338
56
1284
164
1069
343
57
1301
167
1083
348
59
1318
170
1098
353
61
1333
173
1110
357
61
1349
175
1123
362
63
1365
178
1136
367
65
1379
181
1148
371
65
1392
183
1159
375
66
1406
185
1170
378
68
1419
187
1182
382
69
1432
190
1193
386
70
1444
191
1202
389
71
1455
193
1212
392
72
1468
196
1222
396
73
1478
197
1230
399
73
1488
198
1239
401
74
1499
200
1248
403
74
1508
201
1255
406
75
1517
202
1262
408
75
1526
204
1270
411
76
1534
204
1277
413
76
1542
206
1283
415
76
1550
207
1289
417
77
1558
208
1296
419
76
1565
208
1302
420
77
1571
209
1307
422
77
1578
211
1313
424
77
1585
211
1318
425
77
1591
212
1323
427
78
1597
213
1328
428
78
1603
213
1332
429
78
1608
214
1336
431
79
1613
215
1341
432
79
1619
216
1345
433
79
1623
216
1349
435
79
1628
216
1353
436
79
1632
217
1356
437
79
1637
218
1360
437
79
1640
218
1363
438
80
1644
219
1366
440
81
1648
219
1369
440
80
1651
219
1372
441
80
1655
220
1375
442
81
1658
220
1377
443
80
1661
221
1379
444
81
1664
221
1381
444
81
1667
222
1384
445
81
1669
222
1386
446
81
1672
222
1388
446
81
1674
223
1390
447
81
1676
223
1392
447
81
1678
223
1393
448
81
1680
223
1395
448
81
1682
224
1396
448
81
1683
224
1397
449
81
1685
224
1398
449
82
1687
225
1400
449
81
1688
224
1401
450
82
1689
224
1401
450
82
1690
225
1403
450
82
1691
225
1404
450
81
1692
225
1404
451
81
1693
225
1405
451
82
1694
225
1406
451
82
1695
225
1406
451
82
1695
225
1406
451
82
1696
225
1407
451
82
1696
225
1407
452
82
1697
225
1407
451
82
1698
226
1408
452
82
1697
225
1408
451
81
1697
225
1407
451
82
1698
225
1408
452
82
1698
225
1408
452
82
1697
225
1408
452
82
1697
226
1408
452
82
1697
226
1408
451
82
1697
225
1407
451
82
1696
225
1406
451
82
1697
225
1407
451
82
1696
225
1406
451
82
1695
225
1406
451
81
1695
225
1405
451
81
1695
225
1405
451
81
1694
225
1404
450
81
1693
224
1403
450
82
1692
225
1403
450
81
1692
225
1402
450
81
1691
224
1401
449
81
1690
224
1401
449
81
1689
224
1400
449
81
1688
224
1399
449
81
1687
224
1399
448
81
1687
224
1398
448
81
1685
223
1396
448
81
1684
224
1396
447
81
1684
224
1395
447
81
1682
223
1394
447
81
1681
223
1393
446
81
1680
223
1392
446
81
1679
223
1391
446
81
1677
222
1390
446
81
1676
222
1389
445
80
1675
222
1388
445
80
1673
222
1387
444
80
1672
222
1385
443
80
1671
222
1385
444
80
1670
222
1383
443
80
1668
221
1382
443
80
1667
221
1381
442
80
1665
221
1380
442
80
1663
220
1378
442
80
1663
221
1377
441
80
1661
220
1376
441
80
1659
220
1374
440
79
1658
220
1373
440
80
1657
220
1372
440
79
1655
220
1371
439
79
1653
219
1369
438
79
1652
219
1368
438
79
1650
219
1367
438
79
1648
218
1365
437
79
1647
218
1364
437
79
1645
219
1363
436
79
1643
218
1361
436
79
1642
217
1360
436
79
1640
218
1359
435
78
1638
217
1357
435
79
1637
217
1355
434
79
1635
217
1354
434
78
1633
217
1353
434
78
1631
216
1351
433
78
1630
216
1350
432
78
1628
216
1348
432
78
1626
216
1347
431
78
1624
215
1345
431
78
1623
215
1344
430
78
1621
215
1342
430
77
1619
214
1340
429
77
1617
215
1339
429
77
1616
214
1338
428
77
1614
214
1336
428
77
1612
214
1334
427
77
1610
214
1333
427
77
1608
213
1332
426
77
1606
213
1330
426
77
1604
213
1329
426
77
1603
213
1327
425
77
1601
212
1325
424
77
1599
212
1324
424
77
1597
212
1323
423
76
1595
211
1321
423
76
1593
211
1319
428
77
1614
214
1336
428
77
1612
214
1334
427
77
1610
214
1333
427
77
1608
213
1332
426
77
1606
213
1330
426
77
1604
213
1329
426
77
1603
213
1327
425
77
1601
212
1325
424
77
1599
212
1324
424
77
1597
212
1323
423
76
1595
211
1321
423
76
1593
211
1319
416
75
1569
208
1298
416
75
1567
208
1297
415
75
1565
208
1295
415
75
1562
207
1294
414
75
1561
207
1292
413
75
1559
207
1290
415
76
1558
208
1290
418
79
1560
211
1292
417
79
1558
211
1290
416
78
1555
210
1288
416
79
1554
211
1287
415
79
1551
210
1285
415
79
1550
210
1284
414
79
1548
209
1282
414
79
1546
209
1280
413
79
1544
209
1279
413
78
1542
209
1277
412
79
1540
208
1275
412
79
1538
208
1274
411
79
1536
208
1272
296
57
1114
151
927
334
342
337
24
288
339
215
15
84
55
245
66
40
314
229
22
43
55
317
785
346
80
77
81
42
97
80
124
30
169
118
117
156
97
97
125
62
133
176
102
742
92
34
7
131
17
109
153
415
79
1550
210
1284
414
79
1548
209
1282
414
79
1546
209
1280
413
79
1544
209
1279
413
78
1542
209
1277
412
79
1540
208
1275
412
79
1538
208
1274
411
79
1536
208
1272
296
57
1114
151
927
334
342
337
24
288
339
215
15
84
55
245
66
40
314
229
22
43
55
317
785
346
80
77
81
42
97
80
124
30
169
118
117
156
97
97
125
62
133
176
102
742
92
34
7
131
17
109
153
3
3
4
1
4
2
3
1
5
4
3
1
4
3
3
2
3
4
7
3
104
2
2
3
2
116
5
4
5
1
4
3
3
1
5
3
3
2
4
4
5
4
3
3
7
5
523
3
2
2
1
1
1
568
3
3
4
3
3
1
1
2
2
2
2
1
2
3
1
2
1
4
3
142
2
1
1
1
1
1
1
2
1
2
1
1
2
1
3
2
67
2
1
2
1
1
1
1
1
1
2
1
1
1
2
2
2
426
3
2
3
2
1
1
1
2
2
1
2
2
2
1
2
1
2
1
3
2
609
1
1
2
1
1
1
1
1
3
2
2
1
1
2
1
3
2
202
2
2
2
1
3
2
1
1
2
2
1
2
1
3
1
3
1
2
1
4
3
38
1
2
1
2
2
1
1
1
1
2
1
2
1
1
2
1
1
3
2
407
2
2
3
2
1
1
1
2
1
1
3
1
2
1
2
2
1
3
3
617
2
1
2
2
1
1
1
1
1
2
1
2
2
2
1
3
1
1
4
3
240
1
2
2
3
1
2
1
1
1
1
1
1
2
1
2
1
2
2
1
1
4
3
3
2
3
1
2
2
1
1
2
1
2
1
2
1
2
2
1
3
2
246
1
2
1
2
2
1
1
2
1
1
3
1
2
2
2
1
1
3
1
1
4
3
543
1
3
2
3
1
2
2
1
1
2
1
1
3
1
2
2
2
2
1
1
4
3
281
1
3
2
3
1
2
2
1
1
2
2
1
3
1
2
2
2
2
1
1
3
2
3
2
3
1
2
1
1
2
2
1
3
1
3
2
3
1
1
3
1
1
4
3
141
1
3
2
3
3
2
1
2
2
1
3
1
2
2
2
1
1
3
1
1
4
3
520
1
3
2
3
1
3
2
1
1
2
2
1
3
2
2
3
2
1
1
3
1
1
4
3
355
3
2
3
1
3
2
1
2
2
2
1
3
2
3
3
3
1
1
3
1
1
4
3
1
3
2
2
1
2
2
1
1
2
2
1
3
2
3
2
2
1
1
3
2
1
4
3
120
1
3
3
3
1
2
2
1
1
2
2
1
3
2
3
2
2
1
3
1
1
4
3
548
3
3
3
1
3
2
1
2
3
1
1
3
1
3
2
2
1
3
1
1
3
3
509
1
3
2
3
1
2
2
1
2
2
1
3
2
3
3
3
1
1
3
1
2
4
4
68
1
3
2
3
1
3
2
1
2
2
2
1
3
2
3
2
3
1
1
3
1
1
4
3
83
1
3
3
3
1
3
3
1
2
2
2
1
3
2
3
2
2
1
1
3
1
1
4
3
456
1
3
3
3
2
3
2
1
1
2
3
1
3
2
3
3
3
1
1
4
2
2
5
4
495
1
4
3
3
1
3
2
1
1
2
2
1
3
2
3
3
3
1
1
4
2
1
5
4
82
1
3
3
3
2
3
3
1
2
2
2
1
3
2
3
2
3
1
1
3
2
1
4
4
32
1
4
3
4
2
3
3
1
2
3
2
1
4
2
3
3
3
1
1
3
1
1
4
3
399
1
4
3
3
1
3
3
1
2
3
2
2
3
2
3
3
3
1
1
4
2
2
5
4
560
1
4
3
4
2
4
3
2
2
3
2
1
4
2
3
3
3
1
1
3
2
1
4
4
166
1
4
3
4
2
4
3
1
2
3
1
2
1
4
2
3
3
3
1
1
3
1
1
5
4
1
4
3
4
2
4
3
1
2
3
3
1
4
2
3
3
3
1
1
4
2
2
5
4
312
1
3
3
3
1
3
2
1
2
3
1
1
3
1
3
2
2
1
3
1
1
3
3
509
1
3
2
3
1
2
2
1
2
2
1
3
2
3
3
3
1
1
3
1
2
4
4
68
1
3
2
3
1
3
2
1
2
2
2
1
3
2
3
2
3
1
1
3
1
1
4
3
83
1
3
3
3
1
3
3
1
2
2
2
1
3
2
3
2
2
1
1
3
1
1
4
3
456
1
3
3
3
2
3
2
1
1
2
3
1
3
2
3
3
3
1
1
4
2
2
5
4
495
1
4
3
3
1
3
2
1
1
2
2
1
3
2
3
3
3
1
1
4
2
1
5
4
82
1
3
3
3
2
3
3
1
2
2
2
1
3
2
3
2
3
1
1
3
2
1
4
4
32
1
4
3
4
2
3
3
1
2
3
2
1
4
2
3
3
3
1
1
3
1
1
4
3
399
1
4
3
3
1
3
3
1
2
3
2
2
3
2
3
3
3
1
1
4
2
2
5
4
560
1
4
3
4
2
4
3
2
2
3
2
1
4
2
3
3
3
1
1
3
2
1
4
4
166
1
4
3
4
2
4
3
1
2
3
1
2
1
4
2
3
3
3
1
1
3
1
1
5
4
1
4
3
4
2
4
3
1
2
3
3
1
4
2
3
3
3
1
1
4
2
2
5
4
312
1
4
3
4
2
4
3
1
2
3
1
3
1
4
2
3
3
3
1
1
4
2
1
4
4
583
1
4
3
4
2
4
3
1
2
3
1
3
1
4
3
4
3
3
1
2
4
2
2
5
4
247
1
4
3
4
2
4
3
1
2
3
3
2
4
3
4
3
4
2
1
4
3
2
5
5
1
4
3
4
2
4
3
1
2
3
3
1
4
2
4
3
4
2
2
4
2
2
5
5
272
1
4
3
4
2
4
3
1
2
3
3
1
4
3
4
3
3
1
2
3
2
2
5
5
615
1
4
3
4
2
4
4
1
2
4
1
3
1
5
3
4
4
4
1
2
5
2
2
6
5
322
1
4
3
4
2
4
3
1
2
4
3
1
5
3
4
4
4
2
2
4
3
3
5
5
1
5
4
4
2
4
4
1
2
4
1
3
1
4
3
4
4
4
1
2
4
2
2
5
5
224
1
5
3
4
2
4
4
1
3
4
1
3
1
4
3
4
4
4
2
2
4
2
2
5
5
580
1
4
3
3
2
4
4
1
3
3
3
1
4
3
4
3
4
2
2
5
3
2
6
5
409
1
5
4
4
2
5
4
1
3
4
3
2
4
3
5
4
4
2
2
5
3
2
6
5
1
5
4
4
2
5
4
2
3
4
1
3
2
4
3
5
4
4
1
2
5
3
2
5
5
100
1
5
4
4
2
4
4
1
3
4
1
3
2
5
3
5
4
4
2
2
4
3
3
6
5
501
1
5
4
4
2
4
4
2
3
4
1
4
1
5
3
5
4
5
2
2
5
3
3
6
6
460
1
5
4
4
2
5
4
1
2
4
1
3
2
5
3
4
4
4
1
1
5
3
2
6
5
33
1
5
4
4
2
5
4
1
3
4
1
4
1
5
3
4
4
4
2
2
4
3
3
6
5
59
1
5
4
4
2
4
4
1
3
4
1
4
2
5
4
5
5
5
2
2
4
3
3
7
6
449
1
5
4
5
3
4
5
2
3
4
4
2
5
4
5
4
5
2
2
5
3
2
6
5
530
1
5
4
5
2
5
5
2
3
4
1
4
2
5
3
5
4
5
2
2
5
3
3
6
6
113
1
5
4
4
2
5
4
1
3
5
1
4
2
5
4
5
5
5
2
3
5
3
3
7
6
38
1
5
4
4
2
5
4
2
3
4
1
4
2
5
4
5
5
5
2
3
5
4
3
6
6
440
1
5
4
4
3
5
5
1
3
4
1
4
2
5
4
4
4
4
2
2
5
3
3
6
6
622
1
5
4
4
3
5
4
1
3
4
1
4
2
5
4
5
5
5
2
2
5
3
3
6
6
216
1
6
4
5
2
5
5
2
3
4
1
4
2
5
4
5
5
5
2
3
5
4
4
7
6
46
1
6
5
5
3
5
5
2
3
5
1
4
2
6
4
5
4
5
2
3
5
3
3
7
6
400
1
5
4
5
3
5
5
2
3
5
1
4
2
6
4
5
5
5
3
3
5
4
3
6
6
637
1
6
4
5
3
5
5
1
3
5
1
4
2
5
4
5
5
5
3
3
6
4
3
7
6
297
1
5
5
5
3
5
5
1
3
5
1
4
2
5
4
5
5
5
2
3
6
4
3
7
6
28
1
5
4
5
3
5
5
1
3
5
1
4
1
5
4
5
5
5
2
2
5
3
3
6
6
300
1
6
5
5
3
5
5
1
3
5
1
5
2
6
4
6
5
5
3
3
5
4
3
7
7
614
1
5
5
5
3
5
5
2
3
5
1
4
2
6
4
6
6
5
3
3
6
4
4
7
6
350
1
5
5
5
3
5
5
2
3
5
1
4
2
5
4
5
5
5
2
2
5
3
3
7
6
27
1
6
4
5
3
5
5
1
3
5
1
4
2
6
4
6
5
5
2
3
5
4
3
7
6
245
1
6
5
5
3
5
5
1
3
5
1
5
2
6
5
6
5
5
3
3
6
5
3
7
6
578
1
6
5
5
3
5
5
2
3
5
1
4
2
6
4
6
5
5
3
3
5
4
3
7
7
434
1
6
5
5
4
5
5
2
4
5
1
5
2
6
4
6
6
5
3
3
5
4
3
7
7
32
1
6
5
5
3
5
5
2
3
5
1
5
2
7
5
6
6
6
3
3
6
4
4
7
7
155
1
6
5
5
3
5
5
2
3
5
1
5
2
6
5
6
5
5
2
3
5
4
3
7
7
557
1
6
5
5
3
5
6
2
3
5
1
4
2
6
4
5
5
5
2
3
6
4
3
7
7
489
1
6
5
5
3
5
6
2
3
6
1
5
2
7
5
6
6
6
3
3
6
5
4
8
7
42
1
6
5
5
3
6
6
2
4
6
1
5
2
7
5
6
6
6
3
3
6
5
3
7
7
71
1
6
5
6
3
6
6
2
4
5
1
5
3
6
5
6
6
5
3
3
6
4
3
7
7
473
1
6
5
5
3
6
6
2
3
5
1
5
2
7
5
6
6
6
3
3
6
5
4
7
7
527
1
7
5
6
3
6
6
2
3
5
1
5
2
6
5
7
6
6
3
4
6
5
4
7
7
103
1
6
6
6
4
6
6
2
4
6
1
5
3
7
5
7
6
6
3
3
6
5
3
8
7
12
1
7
5
6
4
6
6
2
4
5
1
5
3
7
5
7
6
6
3
3
6
5
4
8
7
385
1
6
5
5
4
6
6
2
3
6
1
5
3
7
5
6
6
6
3
4
7
5
4
8
8
566
1
7
6
5
4
6
6
2
4
6
1
5
3
7
5
7
6
6
3
3
6
5
3
8
7
170
1
7
5
6
4
6
6
2
4
6
1
5
3
7
5
7
6
6
3
3
6
5
4
8
7
11
1
7
5
5
3
6
6
2
4
6
1
5
3
7
5
7
6
6
3
3
7
5
4
8
7
352
1
7
6
5
4
7
6
2
4
6
1
5
3
7
5
7
6
6
3
3
7
5
4
8
7
572
1
7
6
5
4
6
6
2
4
6
1
5
3
7
5
6
6
6
3
3
6
5
4
7
7
256
1
7
5
6
3
6
6
2
4
6
1
5
3
7
5
7
7
6
3
4
7
5
4
8
7
13
1
7
6
5
4
6
6
2
4
6
1
5
2
7
5
7
7
7
3
3
7
6
4
8
8
289
1
7
6
6
4
6
7
2
4
6
1
5
2
7
5
7
7
6
3
3
7
5
4
8
8
596
7
6
6
4
7
7
2
4
6
1
5
3
7
6
7
7
6
3
3
7
5
5
9
8
332
1
7
6
6
4
6
7
2
4
6
1
5
3
8
6
7
7
7
3
4
7
5
4
9
8
7
1
8
6
6
4
6
7
2
4
7
2
6
2
7
5
7
7
7
3
4
7
5
5
9
7
225
1
7
6
7
5
7
7
2
5
6
2
6
3
8
5
7
7
7
4
4
7
5
4
8
8
576
7
6
6
4
7
7
2
4
6
2
6
3
8
5
7
7
7
4
4
7
5
4
8
8
