230
1865
594
2366
1902
1401
1531
1578
806
1572
2274
61
589
2154
1740
1809
338
815
240
747
3661
1977
3044
3589
4622
4733
4758
4181
3871
3091
71
2462
3000
4866
4925
4342
4284
257
736
4843
1899
4867
4844
4481
4627
4626
4809
4838
4912
42
2730
4896
4649
4699
4803
4804
209
596
4924
1608
4899
4924
4559
4887
4882
4958
4931
4961
52
2151
4970
4936
4946
4969
4995
219
682
4921
1822
4940
4921
4412
4777
4779
4915
4919
4991
33
2472
4991
4803
4858
4948
4980
181
582
4930
1553
4999
4931
4194
4834
4825
4936
4932
4999
30
2157
4999
4872
4917
4995
4992
185
598
4929
1631
4997
4929
4195
4818
4820
4925
4928
4999
36
2219
4999
4835
4873
4983
4977
167
553
4907
1529
4999
4907
3942
4787
4780
4909
4907
4999
13
2109
4999
4826
4879
4982
4977
169
542
4919
1496
4978
4920
3919
4821
4819
4918
4919
4999
21
2023
4999
4842
4877
4971
4967
168
543
4896
1472
4931
4896
3746
4774
4770
4896
4896
4999
19
2020
4999
4807
4857
4967
4961
152
504
4901
1395
4987
4901
3651
4794
4795
4902
4902
4999
8
1898
4999
4826
4867
4960
4956
158
501
4889
1382
4999
4889
3551
4709
4771
4888
4889
4999
21
1892
4999
4801
4846
4953
4947
142
478
4883
1299
4999
4884
3423
4575
4771
4884
4884
4999
16
1796
4999
4805
4850
4947
4942
139
468
4878
1270
4991
4891
3334
4429
4767
4878
4878
4999
12
1759
4999
4796
4838
4940
4934
135
442
4869
1244
4999
4961
3221
4291
4734
4869
4869
4999
13
1700
4999
4788
4833
4934
4929
125
435
4866
1209
4999
4998
3141
4168
4617
4866
4866
4984
17
1642
4999
4785
4828
4927
4922
109
415
4857
1168
4999
4998
3030
4039
4436
4857
4857
4992
5
1599
4999
4774
4819
4921
4915
105
399
4852
1154
4967
4999
2948
3928
4327
4852
4852
4999
8
1539
4999
4772
4815
4914
4909
112
395
4845
1095
4991
4999
2856
3813
4197
4845
4845
4999
8
1502
4999
4763
4806
4907
4902
104
370
4842
1039
4999
4999
2764
3686
4073
4839
4839
4998
1449
4999
4758
4802
4901
4896
100
354
4898
1029
4982
4999
2687
3581
3958
4832
4845
4977
9
1405
4999
4751
4795
4894
4889
96
351
4993
979
4939
4999
2597
3493
3847
4825
4925
4983
12
1363
4999
4745
4788
4888
4883
90
337
4993
926
4982
4999
2218
2395
2476
4825
4999
4999
17
1265
4965
3453
4881
4876
4615
30
4739
4673
27
4909
4593
4779
69
4795
2637
2932
4875
4870
4072
1001
4384
4218
1185
1650
278
2513
4998
4054
4445
1817
4495
437
4629
2197
4868
4863
4036
659
4377
4194
791
1110
169
1692
4979
3986
4418
1218
4393
277
4691
2262
4862
4857
3941
649
4309
4113
773
1082
166
1645
4985
3917
4359
1191
4402
272
4927
2364
4855
4850
3783
738
4209
3987
881
1235
194
1886
4971
3746
4264
1356
4284
315
4819
2198
4849
4844
3714
587
4168
3929
704
989
146
1508
4968
3681
4218
1087
4255
244
4870
2341
4842
4837
3575
685
4076
3816
819
1148
177
1756
4961
3544
4134
1260
4180
290
4851
2228
4836
4831
3494
575
4028
3750
691
972
142
1488
4953
3459
4083
1067
4127
239
4828
2292
4830
4825
3382
610
3953
3657
731
1027
153
1575
4949
3352
4013
1128
4075
256
4851
2262
4823
4818
3288
570
3895
3582
686
966
140
1482
4940
3254
3954
1058
4012
237
4814
2256
4817
4812
3196
549
3835
3506
660
930
133
1429
4935
3166
3897
1020
3968
227
4833
2273
4810
4805
3099
548
3772
3426
659
930
133
1431
4927
3067
3836
1019
3909
228
4810
2245
4804
4799
3016
510
3720
3358
615
868
120
1338
4921
2984
3784
951
3863
209
4811
2265
4798
4793
2921
512
3650
3277
618
872
121
1345
4881
2893
3727
955
3813
211
4804
2245
4791
4786
1972
345
2359
2168
419
594
81
921
2937
1988
2432
658
2490
144
3010
1650
3033
3035
6
16
36
81
100
107
3
38
12
31
73
184
238
259
7
101
38
15
1
4
8
50
3
62
138
198
139
140
16
41
100
250
320
346
8
131
3
18
50
132
165
176
65
96
91
96
96
14
41
104
264
335
359
5
134
12
38
100
257
326
349
4
131
78
13
56
56
15
45
116
294
372
399
5
149
108
11
19
54
138
350
445
477
7
179
297
3
3
18
53
137
351
444
476
6
178
429
25
10
10
23
64
162
414
525
563
9
211
536
23
66
166
422
534
573
8
214
697
13
16
16
26
73
184
466
591
633
10
238
790
28
76
193
490
622
666
11
251
934
1
7
7
30
82
204
518
657
703
12
264
1037
2
33
87
218
550
698
748
13
282
1155
35
92
226
572
726
777
14
293
1267
3
2
2
37
97
239
603
765
820
16
309
1369
39
101
249
625
793
850
16
321
1478
1
2
2
41
106
259
651
827
886
18
335
1574
44
110
269
675
857
919
19
347
1674
1
1
47
115
279
699
887
951
20
360
1768
49
120
289
722
917
983
22
372
1860
51
124
298
744
944
1012
23
384
1950
54
128
307
766
973
1042
25
395
2035
54
131
315
786
998
1070
25
406
2119
56
134
323
805
1023
1097
26
416
2199
57
137
330
823
1047
1123
26
425
2277
59
140
338
842
1071
1148
27
435
2353
60
143
345
860
1094
1174
28
445
2427
61
147
352
878
1116
1198
28
454
2498
62
150
359
894
1138
1221
29
462
2567
63
152
365
910
1158
1243
29
471
2634
64
155
372
926
1179
1265
30
479
2699
65
157
377
941
1198
1286
30
486
2761
1
66
160
383
955
1217
1307
31
494
2822
45
67
162
389
969
1236
1327
31
502
2881
186
68
164
394
983
1253
1345
31
509
2937
332
69
166
400
996
1270
1365
31
515
2993
456
70
168
405
1009
1286
1382
32
523
3047
592
71
170
410
1021
1303
1400
32
529
3098
714
72
173
415
1033
1319
1417
32
535
3148
838
72
174
419
1044
1333
1434
33
541
3197
956
73
176
423
1056
1348
1450
33
547
3244
1070
74
177
428
1067
1362
1464
33
552
3289
1183
74
179
431
1077
1376
1479
33
558
3333
1290
74
180
435
1087
1389
1494
34
563
3375
1396
75
182
439
1097
1401
1508
34
568
3416
1497
76
184
443
1106
1414
1521
33
573
3456
1596
76
185
446
1114
1426
1534
34
578
3494
1692
77
186
449
1124
1437
1546
34
582
3532
1785
77
188
454
1132
1448
1559
34
586
3567
1875
78
189
456
1140
1459
1570
35
591
3602
1962
78
190
460
1148
1470
1582
35
595
3636
2047
79
192
462
1155
1480
1593
35
599
3668
2129
79
192
465
1162
1489
1604
35
603
3699
2209
80
193
468
1169
1499
1614
35
606
3730
2286
80
195
471
1176
1508
1624
35
610
3759
2361
80
196
473
1183
1516
1633
35
613
3787
2433
80
196
476
1189
1525
1643
36
617
3814
2504
81
197
478
1195
1533
1651
36
620
3841
2572
81
198
480
1201
1540
1660
35
623
3866
2637
81
199
482
1207
1548
1668
36
626
3891
2702
82
200
485
1212
1555
1676
36
629
3914
2764
82
201
487
1217
1562
1684
35
631
3937
2823
82
202
489
1222
1569
1691
36
634
3959
2882
82
202
490
1227
1576
1698
36
637
3980
2938
83
204
492
1232
1582
1705
36
639
4001
2993
83
204
494
1236
1588
1712
36
641
4020
3046
83
204
495
1240
1593
1719
36
644
4039
3097
83
205
497
1244
1599
1724
36
646
4057
3146
83
206
499
1248
1604
1730
36
648
4075
3194
84
206
500
1252
1610
1736
36
650
4092
3241
83
206
501
1256
1614
1741
36
652
4108
3286
84
207
503
1259
1619
1746
36
654
4123
3329
85
207
504
1262
1623
1752
36
655
4138
3372
84
208
506
1266
1628
1757
36
657
4153
3413
84
209
507
1268
1632
1761
36
659
4166
3451
85
209
508
1271
1636
1766
36
660
4179
3490
85
209
508
1274
1640
1770
36
662
4192
3527
85
210
510
1276
1643
1774
36
663
4204
3562
85
210
511
1279
1647
1778
36
664
4216
3597
85
211
512
1281
1650
1781
36
665
4227
3630
85
211
512
1283
1653
1785
36
667
4238
3663
85
211
514
1286
1656
1788
36
668
4248
3694
85
212
514
1287
1659
1791
36
669
4257
3723
85
211
514
1289
1661
1794
36
670
4267
3753
85
212
516
1291
1664
1797
36
671
4275
3781
85
212
516
1293
1666
1800
36
672
4284
3808
85
212
517
1295
1669
1803
36
673
4292
3834
86
213
517
1296
1671
1806
36
674
4300
3860
86
213
518
1297
1673
1808
36
674
4307
3884
86
213
519
1298
1675
1810
36
675
4314
3907
86
213
519
1300
1676
1812
36
676
4320
3930
86
214
519
1301
1678
1814
36
676
4326
3952
86
214
519
1302
1680
1816
36
677
4332
3973
86
214
520
1303
1681
1817
36
678
4338
3994
86
214
520
1304
1683
1819
36
678
4342
4013
86
214
520
1305
1684
1820
36
679
4347
4032
86
214
521
1306
1685
1822
36
679
4352
4050
86
214
521
1306
1686
1823
36
679
4356
4067
86
214
521
1307
1687
1824
36
680
4359
4084
86
214
522
1307
1688
1825
36
680
4364
4100
86
214
522
1307
1689
1827
36
680
4367
4116
86
214
522
1308
1689
1828
36
680
4369
4131
86
214
522
1308
1690
1828
36
681
4373
4145
86
214
522
1309
1691
1829
36
682
4375
4159
86
214
523
1309
1691
1829
36
681
4378
4172
86
214
522
1310
1692
1830
36
681
4380
4185
86
214
522
1309
1692
1831
36
682
4382
4197
86
215
523
1310
1692
1831
36
682
4384
4208
86
215
523
1310
1692
1831
35
681
4384
4219
86
215
522
1310
1692
1831
36
682
4386
4230
86
214
522
1309
1692
1831
36
682
4387
4240
86
214
522
1309
1692
1832
35
681
4388
4250
86
214
522
1309
1692
1832
36
681
4389
4259
86
214
522
1309
1692
1831
36
682
4389
4268
86
214
522
1309
1692
1831
35
681
4390
4276
86
214
522
1308
1692
1831
35
681
4390
4284
85
214
522
1308
1692
1831
36
681
4390
4292
86
214
522
1308
1692
1831
36
681
4390
4300
86
214
522
1308
1691
1831
35
680
4389
4306
85
214
521
1307
1690
1830
36
680
4389
4312
85
213
521
1306
1690
1829
36
680
4388
4319
86
213
521
1306
1689
1829
35
680
4387
4325
85
214
520
1305
1689
1829
35
679
4386
4330
85
213
520
1305
1688
1828
36
680
4386
4335
85
213
520
1304
1688
1827
35
679
4384
4340
85
213
520
1303
1687
1827
35
679
4382
4344
85
213
519
1303
1686
1826
36
679
4382
4348
85
213
519
1302
1685
1825
35
678
4380
4353
85
213
519
1302
1684
1824
35
678
4378
4356
85
213
518
1300
1683
1823
35
678
4377
4360
84
213
518
1300
1682
1822
35
677
4374
4363
84
212
518
1299
1681
1821
35
676
4372
4365
85
212
518
1298
1681
1820
35
676
4370
4369
84
212
517
1297
1679
1819
35
676
4368
4371
85
212
517
1296
1678
1818
35
675
4365
4373
84
212
517
1295
1677
1817
35
675
4363
4375
84
212
516
1294
1677
1817
35
675
4361
4376
84
211
516
1294
1676
1815
35
674
4358
4378
84
212
516
1293
1674
1813
34
673
4355
4380
84
211
515
1291
1673
1813
35
673
4353
4380
84
211
515
1291
1672
1811
35
673
4350
4382
84
211
514
1289
1671
1810
35
672
4347
4382
84
211
514
1289
1669
1809
35
671
4344
4383
84
210
513
1287
1668
1807
35
671
4341
4384
84
210
513
1286
1667
1806
34
670
4338
4383
84
210
513
1286
1665
1805
34
670
4335
4383
83
210
512
1284
1664
1803
35
669
4331
4383
83
210
511
1283
1663
1801
34
668
4328
4383
84
209
511
1282
1661
1800
34
668
4324
4382
84
209
511
1281
1660
1798
34
667
4321
4382
83
209
510
1280
1658
1797
34
667
4318
4381
83
209
510
1278
1657
1796
34
666
4314
4380
83
209
509
1277
1655
1794
34
666
4311
4379
83
208
509
1276
1654
1792
34
665
4307
4378
83
208
508
1275
1652
1791
34
664
4303
4377
83
208
508
1274
1651
1789
34
663
4299
4375
83
208
507
1272
1649
1787
34
663
4296
4374
83
207
507
1271
1648
1786
34
663
4292
4373
83
208
506
1270
1646
1784
34
662
4287
4370
83
207
505
1268
1644
1782
34
661
4283
4368
83
207
505
1267
1643
1781
34
661
4279
4367
83
207
505
1266
1641
1779
34
660
4275
4364
82
207
504
1264
1640
1778
34
659
4272
4362
82
206
503
1263
1638
1776
34
659
4267
4360
82
206
503
1262
1636
1774
34
658
4263
4357
82
206
503
1261
1635
1772
34
657
4259
4355
82
205
502
1259
1633
1770
34
657
4254
4353
82
206
502
1258
1631
1769
33
656
4250
4350
82
205
501
1257
1629
1767
33
655
4246
4347
82
205
500
1256
1628
1765
33
655
4242
4344
81
205
500
1253
1626
1763
34
654
4237
4342
81
204
499
1252
1624
1761
33
653
4232
4338
81
204
499
1251
1623
1759
33
653
4228
4335
81
204
498
1250
1621
1758
34
652
4224
4333
81
204
497
1248
1619
1755
33
651
4219
4329
81
204
497
1247
1617
1754
33
650
4214
4325
81
204
497
1246
1616
1752
33
650
4210
4323
81
203
496
1244
1614
1750
33
649
4205
4319
81
203
495
1243
1612
1748
33
648
4201
4315
81
203
495
1241
1610
1746
33
647
4196
4312
80
202
494
1240
1608
1744
33
647
4192
4309
81
202
494
1238
1606
1742
33
646
4187
4305
81
202
493
1237
1605
1740
33
645
4182
4301
80
202
492
1235
1603
1739
33
645
4178
4298
81
202
492
1234
1601
1736
33
643
4173
4294
80
201
492
1233
1599
1735
32
643
4168
4290
80
201
490
1231
1598
1732
33
642
4164
4286
80
201
490
1230
1596
1731
33
641
4159
4282
80
201
490
1228
1593
1729
32
640
4154
4278
80
200
489
1227
1592
1726
33
640
4149
4274
80
200
489
1225
1590
1725
33
639
4145
4270
80
200
488
1224
1588
1723
32
638
4140
4266
80
200
488
1223
1586
1720
33
638
4135
4262
79
199
487
1221
1584
1718
32
637
4130
4258
80
199
486
1220
1583
1716
32
636
4125
4254
79
199
486
1218
1581
1714
32
635
4120
4250
79
199
485
1216
1579
1713
32
635
4116
4245
79
199
484
1215
1577
1710
32
634
4111
4241
79
198
484
1214
1575
1708
32
633
4105
4236
79
198
483
1212
1573
1706
32
632
4101
4232
79
198
482
1211
1571
1704
32
632
4096
4228
79
198
482
1209
1569
1703
32
631
4091
4223
79
197
482
1208
1567
1700
32
630
4086
4219
78
197
480
1206
1566
1698
32
629
4081
4215
78
197
480
1205
1564
1696
32
628
4076
4210
78
197
480
1203
1562
1694
32
627
4071
4205
78
196
479
1202
1559
1692
32
627
4066
4201
78
196
479
1201
1558
1690
32
626
4061
4197
78
196
478
1199
1556
1688
32
625
4056
4192
78
196
477
1197
1554
1686
32
625
4052
4187
79
196
478
1197
1553
1685
33
625
4048
4184
82
200
481
1199
1554
1685
36
627
4045
4181
83
200
480
1198
1553
1684
36
627
4041
4176
81
199
479
1195
1550
1681
36
625
4035
4170
82
200
480
1195
1549
1679
37
626
4030
4165
82
199
478
1193
1546
1677
36
624
4024
4159
82
199
478
1191
1544
1675
37
624
4019
4154
82
199
477
1190
1542
1673
37
623
4014
4148
82
199
477
1188
1540
1671
36
622
4008
4143
82
198
476
1187
1539
1669
37
622
4003
4138
82
198
475
1185
1537
1667
37
621
3998
4132
82
198
475
1184
1535
1665
36
620
3992
4126
82
198
474
1182
1532
1663
37
619
3987
4121
81
197
474
1181
1531
1660
37
619
3982
4116
58
141
339
850
1104
1199
27
451
2608
2680
76
14
45
57
15
20
3
28
281
58
32
18
27
3
324
313
130
24
83
110
30
41
7
67
107
145
84
52
80
11
78
106
6
16
40
100
130
143
4
54
171
165
125
23
79
103
28
38
7
59
132
129
74
45
69
10
109
129
3
8
19
48
62
69
3
25
101
97
47
8
30
38
11
14
3
22
70
47
27
1
18
25
3
53
72
1
2
4
10
11
13
2
5
43
44
1
2
5
7
9
9
2
4
1
12
19
3
13
16
5
6
2
10
12
22
13
1
10
12
1
10
1
3
6
14
17
20
2
8
19
16
19
4
13
16
5
6
1
10
22
20
12
1
9
11
1
25
21
1
2
4
9
10
12
2
5
18
16
7
1
5
5
2
2
1
4
12
8
5
2
5
5
7
12
1
1
1
1
2
1
3
1
1
2
2
2
1
7
5
1
1
3
2
4
1
2
2
2
2
1
2
1
4
1
3
3
1
1
1
3
5
6
4
2
1
4
4
3
1
1
2
4
4
5
1
2
3
2
5
2
3
1
1
3
3
2
1
1
3
5
5
3
2
2
4
3
5
1
1
3
2
4
1
1
1
3
3
3
1
5
2
1
1
2
1
1
2
1
1
1
1
2
1
2
4
3
2
3
3
4
2
3
1
1
1
2
2
1
1
2
1
3
1
1
2
2
2
2
3
3
2
2
1
1
1
1
2
1
1
1
3
2
3
1
1
3
2
2
2
3
3
2
2
13
1
1
1
2
1
2
2
1
1
2
1
1
2
2
2
4
3
3
3
3
4
3
2
5
2
1
1
1
1
2
2
1
1
3
1
1
3
1
1
3
2
2
3
3
4
2
2
1
1
1
2
1
1
2
1
2
2
1
1
3
1
2
4
3
3
3
3
4
2
1
6
2
1
1
1
1
1
1
1
1
2
2
3
1
2
3
3
3
3
3
4
2
2
1
1
2
1
1
2
2
2
1
2
1
1
2
2
2
4
3
3
3
3
4
2
1
1
1
1
1
1
2
2
1
1
3
1
1
3
2
2
3
3
3
3
3
4
2
1
2
1
1
2
1
1
2
2
1
1
3
2
3
1
2
4
3
3
3
3
5
3
1
2
1
2
1
2
1
2
2
2
2
3
1
3
2
2
4
3
3
3
4
4
2
1
2
18
1
2
2
2
1
2
2
2
2
3
1
2
3
2
2
4
3
3
3
4
4
2
1
2
1
2
2
2
1
2
2
2
2
3
2
3
2
3
4
3
3
4
4
5
3
1
2
1
2
1
2
1
2
3
1
2
3
1
2
3
2
2
4
3
3
3
4
6
3
1
2
1
2
2
2
2
2
3
2
2
3
1
1
3
2
3
4
3
3
3
4
5
3
1
2
1
2
2
1
2
2
2
2
2
3
1
2
3
3
3
4
3
3
3
4
5
3
1
2
1
2
2
2
2
2
3
2
2
3
1
2
3
2
3
5
4
4
4
5
6
3
1
2
1
2
2
2
2
3
3
2
2
4
1
2
3
2
3
4
3
4
3
4
5
3
1
2
1
2
2
2
2
3
3
2
2
3
1
2
4
2
3
5
4
4
3
5
6
3
1
2
7
1
2
2
2
2
3
3
3
2
4
1
2
3
3
3
5
4
4
4
5
6
3
1
2
2
2
2
2
2
3
3
2
2
4
1
2
3
2
3
5
4
4
3
5
6
3
1
2
1
3
2
2
2
3
3
2
2
3
1
1
4
2
3
5
4
4
3
5
5
3
1
2
7
1
2
2
2
2
3
3
3
1
3
1
2
4
3
3
6
4
5
4
5
6
4
1
2
1
2
2
2
2
3
3
3
2
4
1
2
4
3
3
6
4
5
4
6
6
3
1
2
1
3
2
3
3
3
3
3
2
4
1
2
4
3
3
5
4
4
4
5
6
3
1
2
1
2
2
2
2
3
3
3
2
4
1
2
4
3
3
5
4
5
4
5
6
4
1
2
1
3
2
2
2
3
3
3
2
4
1
3
4
3
3
6
4
5
5
5
6
3
2
3
1
3
2
3
2
3
3
3
2
4
1
3
4
3
4
6
4
5
4
6
6
3
1
2
1
3
3
2
2
3
4
3
2
4
1
2
5
3
3
6
4
5
4
6
6
3
1
2
1
2
2
2
2
3
4
3
2
4
1
3
5
3
4
6
5
5
5
6
7
4
1
3
2
3
3
3
3
4
4
3
2
4
1
3
4
3
4
6
5
5
4
6
7
4
2
2
1
3
3
2
3
4
3
3
2
4
1
3
5
3
4
6
5
5
5
6
7
4
2
2
1
3
3
3
3
3
4
3
2
4
1
3
5
3
4
7
5
5
5
7
8
4
2
3
2
3
3
3
3
4
4
3
2
5
1
3
5
4
4
7
5
6
4
7
7
4
2
3
1
3
3
3
3
4
4
3
2
4
1
3
4
3
4
6
5
5
4
6
7
4
1
2
1
3
3
3
3
4
4
3
2
5
1
3
5
3
4
7
5
6
5
6
8
4
2
2
1
3
3
2
3
4
4
3
2
5
1
3
5
4
