2
6
20
27
11
12
20
575
4
4
19
28
9
9
17
41
64
2253
1218
1
17
27
3
1
13
67
131
20
382
12
23
11
7
20
14
306
3
16
13
2741
1209
8
3
54
123
1107
776
8
10
21
2
6
18
31
1
35
12
3
3
9
19
29
5
11
39
2
14
1
16
39
1815
938
7
1
3
8
18
26
4
10
37
12
1
16
33
83
143
1223
1350
2
1
5
14
20
6
31
10
14
30
35
90
1
1
4
10
18
2
29
9
13
29
1
5
14
26
6
10
24
1579
865
1
14
25
3
6
19
53
69
2374
1695
14
26
13
59
102
267
17
23
12
7
27
3
31
6
2
30
770
14
5
2
22
5
38
14
8
42
41
57
2370
1377
9
2
20
32
11
6
37
80
140
79
600
5
16
27
9
4
34
7
1
18
28
13
9
31
10
22
7
3
22
2355
1283
2
10
22
10
6
33
73
123
1102
1053
8
4
4
16
27
15
1
11
50
9
47
6
2
2
13
23
12
9
48
4
1
3
12
22
11
10
44
1838
372
2
2
12
22
9
10
47
52
107
1589
816
1
11
21
7
8
48
41
89
5
2
1
16
25
11
10
46
3
1
13
22
11
9
42
1189
80
5
2
4
14
23
13
10
43
39
73
2168
1054
5
2
4
14
23
13
10
38
65
117
6
16
5
3
33
2
14
26
209
8
20
18
43
2153
650
4
11
88
150
135
43
11
16
16
5
15
25
8
5
30
18
10
2
4
2
12
26
5
6
37
1
21
4
17
39
2269
826
13
6
8
22
1
33
17
13
30
64
113
1312
773
10
3
8
20
32
14
11
23
14
52
18
10
1
4
4
17
27
5
8
38
21
5
19
21
15
7
3
3
17
23
4
8
35
20
4
19
17
1943
373
15
7
5
3
18
24
6
9
37
20
5
21
19
84
131
1915
1043
17
9
4
1
9
2
7
20
26
8
12
39
2
23
8
24
16
59
114
10
4
3
3
15
17
6
30
17
4
19
12
6
11
4
9
15
1
15
6
1063
238
9
3
11
12
34
58
2337
1509
1
4
55
109
437
3
14
1
1
12
21
6
3
157
7
1
3
14
25
11
10
15
28
2319
1122
1
12
23
5
5
65
127
480
588
6
17
11
1
16
27
11
31
41
2
2249
868
19
3
39
4
48
7
2
57
98
1468
1073
18
39
1
46
4
25
51
16
1
41
1
49
4
17
3
39
48
6
2
1417
439
20
7
8
40
2
1
47
13
10
71
110
1601
1135
33
21
11
4
12
5
13
24
51
12
3
18
57
28
13
26
5
62
117
33
21
1
10
4
12
4
11
23
51
11
17
56
29
13
27
7
38
24
1
11
2
11
1
9
21
56
15
14
61
31
13
25
7
687
36
20
5
4
1
10
55
13
5
60
26
6
17
4
35
49
2284
1024
30
13
1
50
11
55
18
9
56
107
119
20
3
42
5
49
8
10
34
42
9
1
26
34
5
9
2144
934
7
32
38
86
143
321
475
5
30
36
14
49
2
26
34
17
3
39
1
45
6
1485
577
13
34
39
2
66
104
1096
860
19
5
4
40
2
46
8
4
47
70
20
7
2
9
42
4
47
10
8
15
1
8
38
3
45
5
6
1282
16
2
2
10
39
5
47
7
7
72
106
1973
670
17
4
7
41
6
48
8
7
2
72
128
16
5
4
38
2
45
8
4
2
17
5
2
35
40
9
3
443
14
3
31
35
7
25
26
2159
925
25
14
9
43
1
46
17
8
77
118
23
194
30
20
6
3
4
13
49
7
2
52
21
13
2
19
10
4
40
44
10
4
13
3
1
35
41
4
9
9
2200
872
14
4
5
36
2
43
7
4
81
146
793
677
15
5
1
8
39
4
46
9
7
22
60
10
1
8
34
41
7
6
7
1
9
29
37
3
5
2141
643
5
5
29
37
2
63
106
1890
1084
3
28
35
42
74
8
3
33
39
1
2
7
30
35
1
1411
285
7
29
34
1
1
42
83
2153
1318
18
10
2
3
7
12
40
6
45
13
12
66
129
186
7
1
29
37
3
2
2
23
31
197
21
28
28
44
2190
1414
18
26
75
136
220
650
1
20
29
3
12
3
7
30
1
38
12
11
21
11
2
6
5
13
37
5
7
45
21
5
19
2321
917
27
18
7
2
8
6
15
41
7
9
47
27
11
23
72
123
1209
847
27
21
8
1
6
1
11
41
6
6
45
29
11
22
28
58
27
24
10
6
9
40
4
4
41
30
12
23
25
23
10
4
5
38
2
38
28
11
21
1528
659
27
26
14
9
9
40
4
2
38
31
14
24
59
103
1439
1197
24
23
13
10
12
37
5
3
39
29
14
24
50
89
21
18
12
12
5
14
37
7
1
5
42
24
11
24
19
14
10
14
11
19
38
10
3
9
44
22
9
26
749
1
10
3
8
8
16
31
4
5
39
12
1
19
46
75
1903
1034
10
2
7
7
14
30
3
2
38
10
18
63
122
9
1
5
4
12
28
34
10
15
9
4
2
9
26
31
12
15
176
10
7
3
9
26
30
15
16
19
33
2307
939
18
16
6
9
6
18
32
2
5
36
23
9
23
75
140
314
385
25
24
14
3
15
4
14
25
40
8
4
13
45
29
15
30
1
16
12
11
3
4
6
16
30
3
36
16
3
18
1
8
22
29
5
8
1763
736
5
17
25
1
5
58
117
843
830
7
16
23
2
6
20
63
3
10
16
3
7
15
21
2
8
1376
449
10
5
1
6
4
20
29
2
9
35
17
4
22
73
100
1831
1283
12
8
3
1
8
4
7
24
30
3
14
36
20
8
25
60
109
4
1
1
1
17
21
7
29
12
18
13
16
2
24
8
14
756
41
15
18
2
26
10
15
40
66
2176
1310
7
8
3
7
5
21
28
1
7
34
18
6
22
78
126
361
6
8
3
7
3
17
28
1
4
34
15
4
20
8
10
5
7
2
16
29
1
5
33
15
3
20
11
10
4
6
1
14
25
3
28
15
1
17
3
2234
1364
13
11
7
11
8
20
13
2
8
16
19
6
22
81
131
532
1050
8
8
5
9
8
18
13
6
19
17
4
20
2
30
13
11
4
7
11
19
31
5
3
5
38
18
3
19
17
10
2
8
17
38
6
1
3
44
17
14
1749
1225
17
7
3
10
38
4
44
14
7
67
124
1018
1316
14
5
4
35
2
41
10
3
22
71
13
6
1
5
31
36
11
6
24
18
7
10
10
17
42
5
2
44
22
4
19
1171
423
31
25
13
15
12
23
52
10
1
8
52
28
10
26
51
83
1806
1334
27
19
8
9
5
17
48
6
3
49
22
5
21
72
108
80
27
17
7
6
3
15
47
6
2
49
22
5
20
26
15
4
2
13
44
6
3
47
21
3
17
246
154
20
8
7
39
5
44
15
11
36
57
1830
1550
18
8
7
39
6
44
15
10
84
133
607
18
8
6
39
6
43
16
10
25
16
5
5
12
45
10
3
48
24
4
18
27
20
10
10
15
47
12
6
50
27
8
22
5
4
1834
928
29
23
13
13
2
15
54
14
6
53
28
8
22
75
132
420
588
24
18
7
7
10
53
9
48
20
1
15
17
43
17
10
1
9
33
3
42
14
11
11
6
7
32
2
39
9
8
1505
515
23
32
84
127
1117
935
22
31
47
93
3
8
29
37
3
6
3
11
30
36
4
7
1053
276
8
3
1
13
34
1
40
7
10
41
73
1901
1212
19
12
3
6
6
19
42
8
6
49
16
1
18
61
113
16
10
3
1
14
40
4
1
45
14
15
11
5
9
34
1
40
10
9
153
15
8
3
14
38
6
44
12
10
22
26
1936
1350
12
5
10
36
3
43
8
4
90
134
638
9
3
5
33
1
39
5
10
7
1
2
30
35
4
12
6
5
33
2
39
9
3
2227
1113
13
8
8
36
3
41
12
8
86
129
1198
1013
10
4
6
32
37
8
7
27
58
9
1
6
29
35
7
8
14
7
7
3
14
34
5
2
43
14
16
1858
759
16
9
4
12
8
19
37
8
3
7
45
17
1
20
68
121
1656
1392
8
3
5
2
13
30
2
37
11
14
52
101
5
1
7
26
33
8
9
19
26
1024
458
6
27
33
3
49
63
2242
1520
10
3
2
34
1
40
4
1
74
112
292
2
27
33
16
26
494
11
21
14
22
2461
1320
1
24
36
75
141
394
842
17
8
1
7
40
11
52
12
7
2
25
19
8
4
39
8
50
11
3
21
10
2
40
6
50
11
2
1887
1433
22
12
2
42
6
50
13
4
87
124
1011
1462
25
15
4
47
10
53
16
8
33
50
24
16
1
3
50
12
55
17
10
1
20
12
47
10
51
14
7
1437
622
15
7
42
8
47
10
3
52
108
1545
1291
15
8
41
8
47
10
3
60
114
20
13
42
9
48
17
9
23
17
2
5
40
8
47
23
1
13
563
144
27
20
3
1
9
40
9
2
49
27
4
16
43
57
1980
1381
23
15
6
37
4
45
22
10
68
119
237
18
9
1
35
1
43
15
3
12
32
39
4
3
26
35
12
7
1970
1031
10
36
3
44
76
124
160
594
19
8
1
45
11
53
9
3
25
15
6
40
8
48
8
1
16
9
40
10
48
11
3
1838
1023
10
4
31
4
40
7
75
114
1270
1192
20
29
24
62
18
27
12
8
46
10
45
11
3
1324
328
18
12
6
42
15
54
15
9
67
106
1831
1164
11
4
35
7
46
6
1
65
121
11
3
37
6
45
4
1
14
7
40
11
50
9
6
536
132
12
6
1
38
8
47
7
4
28
40
2200
1516
11
5
35
4
43
7
3
71
124
616
9
3
30
37
7
3
12
9
8
32
1
38
14
10
9
8
11
28
1
36
15
12
6
3
2152
1145
10
9
13
28
3
35
17
13
75
136
537
757
21
19
7
2
9
3
23
37
5
14
44
29
9
23
6
39
24
20
4
6
5
9
7
25
40
7
16
47
30
9
25
25
17
5
4
6
8
8
24
41
9
15
49
27
7
23
1795
963
21
11
3
3
17
38
6
8
47
20
1
17
7
78
116
1571
1382
18
8
11
38
7
2
48
16
13
11
41
69
15
8
10
37
6
2
48
15
12
15
14
10
1
12
35
6
3
45
17
13
8
1394
497
6
4
7
26
37
12
8
52
94
2015
1446
1
16
27
5
2
54
119
168
9
19
4
14
113
10
34
43
2060
1455
4
2
7
25
34
10
10
78
118
13
656
17
12
4
8
6
15
37
11
4
48
20
19
11
10
6
1
2
10
30
6
42
14
13
8
7
3
8
27
3
39
11
9
2
2280
966
4
5
23
35
6
5
81
130
893
746
9
4
8
26
1
38
10
8
1
28
67
12
9
10
30
4
40
14
12
13
13
4
3
1
11
32
7
42
18
15
1533
566
12
13
5
4
11
30
6
39
20
2
17
69
102
1486
1086
8
10
2
2
6
25
1
32
18
15
41
79
3
6
1
20
27
15
11
2
5
16
22
14
10
1264
59
18
21
2
12
4
12
1
14
31
9
3
36
32
12
26
54
78
2201
971
28
30
11
19
13
20
3
9
21
40
11
5
11
44
41
21
34
2
71
125
24
26
7
16
9
16
6
18
37
9
2
8
42
37
17
30
13
16
17
8
2
9
11
30
4
3
36
27
8
22
18
261
8
10
1
2
6
22
29
21
2
15
14
25
30
2365
932
17
19
1
10
4
10
15
30
6
7
38
30
11
24
19
77
118
533
372
15
17
8
8
14
26
3
4
34
27
9
23
6
10
10
2
9
21
28
21
2
16
4
3
2
4
14
23
12
7
2646
799
10
6
8
23
30
16
8
77
134
1538
850
24
18
1
4
5
6
20
42
6
10
41
27
4
18
17
64
17
9
15
22
5
36
20
11
11
3
9
19
1
33
13
5
1734
544
12
4
11
22
4
36
2
14
7
67
101
1951
1281
6
4
16
30
8
4
51
92
7
23
1
1
15
30
7
3
1355
68
9
4
8
22
2
37
5
14
10
49
64
2639
1244
13
28
5
2
84
134
158
6
5
18
32
4
9
7
19
9
3
2
3
2
17
29
3
10
41
14
21
17
220
25
5
15
9
3
7
8
7
24
33
7
17
46
16
27
5
22
26
21
2376
1304
25
6
15
10
3
8
8
7
24
32
6
17
45
14
27
6
22
12
94
127
583
826
17
9
5
2
3
1
17
26
2
10
40
9
22
1
16
19
11
10
3
1
11
19
5
34
5
18
11
15
4
4
16
30
12
6
14
2100
701
1
14
29
7
1
10
76
120
1313
716
13
26
5
10
37
89
12
27
3
9
4
13
27
3
2
10
1391
175
14
8
2
3
19
26
2
9
39
8
17
15
26
69
91
1819
1070
17
10
1
2
3
21
26
1
11
39
12
20
1
17
33
60
101
14
7
14
22
7
35
7
17
13
29
8
1
7
18
31
1
12
6
20
680
10
23
2
8
30
51
2068
1030
1
14
75
138
26
11
24
15
26
5
19
8
8
5
9
13
26
39
12
2
13
52
14
29
8
24
41
26
6
18
8
7
3
8
12
24
38
11
1
11
50
12
30
7
23
34
1
1784
817
21
1
13
1
2
2
4
16
31
4
4
43
7
24
1
17
28
77
128
332
541
14
8
9
24
36
4
20
13
22
10
27
15
10
2
1
12
27
2
40
6
21
15
30
11
6
2
2
11
23
3
36
2
16
13
32
2078
515
3
3
20
31
6
5
22
67
115
1588
742
4
3
31
36
5
4
26
36
72
6
3
21
1
40
7
6
27
3
19
36
6
2
17
1017
6
21
36
10
2
21
60
83
1791
904
13
6
1
25
2
40
17
7
29
77
123
11
3
20
36
16
4
15
2
11
27
10
11
653
4
17
4
1
21
24
2523
994
12
73
117
358
148
1
10
24
9
9
12
5
21
35
18
5
16
17
1
10
6
6
26
4
41
6
23
11
29
11
4
2242
856
17
10
3
7
28
7
45
7
22
13
33
83
134
848
753
20
14
3
2
2
3
2
13
32
9
3
47
10
24
2
18
38
23
46
20
15
3
6
5
8
6
16
34
9
7
47
9
26
5
22
40
22
17
5
9
9
13
10
21
34
10
12
47
11
27
8
26
34
1953
857
17
11
1
4
5
9
8
18
28
5
8
41
6
22
4
22
30
70
108
1684
1269
8
5
4
4
12
19
3
34
17
16
30
38
85
3
1
7
13
26
13
12
21
6
21
8
5
12
1203
96
1
6
25
8
4
18
42
87
2143
1138
4
1
8
13
30
14
11
29
54
113
4
2
7
13
30
13
11
29
6
3
4
7
11
24
32
16
16
33
441
3
2
4
5
9
20
30
14
15
27
17
14
2399
1205
2
4
25
6
7
20
74
116
229
458
16
12
11
14
17
14
19
1872
583
9
14
79
142
894
590
12
14
25
66
4
2
12
26
15
8
30
16
13
2
2
2
12
23
3
37
27
4
18
40
1801
352
22
2
18
12
8
8
8
7
20
26
7
6
41
4
33
10
24
47
70
99
1909
908
20
4
19
14
9
11
11
9
22
25
7
9
38
6
34
11
26
46
49
93
17
4
17
15
8
12
12
9
22
19
2
8
32
4
34
11
27
43
8
11
12
4
10
10
9
21
2
8
17
29
9
26
43
808
4
1
2
4
4
15
1
1
17
22
2
20
35
66
87
1843
963
2
1
5
14
30
14
11
29
76
135
1
14
28
11
5
20
5
3
17
30
15
9
16
1
22
21
10
12
4
15
8
15
37
15
3
2
49
32
9
26
33
31
26
2388
962
25
22
11
15
6
19
11
17
40
17
5
3
52
34
12
29
40
84
136
634
361
17
14
9
13
6
10
33
10
46
26
6
23
28
8
31
8
5
2
7
1
3
28
5
44
18
17
21
3
1
26
1
41
11
11
15
2092
700
2
27
42
10
7
6
80
139
1239
868
24
38
6
2
7
32
76
20
35
3
3
25
1
43
11
7
12
1489
447
2
5
27
3
46
12
10
12
71
108
1872
1239
3
23
42
10
8
13
60
105
18
36
3
13
29
832
6
5
31
6
47
15
7
49
62
2374
1226
16
14
3
2
6
40
12
54
24
14
2
74
136
288
1
26
41
11
3
7
6
1
4
31
7
47
18
12
53
16
17
6
10
8
13
5
19
39
16
6
56
1
29
9
25
9
15
4
2309
1213
16
18
6
11
9
15
8
21
40
16
9
56
5
30
10
28
7
74
121
598
777
13
16
1
9
6
12
4
18
45
13
6
53
2
27
6
24
2
22
9
9
2
2
5
10
30
7
2
50
22
18
9
8
3
29
5
49
20
13
1562
802
13
12
1
1
1
1
5
35
7
51
23
15
82
130
953
1027
13
12
1
1
1
6
36
6
52
23
15
38
86
10
8
4
33
4
49
18
12
11
7
1
3
7
33
4
49
17
12
1192
494
10
6
2
4
8
32
6
48
16
12
5
48
73
1892
1394
10
7
3
5
10
33
5
48
17
13
6
60
104
25
8
3
3
7
31
2
48
13
10
6
3
1
5
28
1
46
9
7
1
312
5
24
43
6
5
34
45
1897
1134
1
21
39
2
2
69
131
323
13
30
9
26
6
23
11
5
1800
1183
11
30
96
142
402
886
17
38
3
27
56
3
4
1
7
29
6
48
15
12
4
6
6
3
4
9
28
5
46
2
19
15
10
1515
502
3
3
4
24
41
15
11
3
66
114
1234
910
3
3
3
26
43
13
11
4
52
94
5
6
1
6
27
1
43
15
13
3
2
3
22
39
11
10
744
241
16
35
4
3
52
81
1647
1291
13
33
3
2
70
110
113
2
5
8
25
3
43
16
12
15
16
4
7
4
6
3
14
35
10
9
52
9
27
4
20
10
11
10
5
31
6
49
3
21
11
7
31
35
1968
1283
5
25
44
12
2
94
139
58
545
19
39
3
2
23
42
4
2
23
43
1
1
2120
1058
19
39
78
116
963
1055
20
39
27
50
25
4
43
2
2
2
5
6
2
4
4
4
41
13
50
10
9
9
1595
805
6
6
1
4
5
5
29
11
51
10
9
10
69
105
1553
1364
23
2
43
3
1
8
53
92
17
37
5
19
38
1
1082
340
16
35
1
42
64
2326
1576
14
33
2
1
72
130
497
13
33
2
2
13
31
2
2
72
16
10
26
1
1
23
30
2218
1569
7
24
90
138
281
987
11
26
4
11
1
8
2
2
8
23
2
4
39
16
14
7
2
3
8
23
4
4
39
15
14
1949
1306
4
1
2
6
22
4
2
38
12
13
75
132
989
1306
4
2
5
24
5
1
42
12
13
30
68
20
1
41
6
6
7
8
4
7
4
13
31
12
8
52
1
19
18
14
1227
791
7
8
4
8
7
14
30
12
8
51
1
19
19
12
75
