4965
4294
4877
4954
4960
4967
4962
1419
4845
2830
4871
4963
4954
4964
4962
4910
4908
3924
4784
4911
4908
4911
4907
1383
4530
2822
4708
4908
4910
4908
4908
4945
4945
3863
4870
4945
4944
4986
4944
1275
4511
2578
4833
4945
4944
4945
4945
4907
4911
3802
4788
4907
4908
4992
4909
1312
4293
2668
4738
4910
4906
4911
4909
4919
4917
3569
4831
4920
4918
4999
4917
1198
4182
2425
4776
4917
4919
4917
4918
4906
4910
3584
4802
4905
4907
4999
4908
1216
4060
2444
4762
4909
4904
4909
4908
4898
4897
3373
4798
4899
4897
4999
4896
1141
3902
2315
4741
4897
4898
4897
4897
4897
4899
3333
4802
4897
4898
4999
4898
1115
3802
2261
4759
4899
4896
4899
4906
4884
4884
3198
4780
4884
4883
4999
4883
1083
3657
2194
4728
4884
4883
4884
4956
4884
4884
3104
4789
4884
4883
4999
4883
1036
3560
2089
4741
4884
4883
4884
4999
4873
4874
3019
4771
4872
4872
4999
4873
1010
3429
2051
4723
4873
4872
4874
4997
4869
4877
2904
4772
4869
4868
4999
4868
964
3318
1962
4722
4883
4868
4869
4999
4861
4944
2834
4763
4861
4861
4999
4862
941
3218
1910
4715
4960
4860
4862
4999
4855
4999
2730
4756
4855
4854
4999
4854
906
3110
1833
4703
4999
4854
4859
4999
4849
4996
2651
4752
4849
4849
4999
4849
874
3009
1772
4642
4997
4848
4916
4999
4842
4999
2566
4743
4841
4841
4999
4850
841
2901
1721
4479
4999
4841
4998
4999
4836
4999
2486
4739
4836
4836
4999
4924
812
2808
1654
4334
4999
4835
4995
4999
4829
4999
2410
4731
4829
4829
4999
4999
789
2717
1596
4199
4999
4828
4999
4999
4823
4999
2329
4725
4823
4822
4999
4994
757
2624
1538
4057
4999
4822
4999
4999
4817
4999
2256
4719
4816
4816
4999
4999
731
2534
1488
3928
4999
4816
4999
4999
4810
4999
2184
4712
4810
4810
4999
4999
708
2453
1438
3796
4999
4809
4999
4999
4804
4999
2117
4707
4804
4803
4999
4999
685
2378
1385
3674
4999
4803
4999
4999
4797
4999
2045
4700
4797
4797
4996
4999
660
2295
1335
3552
4999
4796
4999
4999
4791
4999
1978
4694
4791
4791
4999
4999
631
2210
1298
3433
4999
4790
4999
4996
4836
4865
997
3089
4840
4834
4889
4924
298
1044
618
1192
4842
4837
4849
4874
4979
4411
2682
820
1558
4982
4978
1948
4453
4756
1297
2101
780
1830
3000
1482
1820
4335
4980
4380
4434
1771
4983
4195
2467
1006
1923
4982
4983
2406
4270
4631
1601
2604
954
2263
4965
1822
2251
4087
4982
4176
4220
2185
4983
4154
2628
644
1258
4984
4982
1567
4258
4509
1042
1701
614
1482
4903
1188
1473
4085
4983
4144
4215
1432
4978
3974
2479
886
1696
4977
4978
2125
4110
4356
1411
2297
842
1995
4993
1609
1988
3909
4977
3966
4061
1935
4967
3881
2573
696
1356
4968
4967
1694
4043
4239
1124
1838
663
1598
4999
1282
1591
3827
4967
3881
3988
1549
4966
3750
2518
756
1460
4966
4965
1830
3942
4103
1213
1982
720
1720
4999
1385
1716
3711
4965
3753
3886
1674
4954
3638
2528
706
1373
4955
4954
1719
3857
3984
1139
1865
673
1618
4999
1300
1615
3606
4954
3647
3793
1575
4951
3533
2536
666
1298
4952
4951
1628
3779
3864
1077
1765
637
1531
4999
1230
1528
3516
4951
3545
3713
1494
4943
3417
2509
681
1327
4943
4942
1663
3688
3747
1100
1804
651
1564
4999
1257
1563
3407
4942
3434
3618
1528
4937
3322
2532
617
1209
4937
4936
1517
3619
3638
1002
1647
591
1427
4999
1145
1427
3325
4936
3344
3544
1397
4930
3215
2507
631
1234
4931
4930
1549
3535
3526
1023
1682
605
1456
4999
1169
1457
3225
4930
3239
3456
1428
4923
3121
2518
586
1153
4924
4923
1448
3464
3422
955
1573
562
1361
4999
1092
1363
3140
4923
3150
3381
1337
4891
3020
2507
577
1136
4897
4898
1429
3386
3315
942
1552
555
1342
4999
1077
1345
3053
4917
3056
3303
1321
2770
2012
1794
399
790
2830
2806
996
2227
2179
659
1090
389
944
2770
760
952
2082
2882
2087
2242
947
113
38
111
67
32
186
22
74
234
144
193
108
211
113
11
352
1
125
15
9
275
102
326
200
215
92
150
103
94
53
178
109
491
96
297
107
350
214
381
60
283
18
60
102
338
207
600
59
332
9
118
391
239
575
8
388
7
140
461
283
683
5
7
393
26
7
140
464
285
749
9
460
165
543
333
787
16
468
15
16
167
554
339
881
517
185
611
374
910
8
543
1
8
194
641
393
989
573
2
205
676
414
1032
606
216
716
438
1090
630
4
1
224
743
455
1143
663
236
783
479
1188
686
2
245
810
496
1243
715
255
844
517
1285
741
265
874
535
1334
765
274
902
553
1377
790
282
931
570
1420
813
290
957
586
1462
836
4
299
984
603
1501
857
73
306
1009
618
1540
879
231
313
1033
633
1577
899
373
320
1057
647
1613
919
505
328
1080
662
1648
938
643
335
1103
675
1682
957
768
341
1124
688
1714
973
895
346
1144
699
1745
990
1014
352
1163
711
1776
1007
1132
358
1182
722
1804
1023
1246
363
1201
734
1832
1038
1355
368
1219
745
1859
1053
1463
374
1236
755
1886
1068
1566
379
1252
765
1911
1081
1666
384
1268
774
1936
1095
1763
388
1284
784
1960
1109
1857
392
1299
792
1982
1120
1948
397
1313
801
2004
1133
2036
401
1327
810
2025
1145
2122
405
1340
818
2046
1156
2205
409
1353
825
2066
1167
2285
412
1367
832
2085
1178
2363
416
1379
840
2103
1188
2438
419
1390
847
2121
1198
2511
423
1401
854
2138
1207
2582
426
1412
860
2155
1217
2650
429
1422
866
2171
1226
2716
432
1432
872
2187
1234
2780
435
1442
878
2201
1242
2842
437
1451
883
2215
1250
2902
440
1460
889
2229
1258
2960
443
1469
894
2242
1265
3017
445
1477
899
2255
1273
3071
448
1485
904
2267
1279
3124
450
1493
908
2279
1286
3174
452
1500
913
2290
1293
3224
455
1508
917
2301
1298
3271
457
1515
921
2312
1304
3317
458
1521
925
2321
1310
3362
460
1527
928
2331
1315
3405
462
1533
932
2340
1320
3446
464
1539
935
2349
1325
3487
466
1545
939
2358
1330
3525
467
1549
941
2366
1335
3563
468
1555
944
2373
1339
3599
470
1560
948
2381
1343
3635
471
1564
950
2387
1348
3668
473
1569
953
2395
1351
3701
474
1573
955
2401
1355
3733
475
1577
957
2407
1359
3763
476
1581
960
2413
1362
3792
478
1585
962
2418
1366
3820
478
1588
964
2424
1368
3847
480
1591
966
2429
1371
3874
481
1595
968
2434
1374
3900
481
1598
970
2438
1377
3924
482
1600
971
2442
1380
3947
483
1603
972
2447
1382
3970
484
1606
974
2451
1385
3992
485
1608
975
2454
1386
4013
485
1610
977
2458
1388
4033
486
1613
978
2461
1390
4053
486
1614
979
2464
1392
4072
487
1616
980
2467
1394
4090
488
1618
981
2470
1395
4107
488
1620
982
2472
1397
4124
489
1621
983
2474
1398
4140
489
1623
984
2476
1400
4155
489
1624
984
2479
1401
4170
489
1625
985
2480
1402
4184
490
1626
986
2482
1403
4197
491
1628
986
2484
1404
4210
491
1628
987
2485
1405
4223
491
1629
987
2486
1406
4234
492
1630
987
2487
1406
4246
492
1631
987
2488
1407
4257
491
1631
988
2489
1408
4267
492
1631
988
2490
1408
4277
492
1632
988
2491
1409
4286
492
1632
989
2491
1409
4295
492
1632
989
2491
1409
4304
492
1633
988
2492
1409
4312
492
1633
989
2491
1410
4319
492
1632
988
2492
1410
4326
492
1632
989
2492
1410
4334
492
1633
988
2491
1410
4340
492
1632
988
2491
1410
4346
492
1632
988
2490
1410
4352
492
1632
988
2490
1410
4357
492
1632
987
2490
1410
4362
492
1631
987
2489
1409
4367
492
1631
987
2489
1409
4372
491
1630
987
2488
1408
4376
491
1630
986
2487
1408
4380
491
1629
986
2486
1407
4383
491
1629
985
2485
1407
4387
491
1628
985
2484
1407
4390
490
1627
985
2483
1406
4393
490
1627
984
2482
1405
4396
490
1626
984
2480
1405
4398
490
1625
983
2479
1404
4399
490
1624
983
2478
1404
4402
489
1623
982
2476
1403
4403
489
1622
981
2475
1402
4404
489
1621
981
2474
1401
4406
488
1620
980
2472
1400
4407
488
1619
979
2470
1399
4407
488
1618
979
2469
1398
4408
487
1617
978
2467
1398
4409
487
1616
977
2465
1397
4409
487
1614
977
2464
1396
4409
486
1613
976
2462
1395
4409
486
1612
975
2460
1394
4408
485
1611
974
2458
1393
4408
485
1610
973
2456
1392
4407
485
1608
973
2454
1391
4407
484
1607
972
2452
1389
4406
484
1606
971
2450
1388
4405
484
1604
970
2448
1388
4403
483
1602
969
2445
1386
4402
483
1602
968
2443
1385
4401
482
1600
967
2441
1384
4399
482
1599
966
2439
1383
4398
482
1597
965
2437
1382
4395
481
1596
964
2435
1380
4394
481
1594
964
2432
1379
4392
480
1593
963
2430
1377
4389
480
1591
962
2428
1376
4387
480
1590
961
2425
1375
4385
479
1588
960
2423
1374
4382
479
1587
959
2421
1373
4380
478
1585
958
2418
1371
4378
477
1583
957
2416
1370
4375
477
1582
956
2413
1368
4371
477
1580
955
2411
1367
4369
476
1578
954
2409
1366
4366
475
1576
953
2405
1364
4363
475
1575
952
2403
1363
4360
475
1573
951
2401
1362
4357
474
1571
950
2398
1360
4353
473
1570
948
2395
1359
4350
473
1569
948
2393
1358
4347
473
1566
947
2390
1356
4343
472
1565
945
2388
1354
4340
472
1563
945
2385
1353
4336
471
1562
944
2382
1352
4333
470
1560
942
2379
1350
4329
470
1558
942
2377
1348
4325
469
1556
940
2374
1347
4322
469
1554
939
2371
1345
4317
468
1553
938
2368
1344
4313
468
1551
937
2366
1342
4310
467
1549
936
2363
1341
4306
467
1547
935
2360
1339
4302
466
1546
934
2358
1338
4297
466
1544
933
2355
1337
4293
465
1542
932
2352
1335
4289
465
1540
931
2350
1333
4285
464
1539
930
2347
1332
4281
463
1537
928
2344
1330
4276
463
1534
927
2341
1328
4272
462
1533
926
2339
1327
4268
462
1531
925
2336
1326
4264
461
1529
924
2333
1324
4259
461
1528
923
2331
1322
4255
460
1526
922
2328
1321
4250
459
1523
921
2324
1319
4246
459
1522
920
2322
1318
4241
459
1520
919
2319
1316
4237
458
1518
917
2316
1315
4232
457
1516
916
2313
1313
4228
457
1515
915
2311
1311
4223
456
1513
914
2308
1310
4218
455
1511
912
2305
1308
4213
455
1509
912
2302
1307
4209
454
1507
911
2299
1305
4204
454
1505
909
2296
1304
4199
454
1503
908
2293
1302
4195
453
1501
907
2291
1300
4190
452
1500
905
2288
1299
4185
452
1498
904
2285
1297
4181
451
1496
904
2282
1295
4176
451
1494
902
2279
1294
4171
450
1492
901
2276
1292
4166
449
1490
900
2273
1291
4163
451
1490
901
2272
1294
4161
453
1492
904
2273
1292
4155
453
1489
902
2269
1290
4149
452
1487
901
2266
1289
4144
452
1486
900
2264
1287
4138
451
1484
898
2260
1285
4133
451
1482
898
2258
1283
4127
450
1480
896
2255
1281
4122
449
1478
895
2252
1280
4116
449
1476
894
2249
1278
4111
449
1474
893
2246
1277
4106
448
1473
892
2243
1275
4084
447
1471
891
2240
911
2593
323
1068
648
1630
354
84
16
29
326
343
36
52
76
22
32
11
27
19
22
47
308
48
29
15
72
138
29
54
84
81
72
108
162
48
78
29
69
57
70
149
103
162
141
74
106
153
37
127
78
193
122
134
28
51
125
124
67
100
148
44
69
26
61
49
60
127
128
137
114
60
52
97
17
59
37
89
73
51
10
19
70
72
26
37
55
16
25
9
22
17
21
44
71
48
38
20
10
47
2
10
7
13
15
5
11
13
1
7
5
10
10
7
21
4
8
7
7
12
17
24
7
11
4
10
8
10
21
9
23
20
10
14
15
5
16
12
24
20
22
4
8
19
19
12
16
23
7
10
4
9
7
8
18
19
21
18
10
8
17
2
10
7
13
12
9
1
3
11
11
6
6
9
3
4
2
4
3
3
6
11
7
6
3
1
1
7
2
1
1
1
3
1
1
2
2
1
1
1
2
3
2
1
3
5
1
2
2
2
4
4
6
2
3
1
3
1
2
2
3
3
5
4
2
3
3
1
1
4
4
5
5
5
1
2
3
4
4
4
5
2
2
1
2
1
1
2
3
3
4
3
3
1
2
3
1
2
1
1
3
3
3
3
3
1
1
2
2
4
3
3
2
1
1
1
1
2
1
1
1
2
2
1
1
1
3
1
2
1
1
3
2
2
1
1
1
1
1
1
2
1
1
1
1
2
2
1
1
1
1
1
3
2
1
1
1
1
2
3
1
1
1
1
2
4
1
1
1
1
4
3
3
2
1
2
1
2
2
3
1
1
1
1
2
1
1
2
3
1
1
2
1
1
3
2
1
2
1
1
1
1
2
3
1
1
1
1
1
3
4
2
1
1
2
4
3
3
2
1
1
1
2
2
3
1
1
1
1
2
2
2
2
3
1
1
1
1
1
3
2
2
2
1
1
1
2
2
4
1
1
1
1
1
1
3
3
1
2
1
1
1
4
2
2
2
1
1
1
2
2
3
1
1
1
1
2
1
1
3
4
1
1
2
1
1
1
4
2
3
3
1
1
1
2
2
3
1
1
1
1
1
1
2
3
3
1
1
2
1
1
1
4
2
3
2
1
1
1
2
3
3
1
1
1
1
1
1
3
4
1
2
2
1
1
4
2
3
2
1
2
2
2
3
3
1
2
1
1
1
2
1
2
3
4
1
1
3
1
1
1
4
3
2
2
1
2
1
2
2
4
1
2
1
1
2
2
3
4
1
1
3
2
1
1
4
3
3
3
1
2
1
3
3
4
1
1
1
1
1
2
2
3
4
1
1
2
1
1
1
5
2
3
3
1
2
2
3
3
4
1
2
1
1
1
2
1
2
4
5
1
1
3
2
1
2
5
3
3
3
2
2
2
3
3
4
2
2
1
1
1
1
2
2
4
5
1
1
3
2
2
2
5
3
3
3
2
2
1
3
3
4
2
2
2
1
2
2
2
3
4
1
1
3
2
1
1
5
3
3
3
2
3
2
3
3
5
2
3
2
1
1
2
2
2
3
5
1
1
3
2
1
2
5
3
3
3
2
3
2
2
3
4
1
3
2
1
1
2
2
2
4
5
1
1
3
2
2
2
5
3
3
3
1
2
2
2
3
4
1
2
1
1
2
2
4
5
1
1
3
2
2
2
5
3
3
3
2
3
2
3
3
4
2
3
1
2
2
2
4
5
1
1
3
2
2
2
6
3
4
3
2
3
3
3
3
4
2
3
2
1
1
2
2
2
4
6
1
2
3
3
2
2
6
3
4
3
2
3
2
3
3
4
2
2
2
1
1
2
3
4
6
2
1
4
3
2
2
6
4
4
3
2
3
2
3
3
4
2
3
2
1
1
2
2
2
5
5
1
1
3
2
2
2
6
3
4
4
2
3
3
3
3
5
2
3
2
1
1
2
2
2
4
6
1
1
4
3
2
2
6
4
3
4
2
3
3
3
4
5
2
3
2
1
2
2
2
5
6
1
1
4
3
2
2
6
4
4
3
3
3
3
3
4
5
3
3
2
1
1
2
2
3
5
6
1
1
3
2
2
2
6
4
4
4
3
3
3
4
4
5
3
3
3
1
1
3
2
2
4
6
1
1
3
3
2
2
6
4
4
4
3
3
3
4
4
5
2
3
2
1
1
2
2
2
5
6
1
1
4
3
2
2
6
4
5
4
2
3
3
4
4
5
2
3
2
1
1
2
2
2
5
6
1
1
4
3
2
2
7
4
5
4
3
3
3
4
5
5
3
3
2
1
1
2
3
2
5
6
2
1
4
3
2
2
7
4
5
4
3
4
3
4
5
5
3
4
3
1
1
2
3
3
5
6
2
1
4
3
2
2
7
4
4
5
3
3
3
4
5
5
3
3
2
1
1
2
2
3
5
7
1
1
4
3
3
2
7
4
5
5
3
4
3
4
5
6
3
4
3
1
1
3
3
2
5
6
1
1
4
3
3
2
7
4
5
5
3
3
4
4
5
6
3
3
3
1
1
3
3
3
5
7
1
1
5
3
3
2
7
4
5
5
3
4
3
4
5
5
3
4
2
1
1
3
3
3
5
7
2
1
5
3
3
2
8
4
5
5
3
4
3
4
5
6
3
4
3
1
1
2
3
2
5
7
2
1
5
3
3
3
7
5
5
5
3
4
4
5
5
6
3
4
3
2
1
3
3
3
6
7
2
1
5
4
3
3
8
5
5
5
3
4
4
5
5
6
3
4
3
2
1
3
3
3
5
7
2
1
5
4
3
3
8
4
5
5
3
4
4
4
5
6
3
4
3
1
1
2
3
3
6
7
2
2
5
4
3
3
8
5
6
5
4
5
4
5
6
6
3
4
3
2
1
3
3
3
6
7
2
2
5
4
3
3
8
5
6
5
4
5
4
5
6
7
3
5
4
2
1
3
3
3
6
7
2
1
5
4
3
3
8
5
5
5
3
4
4
5
5
6
3
4
3
1
1
3
3
3
6
8
2
2
6
4
4
3
8
5
6
5
4
5
4
5
6
6
3
5
3
1
1
3
3
3
6
8
2
1
5
4
3
3
8
5
6
5
4
5
5
5
6
7
4
5
4
2
1
3
3
3
6
8
2
2
5
4
3
3
9
5
6
5
3
5
4
5
6
6
4
5
3
2
1
3
3
3
6
8
2
2
6
4
4
3
8
5
6
5
4
5
4
5
6
6
4
5
3
1
1
3
3
3
6
8
2
2
6
4
3
3
9
5
6
6
4
5
5
5
6
7
4
5
4
2
2
3
3
3
6
8
2
2
6
4
3
3
9
5
6
6
5
5
5
5
7
7
4
6
4
2
1
3
3
3
7
8
2
2
6
4
4
3
9
5
6
6
5
5
5
5
6
7
4
5
4
2
1
3
4
3
7
9
2
2
6
4
4
3
9
5
6
6
4
5
5
6
7
7
4
5
4
2
2
3
4
4
7
8
2
2
6
5
4
3
9
5
7
6
5
5
5
6
7
7
4
5
4
2
1
3
4
3
7
9
2
2
6
5
4
3
9
5
7
6
4
5
5
5
6
7
4
5
4
2
1
3
4
3
7
9
2
2
7
5
4
3
9
6
7
6
5
5
5
6
7
7
4
6
4
2
2
3
4
3
7
9
2
2
7
5
4
3
9
6
7
6
5
6
5
6
7
7
5
6
5
2
2
4
4
3
7
10
2
2
7
5
4
3
10
6
7
7
5
6
5
6
7
7
4
6
5
2
2
3
4
4
7
9
2
2
7
5
4
3
9
6
7
6
5
6
5
6
7
7
5
6
4
2
2
3
4
4
7
9
2
2
7
5
4
4
10
6
7
7
5
6
5
6
7
8
5
6
5
2
2
4
3
3
7
9
2
2
7
5
4
4
10
6
7
7
5
6
6
6
7
8
4
6
4
2
1
3
4
3
7
9
2
2
7
5
4
3
10
6
7
7
5
6
5
6
7
8
4
6
4
2
1
3
4
4
7
9
3
2
7
5
4
4
10
6
7
7
5
6
5
6
7
8
5
6
5
2
2
3
4
4
8
9
2
2
7
5
4
3
10
6
7
7
5
7
6
6
7
8
5
6
4
2
2
4
4
3
8
10
3
2
7
5
5
3
10
6
7
7
5
6
5
6
7
8
4
6
5
2
2
3
4
4
8
10
3
2
8
5
5
3
10
7
7
7
6
7
6
6
8
8
5
7
5
2
2
4
4
4
7
10
3
2
7
5
5
3
11
6
7
7
5
7
6
7
8
8
5
7
5
3
2
4
4
4
8
10
3
3
8
5
5
4
11
7
7
8
5
7
6
7
8
8
5
7
5
2
2
4
4
4
9
10
2
3
8
5
5
4
10
7
8
7
6
7
6
7
8
8
5
7
5
2
1
4
5
4
8
10
2
2
7
5
5
4
10
7
8
7
5
7
6
7
8
8
5
8
5
3
2
4
4
4
8
10
3
2
8
6
5
4
11
7
8
8
5
7
6
7
8
8
5
7
5
3
2
4
4
4
9
11
3
3
8
6
5
4
11
7
8
8
6
7
6
7
8
9
5
7
5
2
2
4
5
4
8
10
3
3
8
6
5
4
11
7
8
8
6
7
6
7
8
9
5
7
5
3
1
4
4
4
8
10
2
3
8
6
5
4
11
7
8
8
6
7
