16
19
18
4
2
2
3
9
5
1
3
3
9
10
1
6
2
1
22
12
16
5
21
7
9
16
11
10
7
10
23
2
27
3
16
16
26
3
14
6
13
1
1
9
13
14
3
1
8
9
8
4
3
18
2
16
16
8
3
6
12
1
9
11
2
5
17
15
8
13
13
14
14
5
11
2
2
4
3
6
11
14
10
6
1
7
14
11
6
5
15
1
13
20
15
12
9
5
32
18
20
7
43
16
9
8
12
14
5
6
10
5
6
2
15
10
4
6
10
12
10
15
16
13
4
11
18
17
7
4
1
37
26
15
6
2
25
22
11
9
8
17
14
11
8
1
19
18
3
9
7
22
19
9
34
18
2
9
12
9
8
4
19
24
25
10
11
23
8
3
4
35
13
1
9
8
11
13
23
31
18
16
24
12
35
15
22
6
7
19
7
15
14
5
11
18
11
15
3
14
11
15
2
3
7
5
11
1
4
12
10
13
8
11
26
12
17
3
6
3
1
18
13
11
3
21
6
9
12
4
28
18
10
10
3
3
32
26
12
14
2
7
22
24
11
10
7
2
19
7
2
11
21
5
5
9
23
15
6
9
20
28
35
23
19
5
14
34
38
28
8
8
17
6
12
30
12
18
5
30
29
16
21
21
3
20
3
15
9
35
34
22
3
11
4
24
28
2
7
18
18
25
9
5
1
10
12
5
14
28
10
3
1
21
21
12
6
20
1
3
7
1
21
9
1
7
11
1
1
3
7
6
5
5
1
13
12
1
14
17
8
10
13
2
19
5
2
11
16
21
8
2
18
16
5
15
14
12
43
29
1
16
10
20
2
27
35
16
21
16
23
12
31
25
3
10
21
3
3
18
1
7
3
19
21
2
3
18
17
3
7
16
14
1
36
22
11
8
15
28
10
10
8
5
57
19
15
2
2
9
10
6
13
3
1
12
19
16
14
8
2
4
3
1
13
3
1
9
17
10
4
7
3
19
11
4
5
1
9
2
7
2
3
14
3
24
1
35
4
25
22
5
25
4
3
20
2
11
50
31
21
1
8
37
19
6
7
13
24
14
16
39
12
10
16
2
15
6
16
21
7
5
24
15
6
5
5
7
11
2
4
6
10
10
60
58
3
3
8
6
11
4
4
6
4
12
9
6
14
1
5
10
8
2
36
11
8
39
11
17
22
14
10
9
50
24
14
91
18
14
27
28
15
19
39
16
2
1
21
18
5
3
19
2
23
14
3
39
24
18
9
12
22
13
9
9
12
7
14
8
14
22
18
6
21
10
6
14
24
9
7
30
14
10
33
48
33
8
1
10
36
21
8
14
8
17
47
41
19
9
9
28
12
12
3
11
27
4
11
7
15
21
1
3
25
4
3
19
2
21
42
37
5
24
2
21
8
48
27
16
8
11
21
28
7
10
9
13
34
12
3
10
28
5
9
14
22
31
3
16
6
17
35
15
4
7
23
40
30
6
16
10
23
38
17
3
15
17
1
32
28
12
12
7
12
30
16
10
9
22
8
12
5
14
29
9
27
18
16
19
9
6
6
18
15
16
10
1
14
16
39
23
8
33
19
15
26
19
11
8
16
24
16
11
9
21
15
11
3
1
14
14
5
22
10
4
28
39
48
21
5
30
27
12
24
33
32
23
14
22
32
19
12
16
18
27
33
47
14
53
24
27
24
37
6
41
48
66
37
11
59
34
4
25
37
47
14
11
26
30
11
17
24
2
5
32
45
50
23
12
40
34
18
41
36
38
24
35
49
51
23
10
29
36
17
41
33
40
18
13
28
25
10
19
20
14
38
56
53
21
15
46
54
16
34
38
48
11
28
38
41
16
16
13
20
23
39
33
35
16
26
36
35
6
13
30
6
26
31
34
12
21
35
28
3
11
11
6
23
27
23
32
32
3
5
12
12
7
21
26
4
37
51
45
19
13
26
29
1
24
36
43
13
33
46
44
21
6
9
11
25
28
37
8
37
52
45
16
3
22
31
23
23
41
12
33
44
32
5
13
27
18
19
41
8
42
52
45
8
47
20
9
15
23
52
12
40
56
42
4
2
23
31
25
31
27
49
16
41
55
38
4
8
33
10
35
25
51
13
42
55
38
3
20
30
13
24
50
11
51
67
51
19
7
23
48
21
29
34
59
26
49
57
51
14
1
35
22
3
32
28
60
16
52
63
48
10
1
23
30
44
32
60
13
64
72
65
29
14
45
31
21
40
43
74
8
24
56
63
57
17
7
36
27
8
32
68
3
20
67
86
66
26
14
27
57
12
40
41
80
18
30
78
89
85
48
10
22
69
55
16
68
51
93
17
31
52
70
43
11
9
6
45
30
37
55
39
47
69
40
10
2
4
38
9
27
55
3
21
60
76
64
34
10
37
44
3
42
36
72
18
52
72
45
3
4
10
37
10
26
31
62
18
56
76
55
15
31
65
39
35
68
13
59
79
56
24
4
15
47
7
43
37
67
19
59
75
53
14
1
31
27
30
34
71
32
54
76
49
12
22
47
27
29
61
27
61
82
50
9
19
38
16
33
40
70
16
74
96
66
32
6
19
44
73
20
62
55
83
37
42
65
38
8
5
37
18
20
53
8
51
72
44
4
18
34
43
28
64
15
47
68
43
10
28
38
37
26
56
22
49
69
45
14
15
28
8
13
31
60
22
60
83
54
20
10
17
45
8
33
38
71
28
55
79
57
28
10
25
47
24
39
64
28
54
78
54
24
8
9
61
4
16
36
60
20
49
70
43
12
13
38
27
25
58
11
62
78
56
30
20
28
39
16
46
45
72
34
64
84
56
24
23
26
60
18
42
42
73
28
52
74
44
6
14
20
45
5
41
38
60
18
45
66
40
10
8
35
11
23
51
5
58
82
49
18
18
12
40
16
30
66
20
60
76
56
17
14
49
49
15
27
34
76
16
68
84
63
22
12
59
72
8
41
38
86
19
56
84
47
18
12
39
64
38
54
32
61
84
56
28
19
10
43
7
35
39
66
27
72
93
71
42
10
23
41
59
41
59
48
84
34
55
79
53
24
9
12
26
13
39
30
61
14
64
86
60
25
16
31
57
9
36
75
24
51
81
44
12
3
62
2
15
25
57
19
56
78
50
16
8
24
50
16
28
65
24
66
86
60
29
15
27
68
35
41
76
35
62
84
59
37
8
20
37
3
34
41
72
25
63
81
62
28
7
53
50
7
32
38
74
28
45
68
43
3
14
33
25
21
53
19
44
66
40
9
26
37
28
53
17
51
73
47
13
3
22
48
6
35
33
59
19
44
68
36
3
36
17
29
52
19
47
69
44
13
5
3
47
1
37
32
56
19
53
69
48
15
9
23
38
12
40
33
63
19
50
68
45
10
16
33
29
28
59
16
48
69
43
11
3
40
28
25
52
23
52
72
47
19
11
3
35
35
38
58
24
58
75
66
34
12
42
35
23
43
39
69
23
47
67
43
7
8
50
1
29
33
54
25
54
76
52
23
5
6
65
3
31
39
60
25
56
75
58
29
9
11
26
48
11
47
45
66
33
48
67
46
14
9
16
31
38
43
59
28
68
84
69
34
4
18
60
51
11
47
49
84
30
68
88
64
35
19
28
61
10
47
45
76
30
56
83
55
32
12
4
63
4
56
35
59
22
55
74
56
22
7
30
65
65
29
68
22
39
65
36
25
17
43
13
63
85
63
30
8
25
44
14
17
32
74
35
67
86
64
37
12
28
48
11
44
39
83
31
45
68
42
14
4
9
33
10
26
54
20
48
66
46
18
1
14
29
20
25
60
17
59
79
55
19
7
45
30
12
38
35
72
23
52
73
40
1
18
49
37
30
64
26
52
73
37
4
1
45
40
33
65
24
53
76
45
7
5
19
37
36
30
66
24
59
81
51
16
11
11
57
25
50
41
71
30
55
75
51
19
7
26
51
19
32
37
69
23
38
59
36
5
6
28
11
22
53
12
52
68
49
22
10
23
28
38
39
66
27
48
66
50
24
5
19
26
35
34
60
20
41
64
37
12
31
26
33
53
17
57
75
50
17
11
31
40
6
39
44
72
24
47
76
39
4
6
8
56
11
54
35
59
25
40
66
36
9
4
8
47
3
47
36
54
26
52
71
48
19
14
27
42
22
23
39
66
31
49
76
45
14
9
14
50
20
29
63
21
49
71
48
15
9
25
49
23
33
65
21
43
59
39
1
46
12
24
22
65
9
52
75
44
13
9
9
46
61
39
64
28
38
65
28
3
43
15
53
33
47
25
46
68
38
6
3
37
34
4
10
32
69
22
49
73
39
9
4
7
45
18
31
61
26
42
67
35
2
7
36
41
28
55
24
47
72
42
11
3
11
46
13
34
37
61
29
54
77
53
31
12
15
55
35
38
41
68
35
37
64
29
49
33
21
49
16
48
71
42
12
14
29
12
24
60
18
63
81
58
27
8
44
38
31
19
36
79
33
38
59
27
13
37
46
22
55
16
51
66
52
23
8
30
34
9
40
35
68
25
51
73
44
12
7
14
34
17
24
36
65
27
34
56
24
24
35
25
48
8
42
65
38
7
4
15
46
32
26
57
16
39
64
33
4
7
21
1
29
28
54
17
42
60
39
9
8
5
21
13
29
54
18
37
57
33
4
3
31
23
26
48
11
47
65
41
16
10
17
45
27
28
64
14
51
73
48
23
15
19
63
9
25
32
67
22
50
71
44
19
15
6
30
13
52
42
64
29
43
59
35
5
4
10
12
58
28
60
16
47
67
47
19
9
20
35
9
13
29
64
22
58
75
55
34
15
31
32
29
19
37
77
26
56
71
47
10
3
33
32
11
34
27
77
14
50
69
45
4
24
38
24
23
69
15
38
60
39
12
5
18
36
21
56
9
64
85
64
33
21
50
30
27
35
42
86
32
45
65
47
18
1
27
32
4
18
22
66
14
38
62
41
11
11
34
2
32
21
59
6
66
83
64
30
15
43
43
6
45
41
89
35
46
66
45
14
1
27
31
13
19
70
15
54
73
57
23
7
77
41
40
31
86
9
34
54
29
4
20
29
25
52
15
32
54
26
2
18
11
1
19
50
12
48
63
55
32
6
55
20
39
25
77
15
40
59
37
13
8
11
25
10
34
28
60
23
32
50
32
3
41
16
3
6
20
59
6
32
48
31
8
2
17
2
23
23
54
8
33
52
26
1
3
26
3
22
23
53
15
34
53
35
12
2
22
12
4
27
21
56
11
47
65
52
28
10
21
35
14
25
28
68
20
45
56
50
21
3
54
25
29
25
72
10
42
56
40
8
1
33
39
3
50
24
66
15
43
61
38
13
12
30
21
24
66
25
41
51
37
12
26
2
8
11
20
68
6
38
54
34
22
25
6
21
17
61
11
41
56
41
15
20
13
2
15
19
64
15
47
63
48
21
1
33
24
11
25
27
69
16
54
72
55
20
46
48
4
26
30
79
25
53
56
57
19
65
12
2
25
28
82
20
46
67
41
10
1
39
9
35
33
61
21
49
70
45
16
2
17
43
35
28
68
23
50
65
55
28
23
39
3
30
24
69
14
59
81
61
28
7
34
35
25
52
37
77
27
55
68
56
27
7
53
7
9
24
33
78
24
49
67
51
25
2
21
43
16
25
26
70
15
40
57
40
2
23
17
29
18
63
11
42
52
52
23
30
25
4
13
30
61
17
52
65
54
19
1
43
34
12
36
29
74
20
45
58
42
7
24
12
9
15
67
9
50
61
55
20
27
30
8
10
16
70
12
70
89
66
29
12
47
62
30
46
32
89
19
64
68
65
37
13
53
49
44
10
33
86
18
48
55
50
23
9
35
11
10
30
70
27
43
52
44
12
53
1
24
75
9
33
43
30
17
10
5
13
19
58
26
45
23
5
34
14
36
2
32
38
34
5
33
1
2
9
60
29
44
28
6
4
17
10
50
46
27
40
34
13
6
12
46
72
28
39
31
7
14
13
12
51
24
35
18
17
48
27
37
31
1
16
3
4
52
30
44
34
4
19
11
5
4
9
49
29
40
30
36
18
53
39
54
37
7
39
22
21
18
60
5
26
42
27
2
7
15
47
23
43
19
5
5
12
41
43
59
42
9
3
32
23
3
28
26
65
14
39
55
39
10
3
24
19
24
59
15
42
62
43
13
5
17
34
21
20
63
13
65
71
72
37
14
90
40
14
26
27
100
17
50
67
54
23
8
10
50
12
41
29
65
17
37
58
31
1
12
17
47
20
52
14
50
63
47
12
9
44
21
11
34
26
74
22
44
62
45
16
10
11
27
3
13
30
60
15
50
59
48
16
13
43
16
13
22
34
74
23
45
61
43
19
11
11
43
3
32
33
63
23
40
56
36
2
5
17
23
7
22
59
14
56
66
53
14
13
47
23
7
15
29
81
18
68
79
68
36
23
53
50
29
21
42
90
32
55
67
57
24
12
34
33
28
36
74
22
33
47
36
11
7
34
13
50
51
64
53
28
9
48
36
3
39
16
74
18
42
54
41
11
1
2
6
35
4
23
61
6
52
66
54
23
6
34
22
23
45
29
72
11
51
56
50
17
41
30
40
27
75
20
42
51
45
18
4
11
1
20
61
9
70
78
78
42
1
12
63
43
17
42
39
93
31
56
57
55
4
66
11
17
22
83
8
47
59
49
15
5
28
8
8
20
66
39
50
48
23
16
2
9
11
25
30
53
57
67
59
24
10
56
50
7
19
27
80
24
69
88
62
31
16
41
39
23
34
36
87
34
55
70
54
27
14
27
31
10
49
36
73
21
51
73
54
32
14
17
47
3
37
40
65
32
57
73
56
17
6
14
37
32
14
52
45
75
34
56
71
53
13
1
9
27
36
25
56
44
74
27
47
71
41
10
4
5
35
2
27
36
58
32
61
78
60
23
13
39
61
3
36
36
78
27
55
74
53
21
13
30
83
18
36
69
28
57
79
62
33
19
47
40
9
44
70
34
61
74
67
43
22
33
13
19
39
43
75
17
44
62
41
13
18
6
41
47
28
58
16
39
50
38
3
13
12
17
24
27
54
15
50
68
55
27
17
19
47
12
59
39
62
31
51
66
54
22
16
28
41
6
24
37
64
30
65
76
73
35
12
21
62
45
27
59
50
84
38
67
84
72
37
12
18
36
60
25
74
47
80
38
42
63
46
17
42
22
27
46
15
56
71
65
22
3
48
43
16
18
31
71
25
47
67
57
19
2
5
14
32
27
55
22
63
81
74
47
1
17
43
61
21
51
40
72
31
73
91
79
49
11
25
37
69
43
68
51
84
49
34
55
41
15
22
2
8
22
44
6
46
63
54
29
4
36
53
5
13
26
61
23
48
68
55
30
4
17
10
30
8
53
41
57
34
39
58
44
10
3
4
33
15
29
48
21
59
75
66
25
5
31
54
32
36
70
35
68
87
73
31
6
57
71
1
52
40
79
23
64
83
75
37
7
50
62
26
18
29
74
34
57
73
65
33
7
10
25
30
18
28
65
42
59
80
66
36
1
11
30
52
2
40
69
36
45
65
51
20
4
11
21
33
5
6
37
57
28
47
70
54
26
14
19
20
39
17
89
38
58
25
55
77
65
36
11
23
39
38
28
62
44
67
35
36
57
41
9
5
11
31
10
14
31
48
18
35
58
40
10
7
9
53
42
35
46
30
38
59
47
23
13
19
30
13
24
36
50
28
44
64
52
17
9
38
47
13
21
31
58
23
48
68
56
12
4
40
68
3
47
32
64
19
43
62
53
22
1
22
45
7
16
27
57
17
35
56
34
6
7
3
36
32
44
28
36
56
44
12
3
28
31
7
50
31
51
20
45
66
56
33
7
15
26
54
31
47
45
57
40
43
65
53
34
11
21
24
35
58
41
3
48
54
39
27
50
40
13
4
18
31
13
16
27
41
21
27
47
38
9
2
12
24
32
25
40
19
47
71
58
31
11
35
59
21
35
29
61
25
41
60
45
5
35
33
14
21
55
23
49
65
58
21
3
27
23
6
37
27
60
30
57
81
66
37
7
17
65
2
48
29
67
35
46
68
57
31
29
40
26
25
55
27
49
74
63
31
2
24
46
13
13
21
56
20
54
74
60
25
8
20
43
11
4
31
64
39
43
63
57
35
3
13
22
31
11
34
54
24
40
58
53
27
2
12
19
34
4
50
31
51
17
46
64
55
21
9
33
44
54
31
60
28
44
65
53
22
6
18
47
8
31
29
56
21
49
71
53
14
7
17
44
25
39
33
60
37
62
86
77
41
12
44
77
14
49
41
73
35
57
74
73
30
1
52
41
7
41
32
74
23
59
64
65
24
12
47
1
25
34
42
75
39
39
65
48
27
3
12
41
14
49
36
44
25
47
67
56
29
6
15
33
43
30
47
39
65
31
59
75
70
46
26
33
42
59
82
54
9
61
72
44
33
54
45
18
8
8
16
38
74
36
46
19
23
39
30
1
17
8
16
22
42
15
38
61
43
14
15
20
50
19
15
38
54
28
33
52
42
7
23
31
13
26
50
15
49
69
58
22
3
30
33
8
6
30
61
31
46
80
56
27
3
53
42
30
54
35
43
72
52
19
14
40
30
24
56
29
61
82
66
19
7
58
59
36
29
35
76
41
48
72
59
28
6
28
53
24
27
36
58
36
41
60
51
20
1
25
22
6
43
29
56
25
46
68
56
21
13
8
40
34
9
36
62
30
38
61
45
16
3
12
26
41
26
10
36
51
28
31
52
32
15
39
10
73
23
46
23
29
51
34
1
4
26
33
2
44
26
44
24
41
60
47
16
15
15
32
22
56
36
56
36
39
59
45
9
13
41
1
12
22
51
24
45
66
57
18
33
64
8
17
23
55
29
59
77
79
42
7
42
54
39
30
73
31
55
63
72
37
8
43
18
28
33
71
30
39
56
54
24
13
32
47
40
40
43
37
46
62
62
24
5
14
40
51
26
41
41
62
22
53
65
70
43
9
29
38
36
22
37
1
49
66
45
12
31
28
5
8
1
15
24
23
12
20
38
32
6
13
12
26
35
33
35
18
24
45
40
21
2
17
20
33
11
38
40
37
24
13
31
28
6
6
11
12
22
28
32
9
30
51
42
14
4
22
14
26
25
39
39
45
24
19
38
32
8
8
21
2
13
25
32
15
30
45
47
23
10
17
39
1
34
32
44
28
39
56
60
29
10
22
40
46
27
63
48
52
40
31
42
51
24
4
20
19
19
16
29
45
44
29
17
33
37
5
6
15
18
