16
22
18
6
13
13
28
41
87
39
12
10
21
19
27
17
1
14
4
31
47
90
44
13
10
16
13
15
11
9
26
44
93
46
8
4
12
11
10
8
6
18
42
97
34
18
16
22
20
21
18
16
1
28
53
110
30
24
22
23
21
18
12
2
14
5
37
56
93
27
10
7
16
17
14
10
10
3
28
49
78
17
8
6
16
18
14
11
11
28
48
97
16
21
18
25
1
25
27
20
3
18
7
39
61
101
18
22
14
26
3
24
30
29
5
20
6
34
66
105
16
21
11
14
9
10
7
3
24
55
98
8
12
3
10
7
27
6
1
23
56
92
7
13
10
20
18
25
13
12
31
2
67
59
16
16
2
28
7
27
31
18
8
18
6
29
6
65
59
23
17
3
30
9
30
27
19
8
22
4
40
8
62
64
4
11
2
17
16
12
7
8
19
50
37
1
16
13
19
5
4
19
53
35
14
10
25
1
20
30
16
1
15
29
2
64
52
14
11
1
25
2
19
18
11
1
14
25
1
59
46
6
6
2
16
10
4
1
2
12
47
18
12
5
2
17
12
18
5
5
16
48
14
3
8
9
22
15
25
6
8
21
59
26
13
10
11
25
2
18
17
10
2
11
26
61
27
8
7
2
22
16
31
16
11
28
63
42
2
10
2
8
6
49
21
9
7
19
11
19
9
8
20
59
19
3
14
15
27
3
20
23
12
9
14
5
34
1
66
40
4
12
5
13
4
1
8
49
28
16
9
1
6
9
47
21
7
4
17
12
15
5
7
28
54
25
11
5
6
21
14
30
14
1
11
25
65
39
12
18
12
20
12
12
3
7
24
56
37
18
2
16
11
18
8
7
23
56
31
23
20
15
28
11
11
27
63
34
16
11
11
27
19
19
11
1
14
26
57
34
5
10
9
24
15
28
14
11
24
62
36
9
1
1
15
6
13
2
4
16
48
39
12
4
3
15
3
5
1
9
44
30
8
7
20
20
29
13
18
16
14
18
58
19
18
18
20
29
14
24
12
14
24
56
22
2
13
6
1
18
6
20
6
6
22
52
32
10
13
12
8
20
6
15
7
7
15
48
20
17
16
7
11
23
9
26
10
10
25
57
32
26
13
12
10
22
7
21
12
9
21
55
34
27
8
6
5
16
16
1
9
44
21
25
6
8
6
17
2
16
4
2
9
51
23
11
7
15
9
16
3
9
43
18
1
21
14
23
6
24
7
4
19
57
30
4
10
11
11
4
45
18
2
4
6
3
4
40
13
1
13
4
13
20
7
47
18
10
18
9
18
1
15
2
1
7
49
28
6
6
2
16
4
22
3
2
15
58
26
4
2
7
9
8
41
15
8
11
5
18
7
15
4
6
19
56
26
14
17
9
23
11
22
6
8
23
56
31
14
16
9
21
9
9
1
7
17
54
44
1
6
4
18
7
7
4
15
56
34
17
9
27
1
4
16
56
9
10
7
26
1
19
21
9
8
14
25
1
62
26
6
7
25
1
18
22
7
7
12
5
24
63
40
18
15
23
5
5
10
23
59
37
19
15
14
4
2
10
22
58
40
1
1
27
4
22
23
14
14
18
8
24
67
52
5
4
2
28
7
25
23
13
16
20
11
37
69
52
18
14
13
2
7
10
8
20
57
49
6
17
12
11
5
10
9
7
16
55
60
8
4
24
9
25
22
9
20
16
16
40
65
73
4
24
8
24
19
9
18
16
14
30
61
74
19
1
19
10
3
11
11
5
25
54
70
10
10
8
4
2
18
44
70
17
14
7
1
11
10
2
20
50
86
16
15
4
34
14
30
26
10
18
28
25
26
39
5
69
100
17
11
12
10
4
7
18
50
67
19
14
8
9
10
22
50
82
9
9
27
3
19
7
6
15
15
10
22
50
72
6
9
28
4
20
21
5
6
16
14
10
24
57
50
8
25
17
19
4
12
15
5
27
58
38
16
7
6
5
14
43
14
22
12
17
4
1
10
13
54
32
15
13
27
12
7
1
4
9
17
45
30
6
7
27
15
17
9
2
15
25
56
19
24
14
25
9
13
20
55
12
11
27
14
10
1
10
26
48
15
12
14
31
18
15
7
3
13
21
4
54
25
10
10
27
13
21
7
12
23
52
19
21
10
12
4
8
18
47
25
19
5
9
3
9
39
19
11
12
30
16
19
9
15
25
1
56
81
9
7
27
14
16
5
10
16
50
187
4
15
30
280
18
6
14
2
8
35
363
22
10
13
2
1
4
38
385
16
4
28
294
1
4
19
5
1
3
31
130
17
3
16
39
15
15
1
12
13
44
19
9
5
18
16
1
46
13
7
5
37
17
4
1
28
17
3
11
10
39
11
3
15
3
12
9
46
19
7
8
3
1
34
19
7
4
3
33
9
9
13
16
4
10
14
3
43
16
9
15
3
14
7
43
12
4
20
12
49
8
4
3
36
6
5
7
4
36
24
3
19
5
10
1
10
3
46
20
14
11
13
34
9
3
10
14
12
37
3
1
4
1
16
9
33
11
17
11
30
12
29
5
8
13
1
45
18
12
10
28
9
18
4
18
41
19
10
5
24
4
8
9
32
16
3
24
6
14
2
4
11
34
11
2
4
26
4
20
3
13
38
16
18
18
38
15
29
11
16
23
4
48
31
12
11
31
8
13
2
9
17
40
32
7
4
7
29
8
18
1
8
15
1
37
35
7
18
19
37
16
25
10
15
19
3
5
45
30
9
16
16
35
13
23
7
12
17
3
42
12
9
7
9
29
8
22
3
8
10
42
20
10
5
7
24
1
14
1
3
2
33
23
14
9
8
28
9
20
3
10
22
1
36
32
14
16
14
33
13
26
8
2
12
23
2
3
47
37
22
3
8
4
20
7
2
34
34
34
8
11
1
13
3
25
28
39
2
3
17
18
3
3
32
32
40
15
18
27
6
41
46
27
16
17
5
14
1
1
31
40
23
14
5
9
7
5
3
28
41
14
15
13
12
3
1
32
44
5
21
10
9
22
3
12
8
37
51
33
6
3
26
9
25
4
6
7
16
44
60
23
3
1
22
3
14
6
30
56
9
2
4
26
8
12
1
2
8
28
64
10
10
1
33
13
13
1
5
10
11
5
40
70
20
21
3
41
5
20
23
11
11
17
3
19
3
1
10
51
80
2
1
27
8
12
4
13
30
67
10
6
27
6
9
1
3
5
26
63
17
14
37
16
18
3
3
12
18
5
6
44
79
2
1
12
11
35
15
16
12
16
4
37
81
7
14
11
35
16
17
1
12
16
4
4
35
84
23
5
3
27
8
5
3
8
5
31
51
33
25
20
34
13
10
9
12
9
3
2
38
60
29
3
13
6
31
10
28
5
9
14
3
39
70
27
6
14
6
26
4
11
4
4
3
34
59
37
16
15
13
29
10
14
8
18
11
38
68
43
11
5
30
12
37
8
2
13
22
5
44
73
42
6
28
25
41
1
19
22
9
7
20
27
5
4
8
48
78
42
14
20
17
33
11
21
2
2
10
17
5
2
37
67
42
13
2
22
1
18
3
6
5
37
62
46
3
9
10
30
9
23
6
2
11
21
7
44
59
38
4
17
14
32
8
23
5
4
10
12
1
1
43
50
25
7
7
25
1
19
3
2
38
45
25
1
14
7
2
1
20
26
26
8
6
23
17
7
4
34
32
24
12
12
30
7
25
5
3
7
15
3
42
29
34
19
15
32
8
21
4
6
8
19
5
45
27
36
8
4
19
14
4
5
31
20
39
9
3
19
17
3
8
36
16
43
18
11
26
3
15
1
10
7
45
14
42
16
4
17
19
2
3
33
40
7
19
4
35
5
30
10
8
3
6
30
2
24
12
1
14
13
4
2
35
2
25
11
19
40
11
21
11
12
3
33
9
8
4
15
13
10
3
41
17
3
24
3
4
44
6
1
8
19
2
15
4
9
41
1
3
22
14
19
4
39
4
19
1
13
7
3
31
7
14
16
7
23
3
12
1
8
4
43
6
11
20
1
11
2
29
12
28
4
9
6
18
51
6
15
34
2
27
10
32
7
4
16
2
45
13
17
36
23
6
18
9
5
37
10
14
24
10
4
29
10
12
4
15
7
36
13
16
24
10
10
34
13
22
3
6
15
4
41
9
17
27
3
3
29
8
12
1
33
1
17
29
10
6
27
6
2
2
8
6
27
4
18
34
11
12
35
16
30
5
14
26
12
1
46
12
13
50
6
12
33
12
30
3
9
15
4
45
18
18
53
14
9
29
5
16
2
4
6
4
37
24
18
50
2
19
1
22
11
6
31
11
4
45
5
4
18
10
2
6
27
5
2
37
17
7
27
6
30
8
5
12
6
39
4
5
49
1
17
9
26
6
22
3
4
16
5
38
5
58
12
6
20
23
1
8
9
35
1
55
16
5
20
28
4
2
13
12
36
1
53
3
24
13
23
2
19
2
3
14
10
37
4
15
50
16
9
23
1
35
8
4
14
8
41
9
26
53
1
14
8
21
29
5
2
13
13
41
13
17
42
10
2
14
16
1
12
27
9
35
11
4
19
26
1
9
10
39
5
11
33
3
21
12
24
28
7
2
7
10
41
16
15
31
14
4
14
17
9
24
1
12
26
10
3
14
12
11
30
3
3
14
19
9
20
8
3
12
29
16
4
4
11
8
24
4
34
2
1
20
10
2
38
10
14
16
16
26
4
24
1
7
11
1
34
7
2
8
17
12
22
3
6
6
13
25
4
8
10
9
21
1
24
7
11
30
3
11
2
17
5
26
7
21
4
3
12
7
2
35
7
14
16
1
20
1
16
4
5
25
6
3
14
3
8
22
20
5
11
29
7
4
9
5
7
6
26
7
23
5
5
15
14
1
36
15
6
5
7
3
21
15
29
8
25
3
6
12
4
34
32
8
9
1
3
8
8
28
10
25
3
7
9
8
1
32
27
13
9
7
2
21
4
21
5
10
25
4
10
1
18
3
15
5
8
28
5
7
4
7
1
6
25
10
21
3
5
2
6
32
24
1
26
14
17
5
18
15
33
20
35
12
5
15
20
12
1
46
39
5
25
5
8
7
2
22
12
22
4
22
11
37
40
7
10
9
21
1
24
7
11
30
3
11
2
17
5
26
7
21
4
3
12
7
2
35
7
14
16
1
20
1
16
4
5
25
6
3
14
3
8
22
20
5
11
29
7
4
9
5
7
6
26
7
23
5
5
15
14
1
36
15
6
5
7
3
21
15
29
8
25
3
6
12
4
34
32
8
9
1
3
8
8
28
10
25
3
7
9
8
1
32
27
13
9
7
2
21
4
21
5
10
25
4
10
1
18
3
15
5
8
28
5
7
4
7
1
6
25
10
21
3
5
2
6
32
24
1
26
14
17
5
18
15
33
20
35
12
5
15
20
12
1
46
39
5
25
5
8
7
2
22
12
22
4
22
11
37
40
7
4
9
9
7
17
14
4
6
16
9
16
17
11
19
17
16
21
14
22
16
26
9
29
2
6
4
5
8
12
42
1
14
10
12
5
1
12
1
22
10
5
32
8
5
2
4
9
8
17
11
7
6
2
10
2
12
19
21
15
14
9
25
10
12
11
19
41
29
12
10
8
2
1
11
17
8
21
119
40
6
4
7
10
9
16
218
42
7
5
1
7
8
10
12
13
319
37
11
11
5
7
3
16
5
12
8
16
365
41
7
6
5
3
11
2
12
4
11
334
35
4
9
9
7
17
14
4
6
16
9
16
17
11
19
17
16
21
14
22
16
26
9
29
2
6
4
5
8
12
42
1
14
10
12
5
1
12
1
22
10
5
32
8
5
2
4
9
8
17
11
7
6
2
10
2
12
19
21
15
14
9
25
10
12
11
19
41
29
12
10
8
2
1
11
17
8
21
119
40
6
4
7
10
9
16
218
42
7
5
1
7
8
10
12
13
319
37
11
11
5
7
3
16
5
12
8
16
365
41
7
6
5
3
11
2
12
4
11
334
35
7
167
15
25
2
3
7
8
8
14
12
28
24
5
8
2
14
13
17
11
1
21
39
20
4
8
12
4
15
17
1
8
2
26
30
19
2
5
9
12
15
11
1
25
14
15
4
7
9
12
16
8
6
6
7
2
9
4
16
23
4
11
3
23
11
8
9
2
14
7
17
18
8
4
24
7
2
3
12
2
10
10
10
12
6
2
8
3
5
4
8
7
10
3
1
1
8
9
6
3
9
3
4
6
1
3
10
1
8
5
4
2
6
3
17
6
4
3
8
2
16
2
11
5
4
4
12
1
12
8
9
6
3
9
11
13
14
13
5
10
3
7
12
9
9
5
9
4
9
1
5
2
9
7
18
11
12
6
3
10
9
16
4
18
11
12
7
1
2
9
15
6
11
6
9
3
10
13
5
8
3
8
12
1
17
13
13
10
13
7
1
7
26
18
13
17
1
4
13
17
14
9
14
5
8
9
8
9
11
15
7
6
5
12
12
19
12
20
15
14
12
3
10
12
15
17
20
16
11
18
3
9
2
5
10
11
22
21
12
13
3
16
2
9
19
27
30
13
5
7
12
6
31
25
16
12
8
4
3
10
12
33
3
27
32
28
16
11
1
12
4
19
4
10
16
2
30
48
5
31
23
18
13
12
5
6
16
13
38
4
20
14
8
4
13
10
18
22
23
17
11
2
16
17
32
24
24
18
15
1
2
9
9
14
2
31
20
24
18
16
2
5
1
11
19
41
12
14
8
6
12
9
43
4
16
10
5
8
2
12
9
37
7
24
17
14
13
1
8
14
18
52
4
12
16
8
11
14
1
10
11
44
15
14
6
7
3
10
13
10
47
11
17
10
10
19
4
12
16
57
10
19
13
11
10
5
7
8
9
19
57
12
22
15
10
11
2
7
17
8
8
18
62
9
13
7
6
5
8
10
46
8
4
1
5
10
4
45
16
9
9
9
7
8
10
58
20
14
11
18
5
6
7
8
13
62
12
7
4
2
8
10
66
4
3
5
43
9
13
9
2
10
6
8
8
10
35
10
23
16
11
12
8
17
6
21
8
1
18
8
24
1
56
3
5
4
2
3
36
2
7
35
10
2
3
11
2
4
11
10
11
45
6
7
1
11
1
4
5
5
3
27
7
2
6
8
3
7
9
2
34
2
3
11
24
5
6
3
7
8
1
5
12
5
18
18
16
11
4
1
15
7
24
3
14
8
15
23
21
3
3
2
6
3
7
17
2
5
7
21
1
6
6
21
6
1
11
4
2
4
4
2
15
1
11
9
13
1
5
1
10
5
5
1
6
4
7
2
1
3
1
11
1
7
3
1
1
3
4
13
1
1
3
1
1
7
3
1
8
3
6
1
5
2
10
9
2
3
13
7
13
1
2
3
18
10
14
1
1
8
3
3
5
3
5
5
16
4
18
2
8
7
18
10
5
18
22
29
2
18
23
9
5
13
16
20
9
2
14
6
4
3
7
10
16
7
1
8
4
4
10
10
3
8
2
17
3
29
4
6
12
11
4
1
11
2
7
35
6
7
6
21
3
21
5
11
13
26
1
4
5
28
2
18
17
12
7
9
19
4
9
11
5
4
1
4
14
8
2
1
3
5
2
2
17
12
3
4
22
3
1
13
13
23
14
4
7
15
1
4
15
6
1
11
4
10
1
1
8
1
7
9
18
8
3
4
13
2
2
3
5
18
8
4
7
3
15
11
4
14
4
4
9
4
10
4
3
8
6
8
18
6
10
7
5
10
6
2
10
15
3
4
10
12
2
22
3
13
10
5
16
9
10
25
4
7
14
11
5
5
15
8
4
12
4
16
4
1
14
5
7
2
7
4
4
8
1
6
7
7
5
1
16
8
16
8
3
18
5
13
8
2
20
7
7
26
7
10
27
7
2
12
7
3
10
4
3
11
4
4
1
2
1
2
1
10
4
2
20
12
2
1
1
1
9
6
11
3
1
21
1
9
18
2
36
4
14
4
4
9
4
10
4
3
8
6
8
18
6
10
7
5
10
6
2
10
15
3
4
10
12
2
22
3
13
10
5
16
9
10
25
4
7
14
11
5
5
15
8
4
12
4
16
4
1
14
5
7
2
7
4
4
8
1
6
7
7
5
1
16
8
16
8
3
18
5
13
8
2
20
7
7
26
7
10
27
7
2
12
7
3
10
4
3
11
4
4
1
2
1
2
1
10
4
2
20
12
2
1
1
1
9
6
11
3
1
21
1
9
18
2
36
8
7
3
9
18
7
13
46
4
41
6
1
4
5
2
13
3
12
3
62
14
1
3
11
9
17
2
5
16
1
3
3
56
1
2
7
6
12
7
13
51
8
2
10
9
12
10
13
64
5
1
6
4
7
6
2
52
8
4
14
1
10
3
13
5
4
54
4
3
2
17
2
12
12
1
1
37
8
8
5
6
13
12
17
7
2
1
1
2
18
7
1
13
8
1
9
11
2
4
6
19
4
8
2
17
9
16
6
9
10
1
27
17
4
10
4
6
26
20
2
1
18
9
6
8
2
5
4
1
19
10
15
5
4
5
15
3
9
5
13
3
13
6
2
10
18
5
4
2
1
11
9
1
3
3
1
2
12
11
1
3
9
1
5
11
1
1
36
1
23
7
6
2
10
120
27
1
233
23
5
323
30
6
2
3
6
3
5
2
15
4
375
33
3
4
3
11
4
1
327
10
22
167
24
3
5
1
3
33
2
18
9
6
5
4
2
8
9
3
2
9
49
10
17
7
4
12
3
2
1
6
48
2
10
2
3
1
2
43
1
9
1
46
6
15
4
8
3
8
2
11
39
23
9
10
1
4
7
9
14
8
10
2
18
25
16
3
2
6
1
3
2
5
15
14
1
4
2
4
11
7
8
4
15
1
3
1
5
3
9
4
15
16
6
1
1
11
8
10
1
9
8
14
1
2
4
10
16
3
6
6
9
9
14
1
3
2
7
5
1
12
3
6
9
12
5
7
5
12
2
9
20
1
6
9
15
5
2
18
11
5
7
19
9
15
5
2
1
3
2
9
26
24
8
4
15
1
3
1
5
3
9
4
15
16
6
1
1
11
8
10
1
9
8
14
1
2
4
10
16
3
6
6
9
9
14
1
3
2
7
5
1
12
3
6
9
12
5
7
5
12
2
9
20
1
6
9
15
5
2
18
11
5
7
19
9
15
5
2
1
3
2
9
26
24
6
6
24
21
11
1
7
33
23
10
3
3
26
28
2
6
5
5
20
2
8
13
1
12
13
12
1
1
1
