3
20
15
35
19
6
3
1
52
10
10
13
12
13
5
41
8
24
6
12
55
13
13
18
18
1
4
40
1
27
11
14
57
5
10
30
9
17
1
1
5
40
7
25
13
3
17
57
19
23
6
9
17
15
14
44
14
28
10
10
17
54
18
35
5
6
20
21
3
14
16
44
9
29
9
11
20
58
7
20
19
7
17
26
12
1
12
40
10
25
6
6
16
55
16
15
9
8
12
38
12
27
6
9
16
51
24
4
15
7
9
3
16
38
14
26
10
14
18
48
10
22
7
1
10
7
14
1
9
18
36
12
22
7
12
14
47
11
15
1
10
11
6
1
17
29
13
17
2
10
17
43
11
25
6
10
6
7
16
27
16
18
7
11
16
39
6
27
20
2
16
1
5
4
8
24
32
21
22
6
10
21
19
40
10
30
34
7
16
6
5
8
6
28
31
22
21
5
8
25
20
39
22
36
33
1
25
2
4
4
5
7
25
24
20
18
2
11
25
17
36
12
51
30
6
4
2
2
13
6
24
22
19
18
6
15
26
20
31
2
63
36
3
4
2
1
4
4
13
6
30
26
27
20
10
16
33
18
30
13
67
52
12
2
3
5
6
34
22
27
16
11
9
35
21
27
21
62
62
1
4
4
7
29
16
21
12
6
10
30
18
21
16
56
68
4
10
25
4
20
2
3
8
29
11
12
8
64
83
9
1
10
24
1
24
2
8
8
32
11
6
3
66
112
3
8
31
8
29
15
10
9
36
18
11
12
66
112
4
9
35
8
27
13
8
12
37
16
12
18
53
103
1
12
26
3
22
4
4
6
33
13
6
13
44
95
2
13
26
6
24
11
7
8
34
17
6
8
54
96
2
5
30
5
19
8
9
9
33
16
5
10
47
90
2
4
28
4
17
5
5
4
32
16
3
7
36
60
7
21
28
6
2
4
28
12
1
27
33
10
16
19
6
3
7
27
11
31
35
7
21
18
5
7
9
29
9
34
27
19
15
3
25
8
6
23
10
1
12
10
19
10
19
6
10
12
2
18
18
1
4
17
13
2
24
4
28
6
14
8
17
9
4
14
8
4
12
2
5
2
6
7
12
3
20
18
6
6
12
17
19
6
5
14
35
3
1
2
11
73
6
5
16
155
12
7
11
186
14
10
3
11
9
143
13
8
6
16
78
5
18
1
5
14
11
9
5
12
1
12
12
2
1
12
1
25
3
2
32
25
8
36
5
9
18
66
10
5
86
4
1
83
1
4
82
3
5
92
2
11
96
6
2
8
86
5
8
5
60
57
69
57
34
7
19
27
10
15
11
21
2
36
28
14
13
9
27
4
23
1
10
3
2
17
17
5
19
4
26
8
9
28
22
31
42
5
26
45
11
10
40
14
52
8
25
73
22
81
12
75
9
6
17
39
83
7
2
47
88
6
4
4
21
76
8
1
11
5
69
5
1
15
66
1
40
78
1
28
81
19
5
42
72
5
51
72
9
43
76
8
2
55
57
12
7
56
31
17
2
1
9
73
9
11
7
75
11
9
3
67
19
5
21
7
63
11
4
56
15
3
64
4
8
17
15
81
10
5
29
16
69
5
10
20
12
14
63
1
17
7
55
20
4
6
56
9
5
18
14
18
73
12
4
15
25
23
84
10
6
9
3
99
28
15
1
81
50
67
45
6
66
133
67
112
42
67
123
118
28
10
66
92
198
258
63
13
26
8
18
54
68
43
22
25
31
14
34
163
91
99
215
177
5
1
31
14
25
51
84
32
16
4
33
63
32
21
37
186
80
96
153
186
97
18
14
4
4
31
30
14
10
23
8
22
102
62
101
88
149
98
83
20
25
3
4
117
10
108
75
121
127
142
54
12
10
2
3
57
104
31
94
212
122
57
36
21
87
4
6
70
26
1
73
29
19
9
4
37
89
8
86
144
90
236
2
71
7
95
105
56
359
329
12
11
5
53
53
78
77
111
112
61
46
97
59
97
15
46
143
286
48
71
179
222
21
12
36
41
65
72
63
114
44
68
20
43
87
43
44
64
198
26
93
184
171
71
34
22
16
29
34
21
60
13
10
11
49
19
22
70
149
76
148
167
49
10
2
29
26
45
64
77
43
50
37
53
29
1
21
90
117
54
51
74
37
6
19
26
41
66
79
57
57
39
26
31
5
14
71
60
12
59
69
77
20
7
6
18
25
33
46
50
21
33
3
26
33
20
24
2
13
63
51
70
4
15
18
8
23
27
10
24
6
6
4
15
23
20
65
5
5
1
4
14
9
1
1
13
23
9
49
3
15
2
1
11
35
13
7
12
43
1
12
7
5
23
43
6
46
5
9
27
16
33
60
38
3
7
30
18
10
32
52
46
14
7
16
21
78
4
5
59
1
12
5
15
37
1
7
3
11
5
10
6
3
10
5
6
10
11
12
10
10
16
9
11
13
16
17
9
14
18
8
11
13
18
153
11
12
18
20
8
13
8
25
304
3
3
14
1
15
2
19
8
7
10
3
25
295
10
6
18
4
16
19
13
5
12
7
25
235
32
10
20
8
22
2
25
15
10
18
12
28
199
40
10
2
18
7
23
22
9
3
10
7
29
144
45
18
25
10
18
22
12
11
6
30
99
54
25
30
14
1
21
27
18
3
12
13
3
33
83
68
21
25
13
32
28
14
8
14
5
36
56
86
8
21
28
16
30
2
29
14
10
13
9
40
51
94
9
25
24
10
1
28
19
8
5
8
10
43
32
102
6
30
33
9
1
24
13
5
2
11
10
37
119
3
14
17
2
19
14
2
13
3
33
5
125
3
25
18
6
32
22
4
1
18
6
45
107
9
39
39
21
13
9
15
40
14
33
2
13
2
14
21
12
59
5
4
95
12
20
7
25
14
15
40
95
3
27
23
19
5
4
34
1
21
5
2
26
8
47
102
1
33
18
12
2
31
12
20
6
44
124
9
19
16
13
1
13
3
26
136
6
31
15
5
5
13
3
17
114
27
12
1
16
11
101
10
4
18
12
74
4
3
8
50
58
8
1
92
55
201
76
195
20
34
83
101
1
67
4
19
46
22
35
37
89
3
9
91
329
158
170
14
17
17
69
70
32
17
20
22
36
40
79
35
29
43
63
103
252
314
24
46
3
29
49
41
80
6
68
65
23
3
32
128
184
129
117
148
94
2
85
52
18
23
59
61
65
13
42
43
23
36
77
142
114
87
81
97
13
44
3
9
9
26
96
32
68
16
15
15
19
7
12
75
87
26
17
66
21
90
15
4
17
11
3
107
61
34
15
1
18
27
42
152
105
136
99
1
29
57
59
35
21
35
81
93
88
15
3
64
41
22
7
7
50
24
84
15
60
8
22
25
6
3
41
101
12
29
7
23
27
12
20
115
5
13
18
9
113
10
3
19
7
23
3
20
102
1
15
96
3
5
6
3
4
29
10
1
97
7
4
27
9
2
83
1
7
19
2
6
60
16
44
5
1
6
29
11
4
44
4
1
1
3
7
1
26
11
47
3
17
4
40
7
5
7
21
5
38
3
4
7
22
4
52
5
8
13
22
10
54
4
12
12
3
14
8
4
40
1
22
27
4
12
7
1
3
34
18
29
8
13
9
5
20
11
22
3
16
16
1
6
14
10
13
14
20
3
9
16
15
119
15
31
9
278
78
145
1
43
37
8
134
183
16
61
43
36
29
29
117
39
36
8
18
438
352
357
181
32
130
49
78
67
98
60
7
150
46
6
75
48
71
79
157
38
26
280
309
45
82
56
103
65
104
79
67
61
35
142
70
115
9
25
73
123
147
9
130
189
39
35
10
4
24
53
36
109
34
153
44
99
2
1
23
87
125
105
135
163
156
14
98
16
61
91
55
34
10
141
38
116
18
32
46
53
85
41
103
112
13
9
29
52
119
216
80
178
7
63
79
125
23
6
23
183
108
92
66
85
40
3
7
85
161
92
63
1
67
32
21
132
82
43
32
45
18
20
3
12
40
73
29
81
13
17
41
56
27
9
83
34
24
27
23
27
7
29
85
37
59
32
25
26
72
22
17
7
9
19
17
2
1
15
23
18
15
2
17
21
17
30
4
28
7
7
11
12
4
4
5
14
42
15
44
19
21
33
2
36
12
9
6
6
6
19
7
8
13
11
2
5
12
8
26
4
17
5
4
3
10
2
12
6
23
11
12
16
28
4
17
10
5
6
11
4
3
13
12
9
8
13
9
32
6
14
16
20
1
5
9
6
17
3
8
9
9
13
10
16
16
34
14
14
2
18
27
9
13
8
1
8
9
14
11
14
4
15
13
28
11
18
6
16
24
3
8
7
18
2
2
4
9
5
9
10
7
23
9
12
6
25
1
6
4
13
1
3
9
10
11
6
11
7
26
11
15
12
47
3
8
7
1
14
4
7
11
11
7
4
12
5
28
14
4
17
3
10
63
3
10
5
4
16
7
5
12
8
10
4
11
3
23
12
5
19
58
6
5
6
15
6
6
6
5
5
4
14
7
3
15
57
8
15
7
5
3
7
5
1
7
5
11
4
5
12
59
3
3
4
14
6
12
4
4
13
12
10
7
10
10
1
10
10
10
19
2
72
2
1
11
14
7
11
2
10
4
9
1
6
3
4
1
7
11
18
73
1
2
4
14
7
15
6
14
9
12
4
14
7
8
3
16
22
71
1
5
20
8
19
12
3
15
14
16
6
22
9
5
2
21
25
85
2
2
9
19
9
21
8
1
3
18
12
18
7
21
9
7
5
22
25
6
90
2
6
10
20
14
24
8
2
10
26
14
21
12
19
16
11
7
25
29
9
71
10
10
23
13
23
11
4
3
18
11
16
6
16
10
8
1
24
27
54
4
9
32
12
28
16
11
4
21
14
16
9
23
8
9
25
29
1
48
1
10
26
16
29
14
14
2
25
11
25
11
25
6
15
3
26
35
15
40
11
13
16
17
27
12
12
5
32
13
25
11
22
10
21
4
24
41
4
18
12
10
21
16
28
13
13
4
31
11
26
13
21
12
16
2
22
38
5
9
15
15
25
19
16
1
25
6
23
11
23
8
13
21
36
7
14
24
15
27
16
13
13
28
9
28
9
22
15
12
1
23
38
8
3
11
6
17
14
22
7
6
13
31
24
32
13
14
11
15
4
23
38
1
12
4
3
18
14
25
13
10
16
35
27
28
13
21
12
18
1
23
43
8
9
10
20
11
18
12
6
2
21
9
19
6
15
9
7
19
30
13
7
2
18
8
17
8
4
12
25
18
19
5
13
9
7
18
31
20
7
4
10
7
11
7
19
7
10
1
2
2
12
21
25
17
10
1
8
7
7
3
7
11
10
6
18
13
8
7
4
11
8
5
17
10
3
8
18
3
5
3
2
4
15
7
11
9
47
12
77
18
16
100
12
229
17
159
7
22
19
149
21
1
46
3
68
27
95
28
47
21
7
271
101
40
30
27
41
55
88
114
21
53
33
15
75
76
114
54
39
71
78
128
236
56
49
40
55
32
55
55
1
57
49
24
4
45
30
233
111
18
111
190
132
111
57
74
76
79
45
29
69
69
64
62
29
21
32
63
107
190
34
171
185
245
13
139
39
100
53
88
61
38
25
104
75
25
14
39
64
118
189
38
47
76
42
66
129
40
89
19
32
11
3
57
5
17
40
54
112
33
36
41
82
3
135
14
83
21
53
70
65
75
53
42
29
43
48
110
48
20
49
27
9
9
77
120
43
88
45
40
32
61
9
67
22
29
53
55
107
133
118
62
58
28
101
88
18
93
50
36
46
20
20
5
24
30
78
66
71
63
30
69
37
8
4
8
63
60
46
13
35
53
32
14
27
4
37
1
51
9
7
14
42
26
58
17
5
10
37
20
16
6
30
14
68
9
9
22
24
4
6
10
8
1
16
5
81
9
25
8
34
20
7
10
4
15
3
65
12
1
15
3
9
8
7
7
2
44
7
4
19
2
20
14
3
10
7
31
14
4
1
26
2
22
3
21
9
14
5
7
9
18
10
10
1
18
2
13
17
8
7
2
7
2
7
2
3
9
13
18
16
8
8
1
4
3
4
1
2
7
9
10
12
5
11
3
2
3
4
3
4
7
10
1
12
1
15
11
16
9
3
5
2
8
3
3
4
3
3
2
9
7
9
7
1
4
1
9
2
7
3
3
5
7
5
2
5
1
15
6
15
9
12
4
5
10
5
10
11
3
13
9
11
8
12
4
14
9
17
6
9
8
5
6
2
5
7
5
12
12
14
5
3
1
2
2
18
7
17
1
5
4
6
4
1
11
14
13
5
4
21
4
16
2
4
4
5
8
10
11
5
16
11
8
7
7
21
13
8
16
9
15
16
22
10
11
18
7
6
4
6
50
104
17
24
84
293
6
109
115
25
15
17
1
36
144
17
110
46
94
131
56
129
60
64
29
403
280
176
21
114
53
94
62
115
86
120
26
108
19
142
82
128
51
45
72
80
195
38
259
356
48
53
48
97
91
133
159
126
131
72
86
97
113
159
161
20
81
135
188
52
127
127
31
36
34
48
80
127
169
135
133
12
92
111
145
2
27
148
146
99
149
175
111
10
31
25
31
50
113
126
65
100
31
74
75
88
14
16
15
118
128
78
11
81
102
54
3
14
34
38
64
115
144
98
104
18
49
80
123
18
21
16
128
124
77
8
66
59
20
11
9
4
13
29
76
79
60
83
16
41
51
61
8
9
77
67
45
41
45
52
6
10
15
7
30
36
42
63
28
36
20
17
41
24
10
7
58
46
33
22
8
4
11
5
3
4
20
27
45
50
51
41
13
23
43
25
13
5
44
32
21
16
15
4
32
9
16
12
9
17
26
21
34
15
31
20
27
38
28
17
9
32
19
14
3
10
14
8
10
8
12
17
28
19
37
25
31
13
23
27
37
12
7
1
28
13
20
2
7
18
9
15
10
8
17
24
7
17
13
23
14
27
27
27
8
4
15
7
9
19
5
18
5
11
14
22
4
26
11
24
5
23
19
29
15
7
21
1
53
10
6
14
16
6
16
5
3
11
27
9
24
14
4
19
22
10
25
5
118
32
6
1
16
20
8
18
1
5
11
26
5
18
6
6
14
19
11
26
6
140
31
1
13
17
7
19
1
8
4
23
8
19
11
6
15
14
9
24
121
11
7
19
6
22
6
10
2
3
19
5
18
15
3
12
15
8
21
72
16
7
17
8
22
9
14
2
3
2
26
9
21
13
10
15
17
14
4
25
49
22
8
17
11
23
11
16
1
26
6
22
1
13
9
16
12
15
6
26
32
9
3
16
9
24
12
18
2
4
23
4
19
15
5
12
6
10
9
25
41
13
7
24
12
19
9
8
18
4
18
18
3
8
5
9
12
22
43
11
8
22
14
19
8
8
19
4
17
2
14
5
9
7
12
15
21
46
4
11
11
21
15
20
2
20
1
18
10
4
9
5
14
14
23
45
9
11
16
15
17
1
16
12
8
4
9
13
21
30
8
6
19
12
18
7
7
13
13
12
4
7
16
17
42
10
23
13
21
9
10
18
3
17
3
13
6
5
4
11
20
19
54
6
3
10
14
11
16
2
18
12
3
6
1
10
16
22
50
13
4
5
11
8
13
1
9
10
4
3
12
19
38
11
3
3
17
16
21
10
12
25
5
22
7
19
1
5
21
27
52
10
2
10
11
20
17
24
11
15
30
13
24
5
19
8
22
10
24
32
66
23
6
2
7
12
15
18
3
10
21
18
2
10
2
21
8
20
26
59
35
6
6
9
16
17
21
4
9
9
32
10
25
7
18
9
15
7
23
35
63
32
2
8
12
14
14
6
9
19
8
15
3
10
3
9
19
24
54
32
5
9
13
14
9
11
21
10
18
7
13
6
13
2
21
23
60
39
4
1
17
6
13
12
17
2
9
14
30
21
23
3
14
12
16
7
21
31
1
83
44
17
13
10
14
14
6
4
21
3
21
7
9
11
15
2
18
25
72
43
1
16
14
15
16
8
10
9
19
7
23
5
16
9
13
17
25
74
31
11
12
15
12
13
13
24
27
21
7
16
15
17
16
25
92
47
8
4
6
18
15
17
9
13
16
24
19
13
12
13
22
21
3
17
23
9
97
57
2
15
2
15
15
18
17
7
11
21
20
20
20
14
11
23
19
1
16
22
15
100
45
5
6
8
4
16
14
11
14
22
20
25
24
13
15
26
21
15
21
3
94
29
1
9
10
13
13
13
15
21
13
21
20
6
16
24
17
15
14
2
106
23
4
2
9
1
16
12
11
13
25
18
26
25
14
15
28
23
16
14
14
116
19
5
5
8
9
11
15
10
6
12
26
18
21
19
9
9
30
28
14
15
15
109
6
2
11
15
8
10
11
26
15
27
16
11
12
28
21
11
13
12
108
6
4
13
10
13
16
25
7
25
8
10
17
31
22
10
7
4
108
8
13
8
13
16
30
9
26
17
10
9
29
18
10
5
10
104
18
12
9
12
16
6
9
12
33
11
33
14
18
9
28
19
8
3
19
89
30
11
13
5
9
12
34
9
27
12
11
7
34
21
7
5
11
101
9
4
9
12
7
14
17
29
8
23
17
8
15
36
18
8
2
7
111
9
3
10
15
8
17
19
33
4
34
11
19
16
38
31
11
13
102
23
16
2
13
15
6
9
12
37
9
32
9
15
7
39
22
9
21
90
24
5
2
11
13
4
8
10
32
2
28
6
11
5
35
18
7
19
73
19
2
10
11
13
11
30
28
12
11
6
31
16
4
7
69
20
3
5
10
2
12
12
32
28
13
9
10
35
15
5
4
78
35
11
13
3
9
11
34
2
28
7
15
6
37
23
5
19
78
41
15
14
1
9
8
29
3
26
7
16
4
37
21
3
13
66
38
3
13
5
15
14
29
2
31
17
16
9
37
22
6
11
59
35
6
12
2
17
16
29
27
11
11
9
34
19
7
11
60
43
8
13
2
12
11
30
28
15
4
37
13
6
10
57
43
4
10
2
7
9
28
2
26
9
11
2
35
12
4
14
46
27
3
9
10
11
25
25
4
8
4
28
13
2
11
38
19
7
13
10
20
24
9
5
26
5
1
34
28
3
1
5
5
4
21
20
1
5
26
3
36
24
1
6
3
4
23
19
7
27
10
7
35
12
1
8
12
10
21
19
8
4
30
10
3
6
40
1
4
11
8
17
15
2
23
9
5
30
7
5
8
5
20
14
5
7
27
5
6
38
20
3
8
5
2
25
27
12
