2724
2726
2716
2033
2488
2255
2696
2244
2688
2794
115
2222
2672
2669
1533
2871
2657
2136
1888
2645
2640
2913
2527
2522
4209
4874
4479
4865
4943
4910
4929
4845
4918
4855
4607
299
4889
4823
4792
4999
4770
4792
4995
4995
4769
4767
4130
4936
4933
4801
4791
4796
4791
4781
4781
4780
4791
4781
4791
4794
238
4780
4793
4792
4781
4792
4792
4781
4782
4792
4792
4832
4781
4781
4974
4968
4970
4968
4966
4967
4964
4968
4967
4968
4969
215
4965
4969
4969
4964
4969
4969
4965
4966
4969
4968
4999
4966
4967
4968
4908
4909
4907
4908
4908
4907
4907
4908
4907
4909
224
4908
4908
4908
4907
4908
4908
4907
4908
4908
4908
4991
4908
4908
4999
4944
4941
4943
4944
4944
4945
4942
4944
4942
4942
195
4945
4943
4943
4944
4943
4943
4945
4945
4942
4942
4999
4944
4945
4999
4914
4917
4913
4912
4913
4911
4913
4913
4914
4916
205
4911
4915
4915
4911
4915
4915
4911
4912
4915
4915
4999
4912
4913
4999
4915
4912
4914
4916
4915
4917
4914
4916
4914
4913
185
4917
4914
4914
4916
4915
4914
4916
4916
4914
4914
4999
4916
4916
4999
4912
4913
4911
4911
4911
4909
4911
4911
4912
4913
188
4910
4912
4913
4910
4912
4913
4910
4911
4912
4912
4999
4911
4911
4999
4896
4912
4896
4897
4896
4897
4895
4896
4895
4895
176
4897
4896
4896
4896
4896
4896
4896
4897
4896
4896
4999
4897
4897
4999
4900
4985
4900
4900
4900
4899
4899
4900
4900
4900
167
4900
4900
4900
4899
4900
4900
4899
4900
4900
4900
4999
4900
4900
4999
4885
4995
4884
4884
4884
4884
4884
4884
4884
4885
164
4884
4885
4885
4884
4885
4885
4884
4884
4885
4884
4999
4885
4885
4999
4884
4999
4884
4884
4884
4884
4884
4884
4884
4884
152
4884
4884
4884
4884
4884
4884
4884
4884
4884
4884
4999
4884
4885
4999
4875
4999
4874
4874
4874
4874
4874
4874
4874
4875
151
4874
4875
4875
4874
4875
4875
4874
4874
4875
4875
4999
4874
4875
4999
4869
4989
4868
4869
4869
4869
4868
4869
4868
4869
146
4869
4869
4869
4868
4869
4869
4869
4869
4869
4868
4999
4869
4869
4999
4864
4994
4863
4863
4863
4863
4863
4863
4863
4864
134
4863
4864
4864
4862
4864
4864
4862
4863
4863
4863
4999
4863
4863
4999
4855
4999
4855
4855
4855
4855
4855
4855
4855
4855
125
4855
4855
4855
4855
4855
4855
4855
4855
4855
4855
4999
4855
4855
4999
4851
4999
4850
4850
4850
4850
4850
4850
4850
4850
115
4850
4851
4851
4850
4851
4851
4850
4850
4850
4850
4999
4850
4851
4999
4843
4999
4842
4842
4842
4842
4842
4842
4842
4843
102
4842
4843
4843
4842
4843
4843
4842
4842
4843
4842
4999
4843
4843
4999
4837
4999
4837
4837
4837
4837
4836
4837
4837
4837
96
4837
4837
4837
4836
4837
4837
4837
4837
4837
4837
4999
4837
4837
4998
4831
4999
4830
4830
4830
4830
4830
4830
4830
4830
91
4830
4830
4830
4830
4830
4830
4830
4830
4830
4830
4999
4830
4830
4999
4824
4999
4823
4824
4824
4824
4823
4824
4823
4824
84
4824
4824
4824
4823
4824
4824
4823
4824
4824
4823
4999
4824
4824
4999
4818
4999
4817
4817
4817
4817
4817
4817
4817
4818
75
4817
4818
4818
4817
4818
4818
4817
4817
4818
4817
4999
4818
4818
4882
4856
4860
4855
4860
4860
4862
4859
4864
4859
4866
14
4864
4859
4859
4858
4859
4863
4857
4858
4862
4862
4872
4861
4866
4493
4982
4415
4981
2124
4984
4985
4986
4984
4987
4984
4972
4987
4984
4984
4983
4983
4986
4983
4983
4986
4985
4489
4985
4995
4334
4984
4235
4983
2527
4983
4983
4983
4983
4984
4983
4864
4984
4984
4984
4982
4984
4983
4983
4983
4983
4983
4352
4983
4926
4330
4983
4236
4983
1623
4984
4983
4984
4982
4984
4983
4680
4983
4983
4983
4983
4983
4984
4983
4983
4984
4983
4356
4983
4773
4199
4978
4090
4977
2257
4977
4977
4977
4977
4978
4977
4567
4978
4978
4978
4977
4978
4977
4977
4978
4977
4977
4235
4977
4636
4147
4967
4035
4967
1759
4968
4967
4968
4967
4968
4967
4411
4968
4967
4968
4967
4968
4968
4967
4967
4968
4967
4193
4967
4502
4059
4966
3938
4965
1940
4965
4965
4965
4965
4965
4965
4288
4965
4965
4966
4965
4966
4965
4965
4965
4965
4965
4114
4965
4369
3988
4955
3859
4954
1797
4955
4955
4954
4954
4955
4954
4154
4955
4955
4955
4954
4955
4955
4954
4954
4955
4954
4053
4942
4242
3921
4951
3786
4951
1714
4951
4951
4951
4951
4950
4951
4028
4939
4951
4951
4951
4951
4951
4951
4951
4951
4939
3994
4850
4117
3844
4943
3702
4942
1748
4943
4943
4939
4942
4904
4942
3909
4837
4943
4943
4942
4943
4943
4942
4943
4943
4842
3925
4691
3997
3784
4937
3637
4936
1590
4936
4937
4873
4936
4763
4936
3787
4675
4937
4937
4936
4937
4937
4936
4937
4937
4686
3874
4565
3880
3713
4931
3558
4930
1632
4899
4930
4715
4930
4606
4930
3676
4543
4931
4931
4930
4931
4931
4930
4930
4930
4559
3811
4433
3766
3654
4924
3494
4923
1518
4763
4923
4568
4923
4475
4923
3563
4406
4923
4924
4923
4924
4904
4923
4923
4921
4426
3759
4304
3657
3580
4892
3416
4893
1504
4585
4897
4421
4900
4322
4904
3453
4269
4913
4915
4917
4918
4789
4917
4917
4867
4298
3703
4184
3550
2303
2775
2225
2785
1042
2771
2801
2673
2810
2664
2821
2248
2646
2841
2847
2852
2857
2849
2867
2873
2924
2697
2441
2670
2359
9
31
28
21
18
18
10
9
7
4
3
23
108
16
110
114
107
120
121
121
123
124
52
23
92
93
94
9
95
95
95
96
96
22
60
60
60
18
59
59
59
59
59
20
8
8
25
6
6
6
6
7
7
24
8
8
9
9
29
16
16
29
15
16
16
33
8
8
34
8
36
38
1
1
39
41
2
2
43
45
1
47
48
50
52
54
55
56
58
59
61
62
63
63
63
65
65
66
67
68
68
69
70
70
70
71
72
72
72
73
74
74
75
75
75
76
76
76
76
77
77
77
78
78
78
79
79
79
79
80
80
80
80
81
81
81
81
81
81
81
82
82
82
82
82
82
82
82
82
82
82
83
82
83
83
83
83
82
83
83
83
83
83
83
83
82
83
82
82
83
83
83
83
83
83
82
82
82
83
82
82
82
82
82
82
82
82
82
81
82
82
81
81
81
81
81
81
81
81
82
81
81
81
81
80
80
81
80
80
80
80
80
80
81
80
79
80
80
79
79
79
79
79
80
79
79
79
79
79
78
78
78
78
78
78
78
78
78
78
78
78
77
77
77
77
77
77
77
77
77
77
77
77
76
77
76
76
76
76
76
76
75
76
75
75
75
75
75
75
75
75
75
75
75
76
79
79
79
79
79
79
79
79
79
79
79
79
79
56
54
350
57
348
39
251
323
222
325
203
318
76
187
308
313
316
311
253
311
307
261
175
27
141
43
87
73
98
75
70
110
86
123
87
130
93
168
138
97
97
97
100
120
99
101
117
147
93
161
196
6
86
122
95
121
67
135
126
140
126
141
128
153
144
128
127
127
128
136
126
127
132
143
78
147
158
2
33
72
35
71
25
67
71
66
72
65
72
56
64
70
71
72
72
68
70
70
67
62
27
59
54
14
12
5
11
2
12
1
12
11
11
12
12
7
11
10
6
14
6
13
4
9
12
8
15
8
16
10
24
18
9
9
9
10
14
9
9
11
18
13
20
27
14
19
13
18
10
20
19
22
20
22
21
23
23
20
20
21
21
22
20
19
20
21
12
22
24
7
12
3
10
4
10
11
10
12
10
12
8
10
11
11
12
12
11
11
11
9
8
4
8
8
1
1
2
1
3
3
1
2
2
3
3
2
1
1
5
3
1
1
2
3
3
4
4
5
4
5
5
3
3
4
4
4
3
3
2
3
3
4
6
4
5
1
2
2
3
4
5
5
4
6
4
6
5
4
5
6
5
5
4
3
3
3
4
5
1
1
4
4
1
1
2
2
2
4
3
4
2
4
3
3
4
4
3
3
2
1
1
1
1
2
3
1
1
1
2
1
2
1
1
2
1
1
2
3
2
1
1
1
1
3
2
1
1
3
1
3
1
1
2
1
2
3
3
2
1
2
1
1
3
2
1
1
1
2
3
2
3
2
3
2
1
3
3
3
2
1
1
2
2
3
2
1
1
1
3
1
3
1
1
2
1
1
2
2
2
1
1
3
3
1
1
2
2
4
2
4
2
1
3
2
3
3
4
3
3
2
1
1
2
1
2
3
2
1
1
1
1
3
1
3
1
1
3
1
1
2
3
3
2
1
1
1
3
3
2
1
2
2
4
2
3
2
1
3
2
2
3
3
3
2
2
1
1
2
3
3
2
1
1
2
3
2
3
2
1
3
2
2
3
3
3
2
2
1
1
2
3
3
2
1
1
1
3
2
3
2
1
3
2
2
3
3
3
2
2
1
1
1
4
3
2
2
2
2
3
2
3
2
1
3
2
2
3
4
3
2
1
1
1
2
4
3
2
2
2
2
4
2
3
2
1
3
2
2
3
4
3
3
2
1
1
2
4
3
2
2
2
2
4
2
4
2
2
3
3
3
4
4
3
3
2
1
1
2
1
2
4
3
3
1
2
2
4
3
5
3
2
3
3
2
3
4
3
3
2
2
1
2
4
4
3
2
2
2
4
3
4
3
1
4
3
2
4
4
3
3
2
1
2
1
2
4
4
2
2
2
2
5
2
5
3
2
4
3
3
4
5
4
4
2
1
1
2
1
2
4
4
3
2
2
3
5
3
4
3
2
4
3
3
4
4
3
3
2
1
2
2
2
4
4
3
2
2
2
5
3
4
3
1
4
2
2
4
4
3
2
2
1
1
1
2
4
4
3
2
2
2
5
3
5
3
2
4
3
3
4
5
3
4
2
1
1
2
1
2
5
5
3
2
2
2
5
3
4
3
3
4
3
3
4
5
3
4
2
1
1
2
2
2
5
5
3
2
3
2
5
3
5
3
2
5
3
3
4
4
3
3
2
1
1
2
2
2
5
5
3
2
3
2
5
3
5
3
2
5
3
3
5
5
4
4
3
1
2
2
2
5
5
3
2
2
2
5
3
5
3
2
5
3
3
5
5
4
4
3
1
1
2
1
1
5
5
3
3
2
2
5
3
5
3
2
4
3
3
5
5
4
4
2
1
2
2
2
5
5
4
3
3
3
6
3
5
3
2
5
4
3
5
5
5
4
3
1
1
2
2
2
5
5
3
3
3
3
6
3
5
4
2
5
4
4
5
6
4
4
3
1
1
3
2
2
5
6
3
3
3
3
6
3
5
4
2
5
4
4
5
5
4
4
3
1
1
2
2
3
6
6
4
3
2
3
6
4
5
4
3
5
4
4
5
5
4
5
3
1
1
2
2
3
6
6
4
3
3
3
6
4
5
4
3
5
4
4
6
6
4
4
3
2
1
2
3
2
6
6
4
3
3
3
6
3
5
4
2
6
4
4
5
5
5
5
3
2
1
3
2
2
6
6
4
3
3
3
6
4
5
4
3
5
3
4
5
5
4
5
3
1
3
3
3
6
6
4
3
3
3
6
3
6
4
3
5
4
4
6
6
5
5
3
2
1
3
2
3
6
6
5
3
3
3
7
4
6
4
3
5
4
5
6
6
5
5
3
2
1
3
2
3
5
6
4
3
3
3
7
4
6
4
3
5
4
4
5
6
5
5
3
2
1
3
2
2
6
6
5
4
3
3
7
4
6
5
3
6
4
4
6
6
5
5
3
2
1
3
2
2
6
6
1
5
4
3
3
7
4
6
5
3
6
4
5
6
6
5
6
4
2
1
3
3
3
7
7
1
5
4
3
3
7
4
6
4
3
6
4
5
6
6
5
5
4
2
1
3
2
3
7
7
5
4
3
3
7
4
6
5
3
6
5
5
6
6
5
5
4
2
3
3
3
6
7
5
4
3
3
7
4
6
5
3
6
5
5
7
7
5
6
4
2
1
4
3
3
7
7
5
4
3
3
7
4
6
5
3
6
5
5
7
7
5
6
4
2
1
3
2
3
7
7
1
6
4
4
3
7
5
6
5
3
6
5
5
6
7
5
5
4
2
1
3
1
3
7
7
1
5
4
3
3
7
5
7
5
4
7
5
5
7
7
5
6
4
2
2
3
1
3
7
7
6
4
4
4
8
5
7
5
4
7
5
5
7
7
5
6
4
2
1
3
2
3
7
8
1
6
4
4
4
8
5
7
5
4
7
5
5
7
7
5
6
4
2
1
3
2
3
7
8
6
5
4
4
8
5
7
5
4
7
5
5
7
7
5
6
4
2
2
3
3
4
7
8
1
6
4
4
4
8
5
7
5
4
7
6
6
7
8
6
6
4
2
1
4
3
3
7
8
6
4
4
3
8
5
7
5
4
7
5
6
7
7
6
6
5
2
1
3
3
3
8
8
1
6
5
4
4
9
5
7
5
4
7
5
5
7
7
6
6
5
2
1
4
3
4
8
8
1
6
5
4
4
9
5
7
5
4
7
6
6
8
7
6
7
5
3
1
4
3
3
8
8
1
6
5
4
4
9
5
7
6
4
7
6
6
7
7
6
7
5
3
2
4
3
3
8
8
1
6
5
4
4
8
5
7
5
4
7
5
6
7
7
6
7
4
2
1
4
3
3
8
8
7
5
4
3
9
5
7
6
4
8
6
6
7
8
6
7
5
3
2
4
3
3
8
8
1
7
5
5
4
9
5
8
6
5
7
6
6
8
8
6
7
5
3
2
4
4
4
8
9
1
7
5
5
4
9
5
7
6
4
8
6
6
7
8
6
7
5
3
1
4
4
4
8
9
1
7
5
4
4
9
5
7
6
5
7
6
6
7
8
6
7
5
3
1
4
4
3
8
9
1
7
5
5
4
10
6
8
6
5
8
6
7
8
8
7
7
5
3
1
4
4
3
9
9
1
7
5
5
4
10
6
8
6
5
8
6
6
8
8
6
7
5
2
1
3
3
3
9
9
1
7
5
5
4
9
6
8
6
5
8
6
6
8
8
6
7
5
3
1
4
2
3
9
9
1
7
5
5
5
9
6
8
7
5
8
6
7
8
9
7
7
5
3
2
4
2
3
8
9
1
8
5
5
4
9
6
8
7
5
8
7
7
8
8
7
7
5
3
2
4
2
4
9
10
1
7
6
5
4
10
6
8
6
5
8
6
7
8
8
6
8
5
2
1
4
4
4
9
10
1
7
6
5
5
10
6
8
7
5
9
7
7
9
9
7
8
6
3
2
4
4
4
9
9
1
7
6
5
4
10
6
8
7
5
8
7
7
9
9
7
8
5
3
2
5
3
4
9
10
1
1
7
6
5
4
10
6
8
7
5
8
6
7
8
8
7
8
5
3
2
4
5
4
9
10
1
8
6
5
5
10
6
8
7
5
8
6
7
8
8
7
8
5
3
2
5
4
4
9
10
1
7
6
5
5
10
7
8
7
5
9
7
7
9
9
7
8
6
3
2
5
4
4
10
10
1
1
8
6
6
5
10
6
9
7
5
9
7
7
9
9
7
8
6
3
2
5
5
4
9
11
1
1
8
6
6
5
11
7
9
7
6
9
7
7
9
9
7
9
6
3
2
4
5
4
10
10
1
8
6
6
5
11
6
9
7
6
9
7
7
9
9
7
9
6
3
2
5
4
4
10
10
1
8
6
6
5
10
6
9
7
5
9
7
7
9
9
7
9
6
3
2
5
5
4
10
11
1
1
9
6
6
5
10
7
9
7
6
9
7
7
9
9
7
8
6
3
2
4
4
5
10
11
1
9
6
6
5
11
7
9
8
6
9
7
7
9
10
7
8
6
3
2
4
3
4
9
11
1
8
6
6
5
11
7
9
8
6
10
7
7
10
10
7
9
6
3
2
5
4
4
10
11
1
9
7
6
5
11
7
9
8
6
10
7
7
9
9
7
9
6
3
2
5
5
4
11
11
1
1
9
7
6
5
11
7
10
8
6
9
7
8
9
9
7
9
6
4
2
5
6
4
10
11
1
9
6
6
5
12
7
10
8
6
10
7
8
10
10
8
9
6
4
3
5
5
4
10
11
1
1
9
7
6
5
11
7
9
7
6
9
7
8
9
10
7
9
6
3
2
5
5
4
11
11
1
1
9
7
6
5
12
7
10
8
6
10
7
8
9
9
7
9
6
3
2
5
5
5
10
12
1
9
7
6
5
12
7
10
8
6
10
8
8
10
10
8
9
7
4
3
5
5
4
11
12
1
1
9
7
6
5
12
7
10
8
7
10
8
8
10
10
8
9
6
4
2
5
5
5
11
12
1
1
10
7
6
5
12
7
10
9
6
9
8
8
10
10
8
9
6
4
2
5
5
4
11
12
1
2
9
7
6
5
12
7
10
8
7
10
8
8
10
10
8
9
6
4
2
5
5
4
10
12
1
10
7
6
5
12
7
10
9
7
10
8
9
10
10
8
10
7
4
3
5
5
5
11
12
1
2
9
7
6
6
12
7
10
8
6
10
8
8
10
10
8
9
6
4
2
5
5
5
11
12
1
2
10
7
6
6
12
8
10
8
7
10
8
8
10
10
8
10
7
4
2
5
5
5
11
12
1
1
10
7
7
6
13
7
10
9
7
10
8
9
10
11
8
10
7
4
3
5
5
5
11
12
1
1
10
7
7
6
13
8
10
9
7
10
8
9
10
10
8
10
6
4
2
5
5
5
11
13
1
1
10
8
7
6
13
8
10
9
7
10
8
9
10
10
8
9
7
4
2
5
5
4
11
13
1
2
10
8
7
6
13
8
11
9
7
10
8
9
11
11
9
10
7
4
3
6
5
4
11
13
1
2
10
8
7
6
13
8
10
9
7
11
9
9
11
11
8
10
7
4
3
5
6
5
12
13
1
1
10
8
7
6
12
8
10
9
7
10
8
9
10
11
8
10
7
3
2
5
6
5
12
12
1
1
10
8
7
6
13
8
11
9
7
10
8
9
11
11
9
10
7
4
2
5
6
5
11
13
1
2
10
8
7
6
14
8
11
9
7
11
9
9
11
11
9
10
7
4
3
6
6
5
12
13
1
2
10
8
7
6
13
8
11
9
7
11
9
9
10
11
8
10
7
4
2
5
6
5
12
14
1
2
11
8
7
6
14
8
11
9
7
11
9
9
11
11
8
10
7
4
3
6
6
5
12
13
1
2
10
8
7
6
14
8
11
9
7
11
9
9
12
11
9
10
7
5
3
6
6
5
12
13
1
1
11
8
8
6
14
8
11
10
7
11
9
9
11
11
8
10
7
4
2
5
6
5
12
14
1
2
11
8
7
6
14
8
11
10
7
11
9
10
11
11
9
11
7
4
2
6
5
5
12
13
1
2
11
9
7
6
14
8
11
9
8
11
9
10
12
12
9
11
7
4
2
6
6
5
12
14
1
2
11
9
7
7
14
9
11
10
7
11
9
10
12
12
9
10
8
5
2
6
6
5
12
14
1
2
11
8
8
7
14
9
11
10
7
11
9
10
11
12
9
10
8
4
2
6
6
5
12
14
1
1
11
8
8
7
14
9
12
10
7
11
9
10
12
12
9
11
8
5
3
6
6
5
12
14
1
2
11
9
7
7
14
9
12
10
8
12
10
10
12
12
9
12
8
5
3
7
6
5
12
14
1
2
12
9
8
7
15
9
12
10
8
12
9
10
12
12
9
11
7
5
3
6
6
5
13
14
1
2
11
9
8
7
15
9
12
10
8
12
9
10
12
12
9
11
8
5
3
6
7
5
13
15
1
2
11
9
8
7
15
9
12
10
8
12
10
10
12
12
9
11
8
5
3
7
7
5
