3
3
16
17
12
3
6
227
12
4
1
15
13
8
7
223
6
19
12
8
7
210
12
12
9
188
11
14
9
159
4
7
157
5
148
2
111
6
1
99
2
121
5
131
7
3
7
3
8
106
13
3
7
2
2
5
8
7
10
76
3
13
6
13
5
6
8
7
8
66
2
12
1
2
7
17
7
7
9
2
6
77
7
9
7
12
11
38
5
57
11
4
13
5
12
2
21
11
1
39
1
11
3
4
14
1
2
10
1
1
3
1
17
16
9
3
3
3
6
4
6
1
17
9
4
6
6
4
4
2
16
1
9
1
4
4
3
1
12
1
6
1
3
15
4
3
2
8
1
13
2
7
42
7
7
1
16
15
4
6
13
12
9
1
3
7
2
8
35
5
9
5
15
13
7
12
15
10
6
8
4
1
18
5
6
10
1
26
4
4
9
16
14
7
9
7
25
7
4
7
8
6
5
8
6
2
4
4
7
8
1
1
1
21
14
5
1
11
3
37
20
1
5
11
8
3
5
1
30
1
3
10
17
7
2
4
11
3
3
26
2
7
7
25
3
1
4
4
6
4
3
5
18
7
20
20
14
5
5
8
7
3
13
9
4
20
15
24
5
10
42
30
20
8
7
11
10
10
3
19
17
26
35
66
11
19
28
35
18
5
4
10
12
16
10
17
28
2
20
3
34
95
18
16
23
25
23
11
15
16
9
22
17
5
26
37
34
8
9
38
31
14
8
15
19
12
10
9
22
27
12
8
27
22
1
3
13
18
8
15
17
1
10
7
11
12
5
10
9
4
10
7
2
1
2
5
2
2
27
5
8
5
1
14
8
5
17
3
4
14
6
13
1
7
5
23
1
2
13
7
10
2
13
4
11
6
6
5
5
4
2
8
1
2
5
4
2
3
15
2
3
9
1
16
18
6
6
3
4
6
4
4
3
2
3
2
1
1
2
7
10
4
4
6
4
7
9
1
3
7
2
14
1
2
4
1
7
1
1
1
3
4
3
1
9
3
7
2
1
7
5
7
1
5
6
2
1
5
2
7
2
47
1
1
5
2
7
7
12
14
8
36
1
8
5
3
6
5
1
15
9
5
5
3
30
4
15
4
10
14
1
3
7
3
17
6
14
2
43
2
10
5
13
18
4
6
8
7
14
11
14
1
10
2
13
5
4
11
14
7
1
9
11
1
13
6
13
3
11
1
5
9
7
7
3
18
12
6
1
6
8
10
4
10
12
15
5
2
9
10
17
19
9
13
7
27
26
5
4
15
13
18
3
22
14
23
24
31
36
6
8
27
13
17
7
21
17
29
25
3
28
37
6
21
34
2
4
7
15
17
7
21
16
34
19
7
30
29
10
5
31
42
3
10
10
12
11
2
11
7
36
23
21
28
12
1
30
35
1
12
6
10
10
12
9
30
16
17
19
5
36
19
7
8
5
4
21
21
10
13
16
4
5
20
15
3
10
16
1
14
11
4
1
1
3
5
6
1
1
6
6
3
5
10
2
7
12
17
18
2
12
14
3
3
9
9
4
18
23
9
13
17
1
14
3
13
4
9
18
24
4
6
5
16
21
12
8
6
17
3
2
8
4
22
13
10
1
7
10
13
8
9
13
12
1
4
3
19
5
4
6
7
25
2
13
11
3
5
11
7
8
7
15
3
3
2
3
7
4
27
3
1
7
3
5
6
6
4
4
6
9
2
15
7
3
5
13
2
3
7
63
6
2
1
4
17
1
11
4
1
18
3
7
2
3
7
13
7
13
8
1
7
2
8
3
5
4
2
1
15
3
3
16
10
3
3
10
8
5
13
1
4
4
2
1
5
1
5
4
2
9
1
6
4
10
3
12
2
3
9
5
8
5
3
3
9
3
3
2
1
2
11
2
1
5
10
1
3
5
3
8
3
3
1
1
7
1
7
7
1
3
6
6
3
2
1
18
11
8
9
3
2
5
1
9
8
17
7
5
8
15
1
9
5
5
5
9
2
6
1
14
2
10
11
5
5
8
1
5
2
5
6
2
11
5
7
9
7
58
9
18
2
3
4
12
1
3
9
60
11
2
1
6
3
16
1
5
2
2
3
2
3
16
3
1
1
16
2
3
7
9
7
2
8
2
10
1
5
17
6
19
6
4
10
21
21
8
3
5
14
7
16
4
1
12
9
15
10
7
4
10
6
10
5
7
5
7
1
7
6
11
2
1
7
4
5
9
9
6
4
5
1
5
13
4
4
3
4
4
1
10
3
5
1
9
4
4
3
4
8
3
5
1
5
3
8
7
9
6
10
8
6
1
6
1
8
5
7
2
6
6
4
2
1
4
3
6
3
5
11
6
1
1
2
3
10
5
2
2
3
7
21
1
4
3
1
1
1
1
1
8
10
6
2
10
3
2
37
12
3
7
7
25
16
7
15
60
3
8
211
4
1
268
2
283
6
3
2
10
10
360
12
3
3
7
3
1
9
27
376
5
2
2
2
8
28
1
295
6
3
6
18
6
11
1
26
11
19
36
15
3
110
7
2
5
10
28
13
21
15
9
32
26
43
5
10
3
1
3
7
28
8
19
10
22
3
31
1
40
8
9
4
23
7
20
9
14
25
27
8
6
14
11
1
12
12
7
1
10
4
7
9
4
10
2
5
2
9
9
2
1
1
12
29
2
1
6
16
4
59
6
2
18
3
9
1
4
15
4
8
7
15
3
8
1
9
11
7
1
15
21
17
19
3
9
9
13
4
8
1
13
23
50
4
11
13
12
3
1
5
22
24
33
31
10
26
12
25
27
16
23
38
16
20
3
56
18
23
14
13
7
8
9
23
17
32
27
23
26
21
12
36
7
24
22
14
25
21
61
29
24
13
5
12
9
8
17
9
23
13
23
22
22
9
24
24
18
9
9
15
82
22
21
8
1
5
7
6
10
4
12
15
16
4
12
20
3
67
12
10
1
1
9
4
1
3
1
7
2
52
1
4
11
4
3
54
14
7
4
6
59
19
13
3
11
9
73
20
4
1
15
1
6
5
13
9
3
85
4
6
1
2
23
1
9
4
2
19
6
16
5
51
8
7
101
5
3
4
18
10
15
7
1
12
6
9
3
1
8
6
14
92
1
8
1
4
1
8
3
5
2
2
14
5
2
6
83
15
13
4
8
1
10
3
54
1
5
75
2
3
9
11
1
13
1
39
5
2
71
4
16
34
3
84
1
21
1
8
2
2
2
3
90
20
5
2
2
2
4
88
17
3
3
91
14
1
11
2
98
13
2
106
13
4
2
1
94
2
13
3
2
4
103
6
18
9
1
7
125
16
27
18
20
2
11
6
4
1
14
129
1
18
33
18
22
8
1
13
12
4
4
19
131
1
1
17
35
13
23
10
4
7
19
24
6
20
139
1
15
32
13
24
2
4
8
21
39
6
19
148
5
18
1
7
2
9
34
3
9
140
8
1
18
2
152
2
171
171
7
2
177
6
2
1
3
188
4
3
180
6
1
176
3
2
6
2
202
3
2
1
19
7
196
1
2
7
5
73
12
215
8
6
15
4
3
10
12
4
237
2
5
6
6
1
22
3
9
2
7
29
3
8
14
10
7
237
9
4
4
16
12
8
1
3
18
4
1
9
6
6
258
11
2
1
6
10
14
10
12
11
15
1
276
5
3
5
2
4
2
7
9
1
10
21
270
6
9
6
16
9
9
15
7
243
16
10
5
17
11
10
17
6
237
18
2
5
6
15
6
5
14
4
232
9
3
6
4
8
1
3
10
9
5
7
2
233
9
2
4
11
19
11
8
3
6
11
10
223
3
16
32
13
16
7
4
9
11
21
19
213
3
17
36
9
21
6
2
6
13
28
2
22
216
4
23
32
19
23
1
19
1
6
22
231
4
22
28
19
23
9
11
2
7
19
209
2
16
19
8
12
1
1
2
39
13
175
15
14
11
8
8
39
11
152
11
11
6
6
8
20
8
113
7
9
5
7
4
108
8
5
2
4
109
5
6
2
8
76
9
2
4
2
1
62
8
2
4
3
1
73
6
65
7
51
38
8
34
7
11
5
6
1
5
4
6
14
4
6
10
5
11
8
8
5
2
8
3
8
11
3
10
14
2
6
7
9
5
1
1
1
2
4
2
1
1
5
5
1
1
6
4
1
12
3
27
3
2
5
6
5
10
1
4
12
3
9
3
5
7
7
7
6
2
2
10
9
14
3
4
6
8
9
1
6
3
12
7
4
5
5
11
2
3
14
4
7
5
4
1
12
4
4
4
8
5
9
19
8
13
1
3
13
8
7
7
9
16
26
14
22
3
14
18
11
18
12
5
11
23
34
24
29
9
25
19
10
25
19
11
12
27
39
27
33
5
24
24
17
20
5
24
6
11
31
41
34
41
5
2
2
28
26
1
27
8
11
8
28
36
33
38
4
2
1
26
25
16
21
24
3
6
6
27
36
35
39
10
13
27
30
16
60
24
4
23
34
35
36
7
7
1
26
22
19
21
7
2
19
36
34
33
10
8
24
20
12
20
1
6
2
19
44
32
38
11
7
12
25
24
5
29
1
24
4
20
45
28
43
12
5
25
23
14
14
1
26
5
6
19
45
27
38
11
5
18
18
15
27
1
7
20
45
26
37
1
26
22
20
13
26
4
6
14
39
10
29
11
12
14
11
27
5
22
22
3
16
8
16
14
5
10
34
1
25
26
10
23
5
24
9
29
19
1
19
7
23
9
16
8
4
9
26
5
20
28
9
5
10
16
5
16
2
16
17
21
5
17
18
2
6
25
5
6
2
5
25
15
4
14
11
23
12
2
5
19
17
7
4
9
2
6
2
5
10
20
7
8
6
7
14
16
15
8
10
3
4
1
27
10
16
7
10
11
7
1
5
5
29
6
16
17
12
1
18
6
8
8
1
5
6
1
15
8
12
17
13
2
19
2
5
10
3
10
13
16
3
5
12
10
1
2
1
13
1
2
14
6
17
11
1
2
2
3
8
1
14
4
3
16
6
18
6
4
2
12
5
8
4
19
7
28
11
6
5
18
8
7
5
2
2
1
1
6
4
5
4
7
4
9
1
12
16
12
13
9
9
4
1
5
4
10
15
30
1
6
6
2
1
1
3
9
9
3
13
7
5
1
21
1
13
2
5
19
4
3
9
1
1
3
7
5
11
3
8
11
5
5
1
9
5
7
24
2
3
9
7
2
4
17
4
10
18
7
13
15
6
8
12
8
22
3
7
10
14
2
2
14
4
19
28
14
16
4
17
8
16
15
20
11
17
15
5
6
1
9
7
27
30
27
22
6
14
8
27
12
14
21
8
5
7
18
6
26
32
22
18
16
2
6
22
10
9
2
23
3
13
12
9
17
3
4
26
35
18
17
7
4
2
10
28
24
7
6
24
5
5
7
8
4
3
22
29
6
14
6
13
12
26
23
5
20
3
15
3
1
19
19
3
1
6
5
12
15
3
15
13
7
1
12
9
1
11
3
5
6
4
2
10
3
3
11
1
6
9
13
35
5
11
22
5
15
6
7
4
19
35
13
19
7
21
10
11
3
1
4
22
24
6
18
3
12
19
2
11
6
3
6
24
10
3
2
1
13
19
27
4
15
3
10
14
9
27
9
3
7
12
2
8
1
28
32
8
21
5
7
15
6
30
18
19
13
7
28
4
10
9
32
30
22
22
10
14
5
11
6
21
20
3
18
9
66
7
10
10
31
21
29
25
16
13
4
1
21
18
7
32
13
94
10
10
10
26
27
28
19
18
1
15
20
22
5
29
14
116
16
8
32
1
27
37
19
19
10
19
18
28
32
9
65
17
8
34
9
23
29
19
3
17
25
3
23
19
6
23
9
18
8
19
36
29
19
9
2
7
29
2
1
20
19
13
23
32
17
10
22
19
31
23
3
10
2
29
6
21
20
5
27
20
18
12
27
16
34
27
12
3
16
28
6
25
20
28
8
13
20
11
23
23
32
26
16
9
9
14
1
4
18
12
11
23
16
23
13
9
18
12
26
20
10
6
3
7
1
1
8
4
10
11
1
12
38
8
5
16
16
22
17
4
11
11
2
9
14
10
12
15
3
4
13
66
7
10
22
18
23
14
10
3
16
10
12
22
13
18
11
5
3
22
63
2
2
12
29
20
16
2
15
4
26
14
20
23
17
7
17
10
26
69
2
14
15
27
25
27
15
19
1
7
2
4
36
24
32
31
14
12
14
15
12
36
26
4
7
33
35
36
18
24
12
16
1
8
10
10
41
31
35
32
16
22
4
28
15
45
3
1
11
33
31
29
22
30
15
20
2
8
10
10
41
30
33
35
16
23
14
25
15
45
1
12
39
32
41
22
23
14
17
1
9
4
9
37
27
29
34
10
16
10
19
12
37
3
11
18
21
43
15
14
4
6
9
12
34
26
27
25
2
12
12
23
12
36
25
11
13
21
28
17
4
6
10
11
28
27
24
19
10
23
7
20
7
11
16
32
9
6
8
5
19
12
10
12
10
13
6
1
15
7
4
16
9
8
3
9
12
5
5
7
9
7
6
13
11
5
1
5
14
1
1
6
2
8
6
11
4
1
5
14
12
5
7
3
12
1
10
21
5
21
14
7
13
9
5
10
1
16
27
12
4
22
10
12
16
11
7
7
2
18
26
16
1
17
6
16
15
14
12
8
3
25
5
19
11
14
7
17
27
4
10
16
13
9
2
25
7
16
10
10
1
12
17
20
9
6
12
11
7
1
3
20
9
13
5
26
14
17
6
10
3
7
3
4
17
3
14
1
18
15
14
2
8
5
1
14
7
5
2
2
3
1
13
4
2
1
1
2
6
3
12
4
9
8
15
1
4
2
21
14
14
10
16
5
39
8
9
19
10
11
16
22
6
69
5
9
11
11
15
11
20
5
3
9
16
13
11
10
19
10
18
5
21
13
14
24
3
1
6
34
29
6
21
9
19
13
8
24
9
6
4
12
30
1
1
15
30
9
25
16
11
7
12
15
26
25
19
5
7
10
6
27
16
10
32
24
14
14
8
19
1
25
34
8
16
12
33
8
46
22
3
28
36
23
7
11
17
25
34
6
16
29
52
6
6
26
44
30
28
10
7
25
21
36
13
28
18
37
11
1
26
33
32
31
25
19
16
30
2
1
20
37
14
42
10
21
77
14
8
28
35
32
34
19
28
14
33
10
6
1
18
28
1
28
11
37
70
19
13
8
27
36
28
14
11
8
30
14
9
8
13
29
15
16
31
44
17
15
36
5
23
32
8
1
10
6
8
10
17
24
16
12
17
35
8
9
10
23
6
38
20
11
2
5
1
9
15
5
20
19
5
12
45
2
4
15
27
31
7
9
2
8
3
2
7
8
14
15
10
3
21
12
19
24
13
18
22
27
14
10
4
6
1
4
6
10
10
15
14
17
16
19
21
10
1
18
18
33
17
10
1
7
7
2
5
11
6
14
13
10
17
23
16
35
8
29
13
25
24
9
10
10
9
5
6
16
6
18
15
30
18
31
14
33
33
30
16
38
29
10
3
8
8
5
8
13
3
16
22
18
30
13
31
47
21
18
40
26
2
6
8
7
14
12
8
10
25
7
28
18
33
44
14
3
23
16
3
9
12
19
20
17
8
21
34
15
29
5
4
7
26
8
6
10
12
20
16
7
13
17
28
12
30
22
7
1
19
26
1
3
9
13
21
14
7
12
29
1
23
12
37
18
8
15
19
9
3
10
16
22
18
17
10
17
33
15
32
9
10
6
27
5
4
2
9
14
23
11
7
12
19
6
28
17
23
64
9
5
15
32
7
14
1
3
7
11
21
3
6
15
29
11
17
11
30
78
8
1
20
34
6
20
7
8
11
22
6
13
17
26
2
15
11
26
40
9
4
20
33
5
10
9
8
11
22
8
11
18
22
14
1
31
11
24
24
29
3
3
6
7
9
20
5
7
14
17
11
24
11
7
7
25
7
5
5
18
1
11
16
7
9
8
19
6
7
2
5
11
15
2
9
9
9
1
14
12
2
15
14
11
9
21
7
1
2
24
32
19
12
7
21
11
8
40
26
3
5
6
21
33
10
15
27
7
10
7
22
31
21
6
9
26
32
8
15
4
19
21
4
17
195
25
2
15
1
13
1
18
2
44
14
290
26
7
12
1
23
19
65
14
21
281
28
12
8
1
21
35
20
27
20
29
348
32
24
7
12
3
23
25
9
13
28
428
38
20
12
3
27
13
8
12
32
395
38
11
9
3
16
14
13
18
216
36
14
3
1
12
9
18
22
31
19
4
16
16
10
3
28
24
17
14
19
17
16
16
27
25
5
16
1
6
9
5
33
18
13
27
24
11
20
9
6
1
5
17
7
11
7
8
38
6
1
3
18
24
12
25
16
14
1
2
11
19
8
17
22
14
5
17
37
37
5
5
9
26
40
24
28
16
1
1
13
21
17
17
11
10
22
3
27
34
41
7
4
32
35
45
35
31
14
7
1
11
14
7
22
24
15
23
10
28
22
48
11
1
1
48
22
39
36
26
15
13
3
4
7
3
29
11
19
20
5
21
22
50
6
46
35
48
35
22
7
4
4
2
14
5
21
8
27
12
6
21
30
52
31
29
41
32
25
3
5
13
2
22
4
20
16
2
15
14
55
20
36
5
34
25
18
9
5
9
26
6
1
22
16
34
13
39
13
10
5
4
8
19
15
19
22
16
28
34
12
14
3
4
6
17
16
12
7
2
45
27
26
35
32
21
6
13
3
5
23
13
12
4
2
14
25
19
63
43
14
9
7
24
9
27
2
31
88
42
12
10
7
3
2
24
7
23
6
22
77
39
12
5
2
4
11
1
9
8
9
8
5
13
8
9
6
4
15
84
16
10
3
5
10
4
5
7
12
2
13
15
8
7
13
15
85
23
1
2
7
7
7
7
5
7
6
71
25
2
4
5
2
37
10
5
78
6
3
2
9
10
1
69
7
1
1
21
10
61
9
58
8
61
1
2
10
59
5
1
11
66
1
1
11
63
9
64
5
3
10
88
2
24
8
10
98
4
3
7
8
8
111
9
2
10
8
112
6
3
14
11
8
106
3
24
19
10
115
7
28
1
21
14
137
24
19
14
125
19
3
21
15
121
26
5
20
14
128
6
1
26
2
3
22
11
11
150
6
27
1
7
2
3
19
24
10
14
163
8
5
13
2
6
5
12
5
9
3
21
5
1
9
166
24
17
15
6
10
5
15
33
7
2
20
3
3
4
8
188
23
2
22
7
13
8
1
