15
33
25
1
7
69
20
4
48
5
4
46
10
43
17
34
26
1
4
6
66
13
2
37
8
5
51
21
33
17
30
25
4
8
68
12
3
41
6
8
4
39
15
37
12
33
26
1
4
3
64
15
3
46
9
4
41
12
39
16
33
26
1
5
2
65
6
40
6
9
6
47
13
3
32
13
32
27
2
5
2
65
2
37
16
9
7
39
12
31
15
32
29
2
5
61
14
2
40
17
11
6
37
14
31
18
32
28
5
66
16
1
38
18
11
5
42
14
33
24
33
27
2
5
61
11
42
12
6
48
8
27
28
31
28
1
6
61
6
44
13
7
44
7
31
18
29
27
1
6
51
32
14
6
37
4
51
7
33
23
2
4
48
1
40
12
6
35
5
34
27
43
12
58
15
8
38
16
5
25
7
10
27
26
33
7
3
65
21
9
46
6
14
4
32
6
3
13
45
28
39
12
1
58
5
3
45
17
4
30
9
27
45
26
44
3
12
64
12
8
37
20
4
30
13
1
21
39
27
40
7
9
68
21
13
51
21
3
33
14
3
2
51
36
46
9
11
2
68
26
13
49
23
4
29
17
6
7
35
35
39
13
7
60
15
6
39
23
4
25
15
27
21
39
34
17
5
55
7
33
24
3
26
5
4
15
28
23
37
14
6
1
56
12
3
36
21
3
29
2
18
7
34
25
37
18
6
62
10
37
23
5
26
11
17
19
29
36
37
22
7
57
6
32
26
7
23
5
29
38
34
37
23
6
48
3
24
27
6
27
23
32
36
33
27
4
57
1
23
27
6
27
9
30
27
27
25
1
55
36
23
6
23
2
1
22
19
27
24
1
2
43
1
27
21
6
26
9
6
18
23
28
48
28
20
5
23
10
24
18
25
31
1
48
29
21
5
22
12
23
15
27
33
3
3
41
9
10
20
5
31
15
17
23
23
37
4
47
11
3
21
6
36
19
11
36
31
26
41
5
56
7
25
3
24
5
32
2
10
14
16
21
27
43
7
51
20
22
3
38
19
26
26
45
7
57
12
18
22
3
36
189
36
34
31
45
5
4
55
7
31
23
3
29
578
37
27
34
44
5
4
46
4
35
24
3
28
3
1034
26
19
27
45
7
1
54
13
46
22
3
26
1529
23
18
45
8
2
62
16
7
57
19
1
33
1782
15
25
26
47
7
1
54
14
4
54
22
3
27
1
1677
16
23
24
48
7
55
5
4
54
20
2
26
1207
13
20
18
47
7
4
49
7
3
43
18
26
452
70
12
21
14
47
7
9
44
4
4
35
16
27
128
96
8
24
16
45
5
9
45
3
5
36
15
32
161
70
21
16
19
43
3
9
45
9
7
34
14
31
69
60
8
18
16
43
4
3
10
50
11
15
41
11
31
67
54
16
18
20
41
3
3
14
48
13
16
48
10
34
44
65
7
13
22
38
1
6
16
51
18
19
49
7
32
51
1
17
23
41
3
5
9
56
16
20
56
6
8
37
27
10
21
17
24
42
6
7
12
57
22
55
13
10
40
21
2
16
10
24
42
9
12
16
60
17
28
60
5
9
37
23
13
16
27
46
11
16
18
63
49
34
72
7
13
45
26
10
21
30
51
15
5
16
25
60
1
24
27
7
57
9
15
46
20
14
21
31
54
21
9
19
29
67
5
17
5
28
15
55
31
16
46
2
24
12
25
27
54
23
1
9
23
30
69
6
39
6
36
16
70
30
15
48
5
18
23
31
30
56
24
11
20
32
66
9
30
10
30
19
64
42
16
45
3
16
18
24
26
60
28
12
22
31
65
12
24
14
28
18
49
47
17
47
3
7
19
26
26
62
32
13
21
30
64
12
24
12
28
17
59
16
19
53
1
23
19
29
66
37
16
13
29
65
16
19
20
18
22
56
30
20
49
4
5
13
17
25
66
37
18
14
29
63
19
19
23
20
23
53
37
16
52
3
16
25
26
65
37
21
20
39
60
23
15
25
19
29
53
31
13
1
50
1
30
14
29
62
39
21
22
40
67
24
16
22
18
29
49
31
10
1
47
7
3
27
5
29
55
39
21
19
37
65
21
11
23
19
29
51
20
4
2
46
8
14
16
5
30
49
39
20
16
34
63
23
1
26
19
27
50
24
1
41
7
18
8
5
34
46
2
37
18
16
35
58
21
13
20
18
21
49
18
37
7
17
9
33
48
37
18
12
36
59
18
16
18
7
23
45
3
39
10
28
23
30
47
38
18
10
31
66
11
8
18
5
23
39
7
11
41
10
4
33
18
34
44
35
14
3
26
60
4
15
14
1
19
33
11
16
29
7
1
43
9
34
43
31
12
26
63
3
4
11
21
28
11
16
27
14
3
44
19
36
44
29
10
18
63
2
8
7
13
39
26
19
1
35
19
15
32
16
38
40
28
7
13
59
6
6
9
37
24
21
3
28
14
5
9
32
16
37
31
23
5
14
59
1
10
30
16
21
3
28
9
19
38
32
45
29
3
19
1
7
64
1
4
32
27
6
38
16
26
34
30
42
31
6
16
4
66
3
31
5
29
9
44
13
30
12
41
30
41
34
7
16
7
61
5
28
9
31
10
45
16
30
22
36
33
45
35
1
18
6
64
1
3
9
21
24
33
9
53
20
38
4
46
43
49
35
7
13
1
70
1
35
28
34
10
59
26
43
60
50
56
34
14
7
73
38
37
11
56
33
38
13
50
54
53
33
14
7
69
21
36
4
36
10
60
21
43
21
45
50
51
29
14
4
64
20
2
54
32
8
60
25
48
16
43
48
49
26
10
66
11
2
46
29
7
56
19
41
21
57
59
47
27
12
65
9
34
10
32
7
59
24
32
43
57
54
50
28
11
68
14
3
43
6
31
5
58
29
31
36
52
58
52
29
12
3
68
9
7
36
7
32
4
57
23
32
15
57
61
52
28
13
2
67
14
14
45
6
32
3
61
28
44
13
51
55
50
24
14
1
8
9
67
27
21
53
15
30
3
1
58
21
45
32
54
55
51
23
17
3
6
5
64
20
20
49
30
2
2
52
23
38
38
50
51
50
21
15
1
2
5
69
23
16
55
28
4
51
22
41
30
53
47
50
19
16
3
11
12
65
21
23
55
25
5
50
20
36
16
52
46
55
18
18
6
12
12
70
18
25
56
24
6
49
30
28
33
44
43
57
18
19
6
10
10
73
27
25
58
25
6
45
23
18
48
52
45
53
20
14
6
12
10
70
34
28
55
25
6
46
24
6
15
35
45
45
50
18
14
6
18
16
64
24
27
52
22
7
40
19
15
21
15
56
43
51
21
15
6
14
11
74
21
25
46
23
6
39
24
15
17
11
61
48
52
26
11
4
9
10
73
21
22
48
25
6
38
30
20
21
25
35
53
42
28
10
1
11
10
61
23
21
51
23
7
35
9
13
33
21
47
44
41
27
8
1
8
6
61
22
18
42
22
6
36
11
11
36
25
50
35
39
27
9
5
6
59
8
17
46
20
5
27
11
16
33
35
30
31
32
30
8
3
7
56
11
43
19
3
30
3
18
24
56
36
42
34
36
3
3
56
10
4
37
24
2
40
11
19
15
49
32
34
29
39
4
50
21
23
2
36
3
16
13
17
31
30
28
42
9
42
17
21
2
32
23
10
5
46
43
27
47
6
45
25
25
37
6
34
1
15
31
48
24
52
43
10
27
40
3
36
5
7
23
56
21
56
35
14
28
39
32
5
39
48
15
59
40
7
28
46
26
11
41
43
14
62
37
15
27
45
13
4
16
37
43
14
63
34
6
24
42
24
28
34
54
12
66
35
26
42
36
12
30
57
8
69
39
25
43
32
40
43
13
69
33
5
23
49
17
26
39
14
69
25
16
21
44
9
3
12
42
1
70
29
18
46
12
13
23
42
4
69
32
9
19
48
15
10
12
39
8
65
29
2
17
44
11
4
27
37
6
66
22
7
16
47
20
30
36
5
63
22
17
14
42
21
20
31
57
31
28
8
38
26
21
4
57
20
26
7
37
22
22
5
55
23
23
5
40
7
8
23
3
56
1
29
21
3
48
11
7
14
26
3
54
3
37
3
32
1
47
17
7
23
50
2
30
3
4
36
11
39
20
18
51
2
25
2
34
41
4
17
19
18
3
51
3
4
32
3
12
43
1
42
15
23
16
7
51
1
7
7
29
12
37
1
44
3
11
1
50
1
7
7
30
13
43
1
39
2
7
50
1
9
8
26
5
15
44
8
40
2
12
2
49
2
7
8
23
11
38
5
39
3
47
2
7
7
26
17
47
7
1
37
10
46
1
12
9
18
25
53
14
2
41
20
44
11
9
16
2
19
46
9
2
37
14
5
44
1
5
7
23
6
33
5
1
39
8
41
1
6
6
21
5
25
19
3
36
13
38
8
8
12
8
27
20
3
26
21
39
7
9
6
4
19
14
2
22
27
38
4
3
8
3
12
1
2
29
29
5
36
6
4
8
16
3
20
38
37
7
4
16
13
2
10
41
36
8
4
3
11
32
15
37
9
4
1
5
8
36
37
14
1
2
1
8
38
34
16
1
1
17
21
28
15
3
16
20
21
18
3
1
1
19
12
33
17
22
6
6
3
2
14
19
25
26
9
6
3
17
40
30
10
2
7
2
17
48
34
14
4
13
12
20
42
38
17
1
12
1
13
27
33
39
16
9
14
12
24
36
17
3
14
23
37
21
1
5
3
7
26
41
24
5
9
7
8
2
28
41
25
7
11
12
10
15
1
1
23
36
24
10
20
14
15
3
16
7
2
16
30
21
9
19
6
8
13
7
12
25
16
5
22
2
3
5
27
10
7
18
11
4
30
12
4
1
6
1
11
9
5
7
32
19
14
12
18
3
23
7
43
25
22
23
41
15
31
8
55
11
27
33
11
23
54
23
38
7
2
11
60
19
5
36
6
2
40
24
23
61
29
44
11
7
10
14
65
24
16
52
4
44
32
27
50
41
47
17
13
18
16
71
27
28
64
5
52
30
19
55
37
53
23
17
19
18
77
43
32
76
5
7
55
35
21
6
69
38
54
16
19
26
23
94
49
34
70
7
9
65
49
25
3
77
51
57
20
19
30
29
93
34
34
5
70
15
10
73
48
29
3
62
51
54
21
22
33
32
88
45
41
7
81
23
11
75
43
31
12
56
50
51
20
23
35
31
91
44
43
6
76
23
11
76
40
24
35
67
49
53
23
21
32
33
87
47
42
10
83
16
12
74
39
26
28
69
36
50
15
18
2
35
37
86
49
43
16
79
17
12
67
42
41
11
72
28
48
11
15
3
32
37
78
36
36
17
72
20
10
66
40
45
11
54
37
43
10
11
3
27
31
76
32
31
11
63
19
8
63
31
22
18
35
34
36
6
7
2
26
28
71
31
29
6
51
8
7
56
21
11
8
22
26
28
2
3
2
18
26
57
23
21
6
55
11
7
52
12
15
13
27
23
3
3
15
25
54
13
16
10
45
5
42
4
8
15
27
17
4
1
13
21
46
5
14
5
42
2
34
12
20
26
16
8
7
15
41
2
9
38
1
35
13
25
31
16
10
1
9
20
46
4
8
3
27
1
38
3
4
19
25
11
10
1
6
17
39
5
1
27
34
10
34
5
16
10
3
13
32
2
23
25
8
29
9
15
13
1
5
13
38
2
22
20
2
6
12
9
21
8
38
25
27
22
6
12
24
10
31
20
20
16
1
27
1
9
38
11
23
23
3
31
35
19
34
11
17
6
32
31
14
23
6
1
35
1
33
3
24
11
5
36
7
28
5
2
25
11
9
3
41
5
31
19
22
10
8
44
6
37
2
22
30
15
9
47
1
11
36
2
7
18
20
13
10
52
1
2
12
29
3
1
22
7
13
1
59
7
5
12
36
3
5
30
5
18
62
10
8
10
34
7
28
19
25
3
65
12
9
10
27
8
27
31
18
69
13
9
7
37
2
7
4
1
28
25
12
1
66
10
10
9
27
9
10
19
17
4
12
68
14
13
10
30
8
12
1
27
14
6
7
68
14
13
10
26
6
7
7
23
10
6
68
13
13
13
28
8
4
21
2
2
7
70
14
16
12
31
9
7
28
65
14
17
13
17
11
13
17
63
14
16
14
20
10
17
17
2
20
13
10
52
1
2
12
29
3
1
22
7
13
1
59
7
5
12
36
3
5
30
5
18
62
10
8
10
34
7
28
19
25
3
65
12
9
10
27
8
27
31
18
69
13
9
7
37
2
7
4
1
28
25
12
1
66
10
10
9
27
9
10
19
17
4
12
68
14
13
10
30
8
12
1
27
14
6
7
68
14
13
10
26
6
7
7
23
10
6
68
13
13
13
28
8
4
21
2
2
7
70
14
16
12
31
9
7
28
65
14
17
13
17
11
13
17
63
14
16
14
20
10
17
17
2
50
19
19
10
10
36
50
19
19
10
11
1
40
52
20
20
13
13
36
15
51
21
18
12
7
39
17
49
21
19
13
9
50
14
50
21
18
10
5
10
44
8
48
20
17
10
3
9
4
3
30
17
44
18
14
9
4
5
27
19
41
15
11
4
3
29
39
12
10
2
5
44
36
9
6
45
35
10
5
5
44
15
29
9
5
8
43
16
29
7
3
13
36
7
27
6
3
16
17
3
9
26
7
2
19
7
347
21
26
7
3
19
11
761
28
23
7
4
24
7
1286
25
23
7
2
37
11
1708
26
5
19
7
45
30
1752
41
6
17
7
1
43
1
21
1453
38
6
17
5
43
5
25
777
68
19
10
18
6
1
44
26
186
114
32
14
16
5
3
6
31
26
139
79
50
29
9
5
8
43
16
29
7
3
13
36
7
27
6
3
16
17
3
9
26
7
2
19
7
347
21
26
7
3
19
11
761
28
23
7
4
24
7
1286
25
23
7
2
37
11
1708
26
5
19
7
45
30
1752
41
6
17
7
1
43
1
21
1453
38
6
17
5
43
5
25
777
68
19
10
18
6
1
44
26
186
114
32
14
16
5
3
6
31
26
139
79
50
26
9
37
25
14
12
3
21
74
13
9
6
20
39
46
21
3
31
14
36
25
15
13
6
21
69
9
10
3
20
34
25
43
25
44
22
39
27
15
12
1
19
66
9
7
2
18
39
13
49
21
36
12
34
25
15
13
4
25
67
17
9
3
22
35
7
49
14
26
20
33
26
16
13
3
18
59
10
10
1
19
30
14
48
12
23
21
34
27
17
12
16
59
9
9
17
26
44
7
1
15
13
24
25
15
12
17
67
6
10
18
35
18
42
11
9
16
18
25
15
12
17
56
11
20
26
39
44
1
9
5
21
22
15
11
14
50
8
19
18
34
37
7
19
4
19
20
13
9
9
50
4
10
29
4
37
3
30
6
25
16
10
9
16
44
1
15
22
32
21
12
24
14
8
8
16
45
1
16
21
18
32
4
14
15
16
8
6
13
53
4
10
30
39
15
7
19
15
6
5
12
53
3
9
33
32
19
6
23
13
6
6
14
44
10
34
7
33
20
13
24
14
6
5
1
17
51
9
28
33
2
11
9
21
16
8
8
16
55
10
24
34
3
12
6
21
17
10
8
16
53
3
13
18
9
33
2
6
26
15
22
16
8
4
12
52
5
26
32
2
2
42
14
26
16
8
3
7
50
2
20
34
8
24
15
19
17
8
3
8
43
5
9
22
7
7
13
13
9
4
8
34
5
17
15
27
4
10
2
17
9
8
3
7
36
5
17
16
30
15
15
16
12
6
1
6
46
19
26
4
14
15
16
8
6
13
53
4
10
30
39
15
7
19
15
6
5
12
53
3
9
33
32
19
6
23
13
6
6
14
44
10
34
7
33
20
13
24
14
6
5
1
17
51
9
28
33
2
11
9
21
16
8
8
16
55
10
24
34
3
12
6
21
17
10
8
16
53
3
13
18
9
33
2
6
26
15
22
16
8
4
12
52
5
26
32
2
2
42
14
26
16
8
3
7
50
2
20
34
8
24
15
19
17
8
3
8
43
5
9
22
7
7
13
13
9
4
8
34
5
17
15
27
4
10
2
17
9
8
3
7
36
5
17
16
30
15
15
16
12
6
1
6
46
19
26
5
6
16
15
5
3
37
11
10
17
26
19
2
8
14
14
5
5
29
6
15
2
10
24
5
15
15
5
2
30
4
17
1
5
10
17
16
7
1
35
1
13
6
12
27
3
16
16
8
6
36
5
22
13
14
5
42
18
16
7
6
36
5
13
15
12
25
8
4
2
19
18
8
5
32
3
8
7
10
27
27
7
6
17
20
9
5
35
5
11
4
11
13
32
25
1
14
19
10
6
36
3
7
15
20
16
15
35
18
16
19
11
6
32
2
7
15
5
15
16
46
25
10
15
20
10
6
33
3
8
15
24
51
29
10
5
9
18
9
8
40
6
12
11
17
49
18
5
6
16
15
5
3
37
11
10
17
26
19
2
8
14
14
5
5
29
6
15
2
10
24
5
15
15
5
2
30
4
17
1
5
10
17
16
7
1
35
1
13
6
12
27
3
16
16
8
6
36
5
22
13
14
5
42
18
16
7
6
36
5
13
15
12
25
8
4
2
19
18
8
5
32
3
8
7
10
27
27
7
6
17
20
9
5
35
5
11
4
11
13
32
25
1
14
19
10
6
36
3
7
15
20
16
15
35
18
16
19
11
6
32
2
7
15
5
15
16
46
25
10
15
20
10
6
33
3
8
15
24
51
29
10
5
9
18
9
8
40
6
12
11
17
49
18
4
19
9
19
1
9
52
4
9
20
10
2
29
4
13
9
56
9
19
10
22
3
12
1
12
59
2
12
20
10
22
3
11
12
62
13
19
10
5
35
2
10
2
71
18
19
9
4
28
1
9
2
5
70
21
20
10
5
28
3
12
8
5
60
21
20
10
8
26
3
14
2
1
60
2
2
26
23
11
6
33
9
14
10
1
6
59
3
31
24
12
6
42
14
17
16
18
7
56
9
35
24
14
11
44
14
20
20
18
7
48
6
9
11
34
25
13
11
46
15
19
19
25
15
42
8
6
11
31
25
12
10
39
16
18
9
23
12
43
4
15
34
25
12
13
46
17
23
13
12
11
39
3
18
35
25
12
12
47
18
24
17
25
14
21
12
20
36
26
10
11
52
16
18
4
23
16
5
4
6
17
38
26
8
9
53
17
14
12
7
16
9
17
36
26
9
12
50
19
17
23
17
14
11
5
24
37
25
7
12
58
16
15
12
18
20
3
5
19
27
39
26
7
9
59
16
