4875
4875
4999
4999
4875
4875
4875
4874
4950
4946
1183
4869
4869
4999
4999
4869
4879
4868
4869
4945
4941
1151
4864
4863
4999
4999
4864
4951
4863
4862
4937
4934
1116
4855
4855
4999
4999
4855
4999
4855
4855
4932
4927
1080
4851
4851
4999
4999
4851
4996
4850
4850
4925
4921
1050
4843
4843
4999
4999
4843
4999
4855
4842
4918
4914
1008
4857
4837
4999
4999
4837
4999
4938
4837
4912
4908
977
4953
4830
4999
4999
4831
4999
4999
4830
4905
4901
944
4999
4824
4998
4999
4824
4999
4995
4823
4899
4895
914
4997
4818
4999
4999
4818
4999
4999
4817
4892
4888
884
4999
4811
4999
4999
4811
4999
4999
4810
4886
4882
846
4999
4805
4999
4999
4805
4999
4999
4804
4879
4875
4091
1252
772
786
4947
1784
1174
57
18
3582
1428
1279
1362
3701
4946
2032
747
3536
1496
660
3786
4946
821
4796
4792
3964
1145
705
715
4939
1633
1073
46
12
3498
1306
1169
1244
3625
4907
1860
680
3432
1368
601
3678
4938
750
4789
4785
3842
1142
702
712
4934
1625
1068
46
12
3405
1299
1164
1240
3541
4768
1851
676
3322
1362
599
3566
4933
749
4783
4779
3722
1104
679
687
4926
1572
1031
41
9
3318
1255
1125
1198
3463
4604
1789
651
3219
1315
578
3461
4925
724
4777
4773
3608
1056
648
654
4913
1502
985
37
7
3236
1198
1075
1144
3389
4472
1709
621
3121
1257
552
3359
4920
693
4770
4766
3485
1045
642
646
4810
1485
973
36
6
3149
1185
1062
1132
3312
4325
1690
612
3021
1242
545
3258
4913
686
4764
4760
2233
709
436
437
2806
1011
663
22
2
2109
810
728
776
2205
2683
1163
420
2055
858
375
2182
2893
476
3019
3022
41
86
3
1
3
2
3
11
6
4
126
5
140
141
120
61
97
96
96
126
121
56
55
139
166
3
3
166
10
11
196
198
16
16
219
230
7
7
242
257
267
2
2
281
290
2
2
303
313
1
1
324
334
343
353
362
371
379
388
395
403
410
418
426
434
441
449
456
463
469
475
481
487
493
499
504
508
511
515
520
523
527
531
534
537
541
544
546
549
552
554
556
559
562
564
566
568
570
572
573
575
576
578
579
581
582
583
585
586
587
588
588
590
590
591
592
593
593
594
595
595
595
596
596
597
597
597
598
598
598
598
598
599
599
598
599
599
599
599
598
599
598
599
599
598
598
597
597
597
597
597
596
596
596
595
595
595
594
594
594
593
593
592
592
591
591
591
590
590
589
589
588
587
587
586
586
586
585
584
584
583
583
583
582
581
581
579
579
578
578
578
577
576
576
575
574
574
573
573
572
572
571
570
569
568
568
567
567
566
565
565
564
563
563
562
569
568
568
567
567
566
565
565
564
563
563
562
553
552
552
551
550
550
549
549
548
547
548
551
550
549
549
548
547
547
546
546
545
544
544
543
387
97
27
16
19
288
36
24
3
1
59
27
21
25
46
195
34
11
56
21
10
56
303
10
370
343
161
47
28
33
98
69
47
4
2
126
59
51
58
113
136
87
32
156
63
30
172
104
36
114
94
46
156
45
27
32
131
65
44
4
2
115
54
46
52
100
142
77
28
136
55
26
147
128
31
101
124
24
60
17
9
13
69
23
17
2
1
43
20
16
20
37
65
29
10
49
19
10
53
70
11
77
73
6
3
9
1
1
1
9
4
14
25
6
3
7
11
9
8
2
1
19
9
7
10
17
18
14
5
23
8
5
26
9
5
36
7
7
1
1
25
7
3
7
21
10
8
2
2
18
9
6
9
16
23
14
4
21
8
5
23
19
5
20
5
1
1
10
1
4
11
3
3
1
1
7
4
1
4
6
10
7
2
8
2
3
9
10
2
16
12
3
2
1
1
1
1
1
2
2
1
1
38
3
2
1
1
2
1
1
1
1
1
8
2
2
7
1
4
3
1
3
2
2
5
3
1
4
4
5
5
2
6
2
2
6
2
2
3
3
2
1
2
1
1
1
1
12
2
7
1
4
4
2
3
2
2
4
3
1
3
3
5
5
2
5
1
2
5
3
1
62
4
3
1
3
1
2
2
1
1
2
2
1
1
1
34
2
4
3
3
1
2
2
2
3
2
3
2
3
4
1
3
1
2
3
1
1
3
3
3
4
1
2
3
2
2
2
2
1
2
3
1
2
2
2
1
2
4
3
3
2
2
3
2
2
2
2
1
2
3
2
2
2
1
1
46
1
3
4
4
2
1
2
3
2
3
3
3
2
3
5
2
3
1
2
3
1
1
2
3
3
4
1
2
3
2
2
2
2
1
2
3
1
2
2
1
1
1
3
4
4
3
1
2
3
2
3
3
1
3
2
3
4
2
3
1
2
2
1
1
3
3
4
2
1
2
3
2
3
3
3
2
3
4
2
3
1
3
2
2
1
3
4
4
3
1
2
3
2
3
3
1
3
2
3
4
2
2
1
2
2
1
1
4
4
4
2
1
2
3
3
3
3
1
3
2
3
4
2
3
1
2
2
1
1
4
4
4
2
1
2
4
3
3
3
1
3
2
3
4
2
3
2
3
2
1
1
4
4
4
2
1
2
3
3
3
3
1
3
2
3
5
2
3
2
2
2
1
2
4
4
5
2
1
2
3
3
3
3
1
4
2
3
4
2
3
1
2
1
1
1
4
5
5
3
2
3
4
3
3
3
1
4
3
3
5
2
3
2
3
2
1
2
4
5
5
3
1
2
4
3
4
3
1
4
3
3
5
3
3
2
3
2
1
2
2
4
5
5
3
1
2
4
3
4
4
1
4
3
3
5
3
3
2
3
2
1
2
62
1
4
5
1
5
3
1
2
4
3
4
4
1
4
2
3
5
2
3
2
3
2
2
69
1
3
3
4
1
2
3
2
2
2
2
1
2
3
1
2
2
1
1
1
3
4
4
3
1
2
3
2
3
3
1
3
2
3
4
2
3
1
2
2
1
1
3
3
4
2
1
2
3
2
3
3
3
2
3
4
2
3
1
3
2
2
1
3
4
4
3
1
2
3
2
3
3
1
3
2
3
4
2
2
1
2
2
1
1
4
4
4
2
1
2
3
3
3
3
1
3
2
3
4
2
3
1
2
2
1
1
4
4
4
2
1
2
4
3
3
3
1
3
2
3
4
2
3
2
3
2
1
1
4
4
4
2
1
2
3
3
3
3
1
3
2
3
5
2
3
2
2
2
1
2
4
4
5
2
1
2
3
3
3
3
1
4
2
3
4
2
3
1
2
1
1
1
4
5
5
3
2
3
4
3
3
3
1
4
3
3
5
2
3
2
3
2
1
2
4
5
5
3
1
2
4
3
4
3
1
4
3
3
5
3
3
2
3
2
1
2
2
4
5
5
3
1
2
4
3
4
4
1
4
3
3
5
3
3
2
3
2
1
2
62
1
4
5
1
5
3
1
2
4
3
4
4
1
4
2
3
5
2
3
2
3
2
2
69
1
4
5
5
3
1
2
4
3
4
4
1
4
3
3
5
3
4
2
3
3
1
2
20
2
4
5
5
3
2
2
5
3
4
4
2
4
3
3
6
3
4
2
3
2
2
2
5
5
5
3
2
3
5
3
4
4
1
4
3
3
5
3
3
2
3
2
2
11
1
5
5
5
3
1
3
5
3
4
4
1
4
3
4
6
3
4
2
3
3
1
2
34
1
5
5
6
3
2
2
5
4
4
4
2
5
3
4
6
3
4
3
3
3
1
3
2
5
6
6
4
2
3
5
4
4
4
2
4
3
4
6
3
4
3
3
2
2
1
5
6
1
6
3
2
3
5
4
4
4
2
5
3
4
6
3
4
3
3
2
2
7
1
5
6
6
3
2
3
5
4
5
5
2
5
3
4
5
3
4
3
4
2
1
2
33
2
5
6
6
4
2
3
5
4
4
5
2
5
3
4
5
3
4
3
3
3
2
2
6
7
6
4
2
3
5
4
5
5
2
5
3
4
6
4
4
3
4
3
1
2
2
5
7
1
6
4
2
3
6
4
5
5
2
5
4
5
6
4
4
3
4
3
1
3
2
5
7
6
4
2
3
6
4
5
5
2
5
4
5
6
4
5
3
4
3
1
3
13
1
7
8
1
7
5
3
3
7
5
6
6
3
6
5
6
7
5
5
5
5
4
1
3
4
2
7
8
1
8
5
4
4
7
5
6
5
3
6
5
6
7
5
5
4
4
3
1
3
1
8
9
1
8
5
4
4
7
5
7
6
3
6
5
6
7
6
5
5
5
4
1
3
2
7
9
1
8
5
3
4
8
5
6
6
4
7
5
6
8
6
5
5
5
4
1
3
2
7
9
1
8
5
4
4
8
5
7
6
3
7
5
6
8
6
5
5
5
3
1
3
2
2
7
9
1
8
5
4
4
8
5
7
6
4
7
5
6
8
5
5
5
5
4
1
3
2
7
9
1
8
5
4
4
8
5
6
6
4
7
5
6
8
6
6
5
5
4
1
4
2
7
9
1
9
6
4
4
8
5
7
7
4
7
5
6
8
6
6
5
5
4
1
4
2
8
10
1
9
6
4
4
9
6
7
7
4
7
5
6
8
5
5
5
5
3
1
3
1
8
9
1
9
6
4
4
9
6
7
7
4
7
5
7
8
6
6
5
5
4
1
3
2
8
9
1
9
6
4
4
9
5
7
7
4
7
6
7
9
7
6
6
5
4
2
4
2
8
10
1
9
6
4
4
9
6
7
6
4
7
6
6
9
6
6
5
5
4
1
3
2
7
8
1
7
5
3
3
7
5
6
6
3
6
5
6
7
5
5
5
5
4
1
3
4
2
7
8
1
8
5
4
4
7
5
6
5
3
6
5
6
7
5
5
4
4
3
1
3
1
8
9
1
8
5
4
4
7
5
7
6
3
6
5
6
7
6
5
5
5
4
1
3
2
7
9
1
8
5
3
4
8
5
6
6
4
7
5
6
8
6
5
5
5
4
1
3
2
7
9
1
8
5
4
4
8
5
7
6
3
7
5
6
8
6
5
5
5
3
1
3
2
2
7
9
1
8
5
4
4
8
5
7
6
4
7
5
6
8
5
5
5
5
4
1
3
2
7
9
1
8
5
4
4
8
5
6
6
4
7
5
6
8
6
6
5
5
4
1
4
2
7
9
1
9
6
4
4
8
5
7
7
4
7
5
6
8
6
6
5
5
4
1
4
2
8
10
1
9
6
4
4
9
6
7
7
4
7
5
6
8
5
5
5
5
3
1
3
1
8
9
1
9
6
4
4
9
6
7
7
4
7
5
7
8
6
6
5
5
4
1
3
2
8
9
1
9
6
4
4
9
5
7
7
4
7
6
7
9
7
6
6
5
4
2
4
2
8
10
1
9
6
4
4
9
6
7
6
4
7
6
6
9
6
6
5
5
4
1
3
2
8
10
1
9
6
4
4
9
6
7
7
4
7
6
7
8
6
6
5
5
4
1
4
2
8
10
1
9
6
4
5
9
6
7
7
5
8
6
7
9
7
6
6
6
4
2
4
2
8
10
1
9
7
5
5
9
6
7
7
4
8
6
6
9
6
6
6
5
4
1
4
2
8
10
1
9
6
5
4
9
6
8
7
4
7
6
7
9
6
6
6
5
4
1
4
2
9
10
1
9
7
4
5
9
6
8
7
5
8
6
7
9
7
6
6
5
4
1
4
24
2
8
10
1
10
7
4
5
10
6
8
7
5
8
7
7
9
7
7
6
6
4
1
4
9
2
8
10
1
1
9
6
5
5
9
6
7
7
5
8
6
7
9
7
6
6
6
4
1
4
2
8
11
1
9
6
5
5
9
6
8
7
5
8
6
7
9
7
6
6
5
4
1
4
2
8
10
1
10
6
4
4
9
6
8
7
5
8
6
7
9
7
7
6
6
4
1
4
6
2
9
11
1
1
10
7
5
5
10
6
8
8
5
8
6
7
9
7
7
6
6
4
1
4
2
9
11
2
1
10
7
5
5
10
7
9
8
5
8
6
8
9
7
7
7
6
4
1
4
2
9
11
1
10
7
4
5
10
6
9
8
5
9
6
8
9
7
7
7
6
4
2
4
2
9
11
1
10
7
5
5
10
6
8
8
5
8
6
7
9
7
7
7
6
4
1
4
2
9
11
1
1
10
7
5
5
10
7
8
8
5
8
6
7
9
7
7
6
6
4
1
4
2
9
11
2
11
7
5
5
10
7
8
8
5
8
7
8
10
8
7
7
7
5
2
5
2
9
12
1
1
11
7
5
5
11
7
9
8
5
9
7
8
10
8
7
7
7
5
2
5
2
10
12
1
1
11
7
5
5
10
7
9
8
5
9
7
8
10
7
7
7
6
4
1
4
2
10
12
1
1
11
7
5
5
10
7
9
8
6
9
7
8
10
8
7
7
7
5
2
5
2
9
12
1
1
11
7
5
5
11
7
9
9
6
9
7
8
10
8
7
7
6
5
2
5
2
10
12
2
1
11
7
6
6
11
7
9
9
5
8
7
8
10
8
7
7
7
4
1
5
1
10
12
2
1
11
8
6
5
10
7
9
8
5
9
7
8
10
8
7
7
7
5
2
4
2
10
12
1
11
7
5
5
11
7
9
9
6
9
7
8
10
9
7
7
7
5
2
5
2
10
12
1
1
11
7
6
5
11
7
9
9
6
9
8
9
10
8
7
8
7
5
2
5
2
10
12
2
1
11
7
6
5
11
7
9
9
6
9
7
8
10
8
7
7
7
4
1
5
1
10
12
1
1
11
8
6
5
12
7
9
9
6
9
8
9
11
8
8
8
7
5
2
5
2
11
13
2
1
11
8
5
5
12
7
9
9
6
9
8
9
11
8
8
8
7
5
2
5
2
11
12
2
1
12
8
6
6
12
7
9
9
6
9
7
9
10
8
7
8
7
5
2
5
1
11
13
1
1
11
8
6
6
12
7
9
9
6
10
8
9
11
8
8
8
7
5
2
5
1
11
13
2
1
12
8
6
6
12
7
9
9
7
10
8
9
11
9
8
8
7
5
2
5
2
11
13
2
1
12
8
6
6
12
8
10
9
7
10
8
9
10
9
8
8
7
5
2
5
2
10
13
2
1
12
8
6
6
12
8
10
9
6
9
8
9
11
9
8
8
7
5
2
5
2
10
13
2
1
12
8
6
6
12
8
10
9
7
10
8
9
11
9
9
9
7
5
2
5
2
10
13
2
1
12
8
6
6
12
8
10
10
7
10
8
9
11
9
8
8
7
5
2
5
2
11
14
2
1
12
9
7
6
12
8
10
9
7
10
8
9
11
9
8
8
7
5
2
5
1
11
13
2
1
12
8
6
6
12
8
10
10
6
10
9
9
11
9
9
9
8
5
2
5
2
11
13
2
1
12
9
6
6
13
8
10
9
6
10
8
9
11
9
8
9
7
5
2
5
2
11
14
2
1
13
9
7
6
13
8
10
10
7
10
8
9
11
9
8
9
7
5
2
5
1
11
13
2
1
12
8
6
6
12
8
10
10
7
10
9
10
11
9
8
9
8
5
2
5
1
11
14
2
1
12
8
6
6
13
8
11
10
7
10
9
10
12
10
9
9
8
5
2
5
2
12
14
2
2
13
9
7
6
13
9
10
10
7
10
8
10
11
9
8
9
7
5
2
6
1
11
14
2
2
13
9
7
7
13
9
10
10
7
10
8
10
12
9
9
9
7
5
2
5
1
11
14
2
1
13
9
7
6
13
9
11
10
7
11
9
10
12
10
9
9
7
5
2
5
2
12
14
2
1
13
9
7
6
13
9
10
10
7
11
9
10
12
9
9
9
8
5
2
5
1
12
14
2
2
13
9
7
7
13
9
11
10
7
11
8
9
12
10
9
9
8
5
2
5
1
12
14
2
1
13
9
7
7
13
8
11
11
7
11
9
10
12
10
9
10
8
5
2
6
2
12
14
2
1
13
9
7
7
14
8
11
10
7
11
9
10
12
10
9
10
8
5
2
6
2
12
15
2
1
13
9
7
7
13
9
11
10
7
11
9
10
12
10
9
9
8
5
2
5
1
12
15
2
1
14
9
7
7
13
9
11
10
8
11
9
10
12
10
9
10
8
5
2
6
2
12
15
2
1
14
9
7
7
14
9
11
10
8
11
9
10
12
10
9
10
8
5
3
6
2
12
15
3
2
14
9
7
7
14
9
11
11
7
11
9
10
12
10
9
10
8
5
2
5
1
13
15
2
2
14
9
7
7
14
9
11
11
8
11
9
10
12
10
9
10
8
5
2
6
1
12
15
2
1
14
9
7
7
14
9
11
11
8
12
9
10
13
10
9
10
9
6
3
6
2
12
15
2
1
14
10
7
6
14
9
11
11
8
12
9
10
13
10
9
10
9
6
2
6
1
13
15
3
2
14
10
7
7
14
10
11
11
8
12
9
10
12
11
9
10
8
6
2
6
1
13
15
2
1
14
10
7
7
14
9
11
11
8
12
9
10
13
11
10
10
9
6
3
7
1
13
16
3
2
14
10
7
7
15
10
12
11
8
12
10
11
13
11
10
11
9
6
3
7
2
13
16
3
2
14
10
8
7
15
9
12
11
8
11
9
11
13
11
9
10
9
5
2
6
1
13
16
3
2
14
10
8
7
15
10
12
11
8
12
10
11
13
11
10
10
9
6
2
6
2
13
16
2
2
14
10
8
7
15
9
12
11
8
12
10
11
13
11
10
11
9
6
3
7
2
13
16
3
2
15
10
8
7
15
10
12
12
8
12
10
11
13
10
9
11
9
6
2
6
1
13
16
2
2
15
10
8
7
15
10
12
11
8
12
10
11
13
11
10
11
9
6
2
6
1
13
16
3
2
14
10
8
7
15
9
12
12
8
12
10
12
13
11
10
11
9
6
3
6
1
13
16
3
2
15
10
8
7
15
9
12
12
8
12
10
11
13
11
10
11
9
6
2
6
1
14
16
3
2
15
10
8
7
16
10
12
12
8
12
10
11
13
11
10
11
9
5
2
7
2
1
14
17
2
2
15
10
8
7
16
10
13
12
9
12
10
12
14
11
10
11
9
6
3
7
2
13
17
3
2
15
10
8
7
16
10
12
12
9
13
10
11
14
12
10
11
9
6
3
7
1
13
17
3
2
15
10
8
7
16
10
12
12
8
13
10
11
13
12
10
11
9
6
2
6
1
14
17
3
2
15
10
8
7
16
10
13
12
9
13
10
12
14
12
10
11
9
6
3
7
21
1
14
16
2
2
15
10
8
7
16
10
12
12
9
13
10
12
14
12
10
12
9
6
3
7
1
14
17
3
2
15
11
8
7
16
10
12
12
9
13
10
12
14
12
10
11
9
6
2
7
1
14
17
3
2
16
11
9
7
16
10
13
12
9
13
10
12
14
12
10
11
10
6
3
7
1
14
17
3
2
16
10
9
7
16
10
13
12
9
