81
10
16
9
20
13
12
4
23
15
5
2
11
14
27
136
7
16
3
78
7
13
8
22
12
23
13
24
20
2
1
3
9
40
105
143
3
11
2
69
7
11
8
14
16
11
11
3
3
8
10
68
82
11
81
16
8
2
1
4
7
1
6
8
47
15
11
72
7
5
7
6
6
14
40
2
39
7
3
4
5
3
17
45
21
13
71
7
7
10
8
31
7
10
25
1
2
4
6
9
13
43
83
8
17
4
73
7
20
4
1
1
27
15
136
4
95
10
1
3
121
7
11
9
36
26
3
9
5
4
75
29
3
5
6
11
10
11
6
37
6
9
10
43
3
9
3
15
8
1
29
4
9
9
9
11
184
98
11
11
18
10
44
3
4
1
5
11
30
10
11
3
8
8
14
14
5
13
98
1
28
6
10
85
5
21
15
1
2
14
196
7
17
14
30
13
8
12
14
5
3
48
1
9
6
13
13
17
12
2
9
5
71
4
3
3
7
5
6
4
7
77
3
1
4
2
3
10
10
11
74
3
36
7
3
4
20
7
196
4
15
1
78
7
5
29
1
14
3
5
1
21
25
10
5
74
3
10
8
3
3
2
9
20
19
3
85
7
1
19
9
1
14
34
7
2
62
4
10
4
7
14
1
9
1
10
19
6
6
19
188
19
14
64
6
10
13
19
12
14
34
33
19
8
28
3
8
12
26
18
54
22
10
72
17
9
7
17
12
18
32
10
2
9
22
5
6
11
10
23
12
6
72
16
17
16
18
16
11
15
21
1
42
10
4
12
22
5
16
85
27
18
10
15
13
3
3
14
19
9
22
28
148
1
18
9
84
12
1
7
10
12
14
14
18
5
7
25
2
3
8
6
43
90
1
16
7
93
3
6
5
17
11
15
16
11
4
2
29
22
5
10
23
26
69
1
19
17
16
20
17
10
17
12
26
7
15
22
1
29
15
67
3
20
13
36
20
71
14
3
38
22
13
4
8
18
23
48
92
14
21
9
89
1
9
10
5
18
13
19
1
10
2
2
2
8
17
18
133
1
4
105
22
9
2
3
3
7
3
2
2
22
11
89
4
9
13
4
1
21
36
1
1
7
14
37
23
7
81
3
2
6
5
18
21
2
3
14
21
23
28
11
85
2
2
9
5
33
10
5
1
5
17
25
164
19
12
56
1
13
10
3
11
5
22
27
10
44
5
4
5
9
23
26
20
3
76
7
4
4
30
3
1
2
2
5
10
39
22
14
91
3
4
19
3
23
14
5
3
5
44
19
10
71
5
10
7
3
1
3
5
9
7
16
9
4
5
6
17
15
183
27
9
79
5
10
1
5
5
1
12
17
14
10
78
7
6
1
5
2
3
27
19
18
64
12
3
5
3
13
22
6
5
2
10
23
21
16
72
4
10
12
14
1
4
4
20
1
202
18
13
77
1
2
5
1
7
2
24
11
3
2
4
29
17
18
15
77
13
10
9
8
12
18
4
4
4
16
21
6
6
93
3
5
17
1
12
1
11
7
2
91
12
5
23
5
19
184
11
14
62
8
12
3
22
10
11
13
9
3
17
5
6
10
30
1
36
23
12
76
2
4
21
12
10
16
25
3
21
4
5
10
36
25
25
7
70
11
7
5
20
11
21
7
11
22
4
7
10
16
32
14
8
63
17
15
10
26
9
18
20
13
4
5
18
4
10
14
28
19
145
14
4
80
8
6
10
2
20
5
13
18
13
16
17
2
5
7
12
25
91
14
11
67
3
18
7
28
18
23
4
40
33
11
10
12
34
2
8
15
5
13
17
15
76
3
8
6
28
17
30
14
17
28
3
17
35
37
2
6
14
35
10
13
2
90
17
5
10
4
11
2
16
4
27
13
90
9
102
12
6
9
10
11
3
3
12
3
9
17
136
7
104
16
6
2
9
9
21
9
6
33
18
2
6
16
12
65
1
1
16
19
25
23
29
7
14
20
4
16
32
1
7
17
29
30
12
12
54
7
6
4
22
21
28
26
47
10
20
2
9
5
1
9
20
32
20
29
19
7
75
12
13
20
9
23
14
9
13
23
13
3
5
14
6
172
3
19
5
82
1
20
18
29
23
29
18
27
3
15
26
7
19
5
29
3
9
88
17
21
9
18
11
2
19
5
4
14
20
4
4
92
19
16
13
15
1
9
4
2
5
5
71
12
3
18
9
23
7
23
47
7
16
6
194
1
17
4
74
3
16
3
9
4
9
7
7
13
33
17
5
70
13
1
16
7
39
12
7
39
7
14
20
30
13
71
1
9
2
11
5
10
24
7
11
3
10
8
77
2
9
2
10
9
4
6
14
194
2
1
77
10
6
1
3
11
3
2
2
12
83
9
1
26
15
2
71
5
45
4
2
7
7
47
4
4
75
3
3
1
8
5
192
13
80
4
6
4
51
25
7
85
1
23
1
5
4
6
3
3
58
15
7
70
5
3
5
5
2
6
2
2
14
13
64
19
3
15
6
7
1
13
136
11
5
85
2
7
8
4
5
3
31
86
17
16
57
8
18
2
8
25
2
15
13
6
10
7
26
7
15
3
89
14
7
9
3
2
10
119
9
89
1
16
16
69
1
5
16
2
6
23
3
16
6
7
16
19
135
1
15
10
60
9
16
19
10
10
19
2
22
17
6
8
2
15
5
12
9
53
11
8
11
1
8
25
21
9
12
25
6
7
9
22
1
25
21
68
4
14
1
10
28
12
3
26
7
5
32
36
36
12
10
75
1
9
2
6
5
4
10
21
4
5
25
6
176
22
19
59
32
12
12
3
6
29
4
4
3
12
10
8
15
25
14
4
82
6
3
6
10
4
1
5
32
12
2
71
10
34
3
11
1
2
10
10
8
73
1
6
3
3
14
197
9
6
78
3
3
5
6
7
14
3
3
11
16
6
5
77
4
1
19
8
2
3
4
5
82
7
1
5
4
11
1
81
6
4
6
11
209
6
3
3
64
12
1
8
5
6
6
9
2
9
5
7
2
2
5
77
16
6
7
4
6
3
3
8
1
15
10
67
7
13
6
13
2
14
17
23
10
12
16
17
7
3
2
83
6
8
1
7
2
3
18
198
7
10
2
81
9
2
2
6
2
14
40
23
9
68
4
8
6
5
25
16
5
11
2
11
11
1
23
14
12
7
79
3
15
7
5
8
27
13
4
77
2
1
1
1
8
4
14
19
163
6
89
2
4
95
5
10
2
76
3
3
4
3
11
14
16
87
3
6
19
3
4
20
20
10
100
9
2
13
2
107
12
12
5
50
1
6
2
8
12
6
3
18
7
20
1
8
11
27
146
6
6
91
3
2
24
11
2
3
28
11
20
3
89
2
2
7
12
6
5
8
2
3
4
26
18
5
8
67
12
6
4
3
12
6
16
4
17
10
2
6
6
4
4
54
22
15
8
81
10
3
16
26
14
2
3
2
13
21
174
16
26
10
75
3
1
14
5
11
14
26
21
4
38
23
3
5
4
26
22
16
13
9
78
10
3
2
12
8
7
5
24
3
13
26
1
3
3
3
10
18
23
9
86
6
1
4
12
6
2
1
10
23
17
9
5
99
7
5
2
1
191
8
26
10
78
4
3
6
15
12
17
6
13
6
2
21
4
4
20
36
5
20
12
73
11
7
11
9
14
32
3
6
8
20
1
3
34
41
10
10
10
82
4
10
10
6
10
26
16
18
14
12
3
4
17
32
18
74
6
6
9
19
20
20
22
27
28
9
6
32
24
1
7
9
26
31
20
205
13
20
8
94
12
6
7
8
8
4
2
2
2
4
48
6
4
1
19
3
99
6
9
14
12
3
13
6
10
1
5
5
12
47
12
8
12
8
78
5
12
10
16
17
48
14
9
20
7
10
1
15
12
11
8
76
4
9
9
8
15
13
1
8
12
6
9
7
1
15
183
13
6
86
15
11
5
6
3
7
12
13
1
5
8
14
1
17
38
17
12
57
1
5
3
11
5
11
24
7
4
9
11
8
23
15
7
16
12
70
5
2
7
18
14
20
21
5
11
7
2
9
12
19
32
17
5
83
7
5
1
1
4
5
7
6
16
135
9
14
4
70
7
6
2
2
5
6
8
1
18
12
81
6
19
4
71
5
9
3
20
15
5
8
18
21
15
2
76
9
1
11
5
11
4
28
7
12
16
18
31
1
14
82
3
9
4
2
7
5
7
5
16
27
73
4
6
85
12
8
3
3
10
21
125
2
104
20
11
6
1
3
17
12
94
17
16
11
15
5
7
9
31
3
17
9
56
12
11
3
4
12
21
10
25
13
13
23
48
17
4
2
89
30
6
3
38
163
8
4
80
9
8
3
3
7
6
19
47
27
14
63
6
4
3
12
3
1
56
15
36
4
3
13
12
21
48
78
3
22
7
86
14
2
16
4
42
68
1
9
11
78
8
15
6
6
78
190
1
13
1
93
3
3
4
5
12
80
3
16
4
81
3
1
8
3
3
1
26
17
5
7
20
71
9
23
18
76
4
2
9
7
12
1
23
2
6
23
22
112
7
23
12
95
1
36
9
14
3
5
8
118
201
4
22
12
75
5
16
22
2
10
5
3
1
19
32
129
2
29
22
65
12
4
12
1
8
32
41
12
3
21
7
2
28
36
156
2
16
16
79
1
1
7
14
1
7
5
14
22
1
16
2
23
12
159
13
10
88
9
2
11
5
12
8
4
10
25
160
180
26
17
80
8
11
4
9
19
1
27
3
19
11
175
44
13
10
99
3
7
1
8
18
10
16
12
21
6
191
12
13
81
6
16
3
12
35
1
18
3
7
4
4
2
20
27
200
3
16
12
63
10
9
8
18
10
9
22
30
11
16
3
11
4
6
7
23
29
207
145
8
10
5
93
7
5
9
8
7
25
9
27
15
2
15
219
92
21
18
72
3
15
7
19
21
1
1
14
22
3
4
9
8
27
257
13
2
71
4
2
2
4
11
4
6
9
5
1
10
2
5
8
27
253
8
79
7
2
4
2
5
5
2
249
99
3
3
88
14
9
2
4
2
2
7
3
9
18
268
143
10
9
74
18
11
12
12
10
37
6
2
9
3
4
8
16
6
23
286
17
1
59
1
13
17
10
7
8
22
8
1
8
18
7
17
275
5
82
5
14
2
6
3
6
6
14
1
9
274
26
8
5
77
5
6
4
7
16
7
3
7
13
20
293
173
81
4
7
16
2
4
7
267
5
7
1
81
5
12
5
7
7
269
6
1
5
52
1
2
11
8
1
8
9
2
21
273
3
2
65
2
3
4
1
252
196
13
5
74
1
7
3
236
10
80
9
229
4
3
66
7
4
10
207
14
12
8
55
1
10
17
3
7
1
14
182
193
17
7
79
9
1
11
169
6
15
5
67
9
4
2
3
28
142
2
7
7
75
7
2
6
2
3
6
3
126
6
7
1
84
7
10
23
7
111
179
14
11
13
83
6
2
2
5
9
74
42
7
9
7
104
7
6
14
6
11
36
11
13
17
78
5
1
33
25
1
11
8
2
26
8
37
13
16
14
72
8
5
7
1
29
19
9
4
2
9
26
11
138
6
19
17
76
6
3
5
1
7
17
9
3
12
27
85
20
25
70
7
3
15
2
9
29
19
2
1
21
4
2
32
24
7
16
10
82
9
19
3
10
14
9
2
21
22
1
1
18
16
9
23
13
76
12
8
1
17
5
12
22
1
17
24
3
3
3
10
18
92
19
12
7
74
11
5
9
18
10
12
7
44
9
5
2
6
3
7
13
14
137
12
15
8
83
3
5
15
18
12
14
5
19
3
4
12
9
21
7
7
4
81
3
1
5
10
15
9
11
2
2
6
8
4
11
5
12
7
13
81
6
12
14
16
12
7
1
12
24
5
3
14
9
14
27
8
17
5
81
7
18
8
14
6
21
19
4
15
12
30
178
3
4
3
72
3
5
9
14
3
8
2
15
18
4
8
16
12
13
1
11
2
73
3
12
18
11
12
9
8
1
1
3
8
9
21
4
27
78
9
16
7
7
4
1
7
18
2
90
8
8
1
11
4
12
189
1
118
12
6
7
4
6
57
3
7
12
16
11
10
39
11
1
7
15
4
14
25
14
6
14
12
43
2
9
9
18
12
10
6
2
17
3
14
25
30
20
2
7
103
6
1
7
5
19
206
2
9
12
58
5
15
6
8
9
9
18
3
8
19
19
7
9
5
61
25
11
2
4
4
12
13
5
14
9
78
5
5
4
11
4
3
6
19
8
13
17
80
1
5
3
21
2
4
3
8
16
18
173
11
10
9
84
13
1
16
3
14
29
8
25
14
81
8
6
6
5
29
6
20
15
79
3
1
1
13
9
1
1
8
21
7
13
12
66
3
3
24
6
25
4
4
2
33
18
136
10
16
5
87
1
5
1
2
14
81
3
10
7
91
13
34
3
6
2
10
3
25
16
83
26
5
20
47
1
15
12
79
6
2
7
14
83
5
11
82
5
1
6
2
2
132
18
14
92
1
19
48
2
16
9
9
81
10
3
4
1
9
12
5
35
22
77
50
11
8
25
58
17
9
26
11
86
4
9
16
7
6
12
39
171
6
9
16
63
8
5
10
11
1
26
3
5
5
6
1
29
2
11
8
12
82
29
3
12
8
17
5
92
19
6
1
1
19
13
6
1
10
14
16
36
27
96
7
16
12
14
19
21
5
12
2
53
28
11
2
30
21
191
13
17
13
90
14
4
4
3
3
15
1
3
30
2
21
15
57
9
7
18
17
23
16
52
17
25
28
3
6
5
10
17
37
10
19
21
76
5
4
2
16
12
23
8
30
6
17
23
7
4
7
38
6
14
17
87
8
10
13
15
16
9
9
28
21
4
3
9
29
25
196
3
24
19
71
10
8
13
20
23
21
30
9
18
2
37
27
7
8
17
25
43
17
2
99
8
3
6
11
6
12
13
16
1
4
10
9
7
2
91
1
12
3
7
8
3
4
1
4
9
5
3
18
53
5
2
10
14
12
14
27
45
4
2
1
7
7
9
16
19
27
175
7
23
12
83
4
1
3
1
21
11
3
5
8
6
7
35
14
93
15
6
2
4
15
10
11
70
5
16
3
10
1
38
21
19
3
8
15
24
8
16
10
72
12
4
9
7
4
8
12
15
7
143
4
3
92
7
2
1
8
90
16
17
70
27
11
6
7
4
16
10
2
11
10
67
8
6
3
18
3
8
7
6
13
1
86
37
3
2
2
99
12
18
12
66
10
3
10
3
22
10
14
7
8
6
12
14
8
24
144
30
20
13
84
2
7
9
4
6
4
6
8
37
9
11
10
7
41
25
16
10
91
3
7
1
5
5
3
44
19
25
9
86
5
5
1
1
5
7
4
13
42
21
30
1
71
3
2
1
6
4
2
10
7
19
7
3
8
5
19
165
30
9
11
67
3
2
2
28
20
1
7
5
9
3
17
24
11
5
84
12
1
3
6
3
14
17
2
1
93
3
4
5
14
8
11
78
28
12
3
5
10
12
200
9
3
4
69
20
4
5
14
12
6
77
5
2
3
7
6
7
14
6
14
11
61
1
9
12
1
3
4
5
5
8
10
6
21
3
20
3
8
73
5
3
1
5
6
3
3
205
19
1
9
59
6
14
7
6
6
6
9
1
6
2
2
16
2
87
11
6
1
12
8
83
20
9
17
20
8
59
32
8
7
6
9
24
180
19
13
11
90
5
1
24
34
14
17
15
68
6
6
2
1
23
15
18
9
75
5
3
21
9
5
8
101
6
11
129
19
14
12
66
31
8
10
8
79
14
15
12
70
12
10
7
5
34
11
11
10
86
5
8
8
9
19
6
74
5
1
5
5
14
28
77
8
13
4
98
5
2
31
129
6
10
6
79
7
4
1
1
5
3
9
4
64
7
1
11
13
11
7
6
27
15
13
6
6
6
13
9
9
1
1
2
82
12
17
2
12
4
21
2
2
11
19
20
5
5
8
68
15
7
2
5
39
2
3
9
13
166
3
98
10
5
5
16
105
37
10
3
8
12
13
48
6
2
15
16
20
20
51
9
9
19
14
4
9
20
20
31
10
28
28
63
1
12
16
28
23
56
16
16
26
1
34
31
11
9
20
36
61
202
5
7
14
74
3
9
10
16
15
15
14
1
6
6
19
17
6
8
16
16
6
8
9
7
63
13
15
19
25
21
23
1
21
9
5
8
19
14
2
13
23
14
83
6
9
6
9
7
11
9
7
4
2
9
16
30
12
13
17
73
4
7
3
7
2
18
10
27
10
5
1
7
7
11
204
17
12
7
73
7
3
10
5
9
3
10
19
1
21
3
5
2
8
28
10
15
19
11
86
13
10
4
8
18
23
1
2
1
7
28
20
7
14
12
80
1
5
1
5
5
1
13
16
2
10
12
6
3
5
7
15
4
1
19
16
77
8
1
1
28
13
18
8
3
21
20
6
192
7
8
10
84
9
2
19
4
5
4
1
9
26
65
1
4
12
85
9
4
16
32
4
9
9
85
9
1
3
1
9
2
13
2
78
10
2
3
28
3
5
149
8
10
6
73
17
6
4
1
3
11
102
2
79
25
5
10
7
11
1
8
24
13
69
3
1
39
18
6
7
14
51
16
11
16
62
8
7
2
3
24
1
4
5
2
5
9
4
19
102
14
3
5
81
11
2
1
17
9
5
5
161
4
20
9
83
7
9
6
4
3
5
20
14
6
82
9
3
1
1
4
16
8
5
14
82
13
3
10
5
4
9
14
6
6
4
14
18
21
6
8
9
99
6
6
8
3
1
7
173
1
25
14
66
6
4
10
5
9
1
4
34
30
9
7
7
5
15
34
7
14
12
75
11
8
7
5
2
19
3
6
4
5
5
18
20
10
10
116
16
6
10
14
9
5
70
25
5
10
13
3
10
1
7
9
2
13
183
26
14
16
73
2
8
10
18
8
13
1
8
5
16
4
8
13
10
13
21
16
11
84
4
2
14
4
11
17
15
11
19
25
4
5
10
23
23
2
20
14
11
65
10
7
16
19
15
18
24
8
16
17
16
3
9
19
13
12
5
22
19
12
80
4
1
14
12
18
13
22
14
15
2
6
16
11
51
187
23
11
8
75
12
9
11
11
17
3
12
7
1
6
14
17
14
7
13
6
4
74
9
5
15
15
18
21
7
15
8
2
8
19
11
18
5
1
3
77
32
19
6
11
7
18
5
15
23
12
84
5
4
5
3
8
1
17
10
11
4
4
10
11
14
16
