5
11
14
16
11
12
1
8
1
10
7
2
2
10
10
3
2
22
8
8
14
13
9
8
2
16
3
10
2
2
1
9
8
2
5
6
19
6
14
8
7
9
8
1
9
6
1
5
5
1
13
8
9
6
12
4
7
2
3
11
6
13
8
9
5
6
8
9
8
5
15
8
8
6
16
12
11
4
1
13
9
7
5
8
10
1
11
3
3
13
9
5
5
3
1
11
4
2
3
1
11
10
5
5
3
13
1
1
2
10
11
5
7
4
14
3
19
1
1
11
11
8
9
3
14
8
21
1
6
11
15
10
13
3
5
17
13
15
1
8
10
18
10
15
2
1
7
19
6
5
9
8
4
10
15
10
14
1
3
4
17
5
1
2
13
16
14
18
8
3
3
5
20
3
1
4
14
19
16
20
1
5
10
5
8
23
1
16
11
1
2
13
16
12
17
7
2
8
1
6
21
6
73
14
14
16
19
5
7
2
4
20
7
147
3
17
13
20
21
7
6
3
3
20
3
194
3
19
10
19
18
3
13
5
4
2
18
1
184
3
18
8
20
15
3
21
3
10
16
99
1
3
5
19
7
26
17
5
24
4
14
1
1
17
1
2
5
4
16
5
21
5
26
16
1
21
3
12
1
16
6
14
6
22
7
28
18
3
2
17
7
6
6
1
18
3
2
1
10
4
19
5
26
15
7
13
6
10
15
10
3
3
3
14
20
10
1
13
11
8
9
3
5
16
21
13
3
17
5
7
25
9
13
3
8
5
18
21
13
1
14
8
6
10
10
11
2
4
5
17
20
13
14
6
8
10
9
11
2
7
2
6
19
1
21
16
18
2
18
8
12
13
10
17
3
17
9
5
4
18
1
20
16
1
8
11
21
11
10
15
9
10
1
5
9
5
17
17
12
1
6
9
17
13
10
18
6
15
3
3
9
3
6
18
2
17
11
3
7
12
18
13
11
9
6
18
6
8
10
2
6
18
5
17
14
4
9
10
21
15
10
20
8
14
1
8
10
16
6
3
20
9
17
16
6
10
13
21
14
8
23
2
11
17
6
10
11
8
6
4
18
10
14
13
3
10
11
11
10
3
9
1
10
16
4
11
7
1
7
5
19
11
12
11
1
16
8
5
12
9
10
15
1
11
6
5
9
6
4
19
12
15
15
2
6
12
14
11
9
2
13
18
4
7
10
7
14
3
4
15
12
18
15
1
6
13
14
6
25
3
14
16
7
6
9
18
3
4
15
10
12
10
6
8
1
1
2
12
10
9
2
18
4
2
16
10
11
10
6
8
5
6
2
13
13
11
1
3
5
1
4
3
16
11
12
11
1
7
1
8
3
6
4
13
17
9
5
8
10
3
1
14
7
8
7
3
3
1
1
11
12
3
4
3
14
7
7
6
2
4
1
11
3
3
14
8
7
6
1
4
1
12
3
11
8
5
5
2
10
4
9
6
2
4
7
7
2
2
10
5
11
8
5
6
2
9
9
4
2
4
3
14
14
11
13
7
8
5
1
1
14
5
2
1
3
5
1
16
13
13
16
4
10
5
8
1
14
7
5
5
7
3
3
3
16
14
12
16
12
13
20
1
14
13
1
3
3
5
15
16
13
17
5
4
17
8
1
15
14
3
7
1
2
5
18
18
18
21
3
7
19
1
18
1
18
10
3
1
4
3
1
5
17
19
18
20
14
2
12
18
5
5
1
18
1
2
1
2
2
9
17
21
24
24
11
9
11
22
1
10
4
19
10
3
7
3
10
3
7
17
20
23
23
9
4
11
21
2
20
3
19
14
1
6
9
1
3
5
3
19
18
22
22
1
14
1
14
20
6
11
1
19
14
3
7
5
4
15
16
2
4
3
19
17
25
21
2
1
1
11
16
18
6
4
2
19
13
4
8
6
6
14
7
10
3
18
13
19
16
4
12
12
10
3
1
1
17
9
6
4
5
6
5
3
19
11
20
16
4
9
8
1
17
2
17
12
5
14
4
5
13
4
18
8
17
13
5
1
11
6
10
1
14
6
8
9
5
3
3
4
16
3
16
10
2
3
16
5
1
10
4
8
12
5
7
2
15
3
17
10
2
14
8
11
10
10
8
5
16
5
4
3
9
3
16
3
16
10
4
19
15
8
6
15
10
10
4
18
5
6
9
1
5
18
1
17
9
2
27
20
9
8
11
8
12
3
25
11
4
7
5
18
1
16
10
3
5
7
23
12
10
12
7
11
7
25
11
6
9
6
20
2
16
11
6
9
19
12
10
11
8
13
11
34
9
8
12
7
19
14
8
7
13
15
8
10
12
6
15
15
35
9
7
13
7
19
1
15
9
7
13
1
14
8
10
12
7
14
12
37
13
9
13
5
16
18
8
7
13
1
16
6
11
5
5
11
5
42
15
3
11
18
4
5
14
15
5
6
11
3
20
1
10
4
3
10
7
45
12
6
3
7
5
15
11
3
14
7
18
12
3
5
3
45
10
1
1
3
1
5
16
13
1
10
1
19
14
1
3
2
4
49
9
12
6
16
11
3
9
17
12
10
2
7
8
56
10
4
12
5
9
9
5
3
58
5
1
2
11
4
6
5
3
3
5
66
1
2
10
1
3
4
2
8
65
2
2
12
3
9
1
7
1
69
1
1
14
1
5
1
6
3
11
3
77
8
11
3
2
2
5
12
80
19
11
4
1
2
5
12
79
4
6
1
10
4
2
3
11
1
86
1
4
12
8
1
3
2
5
14
101
1
2
9
1
1
13
6
4
5
4
15
110
13
4
5
2
11
7
4
4
5
15
2
1
113
16
1
5
11
6
2
4
1
4
14
5
3
116
9
1
10
3
2
11
127
8
4
5
4
1
11
132
8
1
2
1
9
131
9
1
1
9
126
4
11
5
5
1
11
131
2
21
11
5
5
4
2
12
131
4
13
11
5
10
6
3
1
13
130
1
9
13
8
12
8
3
1
1
13
121
5
13
8
14
11
3
4
2
1
13
113
9
13
8
15
12
6
7
1
13
102
12
7
12
9
4
5
1
12
86
11
6
12
9
4
2
2
1
12
79
7
12
6
14
11
3
1
13
65
3
11
7
16
14
8
4
3
13
1
58
3
9
6
16
15
7
5
2
12
5
51
5
8
3
11
9
2
3
9
3
34
10
8
2
14
9
4
3
6
9
6
28
18
4
7
2
13
8
6
7
1
9
7
19
14
5
6
7
3
3
1
8
5
7
5
10
2
13
8
2
2
4
1
4
11
11
3
8
10
10
6
1
1
3
9
4
3
8
7
1
1
3
8
2
1
6
4
1
3
7
1
5
1
2
5
5
4
3
4
5
4
1
3
3
3
6
2
2
1
3
3
2
3
3
2
12
2
2
3
10
2
4
6
9
5
1
1
4
7
5
1
1
2
2
1
1
5
7
1
9
4
2
3
7
3
3
3
4
3
9
4
1
4
5
3
4
9
9
5
6
3
3
1
4
9
7
6
1
6
7
6
7
4
4
10
10
5
6
6
3
7
3
10
11
7
7
3
6
2
4
12
5
8
1
7
8
2
3
3
10
5
8
7
1
2
2
2
11
4
9
10
2
4
4
13
12
7
8
12
3
5
5
13
3
11
7
16
5
6
8
7
15
14
3
8
7
12
3
7
5
13
2
6
8
3
8
4
1
4
11
2
4
7
1
5
4
4
11
4
5
8
2
8
3
5
10
8
2
5
6
3
6
1
3
3
8
2
19
10
4
3
1
3
2
6
1
9
4
1
1
2
6
14
4
1
3
6
2
2
16
2
4
1
2
1
3
5
6
4
16
7
2
4
1
1
1
2
5
7
3
4
5
10
4
5
4
1
1
11
1
4
8
12
6
7
2
4
3
4
4
2
1
2
3
7
9
15
9
3
1
3
5
3
13
2
7
3
1
13
4
1
1
1
3
2
1
1
1
7
6
2
1
1
5
8
3
8
1
1
2
5
6
6
17
1
2
7
6
2
18
1
7
2
7
8
11
3
1
3
6
5
3
5
10
3
2
3
3
3
5
8
7
12
21
4
3
4
1
4
2
4
5
8
5
3
9
6
5
3
3
5
3
8
4
5
3
10
4
6
7
13
1
1
1
2
3
7
3
1
3
5
2
2
3
4
1
2
2
1
2
3
17
6
3
5
6
4
1
2
5
7
3
13
15
8
6
7
6
1
4
8
10
1
15
5
8
6
1
3
8
2
9
12
3
6
8
7
3
3
5
8
1
2
4
13
1
5
4
2
6
4
2
7
6
1
2
7
10
8
1
7
6
2
2
7
1
4
3
7
7
1
1
5
7
2
4
3
9
9
2
6
6
4
2
3
8
4
3
4
2
6
5
4
6
3
7
11
6
1
7
8
6
3
1
9
3
7
9
5
6
2
3
4
3
2
12
10
5
7
9
9
8
3
4
3
4
3
12
1
2
12
5
5
3
3
5
9
2
2
1
4
1
8
6
1
13
10
4
1
6
3
11
9
7
5
2
5
5
2
12
5
3
2
3
1
3
12
1
2
10
1
1
1
4
1
6
5
10
2
2
8
4
2
9
13
1
18
8
12
2
18
2
3
1
9
10
1
10
7
9
19
1
6
1
3
7
11
12
18
11
6
3
1
11
11
25
20
7
1
5
3
11
6
18
15
8
7
6
3
13
22
11
3
9
4
15
22
2
2
9
3
6
8
1
11
11
7
6
1
6
2
1
10
3
2
4
5
2
6
1
1
3
9
1
3
1
2
3
1
3
2
3
1
4
19
2
2
1
7
6
5
5
3
5
12
7
4
1
2
1
3
2
7
7
7
5
2
12
2
7
3
3
2
1
2
8
6
6
5
12
3
11
4
3
1
4
11
5
4
10
7
8
5
5
4
5
3
19
1
15
7
4
6
3
4
4
3
4
1
11
6
7
5
8
4
7
1
12
5
2
4
12
10
9
4
10
9
9
5
3
10
9
13
8
9
1
8
4
3
6
2
7
8
3
11
9
9
7
3
9
6
14
9
5
4
2
9
3
3
4
7
3
3
11
9
9
9
4
12
11
8
4
7
1
9
9
3
5
1
1
3
9
8
12
9
2
12
9
8
4
12
9
9
3
5
1
9
7
8
7
3
13
5
3
4
8
5
1
4
11
3
8
5
4
3
1
4
10
1
6
3
10
5
4
4
5
3
1
5
2
9
5
3
1
4
7
7
3
4
8
11
2
1
7
1
6
1
7
5
2
4
10
3
1
12
2
1
1
6
4
11
8
3
8
1
3
20
1
4
4
6
8
3
1
3
2
11
5
1
4
3
3
18
4
1
5
2
5
3
11
1
14
4
4
3
4
13
3
1
3
1
5
3
2
1
2
4
3
2
4
5
7
15
4
2
9
1
3
1
2
2
1
2
1
1
20
4
3
2
2
1
2
4
15
16
5
3
1
1
4
1
3
3
3
5
4
1
2
1
2
3
1
4
2
10
9
6
1
6
4
6
8
6
26
11
10
11
7
1
2
8
5
8
6
7
3
13
9
12
2
7
1
5
5
6
6
10
6
11
12
3
14
5
11
1
5
1
11
2
8
7
12
9
1
1
5
12
3
16
7
12
5
7
13
7
5
7
12
10
2
2
4
4
13
4
18
9
13
2
5
11
5
13
1
7
1
6
13
12
2
5
5
10
10
6
17
10
14
1
8
14
6
15
4
13
7
1
4
4
14
6
8
13
10
14
3
4
9
10
15
3
12
3
8
6
8
13
5
10
10
12
7
12
2
11
8
2
4
7
10
13
5
8
4
6
12
6
3
11
7
2
5
6
10
12
11
10
3
14
3
11
3
10
1
4
1
9
8
6
5
1
6
1
7
1
18
9
8
6
6
1
8
5
6
3
11
10
11
10
4
14
6
6
7
9
8
4
3
12
9
12
10
9
14
5
11
11
8
6
4
3
2
12
9
14
11
3
25
15
7
5
9
9
5
6
5
6
8
1
1
13
9
13
11
4
20
11
16
9
10
9
11
13
9
5
1
4
3
1
13
5
13
11
8
21
5
16
7
7
12
7
15
4
52
9
9
1
10
1
11
8
6
8
14
5
9
17
4
14
2
124
8
4
2
1
8
8
5
7
15
3
12
1
9
2
4
4
183
14
1
7
2
7
10
4
9
15
5
19
10
13
7
7
215
11
2
7
20
9
11
2
8
11
1
24
23
2
10
4
183
17
16
13
8
10
8
19
23
22
4
86
19
7
14
3
3
3
12
11
12
14
11
1
5
1
9
8
2
2
6
4
2
3
2
5
3
5
1
3
2
3
6
2
3
3
3
7
5
7
3
8
1
1
8
2
7
3
8
5
5
6
14
8
4
2
6
18
2
5
7
7
3
11
6
5
18
2
3
5
5
3
8
2
7
5
10
2
2
2
2
1
5
7
5
4
3
3
6
3
9
7
5
1
5
4
3
2
8
2
9
6
7
3
1
2
1
4
3
3
3
14
3
6
9
3
1
4
5
2
2
4
7
2
6
8
4
7
3
2
2
3
3
19
7
12
7
5
8
3
3
5
3
3
11
9
16
7
12
2
12
8
2
2
8
4
1
2
9
8
9
15
7
13
8
1
22
2
2
8
5
4
1
10
13
11
19
9
14
3
3
3
16
9
1
1
9
9
5
4
10
14
3
22
13
19
8
8
18
5
23
15
2
11
12
3
12
15
3
22
13
20
1
16
5
25
29
2
12
10
5
6
7
5
15
2
22
11
19
3
2
21
19
12
1
10
11
2
10
3
9
12
16
4
23
12
21
8
3
22
5
20
5
22
1
1
10
10
5
2
15
13
7
6
20
6
28
16
24
10
17
12
27
3
26
2
4
14
16
1
7
2
16
13
1
8
18
7
25
17
23
12
14
12
30
8
26
1
5
13
20
13
7
18
4
1
8
14
8
20
17
23
13
14
14
28
10
28
2
4
12
22
18
9
17
9
25
10
6
17
13
18
9
10
14
21
7
14
1
1
9
20
12
7
12
22
5
4
13
8
12
3
2
14
9
16
8
4
8
7
1
11
8
14
2
6
11
11
14
5
8
13
6
18
18
5
10
12
10
2
3
2
1
7
9
11
14
4
5
7
7
15
3
17
4
9
11
9
1
5
4
6
10
9
13
5
16
8
15
6
15
4
12
14
8
5
1
1
4
8
13
14
2
8
9
14
2
14
4
13
14
6
1
3
4
7
9
2
7
7
7
1
4
8
4
10
5
4
7
9
4
6
4
1
15
1
10
12
5
9
4
3
7
9
1
4
6
2
2
4
1
12
3
14
2
9
6
1
2
1
2
3
2
6
7
5
12
3
1
9
1
1
9
2
1
12
1
1
1
8
2
6
2
17
4
2
10
7
3
10
3
14
2
11
1
6
7
2
7
9
14
9
2
14
3
4
9
19
3
7
2
2
11
3
18
5
3
19
10
1
1
14
28
4
10
1
3
4
15
27
6
5
4
3
3
9
23
13
3
7
7
2
11
9
24
1
11
4
5
2
7
7
33
23
9
5
3
5
13
40
14
16
14
11
3
9
6
8
13
46
8
1
3
15
11
7
4
7
5
10
8
58
3
2
9
7
1
8
7
1
2
4
10
8
64
8
6
1
5
10
7
6
9
3
9
4
67
11
5
1
9
11
1
4
9
4
6
4
3
1
12
2
77
7
8
12
3
17
18
3
6
9
4
8
2
5
4
1
14
7
90
2
8
18
4
5
19
5
3
11
10
11
12
2
3
3
8
5
3
1
16
12
102
9
9
2
9
2
1
8
9
7
18
9
2
9
4
19
6
105
12
12
2
3
8
7
2
19
5
3
17
7
108
12
9
19
3
13
4
1
3
14
9
4
12
3
3
16
2
1
1
18
13
119
13
12
37
5
21
6
2
3
9
5
16
12
10
11
5
14
10
23
3
1
3
15
18
134
17
14
21
12
23
9
8
2
5
13
7
13
15
14
10
10
15
14
20
6
2
5
22
20
147
16
19
2
10
14
14
4
2
2
11
5
15
14
11
17
9
15
10
20
3
2
26
16
148
17
21
18
2
1
1
12
5
11
11
24
8
10
9
11
1
1
16
15
155
16
15
9
5
2
3
1
13
7
10
12
2
17
11
5
13
16
3
19
13
163
16
15
5
1
2
5
4
12
8
13
13
19
14
14
11
12
23
1
4
22
10
164
18
17
4
7
14
14
1
5
4
18
9
13
14
7
7
13
11
11
9
1
4
18
14
166
20
14
5
13
12
18
6
4
20
11
17
16
9
9
16
11
18
15
4
20
18
173
21
16
12
9
5
6
3
16
10
12
15
17
12
21
14
23
19
3
28
14
172
16
17
24
6
5
14
6
16
10
22
13
16
9
16
6
24
16
161
18
12
29
1
1
5
12
4
20
10
25
21
15
4
16
20
21
156
23
14
31
3
10
4
14
3
26
5
14
16
13
12
18
144
18
8
18
7
5
1
14
1
11
9
8
7
8
16
131
7
1
27
4
2
2
16
4
9
5
9
5
7
14
119
13
3
6
15
1
1
18
2
10
7
6
1
13
14
108
15
5
24
11
18
1
23
8
2
5
14
19
24
94
18
9
28
14
15
3
27
9
9
3
7
19
14
1
22
29
87
26
7
23
12
10
24
10
22
6
5
11
5
3
23
26
76
24
8
22
3
3
23
10
18
2
10
1
17
25
63
22
8
21
8
22
7
19
4
2
18
27
50
12
9
28
11
4
22
5
17
1
3
2
13
27
43
18
5
23
3
11
21
19
3
26
33
18
24
7
28
26
1
24
3
14
32
18
13
1
29
11
36
24
1
16
1
4
3
18
25
15
16
4
22
8
14
20
3
1
15
25
10
13
1
26
15
23
3
6
1
3
22
29
9
18
6
27
18
6
7
23
2
17
8
9
3
17
27
4
20
2
31
14
27
8
28
4
18
12
10
5
19
31
20
4
28
15
21
5
28
8
12
3
2
8
6
18
29
21
8
30
14
23
12
30
5
13
3
12
1
7
16
35
26
2
30
12
23
11
3
29
9
7
8
18
8
20
37
1
26
10
24
12
12
11
1
27
11
7
12
11
12
6
12
31
23
11
34
13
2
28
6
36
12
13
13
5
19
31
24
10
38
16
4
4
27
7
39
16
22
16
4
27
28
26
12
24
19
28
1
4
27
11
20
7
18
1
19
9
6
23
26
25
15
10
8
26
2
23
7
21
3
13
14
12
3
21
22
18
11
10
3
12
2
23
5
20
14
16
9
3
17
