35
11
17
12
17
17
47
38
27
21
25
22
40
37
41
35
19
1
40
24
25
88
17
33
7
19
7
19
23
53
45
26
26
26
27
45
45
44
41
17
4
45
20
19
117
12
27
3
16
14
20
26
56
48
22
29
23
32
45
51
43
46
11
6
47
16
8
29
2
13
7
22
19
28
52
48
14
28
16
33
37
51
37
46
8
42
7
18
15
26
41
42
8
24
11
31
33
45
32
43
8
35
41
8
13
23
37
36
2
14
8
25
31
37
25
35
8
23
1
79
6
11
18
30
29
7
7
17
27
26
19
26
6
12
4
9
10
7
26
16
1
8
7
25
11
16
17
2
7
4
13
1
30
10
10
1
29
3
12
9
1
16
2
34
12
7
5
18
5
35
5
18
13
8
3
87
8
19
4
36
15
16
14
25
11
36
8
24
19
18
7
2
54
4
3
15
3
10
15
1
28
10
18
13
25
8
29
3
21
15
4
16
13
13
10
10
17
15
9
18
13
19
14
19
18
30
24
31
4
14
7
14
8
13
13
26
13
27
7
21
16
35
2
31
5
41
58
1
4
7
12
8
18
9
14
20
35
18
34
7
23
21
43
3
39
11
37
103
6
7
10
18
14
19
16
14
28
39
28
38
17
25
32
47
3
46
19
26
12
7
5
10
20
20
14
22
11
32
35
37
33
26
21
39
43
2
43
22
21
4
2
8
10
22
9
21
10
29
28
36
24
27
12
37
34
1
35
17
35
23
3
20
8
16
13
20
19
28
18
21
6
28
26
2
27
10
46
73
3
18
10
15
19
11
11
22
13
18
3
22
19
3
18
2
38
11
17
10
14
21
2
4
13
5
11
13
11
4
9
27
11
12
10
10
19
1
4
3
4
4
8
3
5
42
6
9
12
9
20
7
3
9
3
2
4
12
3
10
55
47
4
8
9
13
13
21
10
3
10
8
4
5
12
2
12
49
4
16
10
12
14
21
10
3
9
9
5
1
11
2
12
48
3
6
17
12
15
16
22
16
10
14
11
11
4
18
3
18
63
12
10
11
19
22
30
31
11
30
25
29
26
25
20
33
5
33
83
43
6
24
4
14
14
26
32
40
38
28
45
38
46
39
44
38
52
7
7
53
14
74
16
13
30
10
15
26
24
34
37
38
37
55
42
54
36
52
46
64
9
7
64
22
56
15
29
10
12
27
23
30
33
37
39
57
41
53
33
43
47
64
8
7
67
25
50
15
27
11
8
17
23
26
30
36
40
55
42
50
33
36
47
62
6
8
66
27
68
61
8
21
4
3
11
21
25
25
34
34
49
37
47
26
37
42
57
7
60
21
71
58
10
15
17
23
20
32
22
39
27
39
17
35
33
48
5
50
10
52
18
13
19
17
28
12
29
18
30
12
30
24
39
4
37
54
8
12
17
16
25
5
21
13
25
9
25
18
32
4
29
68
38
11
14
15
24
1
15
10
20
6
21
15
26
3
21
70
53
1
9
8
13
17
10
8
12
4
16
13
18
16
57
6
6
3
13
11
8
6
6
7
10
13
14
14
50
3
6
7
10
13
11
7
9
15
16
16
17
17
68
36
7
7
1
7
17
7
19
16
12
18
20
32
23
25
22
69
90
11
3
10
8
10
22
15
24
5
21
16
24
21
42
27
31
27
56
20
3
15
4
12
23
11
28
18
27
9
26
17
30
17
49
25
37
3
2
32
3
50
7
20
8
15
25
17
36
24
34
14
35
22
42
25
63
29
48
8
4
41
7
72
71
10
24
10
17
1
18
26
39
36
41
21
43
32
51
38
67
39
56
12
6
49
11
84
129
6
21
5
14
20
26
37
36
41
20
43
31
50
36
60
38
54
9
5
49
9
66
62
10
6
27
23
31
33
36
8
35
19
40
27
48
25
44
5
38
59
2
23
20
26
29
32
26
9
31
21
38
13
34
5
28
67
44
9
20
20
29
29
19
5
24
20
28
6
24
3
20
75
112
2
20
11
28
21
12
3
14
19
16
2
14
13
67
52
6
17
3
25
12
5
4
15
7
5
7
59
3
14
24
4
12
1
72
4
16
34
4
3
24
1
2
7
80
89
3
2
25
3
52
11
11
13
10
50
12
21
13
16
63
52
2
8
9
6
5
25
3
46
10
14
16
28
15
60
17
40
21
5
23
5
36
10
13
18
12
12
15
9
23
10
25
20
37
21
39
31
43
28
10
28
15
36
15
17
21
16
1
12
15
23
28
18
32
27
43
35
30
56
39
41
12
34
20
52
74
12
17
17
13
1
13
23
33
44
32
32
33
41
46
38
67
42
53
5
3
41
18
33
58
8
14
10
4
17
28
34
50
39
30
34
39
46
47
64
51
58
6
46
15
5
17
7
10
6
18
28
32
47
36
26
30
34
38
45
66
47
51
5
44
13
9
15
1
8
9
25
28
37
34
15
24
23
28
36
59
35
38
5
37
5
22
46
4
6
23
29
32
33
7
21
16
26
30
53
27
33
7
33
33
45
15
19
32
26
33
16
6
20
23
49
19
25
8
26
23
23
14
27
20
28
7
10
16
34
8
12
7
14
28
16
11
20
15
19
3
6
14
21
4
5
7
46
31
6
9
17
14
16
4
6
14
15
2
4
6
35
70
10
10
16
21
20
3
5
14
13
1
3
5
10
18
19
18
41
25
7
9
28
19
2
7
4
9
1
2
18
27
28
47
21
16
10
24
45
46
15
22
6
18
7
21
7
6
13
25
35
31
13
2
21
19
35
46
74
21
33
4
25
10
84
11
7
16
25
32
37
20
13
25
31
35
52
63
37
38
4
31
19
8
16
3
8
25
24
28
39
24
24
30
40
36
54
44
50
43
4
40
10
15
21
9
9
25
21
33
31
28
32
38
42
44
47
61
53
53
2
5
49
18
37
23
29
17
12
18
27
38
41
38
40
45
48
50
52
68
58
59
8
8
58
27
1
116
28
34
21
15
3
19
29
38
44
41
44
48
51
50
54
65
60
60
11
9
63
32
67
29
35
21
14
3
25
28
35
44
41
43
48
48
47
50
61
59
58
11
9
64
33
28
36
20
14
1
23
27
32
43
42
38
48
44
41
47
54
55
53
11
10
63
30
12
22
28
37
19
14
12
24
29
42
41
35
47
40
38
44
50
50
49
11
10
63
28
31
105
29
39
18
14
6
20
27
37
40
30
44
36
33
39
44
45
43
11
8
61
26
26
70
26
35
15
10
10
12
22
25
36
23
36
26
23
25
36
34
32
9
7
52
22
21
23
31
13
6
9
5
17
11
32
12
27
12
14
10
26
19
23
8
5
43
14
42
19
29
9
4
15
30
19
6
19
3
12
8
5
35
6
53
91
13
22
2
11
31
5
12
5
4
22
44
69
7
14
12
29
21
4
12
28
5
22
26
54
5
1
24
2
13
11
40
2
43
35
63
4
1
2
1
122
28
66
2
1
7
6
8
1
4
207
10
4
8
7
10
2
9
3
287
5
5
7
8
14
4
10
4
301
23
47
7
7
5
12
20
6
15
6
250
39
77
9
6
5
11
21
5
11
8
117
42
6
10
3
5
11
23
3
9
11
49
2
2
12
1
2
3
10
22
2
4
16
72
61
2
2
9
2
3
8
19
16
77
112
2
6
16
10
81
50
1
5
12
5
73
3
8
10
1
55
40
10
3
20
16
14
9
58
112
1
17
5
29
17
23
17
1
51
46
2
20
1
19
8
16
9
3
35
5
17
7
5
7
2
30
2
10
19
2
15
17
6
13
3
5
7
34
98
6
14
4
23
9
23
32
3
14
19
12
16
2
8
18
20
56
12
15
11
22
10
25
35
10
18
24
14
23
4
7
23
4
13
11
16
1
23
9
27
36
9
16
25
12
22
4
8
18
5
6
12
6
21
4
23
8
28
37
7
14
25
8
18
5
8
11
3
25
54
11
3
22
7
23
3
28
35
3
9
24
1
13
5
6
8
1
32
34
9
2
21
4
20
24
33
3
15
5
6
4
4
29
9
2
22
1
16
20
31
3
10
9
3
32
14
8
26
4
5
19
2
25
31
6
15
1
16
3
4
45
30
21
19
30
14
8
20
3
28
25
9
21
4
6
25
1
10
2
9
40
46
20
21
27
19
3
15
4
22
15
4
19
5
28
10
12
20
14
18
18
18
9
13
7
20
11
16
14
24
2
10
15
12
18
12
16
3
14
8
21
10
14
26
22
4
19
39
37
16
23
10
18
8
9
7
2
4
10
23
12
26
51
69
12
19
5
13
1
1
4
18
10
28
36
2
11
3
1
3
6
9
5
30
41
6
4
9
3
5
35
60
3
3
4
10
1
6
40
63
55
4
3
41
34
2
44
20
51
38
4
54
44
76
1
5
2
57
30
28
6
13
13
65
16
4
12
18
5
28
5
2
6
82
26
11
2
4
13
15
3
4
14
31
17
9
15
99
35
81
4
5
17
7
4
10
7
9
8
18
23
21
1
14
21
111
20
46
7
9
19
8
1
1
9
7
11
9
19
20
2
23
2
16
23
122
13
12
16
20
10
6
11
14
14
12
20
22
8
27
5
19
28
3
133
21
23
29
23
17
2
12
6
19
9
20
22
26
7
28
19
36
13
26
39
11
151
31
83
33
40
26
22
2
13
11
23
13
27
30
31
13
34
26
46
20
30
50
19
169
25
68
35
42
24
22
9
11
8
23
11
27
31
29
11
33
23
46
19
30
52
20
179
23
34
42
21
22
14
4
4
14
5
22
28
21
4
22
16
38
13
28
49
18
179
27
29
38
15
20
6
1
2
11
21
10
6
7
22
3
25
41
10
174
43
74
19
30
9
17
1
11
6
20
30
1
170
52
66
13
24
5
15
5
17
22
170
25
4
15
1
12
4
12
13
171
19
2
14
13
11
12
182
31
56
11
12
2
10
1
10
200
34
82
1
5
2
4
206
17
2
217
3
6
231
26
14
2
9
242
29
69
9
10
1
261
15
11
12
1
277
5
3
12
17
2
2
288
13
2
7
16
21
3
7
3
302
19
40
5
10
20
22
8
15
1
3
320
16
7
12
24
13
3
15
28
13
3
336
17
3
7
10
18
9
3
18
33
20
5
11
352
34
8
9
12
7
14
7
20
27
23
7
18
358
52
49
2
4
12
12
15
3
12
15
27
11
27
23
36
10
28
366
48
16
19
20
11
6
13
12
19
13
10
30
31
41
22
25
32
55
25
7
46
16
384
34
29
31
18
12
25
14
30
19
21
39
45
47
35
30
48
61
39
13
3
59
25
389
37
28
34
18
15
24
21
44
32
36
38
52
47
45
36
65
56
47
14
10
64
24
380
58
83
19
28
9
14
26
20
52
30
44
29
50
37
50
27
72
46
50
8
15
61
14
368
45
74
11
3
32
12
50
21
43
9
36
18
41
13
67
27
39
13
45
334
22
32
5
44
12
38
18
1
28
3
55
11
25
12
26
296
21
22
4
43
14
40
6
20
2
50
4
15
12
13
262
32
44
14
5
43
19
43
14
3
51
8
13
2
225
32
52
14
7
39
24
43
7
2
54
1
12
189
32
14
7
33
32
40
2
5
53
9
154
37
6
6
29
35
32
4
8
46
6
120
41
27
2
12
30
42
27
1
17
28
49
13
4
7
113
34
60
10
17
32
40
27
21
9
31
44
60
26
31
4
30
113
20
1
13
25
16
37
30
32
6
41
26
44
41
70
48
47
5
52
110
11
19
32
3
13
30
21
47
37
44
24
61
41
60
48
82
62
64
9
8
73
8
109
27
25
31
46
15
23
30
28
55
53
55
35
75
50
71
59
89
66
73
19
11
86
20
96
34
82
34
51
17
29
37
27
57
52
58
36
80
46
74
53
88
60
75
22
11
92
23
81
21
13
29
47
14
27
45
26
52
49
53
31
77
37
67
48
79
51
68
19
10
87
18
62
17
22
41
9
26
41
23
46
45
46
25
69
33
60
45
69
44
59
15
8
76
10
39
32
12
32
3
24
29
19
41
37
40
14
59
26
53
37
60
34
50
10
6
65
17
48
57
18
17
24
14
32
28
32
2
45
15
41
25
48
21
37
3
3
51
35
3
6
25
8
22
19
21
28
5
27
15
32
11
22
34
14
20
5
13
15
12
14
15
10
21
3
10
18
22
12
4
14
16
9
12
17
13
28
3
10
15
39
53
16
4
23
21
10
14
26
22
49
8
17
17
28
17
24
8
25
31
9
12
25
29
52
8
16
14
24
8
21
27
11
7
18
24
40
5
10
9
14
6
17
14
11
8
17
15
25
4
7
11
17
42
9
7
13
9
7
14
3
18
13
13
10
9
19
20
20
10
4
17
9
11
10
4
23
12
21
20
16
17
13
29
17
7
21
2
10
26
9
11
11
4
34
18
25
23
19
24
18
6
39
14
14
31
8
17
22
7
15
7
6
7
44
23
35
22
23
29
28
13
52
15
38
15
35
7
20
19
5
18
2
7
8
50
23
40
18
25
30
34
15
58
8
46
6
27
18
27
17
6
45
14
37
8
23
21
30
9
52
17
15
33
17
5
37
2
29
21
9
23
2
42
10
14
25
16
7
30
24
18
3
17
35
3
13
2
12
15
16
11
18
17
16
9
24
2
52
4
16
12
11
4
5
9
8
3
22
12
8
9
19
14
6
17
14
11
8
17
15
25
4
7
11
17
42
9
7
13
9
7
14
3
18
13
13
10
9
19
20
20
10
4
17
9
11
10
4
23
12
21
20
16
17
13
29
17
7
21
2
10
26
9
11
11
4
34
18
25
23
19
24
18
6
39
14
14
31
8
17
22
7
15
7
6
7
44
23
35
22
23
29
28
13
52
15
38
15
35
7
20
19
5
18
2
7
8
50
23
40
18
25
30
34
15
58
8
46
6
27
18
27
17
6
45
14
37
8
23
21
30
9
52
17
15
33
17
5
37
2
29
21
9
23
2
42
10
14
25
16
7
30
24
18
3
17
35
3
13
2
12
15
16
11
18
17
16
9
24
2
52
4
16
12
11
4
5
9
8
3
22
12
8
9
19
4
10
17
14
7
4
19
80
3
13
13
15
15
10
5
5
20
92
58
11
12
9
10
17
27
4
11
85
35
4
15
9
3
3
11
22
73
13
4
75
1
3
5
8
3
72
64
10
12
1
9
58
66
6
11
11
2
10
37
16
14
10
13
37
13
3
13
8
14
64
42
7
5
6
3
5
12
6
2
14
65
66
11
9
6
10
8
8
4
6
12
45
17
9
5
12
9
2
8
7
43
13
10
7
13
11
3
2
13
5
9
54
13
7
14
10
19
10
10
10
11
24
12
10
1
17
50
60
4
13
14
12
23
4
15
17
20
32
27
19
11
22
27
7
23
7
13
13
15
13
23
32
39
17
15
19
6
6
18
4
6
4
8
9
15
31
26
12
3
10
8
5
3
4
5
14
8
28
17
10
9
74
9
3
10
12
25
12
31
29
5
2
18
27
3
4
11
6
6
18
9
15
30
15
32
6
30
10
6
22
7
7
11
12
11
6
4
19
7
14
21
30
23
28
26
29
19
11
30
22
5
12
10
15
12
6
12
13
26
17
19
27
32
30
34
38
33
27
11
36
39
83
9
6
13
8
4
16
15
29
22
17
24
28
26
31
35
27
22
8
34
37
32
5
10
1
10
16
11
27
22
9
18
21
15
24
27
19
12
3
27
32
4
10
17
9
26
22
8
11
5
21
23
7
3
17
47
17
10
25
18
4
6
3
20
22
13
53
47
16
10
28
14
5
3
4
24
25
12
37
29
3
11
10
21
12
4
4
18
28
12
17
9
4
13
9
12
4
5
10
36
11
11
4
19
3
12
5
10
4
49
2
12
32
56
4
4
18
2
7
13
18
6
43
11
23
42
66
15
9
5
4
12
9
9
20
2
19
14
24
7
13
5
30
38
18
9
12
8
12
19
14
23
7
20
21
21
15
16
5
34
34
19
11
7
11
12
23
18
24
10
21
27
24
19
16
5
36
43
35
16
11
1
11
13
21
24
21
6
19
22
20
12
12
4
33
38
52
14
13
7
7
12
12
25
20
18
8
17
1
9
5
30
12
10
12
15
1
9
4
23
16
12
10
3
4
24
4
10
10
10
28
14
9
9
1
19
5
4
2
10
5
16
34
14
9
14
1
17
16
55
7
7
14
27
9
3
11
13
3
13
9
17
4
7
7
1
11
11
15
4
17
9
10
2
9
9
3
20
9
15
71
1
2
1
8
10
5
7
6
9
4
2
10
3
12
1
15
18
3
9
15
3
7
1
12
1
12
7
21
27
7
17
6
21
12
17
1
19
15
56
4
3
4
9
14
20
33
15
19
17
17
22
22
9
1
27
5
17
5
7
17
3
16
14
31
19
14
23
10
26
19
15
1
29
5
9
19
1
13
13
24
20
9
23
9
21
14
15
1
28
3
9
14
10
6
8
16
13
23
11
25
16
18
15
17
6
33
21
63
1
16
18
9
4
12
9
5
31
11
35
13
30
16
26
10
40
17
40
12
13
18
14
28
32
33
2
21
4
34
14
8
9
22
9
24
25
12
14
1
30
17
15
13
19
4
16
6
32
4
36
2
29
4
25
5
39
28
58
5
21
5
19
17
8
23
3
14
41
12
45
12
48
13
35
10
49
36
65
14
28
15
25
21
7
11
6
47
19
43
17
23
20
36
17
1
56
26
20
29
21
24
24
6
3
13
47
23
34
17
13
24
27
22
2
57
1
30
26
30
27
23
3
17
5
5
24
47
33
30
16
21
36
25
25
4
60
9
43
57
22
24
20
19
1
13
1
10
24
42
33
32
8
28
33
25
19
1
56
6
35
63
16
16
12
11
17
2
15
19
29
28
25
3
27
25
18
11
45
1
18
12
7
9
4
22
6
12
3
12
17
22
14
8
19
18
8
7
34
15
14
7
10
5
4
6
7
9
15
3
19
25
2
5
4
15
12
7
4
21
11
32
48
8
18
18
10
28
8
37
17
21
22
11
35
2
7
39
18
25
24
2
16
41
7
1
10
47
11
2
29
24
10
24
48
15
3
19
48
38
16
8
39
4
35
20
8
35
15
68
11
27
6
31
41
24
17
40
26
44
22
21
33
33
73
26
27
9
33
36
20
27
29
51
37
3
24
27
28
50
57
34
25
7
37
40
7
2
7
27
23
39
27
14
35
37
34
53
49
42
30
3
48
56
54
