8
10
2
15
1
14
6
1
4
5
14
13
18
12
14
14
95
10
8
17
7
7
1
15
1
14
6
13
9
12
13
19
12
14
12
49
20
3
17
5
7
1
15
14
5
25
1
9
10
16
16
11
13
2
21
15
22
4
11
8
3
2
14
1
14
7
11
3
6
12
15
18
11
13
7
14
12
8
12
9
3
2
14
1
16
8
18
2
11
14
14
18
11
12
1
23
5
7
7
1
14
15
9
9
8
13
16
19
8
11
1
10
7
5
1
3
12
15
10
1
10
11
15
20
15
6
11
2
7
9
2
9
2
14
11
4
7
13
15
11
5
12
2
7
8
17
1
8
4
13
11
6
4
2
10
4
20
2
11
2
1
12
33
8
3
15
13
7
8
14
13
16
9
3
19
38
6
8
12
10
5
4
10
6
6
9
3
24
26
6
8
14
11
6
6
12
12
10
10
8
3
19
36
9
30
18
24
30
36
22
19
33
26
28
23
57
13
22
14
35
16
25
30
37
21
15
35
26
28
25
54
13
23
3
21
27
18
24
31
37
33
18
45
28
31
30
53
12
30
3
10
25
19
27
35
41
44
21
52
32
39
36
69
15
28
2
11
25
18
25
34
39
37
21
43
31
29
32
59
14
38
11
24
19
24
33
38
8
36
27
42
31
29
33
60
13
34
1
1
9
24
19
24
34
38
39
24
47
33
31
34
62
14
23
3
11
23
17
21
31
35
32
21
37
28
22
28
56
13
32
7
22
18
21
32
35
25
24
37
30
26
34
58
13
23
7
23
17
21
30
32
8
37
24
41
31
24
30
58
12
29
4
21
16
19
29
30
7
30
24
36
28
20
29
57
11
32
3
5
20
16
17
28
28
2
18
25
25
27
15
31
42
11
15
7
22
15
18
27
27
26
20
26
24
14
20
42
11
22
4
23
15
18
25
25
22
21
20
23
14
21
41
10
24
4
21
15
16
25
23
9
22
17
21
9
24
36
9
14
3
11
16
13
26
22
16
23
27
23
7
22
39
10
5
16
16
14
26
22
16
25
16
23
7
21
31
11
10
1
20
15
17
26
25
12
21
21
22
10
19
33
10
10
12
19
17
29
27
19
24
26
27
11
31
43
13
11
1
14
20
18
33
29
15
21
33
23
33
15
43
39
14
18
18
18
20
32
30
15
16
30
23
29
17
33
36
14
10
16
19
20
34
31
6
11
32
21
33
12
40
40
14
7
3
18
17
19
31
30
3
15
29
20
30
14
35
36
12
14
1
18
14
17
28
29
9
14
22
20
22
15
19
37
11
9
16
12
16
26
27
5
5
23
19
21
12
24
33
10
3
1
17
11
15
23
25
3
6
18
21
17
10
18
36
8
9
2
20
10
15
23
25
4
5
16
12
19
11
16
31
7
7
16
11
13
22
23
2
2
20
12
21
8
25
28
7
4
20
5
9
11
12
24
26
11
18
24
20
9
22
37
8
12
11
14
10
13
23
26
12
16
18
18
12
21
32
7
5
8
1
12
12
13
24
26
11
4
22
15
24
10
30
34
8
10
3
14
10
13
22
26
2
16
10
20
11
23
33
7
19
14
8
13
21
24
3
14
13
16
11
18
29
7
4
24
10
8
12
21
24
2
16
18
17
11
18
31
7
10
15
13
7
13
20
23
1
2
15
11
17
11
23
29
5
24
7
13
5
14
19
24
13
15
19
12
30
25
4
23
13
5
12
18
22
10
11
17
12
23
24
5
24
21
7
12
18
23
8
12
8
15
13
17
24
1
5
19
16
10
15
21
25
11
16
10
19
16
24
22
6
7
8
9
1
1
14
10
22
24
4
4
21
15
24
5
34
33
1
6
3
8
6
13
6
11
18
23
9
19
15
7
15
31
2
5
6
5
12
3
13
16
22
4
9
10
12
6
24
1
4
15
2
1
10
1
9
11
16
7
3
14
5
1
6
38
2
1
9
1
14
9
9
15
1
19
2
4
1
33
2
12
8
10
16
3
14
4
5
5
27
2
1
12
7
9
13
3
16
2
2
5
32
3
10
5
8
11
4
9
4
9
26
3
14
4
5
7
7
1
6
27
4
14
14
3
5
6
3
7
3
10
23
4
9
3
1
1
9
7
2
9
12
9
19
22
5
2
8
3
10
7
8
8
13
9
14
28
5
5
4
3
11
1
2
8
6
3
7
7
8
9
26
6
5
12
2
1
9
5
11
7
12
17
19
7
1
1
1
6
4
11
6
10
2
16
14
14
26
24
6
7
3
1
5
3
8
3
7
12
10
10
5
9
18
7
3
9
1
7
1
9
2
6
5
16
7
2
4
7
3
9
4
4
11
4
10
14
21
7
3
11
2
9
4
6
11
1
7
9
10
1
8
12
3
3
10
6
11
9
12
7
7
3
8
4
4
11
9
11
10
14
10
6
3
5
11
8
1
11
13
9
10
24
3
8
2
6
4
2
9
7
7
7
6
8
19
1
7
2
6
3
2
8
6
8
5
5
10
19
1
8
2
4
4
1
7
5
2
8
5
7
11
19
1
8
1
10
4
4
8
8
7
3
9
9
10
8
17
3
6
9
11
7
5
9
3
16
14
7
2
31
1
14
4
4
9
8
1
8
7
12
19
1
8
111
2
4
8
2
11
10
3
10
19
9
6
30
4
8
1
201
1
10
5
5
10
12
9
13
8
2
10
20
1
8
1
1
323
5
1
10
5
5
12
14
7
9
10
2
9
20
2
7
1
450
1
10
7
7
14
16
8
14
12
8
11
24
6
2
568
3
12
8
8
15
17
4
12
7
14
2
19
19
1
6
3
2
659
5
8
10
8
16
19
4
14
10
16
5
22
22
3
5
3
5
539
1
5
16
9
10
15
19
6
14
5
14
7
21
13
3
5
3
3
192
6
6
13
8
11
15
19
6
11
7
12
10
14
13
5
5
3
10
19
12
3
2
8
3
10
7
14
17
9
4
13
15
12
5
15
28
8
6
3
12
38
12
8
7
9
6
12
14
5
10
12
9
12
31
6
7
2
14
32
11
6
8
5
6
10
13
1
5
4
5
6
3
17
7
7
1
11
21
14
3
1
4
8
4
5
9
12
5
7
3
2
4
23
10
8
3
16
28
8
2
10
2
4
10
12
6
10
6
8
16
18
6
7
11
16
2
6
3
3
9
10
12
13
2
10
18
11
6
17
1
4
5
2
8
9
4
7
8
5
4
19
4
17
5
7
2
7
7
5
8
4
1
10
5
3
14
11
10
4
11
9
4
7
12
6
5
12
6
1
8
10
11
1
13
5
14
9
2
11
14
9
11
5
1
7
15
7
17
17
10
2
17
19
13
17
6
2
14
11
17
7
18
17
12
4
22
22
15
20
9
5
7
3
30
1
24
1
10
17
6
15
10
2
21
21
12
15
7
8
2
30
5
23
6
12
2
16
5
14
7
24
19
2
7
11
15
9
9
24
13
23
1
14
14
6
13
8
1
18
16
1
8
8
15
7
7
28
19
24
14
14
3
13
9
25
18
11
13
5
5
7
1
30
17
21
13
14
12
5
21
19
7
13
7
3
6
29
9
24
14
14
11
4
17
16
6
8
3
1
7
38
8
21
18
15
12
5
26
18
9
13
9
1
6
43
13
23
16
14
4
11
5
22
18
9
16
8
2
6
3
31
5
32
16
12
8
8
4
18
15
5
9
7
3
7
33
5
27
20
14
11
7
25
21
7
13
15
15
4
8
33
26
29
3
21
14
2
10
7
25
19
10
10
20
19
5
7
3
34
26
30
4
22
14
2
8
5
24
2
15
10
7
10
18
7
8
7
37
13
27
3
21
12
5
7
5
23
15
5
8
10
15
7
9
28
6
28
3
23
12
7
6
4
23
14
7
7
14
17
9
9
37
2
5
27
5
24
1
12
6
7
3
20
14
6
14
11
10
32
3
32
3
27
13
6
7
5
18
14
8
19
10
12
10
32
11
39
6
34
14
2
8
5
24
13
6
6
9
20
15
10
43
19
37
5
33
13
5
7
6
1
18
11
4
3
6
14
10
39
7
7
35
1
32
12
10
6
5
2
12
8
3
1
18
12
9
37
18
1
1
36
2
32
12
6
6
5
3
15
6
2
13
12
8
36
50
40
5
36
13
8
9
5
20
13
8
9
14
12
15
9
41
66
41
3
34
10
6
5
1
8
5
19
10
3
6
9
11
14
9
39
53
35
1
31
9
4
5
1
8
6
18
7
1
3
8
8
12
9
42
48
27
2
26
7
6
4
2
8
7
11
5
3
3
6
12
9
28
52
5
23
22
5
9
2
2
6
6
8
8
8
25
66
10
21
19
8
3
5
7
5
7
3
3
8
4
8
9
23
81
12
26
3
22
8
7
5
4
1
9
3
6
7
10
10
30
77
25
29
4
23
9
7
7
3
7
6
15
4
3
2
4
7
11
10
38
91
9
25
5
21
2
10
7
8
2
9
7
14
6
5
3
11
13
10
20
116
26
4
24
1
12
8
9
1
9
5
14
6
3
5
6
12
10
32
123
1
25
4
22
1
13
7
10
1
9
5
14
7
4
7
8
11
10
32
136
6
7
19
18
12
10
9
7
3
8
4
2
5
2
7
10
20
160
7
4
18
17
12
2
9
8
2
6
3
3
3
6
9
22
175
18
18
12
9
7
6
3
4
7
5
7
9
23
173
3
13
15
10
2
7
3
2
5
5
9
18
173
8
12
11
10
6
3
5
9
14
182
1
15
9
9
9
1
6
2
6
9
15
198
15
11
8
6
9
6
3
3
8
7
219
9
13
8
7
10
7
2
3
8
8
234
3
18
8
5
10
8
1
4
9
15
247
4
16
6
2
11
9
1
1
2
5
9
2
244
3
9
1
9
2
6
3
9
246
11
12
1
8
6
1
1
8
1
269
14
12
10
9
3
1
4
3
9
4
246
20
16
9
8
4
1
4
3
1
9
5
239
20
14
8
2
7
4
7
8
232
13
5
6
3
5
2
4
9
210
20
12
5
3
5
5
5
7
206
22
15
5
1
6
5
1
9
7
176
17
12
6
6
4
4
1
7
139
20
14
8
8
6
2
8
110
17
6
11
11
6
2
4
1
7
74
16
12
13
13
5
3
6
7
39
13
10
12
11
4
7
4
19
8
10
10
6
7
17
4
11
12
6
1
7
2
8
8
9
3
7
2
24
6
3
7
2
7
12
21
4
3
5
3
7
12
24
4
6
3
6
5
32
4
6
3
7
2
31
2
2
4
4
7
1
24
1
6
4
4
1
7
8
25
1
9
5
1
6
1
4
10
1
7
12
24
2
3
1
8
5
5
1
2
2
7
16
35
1
7
2
3
2
7
20
38
6
1
2
8
21
28
5
1
2
9
22
28
6
2
9
22
23
5
3
8
11
18
1
2
9
5
9
9
7
1
2
2
5
5
10
8
3
1
5
10
3
2
7
5
7
10
6
7
12
6
10
2
4
4
2
3
7
9
6
10
1
1
3
3
4
2
8
4
8
6
2
3
2
3
8
7
2
3
1
7
1
9
2
2
4
2
2
4
8
11
4
5
4
3
2
5
8
17
5
4
7
4
3
1
2
8
21
14
3
10
5
1
5
4
1
6
2
9
21
10
2
4
10
5
1
6
3
1
19
4
10
17
14
4
3
11
6
5
1
3
15
5
10
14
25
2
10
4
4
1
7
8
12
2
9
14
37
1
8
2
2
3
13
2
9
10
37
10
2
6
8
32
14
2
4
8
37
4
3
3
6
7
35
2
1
1
2
12
6
28
5
1
1
6
30
4
7
4
37
2
6
6
29
1
5
3
12
2
6
10
6
2
5
15
11
2
4
21
13
1
3
22
3
3
19
5
3
3
18
4
2
5
3
21
10
2
7
8
2
3
19
14
2
2
7
8
2
3
10
1
2
3
8
10
5
4
1
4
16
2
6
6
29
1
5
3
12
2
6
10
6
2
5
15
11
2
4
21
13
1
3
22
3
3
19
5
3
3
18
4
2
5
3
21
10
2
7
8
2
3
19
14
2
2
7
8
2
3
10
1
2
3
8
10
5
4
1
4
16
3
2
10
8
17
5
18
12
24
15
4
16
5
20
8
4
4
14
37
20
1
10
8
17
4
16
10
22
6
10
11
12
2
7
26
1
4
2
9
9
41
29
6
11
7
18
2
18
9
17
7
12
16
16
14
38
3
3
12
21
1
36
24
6
1
10
7
17
2
16
8
5
6
7
13
8
16
4
3
6
17
29
16
11
7
17
2
13
5
17
3
10
6
10
9
19
5
2
3
26
12
10
13
15
1
11
1
8
8
10
12
10
5
3
1
18
19
10
11
14
1
10
11
5
7
7
10
5
3
8
15
16
18
13
1
25
1
12
9
13
8
20
4
2
12
14
26
12
14
9
1
3
5
10
5
2
9
29
10
3
13
8
9
6
9
34
13
16
8
3
6
6
1
4
20
35
14
16
9
12
3
4
1
5
1
15
29
14
16
8
7
3
4
5
2
18
27
12
15
8
3
7
1
12
21
15
17
8
10
2
6
2
7
3
4
18
16
16
7
14
3
5
3
2
8
1
11
17
14
13
4
9
10
25
14
13
5
9
10
25
12
3
10
2
1
9
10
32
3
2
15
11
2
13
9
2
9
35
7
4
18
14
7
3
1
1
9
11
12
25
12
9
18
14
7
16
1
2
8
18
13
30
9
11
20
16
5
15
1
1
8
16
6
35
7
8
18
14
6
7
2
8
1
5
36
17
12
18
15
8
1
6
3
8
1
16
54
34
16
15
18
15
7
1
4
4
8
27
138
33
13
11
18
16
8
1
11
2
4
1
4
9
11
250
37
17
15
19
17
9
1
24
9
9
14
4
9
1
18
378
30
15
17
18
14
9
1
20
4
9
10
4
8
22
504
22
16
18
18
14
7
22
6
7
4
5
8
23
618
21
21
21
21
18
9
23
13
13
13
7
8
30
609
26
21
19
18
14
7
14
6
8
7
8
9
19
334
23
24
20
17
1
13
6
20
8
8
3
3
10
9
27
39
23
23
22
19
15
1
12
8
1
12
4
9
2
7
10
8
24
32
27
27
22
15
4
11
5
20
7
7
9
7
11
9
34
42
46
21
21
14
4
11
4
15
7
6
5
10
9
42
37
55
17
1
17
14
1
9
4
11
3
2
7
9
8
16
29
42
27
3
21
14
4
9
2
32
10
2
7
6
10
9
26
26
37
23
20
12
8
7
2
15
3
1
6
10
9
37
26
31
23
19
12
11
7
3
18
2
1
11
9
9
23
21
20
24
1
22
14
7
8
4
28
6
4
5
7
11
9
24
18
13
27
5
25
15
10
5
18
5
4
4
3
2
13
9
8
33
26
12
26
5
24
1
16
4
11
4
12
4
4
2
9
14
10
4
29
28
23
28
4
24
1
16
3
10
2
17
2
3
4
3
16
14
10
35
29
28
23
21
15
2
11
3
18
4
3
3
4
10
8
20
28
17
21
21
15
3
10
2
12
3
1
1
2
8
9
32
30
21
23
19
13
3
9
2
8
4
10
9
23
24
20
15
17
12
6
10
3
27
5
3
8
8
12
9
3
10
14
9
13
7
2
15
1
6
8
27
3
15
10
7
10
5
2
3
1
5
7
2
17
18
13
9
2
7
6
7
4
11
6
8
21
11
13
9
4
7
6
9
5
13
7
8
7
1
16
15
11
8
6
6
5
4
9
8
13
1
20
16
15
9
3
6
6
8
2
4
1
9
8
17
6
18
15
15
9
6
5
5
5
11
10
13
18
27
16
16
3
9
7
4
3
5
8
13
10
14
15
30
21
18
10
6
5
5
1
5
7
14
10
21
10
17
20
3
17
9
7
3
3
1
1
15
10
21
9
16
12
12
8
8
3
2
6
5
1
1
12
10
8
3
16
12
9
7
11
4
4
7
7
5
9
9
19
5
17
10
14
9
13
7
2
15
1
6
8
27
3
15
10
7
10
5
2
3
1
5
7
2
17
18
13
9
2
7
6
7
4
11
6
8
21
11
13
9
4
7
6
9
5
13
7
8
7
1
16
15
11
8
6
6
5
4
9
8
13
1
20
16
15
9
3
6
6
8
2
4
1
9
8
17
6
18
15
15
9
6
5
5
5
11
10
13
18
27
16
16
3
9
7
4
3
5
8
13
10
14
15
30
21
18
10
6
5
5
1
5
7
14
10
21
10
17
20
3
17
9
7
3
3
1
1
15
10
21
9
16
12
12
8
8
3
2
6
5
1
1
12
10
8
3
16
12
9
7
11
4
4
7
7
5
9
9
19
5
17
9
9
10
4
6
7
4
12
2
4
2
14
9
8
8
12
2
41
4
2
8
3
7
1
9
5
5
4
2
7
8
1
21
5
44
5
2
8
4
7
2
9
7
3
5
7
5
7
12
16
10
34
4
3
10
2
9
4
10
7
6
4
7
8
4
13
5
7
1
7
29
10
41
1
7
9
7
5
7
7
2
2
9
4
7
12
38
14
41
7
7
8
6
11
11
1
7
2
4
10
5
1
3
51
8
26
6
10
8
8
12
12
3
3
1
8
6
6
7
6
1
65
1
16
9
6
11
5
13
9
16
3
8
10
10
10
21
6
1
6
60
15
8
9
11
5
13
9
2
6
7
13
13
17
5
1
70
27
10
9
11
3
10
6
5
7
10
15
4
2
5
1
3
68
29
12
13
11
3
5
9
8
12
14
13
3
6
1
5
67
19
10
3
9
6
2
3
3
8
3
7
2
81
32
9
7
8
4
2
7
87
41
1
8
4
9
7
3
4
2
7
112
21
9
7
9
5
1
3
7
1
100
8
7
5
8
6
2
7
83
15
8
4
8
4
2
11
1
7
106
28
6
11
6
1
1
1
7
132
32
6
10
5
2
7
7
166
22
10
7
2
2
5
1
7
185
21
8
4
4
1
3
3
2
3
8
188
28
8
5
3
4
4
8
211
11
10
1
4
2
8
215
8
4
1
2
9
222
6
3
1
9
241
5
4
3
9
250
2
2
2
3
2
5
9
260
2
2
6
3
5
10
266
5
2
2
3
4
5
10
268
14
7
1
3
7
7
2
3
10
259
16
9
3
4
10
6
3
9
249
9
7
3
7
12
8
4
3
4
4
9
225
8
10
3
5
9
3
6
4
1
3
9
189
18
11
7
6
10
7
6
1
3
5
3
5
8
4
178
22
13
7
5
