4781
3359
4777
4851
4780
2184
4794
2080
4170
4776
4785
4852
4780
4774
4775
4775
4781
3491
4852
215
4859
4787
4800
4927
4925
4772
4772
3236
4768
4844
4771
2122
4785
2019
4034
4766
4776
4844
4771
4765
4766
4766
4771
3387
4853
202
4837
4778
4791
4924
4918
4767
4767
3128
4763
4838
4766
2053
4781
1943
3902
4761
4771
4838
4766
4760
4761
4761
4766
3313
4925
186
4829
4774
4786
4914
4911
4760
4760
3024
4757
4832
4759
1990
4773
1882
3778
4755
4764
4832
4760
4753
4754
4754
4760
3210
4999
178
4821
4766
4779
4910
4905
4754
4753
2965
4750
4825
4753
1938
4767
1833
3668
4748
4758
4825
4753
4747
4748
4747
4753
3098
4994
187
4812
4760
4773
4902
4898
2312
4831
1695
1601
2620
4832
2430
4799
165
4789
4896
4892
3428
3469
3394
4936
3402
3357
3442
3389
4942
3328
3346
3356
3284
3349
4524
4632
3302
3416
4890
4886
4987
4898
4892
4994
4982
4999
4887
4964
4994
4999
4847
4960
4944
4953
4082
4470
4996
4997
4883
4879
4782
4839
4838
4979
4782
4783
4842
4799
4980
4783
4837
4782
4837
4783
4090
4528
4784
4785
4877
4872
4967
4999
4998
4984
4967
4965
4998
4999
4958
4965
4998
4966
4997
4982
3954
4510
4962
4964
4870
4866
4908
4994
4993
4969
4907
4907
4993
4991
4828
4907
4993
4966
4993
4982
3831
4496
4908
4908
4864
4859
4945
4999
4999
4968
4944
4945
4999
4999
4679
4944
4999
4999
4999
4999
3747
4506
4945
4945
4857
4853
338
231
281
231
328
181
180
356
231
274
382
227
287
236
278
274
19
630
498
149
500
623
95
94
98
190
507
560
695
504
581
517
570
157
10
108
97
97
96
96
551
395
298
397
542
190
190
375
402
465
624
397
488
413
475
293
20
798
617
290
620
787
186
59
187
367
626
699
882
619
725
637
710
293
20
65
58
58
56
56
794
590
332
594
784
211
213
419
603
685
892
597
716
617
700
331
23
932
704
394
709
919
252
22
253
499
717
807
1037
709
841
731
822
395
28
18
121
5
4
3
1018
769
395
774
1005
252
125
254
499
785
883
1135
776
921
800
901
396
27
32
286
10
10
10
1083
813
465
818
1069
297
258
299
587
829
935
1208
818
975
844
954
465
33
3
387
1198
907
473
913
1184
303
414
304
598
926
1041
1334
914
1084
943
1061
475
33
39
554
16
16
16
1249
939
522
945
1234
334
517
335
659
959
1081
1394
945
1127
976
1103
522
36
11
653
1351
1021
549
1027
1336
351
666
352
693
1042
1172
1505
1028
1221
1060
1196
550
39
32
798
8
7
7
1414
1065
579
1071
1398
370
775
371
731
1089
1225
1577
1073
1277
1107
1251
580
41
25
910
1494
1127
614
1133
1477
393
900
394
775
1151
1294
1664
1133
1349
1169
1321
615
44
28
1028
1566
1182
637
1189
1550
408
1016
409
805
1208
1358
1745
1189
1415
1227
1387
639
45
33
1145
2
2
2
1632
1231
671
1237
1615
429
1125
431
848
1258
1414
1818
1238
1474
1277
1444
672
48
28
1250
1705
1287
695
1294
1688
445
1238
446
878
1315
1478
1898
1294
1540
1335
1510
696
50
35
1363
34
2
2
1766
1332
724
1339
1748
463
1339
464
914
1361
1531
1965
1338
1594
1381
1563
724
51
32
1462
157
1833
1383
749
1390
1815
480
1445
480
946
1414
1589
2039
1390
1655
1434
1623
750
54
36
1566
312
1
1
1892
1428
774
1435
1875
496
1542
496
978
1460
1641
2106
1435
1709
1481
1677
775
55
36
1661
434
1953
1474
799
1481
1935
512
1640
512
1010
1506
1693
2172
1480
1763
1527
1730
800
57
37
1756
570
2011
1519
822
1524
1993
527
1733
527
1038
1552
1744
2236
1524
1816
1573
1781
823
59
39
1849
694
2066
1560
845
1566
2048
542
1823
542
1068
1595
1791
2297
1566
1865
1616
1831
847
61
40
1936
817
2121
1602
867
1608
2104
556
1912
556
1095
1637
1840
2358
1608
1916
1659
1880
868
62
41
2024
937
2173
1641
889
1647
2155
570
1997
569
1123
1678
1885
2415
1647
1962
1699
1926
890
63
41
2106
1050
2225
1680
909
1686
2207
583
2080
582
1148
1718
1930
2472
1686
2009
1739
1973
911
65
43
2188
1165
2274
1718
930
1723
2256
596
2160
595
1174
1756
1972
2527
1722
2053
1777
2016
931
67
44
2267
1272
2322
1754
950
1759
2304
609
2238
608
1198
1793
2014
2578
1758
2096
1814
2058
950
68
44
2342
1378
2368
1789
968
1794
2351
621
2313
619
1222
1829
2054
2629
1793
2138
1850
2100
969
69
45
2416
1480
2413
1824
987
1828
2395
633
2386
631
1245
1864
2093
2679
1827
2178
1885
2140
988
71
46
2487
1580
2457
1857
1004
1861
2439
645
2457
643
1267
1898
2131
2726
1860
2217
1919
2179
1005
72
47
2556
1676
2499
1889
1021
1893
2482
656
2526
653
1289
1931
2168
2772
1891
2255
1951
2216
1022
73
48
2623
1769
2539
1920
1038
1923
2522
666
2593
664
1309
1962
2203
2817
1921
2292
1982
2253
1039
74
49
2688
1860
2579
1950
1054
1953
2561
677
2657
674
1330
1993
2238
2860
1951
2328
2013
2288
1055
75
49
2751
1947
2617
1979
1069
1982
2601
687
2720
683
1349
2023
2270
2902
1980
2362
2042
2322
1070
76
50
2812
2032
2654
2007
1085
2010
2638
697
2781
693
1369
2052
2303
2942
2008
2395
2071
2356
1085
78
51
2872
2115
2690
2035
1099
2036
2674
707
2840
703
1387
2080
2334
2982
2034
2427
2099
2388
1100
78
52
2929
2195
2726
2062
1114
2063
2709
716
2897
712
1405
2107
2365
3019
2060
2459
2126
2419
1114
80
52
2984
2272
2760
2088
1128
2089
2743
726
2953
721
1422
2134
2395
3057
2086
2489
2152
2449
1129
82
54
3039
2348
2793
2113
1142
2114
2777
735
3007
730
1439
2160
2424
3093
2111
2519
2178
2479
1143
83
55
3092
2422
2825
2138
1156
2139
2810
744
3060
739
1457
2185
2451
3128
2135
2548
2203
2507
1156
84
57
3142
2493
2857
2162
1169
2162
2841
754
3112
748
1473
2210
2479
3162
2158
2576
2227
2536
1169
86
58
3192
2563
2887
2185
1183
2185
2872
762
3161
756
1489
2234
2505
3195
2182
2604
2251
2563
1182
89
60
3240
2630
2916
2209
1195
2208
2902
771
3209
765
1504
2257
2531
3226
2203
2630
2273
2590
1194
90
61
3286
2695
2944
2230
1207
2229
2930
779
3255
772
1519
2279
2555
3256
2224
2655
2295
2614
1206
91
62
3331
2758
2972
2251
1218
2249
2957
786
3300
780
1533
2300
2579
3286
2245
2680
2316
2639
1217
93
63
3374
2819
2998
2271
1229
2269
2984
794
3344
787
1546
2321
2602
3315
2264
2703
2336
2662
1228
94
64
3416
2878
3024
2292
1240
2289
3010
802
3386
795
1560
2341
2624
3342
2284
2726
2355
2685
1239
95
65
3457
2935
3048
2310
1250
2307
3035
808
3426
801
1572
2361
2646
3368
2302
2748
2375
2707
1249
97
67
3496
2991
3072
2328
1260
2325
3058
815
3465
807
1584
2379
2666
3393
2319
2769
2393
2728
1258
98
67
3533
3044
3094
2345
1269
2342
3081
821
3503
813
1595
2396
2685
3417
2335
2789
2409
2748
1267
98
68
3569
3096
3116
2362
1279
2358
3103
827
3540
819
1607
2414
2705
3441
2352
2809
2427
2768
1277
100
68
3605
3146
3137
2379
1287
2374
3125
833
3575
825
1618
2430
2723
3464
2368
2828
2443
2787
1285
101
70
3639
3195
3157
2394
1295
2389
3145
839
3609
829
1628
2445
2740
3485
2382
2846
2458
2805
1293
101
70
3672
3241
3177
2409
1303
2403
3165
844
3642
834
1638
2461
2757
3506
2397
2863
2472
2822
1301
101
70
3703
3286
3195
2424
1311
2417
3184
849
3674
839
1647
2476
2774
3526
2411
2880
2487
2839
1309
103
71
3734
3331
3213
2437
1318
2430
3203
854
3704
844
1656
2490
2790
3545
2424
2896
2501
2856
1316
103
72
3763
3373
3231
2451
1325
2444
3220
859
3735
849
1665
2503
2805
3564
2436
2911
2514
2871
1323
103
71
3791
3414
3247
2463
1332
2456
3237
863
3763
853
1674
2517
2819
3582
2449
2926
2527
2886
1329
104
72
3818
3454
3263
2475
1338
2468
3253
867
3790
857
1681
2529
2833
3599
2461
2941
2539
2900
1336
104
72
3845
3492
3279
2488
1344
2480
3269
872
3817
861
1690
2541
2846
3615
2472
2954
2550
2914
1342
104
72
3871
3529
3294
2500
1351
2491
3285
876
3843
865
1697
2553
2859
3632
2483
2967
2562
2928
1348
105
73
3895
3565
3308
2510
1356
2501
3299
879
3868
868
1704
2565
2872
3647
2493
2980
2573
2941
1354
106
73
3919
3600
3321
2521
1362
2512
3313
883
3892
871
1711
2575
2884
3661
2503
2993
2583
2953
1359
106
73
3942
3633
3335
2531
1368
2521
3327
887
3915
875
1717
2586
2896
3675
2513
3004
2593
2965
1365
106
74
3963
3665
3347
2540
1372
2531
3339
890
3937
878
1724
2596
2906
3689
2523
3016
2603
2976
1370
107
74
3985
3697
3360
2550
1377
2540
3352
894
3959
881
1730
2605
2917
3702
2532
3027
2612
2987
1374
107
74
4005
3727
3372
2560
1382
2549
3365
896
3979
884
1736
2614
2927
3714
2540
3037
2620
2997
1379
107
74
4025
3756
3383
2568
1387
2557
3376
900
3999
887
1741
2623
2937
3727
2548
3047
2629
3008
1384
107
75
4044
3784
3394
2577
1391
2565
3387
903
4018
889
1747
2632
2946
3738
2556
3056
2637
3018
1388
108
75
4062
3812
3404
2584
1395
2573
3398
905
4037
892
1752
2641
2956
3748
2563
3066
2645
3027
1392
108
74
4080
3837
3414
2592
1399
2580
3408
908
4055
894
1757
2648
2964
3759
2571
3074
2652
3036
1396
108
75
4096
3863
3423
2600
1402
2586
3418
910
4072
896
1761
2656
2973
3769
2578
3083
2659
3044
1399
109
75
4113
3888
3433
2607
1407
2593
3428
913
4089
899
1766
2663
2981
3778
2584
3091
2666
3052
1403
109
75
4128
3911
3442
2614
1410
2601
3437
916
4105
901
1770
2669
2988
3787
2590
3098
2672
3060
1406
109
75
4143
3934
3449
2620
1413
2606
3445
917
4120
903
1774
2676
2995
3796
2597
3106
2679
3068
1410
110
75
4158
3956
3457
2626
1417
2612
3453
920
4135
905
1778
2682
3002
3805
2602
3113
2685
3075
1413
110
76
4171
3977
3466
2632
1420
2618
3461
922
4149
907
1782
2688
3009
3812
2608
3119
2690
3081
1416
109
75
4185
3997
3472
2638
1422
2623
3468
924
4162
908
1785
2694
3015
3820
2613
3126
2695
3089
1418
110
76
4198
4017
3479
2643
1425
2628
3476
926
4175
910
1789
2700
3021
3827
2618
3132
2701
3095
1421
111
76
4210
4036
3486
2648
1428
2633
3483
928
4188
912
1792
2705
3027
3834
2622
3138
2705
3100
1423
110
76
4221
4054
3492
2653
1430
2637
3489
930
4200
913
1795
2710
3032
3840
2627
3143
2710
3106
1426
110
76
4232
4072
3498
2658
1433
2642
3495
931
4211
915
1798
2714
3038
3846
2631
3149
2714
3112
1428
110
76
4243
4089
3504
2662
1435
2646
3501
933
4222
916
1801
2719
3042
3852
2635
3153
2718
3117
1430
110
76
4252
4105
3509
2667
1437
2650
3507
934
4233
918
1804
2723
3047
3857
2639
3158
2722
3121
1432
111
76
4262
4120
3514
2670
1439
2654
3512
935
4243
919
1806
2727
3052
3862
2642
3163
2726
3126
1435
111
77
4272
4136
3519
2674
1441
2657
3518
937
4252
920
1808
2731
3056
3867
2646
3167
2730
3130
1436
111
76
4280
4150
3524
2678
1443
2660
3522
938
4261
921
1810
2735
3060
3872
2649
3170
2733
3134
1438
111
76
4289
4164
3527
2681
1445
2663
3526
939
4270
922
1812
2738
3063
3876
2652
3174
2736
3138
1440
111
77
4297
4177
3531
2684
1446
2666
3531
940
4278
923
1814
2741
3067
3880
2655
3178
2739
3142
1441
111
77
4305
4190
3535
2687
1448
2669
3535
941
4286
924
1816
2745
3070
3884
2658
3181
2742
3145
1443
112
77
4312
4202
3538
2690
1449
2671
3538
942
4294
924
1818
2747
3073
3887
2660
3184
2744
3149
1444
112
77
4318
4214
3541
2692
1450
2673
3542
943
4301
925
1819
2750
3076
3890
2662
3187
2746
3152
1445
111
77
4325
4225
3544
2695
1451
2676
3545
944
4308
926
1820
2752
3078
3893
2664
3190
2748
3154
1446
112
77
4331
4235
3547
2697
1453
2678
3548
945
4314
927
1822
2754
3081
3896
2666
3192
2750
3157
1447
112
77
4337
4245
3550
2699
1453
2679
3551
946
4320
927
1823
2757
3083
3898
2668
3194
2752
3160
1449
112
77
4342
4255
3552
2701
1454
2681
3553
946
4326
928
1824
2758
3085
3901
2669
3196
2754
3162
1449
112
77
4347
4265
3554
2703
1455
2683
3556
947
4332
928
1825
2760
3087
3903
2671
3198
2755
3163
1450
112
77
4352
4273
3556
2704
1456
2684
3558
947
4337
928
1826
2762
3089
3905
2672
3200
2757
3166
1451
112
77
4356
4282
3558
2705
1456
2685
3559
947
4341
929
1827
2763
3090
3907
2673
3201
2757
3167
1451
112
77
4360
4290
3560
2707
1457
2687
3562
948
4346
929
1828
2765
3092
3907
2674
3202
2759
3168
1452
112
77
4364
4297
3561
2708
1458
2687
3563
949
4350
930
1828
2765
3093
3909
2675
3203
2760
3170
1452
112
77
4368
4305
3562
2709
1458
2687
3565
949
4354
930
1828
2767
3094
3910
2676
3205
2761
3171
1453
112
77
4372
4312
3563
2710
1458
2689
3566
950
4358
930
1829
2768
3095
3910
2676
3205
2761
3172
1453
112
77
4375
4318
3564
2711
1459
2689
3567
950
4361
930
1829
2768
3096
3912
2677
3206
2761
3173
1453
112
77
4377
4324
3565
2711
1459
2690
3568
949
4364
930
1829
2769
3096
3912
2678
3207
2762
3174
1454
112
77
4380
4330
3566
2712
1459
2690
3569
950
4367
930
1830
2770
3097
3912
2678
3208
2763
3174
1454
112
77
4382
4336
3566
2712
1460
2691
3570
950
4369
930
1830
2770
3097
3912
2678
3208
2763
3175
1454
112
77
4384
4341
3566
2713
1459
2691
3570
950
4372
930
1830
2770
3098
3913
2678
3208
2762
3175
1454
112
77
4386
4346
3567
2713
1459
2691
3570
950
4374
930
1830
2771
3098
3913
2678
3208
2762
3175
1454
112
77
4388
4350
3566
2714
1460
2691
3571
950
4376
930
1830
2770
3098
3912
2677
3208
2762
3175
1454
112
77
4389
4354
3567
2713
1459
2690
3571
950
4377
930
1830
2771
3098
3912
2677
3208
2762
3175
1454
112
77
4391
4358
3566
2713
1459
2690
3571
950
4379
930
1829
2770
3098
3911
2677
3207
2762
3175
1454
112
77
4392
4363
3566
2713
1459
2690
3570
950
4380
930
1829
2770
3097
3910
2677
3207
2761
3175
1453
112
77
4393
4366
3565
2713
1459
2690
3570
950
4381
930
1829
2769
3097
3909
2676
3206
2761
3175
1452
112
77
4393
4368
3564
2712
1458
2689
3569
950
4382
929
1828
2769
3097
3909
2676
3206
2760
3174
1453
112
77
4394
4372
3564
2711
1458
2687
3569
950
4383
929
1828
2769
3096
3907
2674
3205
2759
3173
1453
111
77
4394
4374
3563
2711
1458
2687
3568
950
4384
929
1828
2768
3095
3906
2674
3204
2758
3173
1452
111
77
4394
4376
3562
2710
1458
2686
3567
950
4384
928
1827
2768
3094
3905
2673
3203
2758
3172
1451
111
77
4394
4379
3561
2710
1457
2686
3566
949
4384
928
1826
2767
3093
3904
2672
3202
2757
3171
1451
111
76
4394
4381
3560
2709
1456
2685
3566
949
4384
928
1826
2766
3093
3902
2671
3201
2756
3170
1450
111
77
4393
4382
3559
2708
1456
2684
3564
948
4384
927
1825
2765
3091
3901
2670
3200
2754
3169
1450
111
77
4393
4384
3557
2707
1455
2682
3563
948
4384
927
1824
2764
3090
3899
2669
3199
2753
3168
1450
111
77
4393
4385
3556
2706
1455
2682
3562
948
4383
926
1823
2763
3089
3897
2668
3197
2752
3166
1448
111
77
4392
4387
3554
2705
1454
2680
3560
947
4382
926
1822
2762
3087
3896
2666
3195
2750
3165
1448
110
76
4390
4387
3553
2704
1454
2679
3559
947
4382
925
1821
2760
3086
3893
2666
3194
2750
3164
1447
111
76
4390
4388
3551
2703
1452
2678
3557
947
4380
925
1820
2759
3084
3892
2664
3193
2748
3162
1446
111
76
4388
4389
3549
2702
1452
2676
3556
946
4380
925
1819
2758
3083
3889
2662
3191
2746
3161
1446
111
76
4387
4389
3548
2700
1451
2675
3554
946
4379
924
1819
2757
3081
3887
2661
3189
2745
3159
1445
111
77
4386
4389
3545
2698
1450
2673
3552
945
4377
924
1817
2755
3080
3884
2660
3187
2743
3157
1444
111
77
4384
4389
3543
2697
1449
2671
3550
945
4376
923
1816
2754
3078
3882
2658
3185
2741
3155
1443
110
76
4382
4389
3541
2696
1448
2670
3549
944
4374
922
1815
2752
3076
3880
2656
3184
2740
3154
1442
110
76
4381
4389
3539
2694
1447
2668
3546
943
4372
922
1814
2751
3074
3877
2655
3182
2738
3152
1441
111
76
4379
4388
3537
2693
1447
2666
3545
943
4371
921
1813
2749
3072
3874
2653
3179
2736
3150
1440
110
76
4376
4388
3535
2691
1446
2665
3542
943
4369
921
1812
2747
3070
3872
2651
3177
2734
3148
1439
110
76
4374
4387
3532
2689
1445
2663
3539
942
4367
920
1810
2745
3069
3869
2649
3175
2733
3146
1438
110
76
4372
4386
3530
2687
1443
2661
3537
941
4365
919
1809
2743
3066
3866
2647
3173
2731
3144
1437
110
76
4369
4385
3528
2686
1443
2659
3535
941
4363
919
1808
2742
3064
3863
2645
3170
2729
3141
1436
110
75
4367
4384
3525
2683
1442
2657
3533
940
4361
918
1806
2740
3062
3861
2643
3168
2726
3139
1435
110
76
4365
4383
3522
2682
1440
2655
3530
939
4358
917
1805
2738
3060
3858
2641
3166
2724
3137
1434
110
76
4362
4382
3520
2680
1439
2653
3528
939
4356
916
1803
2736
3058
3854
2639
3163
2722
3135
1433
109
75
4359
4380
3517
2678
1438
2651
3525
938
4353
916
1802
2733
3055
3851
2637
3161
2720
3132
1431
109
76
4356
4378
3514
2676
1437
2649
3523
937
4351
915
1800
2732
3053
3848
2635
3159
2718
3130
1431
110
75
4354
4376
3511
2674
1436
2647
3520
936
4348
914
1799
2730
3050
3845
2633
3156
2716
3128
1429
109
75
4351
4374
3508
2672
1435
2645
3517
935
4345
913
1798
2727
3048
3842
2630
3153
2713
3125
1428
109
75
4347
4372
3505
2669
1433
2642
3514
935
4342
912
1796
2725
3045
3839
2628
3151
2711
3123
1427
109
75
4345
4370
3502
2667
1432
2640
3511
934
4339
912
1794
2723
3043
3835
2626
3148
2708
3120
1426
109
75
4342
4368
3500
2665
1431
2638
3509
933
4336
911
1793
2721
3040
3832
2623
3145
2706
3117
1424
109
75
4338
4366
3497
2662
1430
2635
3506
933
4333
910
1791
2718
3038
3828
2621
3142
2704
3115
1423
109
75
4335
4364
3493
2660
1428
2633
3502
932
4330
909
1789
2716
3035
3824
2618
3140
2701
3112
1422
109
75
4331
4361
3490
2658
1427
2630
3499
931
4327
908
1788
2713
3032
3821
2616
3137
2698
3109
1420
108
74
4327
4358
3487
2656
1426
2628
3497
931
4324
907
1786
2712
3030
3818
2614
3134
2696
3107
1419
108
75
4324
4356
3484
2653
1424
2625
3493
929
4320
906
1784
2708
3027
3814
2611
3131
2694
3104
1418
108
75
4321
4353
3481
2651
1423
2623
3490
928
4317
905
1783
2706
3024
3810
2609
3128
2691
3101
1416
108
75
4317
4350
3477
2648
1422
2621
3487
928
4313
905
1781
2704
3021
3806
2606
3125
2688
3098
1415
108
74
4314
4347
3474
2646
1420
2618
3484
927
4309
904
1779
2702
3018
3802
2604
3123
2686
3095
1414
108
75
4310
4344
3471
2643
1419
2616
3480
925
4306
903
1777
2699
3015
3799
2601
3119
2683
3092
1412
108
74
4306
4341
3468
2641
1418
2613
3477
925
4303
902
1776
2696
3013
3795
2599
3116
2681
3089
1411
108
74
4302
4338
3464
2638
1416
2611
3473
924
4299
901
1774
2694
3009
3791
2596
3113
2678
3087
1410
108
75
4299
4335
3461
2636
1415
2608
3470
923
4295
900
1772
2691
3006
3787
2594
3110
2676
3083
1408
108
74
4295
4332
3457
2633
1414
2606
3468
922
4291
900
1771
2688
3003
3784
2591
3106
2672
3079
1407
107
74
4290
4328
3454
2631
1412
2603
3464
922
4287
898
1769
2685
3001
3780
2588
3103
2670
3077
1405
107
74
4287
4325
3450
2628
1411
2600
3460
920
4283
897
1767
2683
2998
3776
2586
3101
2667
3074
1404
107
74
4283
4322
3447
2625
1410
2597
3457
919
4279
896
1765
2680
2994
3772
2583
3097
2664
3070
1403
107
74
4279
4318
3443
2623
1408
2595
3453
919
4275
896
1764
2677
2991
3768
2580
3094
2662
3067
1400
107
74
4274
4315
3439
2620
1406
2592
3450
917
4271
895
1761
2674
2988
3764
2577
3091
2658
3065
1399
107
74
4270
4311
3436
2617
1405
2589
3446
917
4268
894
1759
2671
2985
3760
2575
3087
2656
3061
1398
107
74
4266
4307
3432
2614
1404
2586
3443
915
4263
893
1758
2669
2982
3756
2572
3084
2653
3058
1396
106
73
4261
4303
3428
2612
1402
2584
3439
915
4259
892
1756
2666
2978
3752
2569
3081
2650
3055
1395
107
74
4257
4300
3425
2609
1400
2581
3435
914
4255
891
1754
2663
2976
3748
2567
3078
2648
3052
1394
107
74
4253
4297
3421
2606
1399
2578
3432
913
4251
890
1752
2660
2973
3743
2563
3074
2644
3049
1392
106
73
4248
4292
3418
2603
1397
2576
3428
912
4246
889
1750
2657
2969
3740
2561
3071
2642
3045
1390
106
73
4244
4288
3414
2600
1396
2572
3424
911
4242
888
1748
2655
2966
3735
2558
3068
2639
3042
1389
106
74
4240
4284
3410
2598
1394
2570
3421
910
4238
887
1746
2652
2963
3731
2555
3064
2635
3038
1387
106
73
4235
4280
3406
2595
1393
2567
3417
909
4234
886
1744
2649
2960
3727
2552
3061
2633
3035
1385
105
73
4231
4276
3403
2592
1391
2564
3414
908
4229
885
1742
2646
2956
3723
2549
3058
2630
3032
1385
106
73
4227
4272
3399
2589
1389
2561
3410
907
4225
884
1740
2643
2953
3719
2546
3054
2627
3029
1383
106
73
4222
4268
3395
2586
1388
2558
3406
906
4220
883
1738
2640
2949
3714
2543
3050
2624
3025
1381
105
73
4217
4263
3391
2583
1386
2555
3402
905
4216
882
1736
2637
2946
3710
2540
3047
2621
3021
1380
105
73
4213
4260
3388
2580
1385
2552
3398
904
4211
881
1735
2634
2943
3706
2538
3044
2618
3018
1378
105
73
4209
4256
3384
2578
1383
2550
3394
903
4207
880
1732
2631
2940
3701
2535
3040
2615
3015
1376
105
72
4204
4251
3425
2609
1400
2581
3435
914
4255
891
1754
2663
2976
3748
2567
3078
2648
3052
1394
107
74
4253
4297
3421
2606
1399
2578
3432
913
4251
890
1752
2660
2973
3743
2563
3074
2644
3049
1392
106
73
4248
4292
3418
2603
1397
2576
3428
912
4246
889
1750
2657
2969
3740
2561
