195
41
29
40
53
132
15
58
37
20
28
38
61
59
136
191
36
34
39
57
127
19
54
43
21
25
39
59
55
115
169
17
29
28
52
108
18
47
41
24
13
30
43
47
83
133
30
20
33
79
6
29
39
11
2
13
28
72
119
36
28
24
67
4
27
45
16
3
4
21
66
112
32
23
2
59
17
41
12
1
12
67
106
24
25
23
54
3
10
37
16
6
3
80
116
35
40
42
65
14
24
47
24
5
14
16
80
115
32
34
9
68
24
41
6
3
1
17
91
125
17
29
12
80
28
31
9
2
1
12
21
106
149
8
31
38
54
97
8
39
42
22
12
14
28
34
116
154
15
33
38
61
97
16
42
43
20
17
19
46
38
113
147
13
29
33
38
93
7
38
39
11
18
13
37
34
108
147
16
35
40
50
93
9
42
45
14
23
14
33
37
103
145
18
41
50
37
97
13
49
48
24
26
22
28
44
88
131
3
34
40
32
85
5
39
42
17
12
13
14
38
92
121
31
40
38
81
7
41
38
11
6
8
23
38
86
115
33
43
33
79
4
41
38
9
1
7
18
34
75
112
35
36
27
75
4
37
39
13
8
9
33
75
114
32
42
27
80
7
44
36
16
16
7
43
85
123
32
49
37
83
8
48
37
18
5
17
17
42
83
117
32
45
30
77
8
41
38
16
6
9
13
32
91
122
2
33
52
37
80
14
41
41
22
20
13
22
34
102
133
8
35
49
45
84
14
40
45
18
31
3
5
29
32
99
133
3
27
39
45
84
19
31
41
17
28
2
27
27
107
133
12
28
59
79
16
27
28
18
23
4
43
24
119
140
12
20
34
63
89
16
37
34
15
34
1
12
47
32
121
144
20
31
41
61
95
19
39
40
21
37
4
15
43
35
123
153
21
24
32
61
96
15
37
35
17
33
15
47
35
112
157
19
21
28
50
97
13
36
34
19
29
24
36
39
97
130
3
27
31
37
81
8
30
36
19
17
11
20
30
82
101
29
34
22
62
4
26
36
20
7
6
24
54
77
19
30
22
49
1
22
28
14
18
52
74
25
36
25
54
26
32
9
20
67
92
27
38
21
70
34
36
13
6
1
32
81
101
25
40
36
77
6
35
36
8
11
29
94
112
34
44
28
79
8
29
41
16
3
12
26
98
127
27
37
27
83
10
32
39
20
8
28
32
94
129
32
46
61
80
15
34
43
21
10
30
30
90
134
36
47
48
80
12
28
45
24
16
16
29
79
127
31
52
19
72
3
32
40
12
9
4
30
47
92
30
50
3
54
29
36
10
7
19
41
94
36
53
67
36
39
15
11
26
44
90
43
55
15
69
1
45
42
23
3
34
45
86
33
46
23
70
5
42
34
16
8
35
60
94
31
48
37
75
6
44
32
10
10
1
38
86
101
34
39
53
76
10
40
34
17
10
28
35
108
122
36
39
62
91
14
42
37
22
4
20
48
43
125
140
8
40
44
74
99
22
46
46
29
17
24
56
48
127
147
7
24
25
65
96
18
34
39
25
15
22
54
40
130
156
13
23
19
62
96
17
33
39
14
25
28
56
42
133
165
20
15
21
64
103
24
35
39
21
38
4
33
54
43
128
170
27
23
24
53
109
21
37
41
18
48
14
32
45
42
127
169
39
32
30
50
108
20
44
48
19
9
57
24
27
38
43
109
158
40
30
39
34
100
13
46
43
18
4
49
18
18
17
40
91
142
36
41
45
16
93
9
45
48
10
44
16
11
39
64
113
14
38
40
27
77
10
34
47
11
26
3
27
40
79
36
44
60
1
28
43
9
7
19
39
77
34
46
17
66
5
29
42
9
2
25
30
77
23
43
45
68
9
29
35
21
3
26
36
75
32
50
12
66
2
31
38
21
27
51
91
25
46
24
73
33
31
8
3
6
31
71
117
22
52
29
92
48
30
15
16
23
8
46
80
125
26
49
36
93
48
30
15
13
28
13
47
94
137
3
24
44
35
94
48
28
17
9
34
26
49
115
152
16
29
50
42
100
2
52
34
20
16
34
39
52
115
157
17
26
38
42
101
5
50
32
22
7
31
40
52
115
160
18
21
33
28
102
48
28
25
30
37
50
112
159
21
28
43
36
102
1
51
33
16
23
32
50
95
150
21
31
47
29
102
3
50
34
18
20
15
49
77
139
12
27
41
18
97
39
32
15
16
37
73
141
17
31
46
27
101
8
41
38
14
4
24
41
63
127
15
31
44
27
98
6
40
37
10
7
19
40
54
117
10
30
37
24
99
2
37
35
12
5
18
36
63
125
14
24
28
30
106
8
41
34
17
15
30
47
71
128
10
15
19
36
103
8
36
30
15
19
29
4
41
88
134
9
15
7
49
103
15
34
35
27
23
31
22
41
110
151
6
6
54
106
20
34
32
30
21
32
46
44
129
169
7
6
47
114
16
34
31
18
21
37
59
45
140
180
12
11
65
121
20
40
35
27
22
47
67
53
133
174
3
9
96
111
27
35
30
35
6
42
74
47
137
174
10
21
13
78
111
24
37
35
28
15
41
72
46
138
175
17
19
15
71
113
17
42
34
14
22
42
70
51
136
172
20
25
21
75
115
23
43
39
20
25
39
71
49
127
164
23
27
28
64
116
20
44
41
20
29
36
57
48
115
153
15
25
28
56
109
17
43
40
19
21
27
44
46
94
136
1
31
36
43
96
12
41
42
17
13
25
26
44
59
116
32
45
31
78
6
39
39
12
15
38
48
99
30
51
19
72
4
38
36
14
8
33
46
90
37
63
8
66
31
38
11
8
28
50
103
41
66
16
71
36
42
1
28
5
8
31
66
122
1
44
74
21
90
42
43
9
19
20
5
21
41
71
128
11
42
70
13
97
34
38
4
1
27
8
19
33
99
159
38
48
76
34
119
3
47
45
12
14
51
26
35
11
47
117
179
55
54
75
38
131
5
49
48
12
14
8
65
35
45
26
51
111
171
47
59
61
25
123
42
46
1
3
2
58
24
34
18
40
123
181
45
43
59
20
128
2
52
42
7
15
2
56
21
41
30
50
117
168
23
32
55
44
112
7
51
37
4
22
35
8
36
39
45
86
135
35
47
54
81
3
35
34
11
3
12
27
26
87
128
36
49
41
77
10
42
40
19
6
12
29
32
80
113
22
38
49
65
9
36
34
21
3
29
25
62
91
11
25
24
51
22
25
7
11
14
57
86
26
29
24
58
3
21
35
13
20
49
95
23
23
23
65
1
21
32
11
20
52
105
24
19
18
74
21
36
12
7
22
50
107
21
5
16
75
11
36
12
2
18
59
120
26
13
6
88
15
38
12
4
6
21
69
135
8
31
22
19
102
3
26
43
19
11
24
35
76
144
9
24
22
28
106
5
31
38
17
11
32
3
40
83
148
10
23
29
19
106
33
34
11
16
30
8
37
95
167
17
29
42
36
120
5
52
38
20
23
1
48
22
57
94
163
14
34
54
34
119
7
61
37
2
21
24
5
51
22
63
94
152
10
33
56
39
109
9
61
37
5
21
30
9
42
23
58
95
145
9
37
57
46
101
13
57
40
5
17
34
12
35
27
54
97
131
15
45
66
50
93
16
56
47
10
30
43
19
30
29
49
85
110
8
32
63
42
82
10
46
35
4
15
38
12
14
16
35
84
112
15
34
64
42
83
10
46
38
5
7
42
15
7
13
33
94
125
30
43
65
53
97
16
51
49
9
16
54
26
15
24
41
104
135
33
46
69
59
106
20
54
53
9
11
53
25
27
34
47
101
131
23
47
66
53
96
19
39
53
16
41
16
21
30
34
93
121
13
40
53
48
88
14
23
48
7
33
7
11
23
25
111
138
18
45
53
36
92
21
26
55
21
38
10
11
39
26
103
146
10
43
43
37
85
8
13
50
5
27
6
28
17
96
144
9
41
50
62
85
9
20
46
6
22
12
24
23
111
146
5
39
38
46
86
12
19
45
15
17
7
41
22
112
154
30
23
70
93
15
20
39
9
2
20
52
30
119
163
5
31
30
65
104
16
34
39
19
9
39
55
42
116
145
2
32
23
54
93
13
24
41
14
12
21
44
27
113
137
6
26
20
63
91
19
28
39
17
16
23
42
33
121
132
9
23
16
67
86
21
33
40
19
24
24
50
34
123
125
15
29
19
77
80
28
34
47
23
33
14
53
28
118
121
16
20
7
70
78
28
26
41
18
29
7
46
20
113
120
12
15
7
66
79
25
23
36
15
20
2
41
19
112
139
28
21
21
67
102
27
43
41
23
33
25
45
43
99
145
28
11
17
63
110
25
47
33
21
30
36
39
49
109
162
37
18
38
63
127
26
57
34
25
34
3
54
41
64
108
164
33
23
45
54
130
18
60
33
23
29
4
63
35
68
95
157
21
21
45
44
122
8
52
30
21
20
54
24
62
78
149
12
23
49
27
115
4
49
30
19
11
49
15
57
88
151
9
29
53
22
114
6
48
35
22
10
51
21
54
87
142
1
27
51
21
104
45
31
21
6
41
15
51
61
109
10
34
25
75
24
15
15
13
27
57
102
15
29
1
64
16
21
12
3
15
43
83
22
22
49
6
25
24
3
26
55
10
30
14
20
20
47
21
7
1
22
52
21
12
34
23
14
7
51
25
19
41
2
24
10
31
75
34
36
20
66
21
32
17
17
55
103
36
37
31
86
6
37
36
20
4
12
37
63
116
24
30
22
89
1
36
33
14
4
29
41
79
130
3
35
32
42
101
6
37
42
13
10
35
10
43
72
127
29
15
36
93
4
28
33
9
33
7
39
88
128
23
13
45
94
10
31
31
22
38
31
45
100
124
16
7
50
93
10
30
31
19
36
40
43
91
125
23
12
47
95
10
29
35
18
35
25
42
92
128
3
27
26
46
97
11
40
37
19
9
33
26
49
87
125
6
26
25
46
97
9
37
35
19
14
38
24
47
90
135
16
30
29
51
109
13
40
37
24
24
40
26
50
103
147
28
35
36
61
117
19
50
41
29
34
3
48
40
57
98
144
28
44
46
53
114
15
47
42
23
38
8
42
32
50
99
143
26
37
42
37
105
9
44
36
15
40
10
27
28
45
105
147
25
32
41
72
104
16
46
35
22
39
13
38
39
48
96
144
20
36
50
66
101
17
49
37
22
32
9
41
35
50
93
135
13
28
41
39
95
9
45
33
17
25
1
30
25
45
85
127
8
32
42
42
88
4
39
34
15
20
26
16
42
81
128
13
29
41
28
98
3
43
31
17
19
30
8
47
91
132
13
23
32
44
102
6
41
29
18
17
32
24
47
100
133
15
30
39
56
102
15
42
36
27
18
34
42
46
85
118
10
33
42
36
95
7
44
36
15
12
28
18
44
65
97
22
32
16
74
28
25
2
12
29
61
95
16
27
14
77
32
23
23
18
34
58
95
18
25
16
74
30
27
15
19
34
64
102
12
26
32
67
3
25
25
25
15
10
31
55
96
8
22
24
58
20
20
14
9
27
42
85
9
14
14
47
11
23
12
1
18
38
86
11
21
18
56
20
26
18
8
26
38
85
23
29
18
63
23
33
11
10
28
38
85
29
30
15
67
5
22
38
22
9
26
37
87
30
25
12
72
1
22
38
16
14
27
55
97
24
29
22
85
1
32
34
12
1
19
34
72
110
10
38
37
38
98
9
42
44
14
17
24
6
44
70
109
11
47
43
38
99
14
42
50
20
22
1
32
1
48
83
115
16
42
47
36
101
12
50
47
23
31
9
34
3
49
71
105
4
37
38
15
86
40
39
3
20
19
36
63
108
11
42
47
10
89
2
48
43
13
27
6
25
47
59
114
16
39
44
44
96
7
48
41
17
28
4
31
48
66
117
18
30
37
34
100
44
34
11
27
34
47
83
133
28
27
34
43
111
9
53
39
22
37
6
46
16
58
77
138
21
18
23
60
108
16
46
34
32
28
44
23
53
79
132
19
13
18
48
107
17
44
31
29
25
40
17
51
94
137
25
3
7
56
114
11
48
24
13
31
44
28
57
106
139
31
3
9
56
115
17
53
26
23
37
51
37
63
95
119
19
10
12
52
103
17
47
28
24
26
40
22
54
100
124
23
16
17
57
104
18
47
30
20
31
41
26
55
95
126
19
22
22
44
101
18
44
31
25
24
38
20
51
98
126
18
18
21
54
101
18
41
29
23
18
33
27
46
104
133
24
33
38
59
107
20
46
37
17
22
42
37
51
93
131
19
40
47
52
101
15
41
39
29
16
33
30
44
89
127
18
41
45
49
101
12
46
39
24
14
32
26
50
85
126
13
42
46
54
100
14
48
39
14
10
40
23
52
77
121
1
29
47
35
93
6
40
30
25
33
15
46
66
105
34
46
32
81
33
30
18
27
6
40
55
92
42
45
42
66
24
32
18
12
27
62
96
29
42
18
66
21
27
16
19
30
48
87
25
36
19
62
11
25
13
18
25
34
74
26
28
9
52
4
25
16
16
41
79
28
27
3
58
7
26
14
11
21
40
83
20
25
11
62
11
24
13
11
25
37
70
10
14
6
55
12
19
14
7
24
40
71
21
19
16
54
16
26
20
9
24
55
82
28
28
28
69
7
31
35
29
17
35
56
80
18
16
32
73
9
30
29
29
17
34
44
73
6
9
37
62
3
20
18
10
6
24
46
77
16
15
33
63
5
26
26
9
9
31
53
92
21
18
34
69
9
30
31
19
21
34
53
90
16
10
35
62
10
19
30
13
16
24
57
85
20
8
38
63
13
18
34
19
13
24
56
87
23
12
34
68
13
19
36
18
17
26
46
77
25
13
27
61
7
14
34
15
9
19
48
75
36
17
31
63
7
14
41
13
2
4
16
50
78
27
13
26
69
5
21
36
15
9
3
23
61
88
8
25
26
31
79
12
32
37
26
20
13
34
67
87
5
34
27
21
77
6
25
37
26
16
10
1
27
57
81
25
27
14
70
22
26
7
8
7
23
66
98
6
36
45
48
83
4
38
36
10
16
25
36
68
92
27
29
31
73
1
27
29
18
5
17
31
66
86
28
30
40
67
5
27
29
15
3
13
1
32
61
80
30
29
42
66
9
32
32
21
2
14
32
55
77
22
25
37
62
9
26
26
19
11
31
58
95
23
40
42
80
16
43
26
22
3
28
44
68
106
3
19
37
38
89
13
48
24
25
6
31
50
75
108
9
19
37
45
94
11
49
24
22
8
36
8
53
75
124
23
19
38
36
110
12
59
26
21
17
51
13
63
79
131
28
20
39
36
116
15
61
29
27
20
49
14
65
96
125
24
26
39
63
113
23
56
34
28
21
50
23
62
89
119
11
21
27
66
106
23
44
31
24
12
43
24
54
74
112
13
14
61
92
20
27
26
23
3
33
23
41
69
98
23
19
53
83
13
21
31
10
7
28
13
34
62
89
32
28
44
78
13
21
37
15
5
25
4
32
57
83
38
35
40
72
13
19
39
23
1
21
31
52
80
39
32
32
67
10
21
38
23
17
32
53
79
34
28
28
60
15
32
8
11
21
48
72
31
27
24
58
15
31
8
5
20
52
86
36
27
25
72
1
28
35
16
16
35
62
99
28
21
19
83
4
32
34
15
5
29
40
58
97
21
11
22
79
6
28
30
17
27
35
46
88
18
8
43
71
2
23
26
14
18
31
51
87
26
19
34
79
9
36
32
21
27
43
48
88
32
26
28
80
10
45
35
20
37
51
26
69
18
14
14
59
33
23
10
14
36
24
60
20
11
9
53
1
29
26
13
12
31
32
57
29
23
22
51
3
24
33
15
12
29
34
54
32
25
22
46
3
20
34
9
20
29
50
35
27
17
46
4
15
34
11
21
34
50
38
32
33
44
6
12
37
3
15
36
57
43
34
35
43
11
11
39
25
10
36
61
45
33
25
47
5
11
38
24
15
35
60
24
28
26
49
12
25
2
14
45
74
30
37
23
64
27
28
15
13
31
56
92
39
42
25
76
36
31
10
1
27
40
63
101
5
39
44
26
88
45
31
14
11
35
48
70
101
14
29
39
27
90
49
29
17
19
32
52
79
112
21
34
45
29
94
5
52
32
19
23
33
51
81
111
26
36
43
36
101
5
58
31
16
22
39
4
59
78
108
19
19
23
46
96
6
47
21
10
11
39
7
52
84
114
24
27
26
37
102
15
56
29
20
19
44
12
61
86
117
26
23
26
54
111
23
62
31
27
25
59
20
69
78
113
13
9
14
85
103
30
44
24
29
13
41
25
53
75
106
3
1
3
61
89
22
33
17
15
6
35
19
44
83
113
11
4
2
67
99
25
36
21
24
10
47
25
50
78
106
4
61
91
21
23
17
23
1
33
12
39
78
108
8
48
93
16
27
15
16
4
43
3
42
78
113
13
2
6
54
95
16
30
17
19
8
41
13
47
76
110
8
9
9
45
90
12
32
19
27
4
31
12
43
73
108
8
7
11
39
90
9
38
17
18
2
32
3
45
56
86
16
17
18
75
31
20
16
21
36
47
76
25
25
8
72
33
24
16
18
35
27
71
27
27
4
69
34
25
13
15
37
21
63
35
31
6
58
35
30
14
10
35
29
64
40
39
16
56
37
34
12
7
35
29
63
43
40
19
58
2
37
38
18
13
40
36
62
44
39
22
56
2
33
38
13
23
35
39
66
44
44
18
64
2
35
37
11
26
38
52
84
50
46
38
76
15
40
46
30
34
48
44
74
39
39
44
64
10
30
36
22
23
34
39
70
37
39
20
68
29
32
5
18
33
39
72
38
36
22
69
4
33
36
12
23
37
30
65
37
32
62
28
35
11
16
31
28
63
41
30
10
57
1
25
39
10
8
26
21
55
35
30
32
49
4
21
33
7
19
38
61
37
22
18
54
7
21
38
11
21
38
59
29
19
24
49
8
24
34
13
8
25
47
63
39
41
31
57
13
36
41
12
6
17
32
51
66
43
44
38
62
19
30
43
19
6
9
30
42
62
30
41
30
60
8
29
28
18
1
30
53
79
34
48
34
76
8
42
30
11
8
15
37
57
92
7
31
47
34
87
9
45
28
17
9
31
48
69
101
14
25
38
29
96
3
51
22
18
14
40
1
57
80
110
19
11
20
44
97
7
49
16
21
16
41
10
58
81
116
21
3
9
51
101
9
49
10
24
17
51
10
61
93
120
27
16
16
47
105
8
49
18
21
31
49
13
60
100
119
29
20
17
64
104
16
46
23
24
1
34
49
23
60
96
