4868
4868
4868
4868
4868
4868
4868
4999
4868
4868
4777
4966
4868
4869
319
4869
4869
4868
4868
4868
4946
4942
4861
4861
4861
4861
4861
4861
4861
4861
4999
4861
4861
4768
4993
4861
4862
317
4862
4861
4860
4860
4861
4939
4935
4854
4854
4854
4854
4854
4854
4854
4854
4999
4854
4854
4762
4999
4854
4855
304
4855
4854
4854
4854
4854
4933
4928
4849
4849
4848
4849
4849
4849
4849
4864
4999
4849
4848
4757
4999
4849
4849
301
4849
4849
4848
4848
4849
4926
4922
4841
4841
4841
4841
4841
4841
4841
4949
4999
4841
4841
4748
4999
4841
4842
291
4842
4841
4841
4841
4841
4920
4915
4836
4836
4835
4835
4836
4836
4848
4999
4999
4836
4835
4744
4999
4835
4836
263
4836
4836
4835
4835
4836
4913
4909
4829
4829
4828
4828
4829
4829
4920
4996
4999
4829
4828
4736
4999
4828
4829
265
4829
4829
4828
4828
4828
4906
4902
4822
4823
4822
4822
4822
4822
4999
4999
4999
4823
4822
4731
4999
4822
4823
247
4823
4823
4822
4822
4822
4900
4896
4816
4816
4816
4816
4816
4816
4994
4999
4999
4816
4816
4725
4980
4816
4817
243
4817
4816
4816
4815
4816
4894
4889
4810
4810
4809
4809
4810
4810
4999
4999
4999
4810
4810
4718
4984
4809
4810
236
4810
4810
4809
4809
4810
4887
4883
4803
4804
4803
4803
4803
4808
4999
4999
4999
4803
4827
4712
4999
4803
4804
216
4804
4804
4803
4803
4803
4881
4876
4797
4797
4796
4797
4797
4860
4999
4999
4999
4797
4931
4705
4986
4797
4797
206
4797
4797
4797
4796
4797
4874
4870
4933
4934
4933
4256
4449
4004
3466
3288
3756
4319
3982
4999
4040
4886
988
4934
4930
692
607
4934
4933
4933
4933
4791
4786
4925
4926
4925
4131
4311
3889
3368
3194
3690
4196
3866
4999
3988
4738
957
4926
4866
670
587
4926
4925
4925
4925
4784
4780
4920
4920
4919
4009
4188
3779
3274
3105
3626
4069
3756
4999
3941
4591
916
4920
4717
642
562
4920
4920
4919
4920
4778
4774
4887
4887
4887
3878
4045
3661
3174
3011
3553
3941
3641
4988
3885
4457
908
4911
4577
636
558
4913
4913
4912
4913
4772
4767
2781
2787
2791
2430
2516
2333
2103
2027
2315
2481
2339
2733
2502
2709
624
2868
2803
439
386
2883
2888
2893
2899
3023
3025
8
30
28
27
250
26
1
108
109
110
23
414
54
7
4
4
124
125
126
127
140
140
308
33
92
92
93
603
16
96
96
97
97
96
96
516
34
60
60
60
757
33
59
59
59
58
56
56
750
38
8
8
8
879
46
6
5
5
5
3
3
7
7
963
44
9
9
9
9
10
10
1021
53
16
16
1132
54
16
16
16
16
16
1179
59
8
8
1276
63
8
8
7
7
1336
65
1411
68
1
1
1479
71
1
2
2
1541
75
2
2
1611
78
2
2
2
1667
81
1731
84
1
1
1
1787
87
1844
89
1899
91
1951
94
2004
96
2053
98
2102
101
2148
103
2193
105
2238
107
2279
109
2321
111
2361
112
2400
115
2438
117
2474
119
2510
122
2546
124
2579
126
2611
128
2643
131
2674
133
2703
135
2731
137
2759
139
2786
140
2812
143
2836
143
2859
144
2883
146
2904
148
2926
148
2946
149
2965
150
2985
151
3002
151
3021
153
3038
154
3054
154
3070
155
3085
156
3100
156
3115
156
3128
157
3141
158
3153
159
3166
159
3177
160
3188
160
3200
160
3209
161
3219
161
3229
161
3238
162
3246
162
3254
163
3263
163
3271
163
3277
164
3284
164
3291
165
3298
165
3303
164
3308
165
3314
165
3319
165
3324
166
3329
166
3332
166
3337
166
3340
166
3344
167
3348
166
3350
167
3354
166
3356
166
3359
167
3362
167
3363
167
3365
167
3366
167
3368
167
3370
166
3371
167
3372
167
3373
166
3373
167
3375
167
3375
167
3375
167
3375
167
3375
167
3375
167
3375
167
3375
167
3374
167
3374
167
3373
167
3372
167
3371
167
3370
167
3370
166
3368
167
3367
167
3366
166
3364
167
3363
166
3361
166
3359
166
3358
165
3355
166
3354
166
3352
165
3350
165
3348
165
3345
165
3343
165
3341
165
3339
165
3337
164
3334
165
3332
164
3329
164
3326
164
3324
164
3321
164
3319
164
3316
164
3313
163
3310
163
3307
163
3304
162
3301
162
3298
162
3295
163
3293
162
3289
162
3286
162
3283
161
3279
161
3276
162
3274
161
3270
161
3267
161
3263
160
3260
160
3257
160
3253
160
3250
160
3246
160
3243
160
3240
159
3235
159
3233
159
3229
159
3225
159
3222
158
3218
158
3214
158
3210
158
3208
158
3203
157
3200
157
3196
158
3193
157
3189
156
3185
157
3182
156
3178
156
3174
156
3170
156
3166
155
3163
155
3159
156
3155
155
3151
155
3148
155
3144
155
3185
157
3182
156
3178
156
3174
156
3170
156
3166
155
3163
155
3159
156
3155
155
3151
155
3148
155
3144
155
3098
157
3094
157
3090
157
3086
157
3081
156
3078
156
3074
156
3069
156
3066
155
3059
156
2106
114
361
359
347
156
179
119
79
75
48
152
105
34
222
20
312
233
12
9
312
314
318
313
356
346
71
72
77
143
135
157
151
147
98
148
164
77
126
47
97
124
34
28
99
101
98
104
87
92
201
15
122
122
124
149
145
153
142
137
90
148
154
70
139
42
127
136
29
24
127
128
125
128
125
122
102
8
74
74
73
63
64
61
52
51
34
62
60
26
65
16
71
66
11
9
71
72
70
72
33
72
26
3
17
16
15
2
3
10
3
3
11
11
10
12
13
7
7
8
21
19
23
21
23
14
20
24
11
16
9
9
14
6
4
10
9
8
10
9
5
23
4
20
21
21
23
23
24
21
22
14
23
24
11
21
8
20
1
21
5
4
20
21
19
21
18
16
3
13
13
12
10
10
9
7
9
5
10
9
4
11
4
12
3
10
3
1
11
12
11
13
11
3
1
2
3
1
3
4
3
1
1
2
2
2
1
1
2
1
2
3
4
3
5
5
5
3
6
3
4
5
3
4
4
3
2
3
2
1
3
4
2
4
1
4
2
3
1
6
6
6
5
5
5
3
5
4
5
5
3
5
4
5
3
4
3
1
5
5
3
5
2
1
3
2
3
1
4
5
4
3
3
3
1
3
2
2
3
2
3
3
4
3
2
2
1
3
3
3
4
1
2
2
2
1
2
2
3
1
1
2
1
2
3
1
3
2
1
1
2
2
3
3
3
1
2
1
2
1
1
1
1
1
2
3
2
3
1
2
1
2
2
1
2
3
4
3
3
3
2
1
3
2
2
3
2
3
3
3
3
2
2
1
3
3
2
3
3
3
3
2
1
1
2
2
1
2
1
2
1
3
2
3
1
2
1
2
2
1
2
4
4
3
3
3
3
1
3
2
2
3
3
3
4
3
3
2
2
1
2
3
1
3
3
1
2
3
1
3
4
3
1
1
2
2
2
1
1
2
1
2
3
4
3
5
5
5
3
6
3
4
5
3
4
4
3
2
3
2
1
3
4
2
4
1
4
2
3
1
6
6
6
5
5
5
3
5
4
5
5
3
5
4
5
3
4
3
1
5
5
3
5
2
1
3
2
3
1
4
5
4
3
3
3
1
3
2
2
3
2
3
3
4
3
2
2
1
3
3
3
4
1
2
2
2
1
2
2
3
1
1
2
1
2
3
1
3
2
1
1
2
2
3
3
3
1
2
1
2
1
1
1
1
1
2
3
2
3
1
2
1
2
2
1
2
3
4
3
3
3
2
1
3
2
2
3
2
3
3
3
3
2
2
1
3
3
2
3
3
3
3
2
1
1
2
2
1
2
1
2
1
3
2
3
1
2
1
2
2
1
2
4
4
3
3
3
3
1
3
2
2
3
3
3
4
3
3
2
2
1
2
3
1
3
3
3
2
2
2
2
3
2
1
2
1
2
2
3
2
4
2
2
1
2
2
1
3
3
4
4
3
3
2
3
2
2
3
2
3
3
3
3
2
3
2
3
3
2
3
3
4
2
3
3
3
1
3
2
1
2
2
3
3
3
3
1
2
1
3
2
2
2
4
4
3
2
2
2
1
3
3
1
2
1
2
3
3
3
3
2
2
2
3
2
2
3
3
4
3
3
3
3
3
2
1
3
3
3
4
3
4
2
2
2
3
3
2
3
4
4
3
3
2
3
1
4
2
2
2
1
3
2
4
3
4
1
2
2
3
3
2
4
5
4
4
3
3
3
1
3
3
2
3
1
3
3
3
3
4
2
3
2
3
3
2
3
3
4
3
3
3
2
1
3
3
2
3
3
3
4
3
4
1
3
2
4
3
3
3
4
5
3
3
3
3
1
3
3
2
3
3
3
4
4
4
2
2
2
3
3
3
4
5
4
4
3
3
3
1
4
2
2
3
3
3
4
3
4
2
2
2
3
3
2
3
5
4
3
3
3
3
1
4
2
2
3
3
3
5
3
5
2
3
3
3
3
3
4
4
5
4
3
4
3
4
3
2
3
1
3
3
4
3
4
2
3
3
4
3
3
4
4
5
4
3
4
4
2
4
3
2
3
1
3
3
5
4
4
2
2
2
4
3
3
4
5
5
4
3
3
3
1
4
4
3
4
1
3
4
5
4
5
3
3
3
4
3
3
4
5
5
3
4
4
4
1
4
3
2
4
1
4
4
5
4
4
2
3
4
4
4
3
4
5
5
4
4
3
4
1
4
3
2
3
3
4
5
4
4
2
3
3
4
3
3
4
5
5
4
4
4
4
1
4
3
2
3
1
4
4
5
4
5
2
3
3
4
3
3
4
5
5
4
4
4
4
1
4
3
2
4
1
4
4
5
5
5
3
3
3
5
4
4
5
5
6
4
4
4
4
1
4
4
3
4
1
4
4
5
5
5
3
3
3
4
4
4
4
5
5
4
4
4
5
1
4
3
2
4
1
4
4
5
4
4
2
3
3
4
4
3
4
6
5
5
4
4
4
1
5
4
3
4
1
4
4
6
5
5
3
3
3
5
4
4
5
5
6
5
5
5
4
1
5
4
3
4
1
4
4
5
5
5
3
4
4
5
4
4
5
6
6
4
4
4
5
2
5
4
2
4
1
4
4
5
5
4
3
3
3
5
4
4
5
5
6
5
5
4
5
1
5
4
3
4
1
4
4
5
5
5
4
3
4
5
4
4
4
6
6
5
5
5
5
1
5
4
3
4
1
5
5
6
5
5
3
4
4
5
5
5
5
6
6
5
5
5
4
2
5
4
3
5
1
4
5
5
5
5
3
4
4
5
4
4
5
6
7
5
5
5
5
2
5
4
3
4
1
5
5
6
5
5
3
4
3
5
4
5
5
6
7
5
5
5
5
1
4
5
3
5
1
5
4
6
6
6
4
4
4
5
5
5
5
6
6
5
5
5
6
2
5
5
3
5
1
5
5
6
6
5
4
4
4
6
5
4
5
7
7
5
5
5
5
2
6
5
4
4
1
5
5
6
6
5
3
4
4
5
5
4
5
4
6
6
6
5
5
5
1
5
5
3
5
1
5
5
6
6
5
4
4
4
6
5
5
5
7
6
5
5
5
5
3
6
5
3
4
1
5
5
6
6
5
4
4
4
6
5
5
5
7
7
5
5
5
5
2
5
5
4
5
1
5
5
6
6
5
4
4
4
6
4
5
5
7
7
5
6
6
6
1
5
5
3
5
2
6
5
6
6
5
4
4
5
6
5
5
5
7
7
5
5
5
6
2
6
5
3
5
1
5
5
7
6
6
4
4
5
6
6
5
6
7
7
6
6
5
5
2
6
5
4
5
1
5
5
6
6
6
4
4
4
6
5
5
6
7
7
6
6
6
6
2
5
5
4
5
2
6
5
6
6
6
4
4
5
6
5
5
5
7
7
6
5
6
6
2
6
5
4
5
1
6
6
7
7
6
4
4
5
7
6
6
6
7
8
6
5
5
6
2
6
5
4
5
1
5
6
6
7
6
5
4
4
6
5
6
6
7
7
6
7
6
6
2
6
5
4
6
1
6
6
6
6
5
4
4
5
6
5
5
5
7
7
6
6
6
6
2
6
6
3
5
1
6
6
7
7
6
4
4
5
7
6
6
7
8
8
6
5
6
6
2
6
6
5
5
1
6
6
7
7
6
5
4
5
6
6
6
7
8
7
7
6
7
6
2
6
5
5
5
2
6
6
7
7
6
5
5
5
7
5
6
6
7
7
6
6
7
6
3
6
6
4
6
1
6
7
7
8
6
5
4
4
7
6
6
7
7
8
6
6
6
6
2
6
6
4
6
1
6
6
7
8
6
5
4
5
7
5
7
7
8
8
6
7
6
7
2
6
6
4
6
2
7
6
7
7
6
5
4
6
7
6
6
6
18
8
8
6
6
6
7
3
7
6
4
5
2
7
6
8
8
6
5
4
5
7
6
6
7
15
8
8
6
6
6
6
2
6
6
5
6
2
7
6
7
7
7
5
5
6
7
6
7
7
9
9
8
7
8
8
2
7
7
4
7
2
8
8
9
9
7
6
5
7
9
7
8
7
59
10
9
7
7
8
8
3
8
7
5
7
2
8
8
9
9
7
6
5
6
9
7
8
8
38
9
9
8
8
8
7
3
8
7
6
7
2
8
8
8
9
7
6
5
6
8
7
7
7
30
9
9
8
7
9
8
3
7
7
5
7
2
8
8
9
9
7
6
6
7
9
7
8
8
9
10
9
7
7
8
8
3
7
7
5
7
2
8
7
9
10
8
7
5
6
9
7
8
8
9
9
8
8
8
8
3
7
7
5
7
2
8
8
9
9
7
6
5
7
9
7
8
7
10
9
8
8
8
9
3
8
7
5
7
2
8
8
9
9
7
5
5
7
9
7
8
8
10
10
7
7
8
8
3
8
7
5
7
2
8
7
9
10
8
6
6
7
9
7
8
9
10
9
8
8
9
8
3
7
7
5
7
3
8
8
9
9
8
6
6
7
10
7
8
8
10
9
8
7
8
8
3
8
7
5
7
2
8
8
9
10
7
6
6
7
9
7
8
8
10
10
8
8
8
8
3
8
8
5
7
2
8
8
9
10
8
7
6
7
9
8
8
8
10
10
8
8
8
9
3
8
8
5
8
2
9
8
9
10
8
7
6
8
10
8
8
8
9
9
8
7
8
8
2
7
7
4
7
2
8
8
9
9
7
6
5
7
9
7
8
7
59
10
9
7
7
8
8
3
8
7
5
7
2
8
8
9
9
7
6
5
6
9
7
8
8
38
9
9
8
8
8
7
3
8
7
6
7
2
8
8
8
9
7
6
5
6
8
7
7
7
30
9
9
8
7
9
8
3
7
7
5
7
2
8
8
9
9
7
6
6
7
9
7
8
8
9
10
9
7
7
8
8
3
7
7
5
7
2
8
7
9
10
8
7
5
6
9
7
8
8
9
9
8
8
8
8
3
7
7
5
7
2
8
8
9
9
7
6
5
7
9
7
8
7
10
9
8
8
8
9
3
8
7
5
7
2
8
8
9
9
7
5
5
7
9
7
8
8
10
10
7
7
8
8
3
8
7
5
7
2
8
7
9
10
8
6
6
7
9
7
8
9
10
9
8
8
9
8
3
7
7
5
7
3
8
8
9
9
8
6
6
7
10
7
8
8
10
9
8
7
8
8
3
8
7
5
7
2
8
8
9
10
7
6
6
7
9
7
8
8
10
10
8
8
8
8
3
8
8
5
7
2
8
8
9
10
8
7
6
7
9
8
8
8
10
10
8
8
8
9
3
8
8
5
8
2
9
8
9
10
8
7
6
8
10
8
8
8
11
10
8
8
8
9
3
8
7
6
7
1
8
8
9
10
7
7
6
7
10
8
9
9
11
10
9
8
9
9
3
8
8
6
8
2
8
8
9
10
8
7
7
7
9
7
8
9
10
10
8
8
9
9
3
8
7
5
8
2
9
9
10
10
8
7
7
8
10
8
9
8
11
10
8
8
9
9
4
8
8
6
8
2
9
9
10
10
8
7
6
7
10
8
9
8
5
10
10
8
8
9
9
3
8
8
5
9
2
8
8
9
10
8
7
6
7
10
7
9
8
10
10
8
9
9
9
3
9
8
5
8
2
9
9
10
11
8
7
6
8
10
8
9
9
11
10
8
8
9
9
3
9
9
6
8
2
9
9
10
10
9
7
6
7
10
8
9
9
11
10
9
9
10
9
3
8
8
6
8
3
9
9
9
10
8
7
6
7
10
8
9
8
11
11
9
8
9
9
4
8
9
6
8
3
9
9
10
11
8
7
6
8
11
8
10
9
11
10
8
8
9
9
3
9
9
6
8
2
9
9
9
11
8
7
6
8
10
8
9
9
11
10
9
9
10
10
4
9
9
5
8
2
9
9
10
10
8
7
6
8
10
9
9
9
12
11
9
9
9
9
4
9
9
6
8
3
9
9
10
11
9
7
7
8
10
8
9
9
11
10
9
9
9
9
3
9
9
6
8
3
9
9
10
11
9
8
7
8
11
9
10
9
11
11
9
8
9
9
4
9
9
6
8
2
10
9
10
12
8
7
6
8
11
8
10
9
11
11
9
9
10
10
3
9
9
6
9
2
10
9
10
11
8
8
7
9
11
8
9
9
12
10
9
9
10
10
3
9
9
6
8
2
9
10
11
11
9
8
7
9
11
9
10
9
12
11
9
9
10
9
3
9
9
6
9
3
10
9
10
11
9
8
7
8
11
9
10
9
11
11
9
9
10
10
4
9
9
6
8
3
10
10
10
11
8
7
7
8
11
9
10
9
12
11
9
9
9
10
4
9
9
6
9
3
9
9
10
12
9
8
7
9
11
9
11
10
11
11
9
9
10
10
3
9
9
6
9
3
10
9
10
11
9
8
7
9
12
9
10
9
12
11
9
9
10
10
4
10
9
6
8
2
10
10
11
12
9
7
6
9
12
9
10
9
12
11
10
9
10
10
4
9
9
7
9
3
10
10
10
12
9
8
7
9
12
9
10
10
11
11
9
9
10
10
4
9
9
6
9
3
10
10
11
12
9
8
7
9
12
9
11
9
12
12
9
9
10
10
4
9
9
7
9
2
9
10
10
12
9
8
7
9
11
9
10
9
12
12
12
10
10
10
10
4
9
9
6
10
3
10
10
11
12
9
8
7
10
12
9
10
9
3
12
11
9
9
10
11
4
10
9
6
9
3
10
10
11
13
9
8
7
9
12
10
11
10
12
12
10
9
10
10
4
10
9
7
9
3
10
10
10
12
10
8
7
9
12
9
10
10
12
11
10
10
11
10
4
9
9
7
9
3
10
10
11
12
9
8
7
9
13
9
10
9
12
12
9
9
10
10
4
9
10
7
9
3
10
11
11
13
9
8
7
9
12
9
11
10
12
12
10
10
10
10
4
10
10
7
10
2
11
10
11
13
10
9
7
10
12
9
11
10
13
12
10
10
11
11
4
10
10
7
9
3
11
10
12
13
10
8
7
9
12
10
11
10
13
12
10
10
10
11
4
10
10
7
9
3
10
10
12
13
10
9
7
9
12
9
11
10
12
12
10
10
11
10
4
9
10
7
10
3
11
10
11
13
10
9
8
10
13
9
11
10
12
12
10
10
11
11
5
10
10
7
9
3
10
10
11
13
9
8
7
9
12
9
11
10
13
13
10
10
11
11
4
10
10
7
9
3
10
10
11
13
9
