12
6
8
10
17
7
22
1
37
13
5
9
5
6
6
14
3
20
39
34
1
1
7
13
7
9
11
18
9
24
3
39
32
3
2
9
16
7
10
14
20
12
24
1
10
30
1
1
8
12
6
8
10
16
7
22
2
29
1
6
8
5
5
6
12
2
1
20
36
22
7
11
6
6
8
15
5
22
31
10
1
8
14
7
8
10
18
10
24
10
30
7
11
5
5
6
14
5
21
1
35
3
5
2
1
9
3
19
37
18
4
7
3
1
1
10
3
20
37
30
7
11
5
5
6
15
5
1
23
7
36
1
14
6
14
14
7
16
5
15
15
12
2
12
24
5
42
20
13
5
13
11
5
14
2
12
11
5
8
18
22
2
33
21
12
4
12
8
3
14
10
8
1
11
21
20
1
31
21
10
15
6
14
11
5
18
2
12
12
7
7
20
22
3
42
24
2
18
9
17
14
7
21
5
16
16
10
6
18
24
9
50
16
17
9
16
12
5
18
1
13
12
5
11
22
22
6
33
7
12
5
14
8
3
17
8
7
16
27
19
1
7
9
15
7
16
10
5
20
1
10
11
2
13
27
21
3
9
19
10
19
14
7
24
3
14
15
8
11
24
23
8
7
10
16
9
18
11
4
22
11
11
2
14
28
21
4
11
13
7
17
7
1
18
4
5
19
34
18
11
18
15
7
18
8
1
21
5
6
19
35
19
4
20
19
11
21
12
3
23
9
10
3
15
32
21
3
18
10
21
11
1
22
7
7
18
33
19
1
13
7
18
5
18
23
38
15
14
7
18
5
18
1
22
39
15
7
20
11
22
9
23
5
6
18
37
18
1
20
12
22
9
22
6
5
20
37
18
2
11
16
9
19
4
18
25
42
14
32
15
9
20
4
20
25
44
14
109
23
21
14
25
10
26
9
4
5
21
41
17
4
227
23
17
26
12
29
11
5
13
20
39
19
6
375
18
14
25
9
28
8
12
24
43
16
1
513
17
14
24
8
29
6
12
25
46
16
523
10
22
16
26
12
34
11
5
16
21
42
18
5
390
25
18
28
13
2
33
13
9
12
21
41
19
7
213
21
19
14
25
7
29
5
6
23
44
17
68
37
17
11
23
3
26
2
4
25
47
14
1
44
22
16
25
8
1
31
9
8
1
22
45
18
4
15
40
26
18
28
11
3
34
14
11
7
19
42
20
9
36
27
24
16
27
8
1
31
10
8
22
45
17
5
20
23
20
13
25
4
28
5
4
25
48
15
19
24
16
26
7
32
10
8
22
47
17
6
5
27
20
29
12
3
35
15
12
5
18
43
19
11
22
16
28
9
1
33
12
9
19
44
18
6
19
14
27
5
30
6
3
22
48
15
1
21
15
27
7
31
8
6
19
48
16
4
24
17
30
11
2
36
13
11
1
13
43
18
9
22
16
30
10
1
34
12
9
13
43
18
7
18
12
26
6
30
6
3
17
48
15
1
9
19
13
28
7
32
8
2
16
48
15
3
7
25
17
32
13
1
37
15
8
3
10
44
19
10
5
25
17
32
14
37
16
8
3
10
43
19
10
9
21
14
28
8
33
10
2
15
48
16
5
10
20
13
28
8
35
9
2
13
49
16
5
3
7
26
17
32
14
40
16
8
4
8
45
19
11
2
27
18
33
15
1
40
17
9
4
7
43
20
13
15
22
15
30
11
37
12
3
10
47
17
8
18
21
13
29
10
36
10
1
11
49
17
6
20
1
25
16
32
14
41
16
6
3
7
46
20
13
15
28
19
33
17
1
43
20
9
8
5
43
20
17
9
25
16
30
12
40
15
4
1
9
45
19
11
3
23
14
29
10
39
12
2
12
48
17
8
19
26
17
31
14
1
43
16
7
5
8
46
20
12
26
29
19
32
18
3
46
20
11
9
6
42
22
16
13
26
17
31
16
1
44
16
7
4
9
45
21
12
4
23
14
29
12
41
12
4
12
48
19
8
25
27
16
30
15
1
45
15
7
4
9
46
20
12
6
30
31
19
33
20
4
48
21
12
11
7
42
24
17
6
28
17
32
18
1
45
16
8
6
9
43
22
13
6
22
14
29
13
42
10
2
12
47
19
6
35
24
16
30
17
45
14
5
4
10
45
21
9
52
29
19
34
21
2
48
19
10
10
7
41
23
16
25
28
19
31
19
1
46
17
8
8
9
41
22
14
8
25
17
30
16
43
13
3
1
14
45
19
9
28
26
17
31
17
45
14
4
4
13
46
20
10
29
31
22
34
22
2
49
19
10
12
10
41
23
17
3
32
22
34
21
2
48
19
9
10
11
41
22
17
26
18
31
16
42
12
3
16
45
19
9
21
26
17
32
16
42
11
3
17
47
18
9
43
30
21
33
20
46
16
8
7
13
43
21
14
9
32
32
23
35
22
1
47
18
10
11
13
41
22
17
15
9
29
19
32
19
43
14
6
4
18
44
19
11
4
20
25
17
31
17
43
11
5
2
17
47
18
7
5
39
29
19
35
23
2
49
17
2
10
11
11
43
22
13
23
18
29
20
35
25
2
51
2
19
6
12
16
9
39
23
14
37
24
16
34
23
1
49
15
1
9
10
12
43
21
10
39
4
21
13
32
19
47
12
5
5
12
45
19
6
35
7
16
23
14
33
23
1
51
15
4
9
12
7
41
22
10
50
18
10
26
16
36
27
4
54
3
19
9
14
19
5
39
25
14
67
18
23
13
33
24
1
50
15
3
10
11
8
41
22
9
63
24
19
10
30
21
48
11
6
7
10
44
20
5
58
47
7
24
12
33
24
2
52
15
5
9
13
7
43
22
10
67
56
28
16
35
28
3
55
3
21
1
9
14
18
5
39
25
15
83
61
25
14
33
26
1
52
1
18
6
10
14
6
40
23
11
82
65
22
11
32
22
50
13
1
6
9
9
44
20
8
70
66
26
14
34
25
1
53
18
5
9
14
8
44
22
13
77
63
4
30
17
35
29
3
56
3
24
2
11
14
20
1
4
40
25
18
89
65
29
17
35
29
3
55
3
25
2
10
13
19
1
5
41
24
19
85
71
27
14
32
24
52
21
5
9
13
10
45
22
15
64
72
30
15
32
25
1
53
23
6
10
16
10
46
22
18
61
77
5
36
19
35
30
3
57
4
31
7
13
16
24
6
6
42
24
25
78
87
36
19
36
30
4
57
5
32
8
13
17
25
9
7
42
24
27
72
84
33
18
34
25
2
53
1
28
2
7
12
18
4
13
47
21
23
50
78
34
17
33
25
1
53
28
2
7
13
18
4
14
48
20
23
43
68
14
39
20
35
28
4
57
5
36
4
10
13
18
26
12
11
45
23
30
48
55
40
22
34
28
4
56
5
37
8
10
12
20
27
16
11
43
23
32
46
51
37
19
31
23
2
52
2
32
5
3
6
16
19
11
17
47
20
27
30
47
37
19
31
22
2
51
1
31
5
2
4
14
17
9
20
49
19
27
21
36
13
43
23
32
25
5
55
5
37
14
8
11
21
24
18
18
46
22
33
30
28
9
46
26
33
27
7
57
7
41
21
13
13
24
27
24
18
43
23
38
34
26
43
22
30
23
4
53
4
36
16
6
6
19
21
18
21
46
20
32
21
31
4
41
20
27
19
3
50
2
32
14
3
17
17
14
23
49
18
29
11
26
29
45
22
29
23
6
54
6
37
20
7
9
23
26
21
20
45
21
33
23
10
28
47
25
30
25
8
57
8
42
25
12
12
27
29
28
17
42
22
38
39
9
5
43
22
29
22
6
53
6
38
24
7
7
24
22
25
22
45
21
34
27
4
40
19
26
18
5
51
4
34
19
3
4
20
18
20
25
48
19
29
12
7
37
42
21
28
22
7
54
7
38
24
7
8
25
23
26
22
46
20
33
25
14
38
46
24
30
26
10
58
11
42
31
12
13
30
30
33
19
43
23
37
36
12
19
43
22
30
23
8
55
9
38
29
9
10
27
25
30
22
44
21
33
31
10
29
41
19
27
19
5
51
6
34
22
3
4
22
19
24
26
48
18
29
17
7
57
41
20
27
21
7
55
9
36
23
6
8
25
23
26
24
47
20
32
20
15
65
43
22
31
27
10
59
12
40
30
14
15
31
31
34
18
42
24
35
37
12
25
40
21
31
25
9
56
11
37
28
10
13
29
28
31
19
44
22
32
33
4
20
35
18
30
21
7
54
9
31
23
3
7
25
21
27
23
49
19
26
20
41
35
18
31
23
7
56
9
32
23
6
10
26
25
27
21
48
20
27
22
56
41
22
35
29
10
61
14
39
29
15
18
32
33
34
17
44
23
33
37
34
40
24
35
28
10
61
15
40
32
16
17
32
32
37
18
44
23
33
40
7
36
20
33
24
7
57
11
34
25
9
12
27
28
30
23
49
20
27
24
29
37
21
34
23
7
58
10
36
25
10
12
27
26
30
24
50
19
29
24
47
40
25
36
27
10
62
15
41
33
16
18
34
34
39
19
46
22
34
38
30
41
27
38
29
12
63
17
42
38
18
20
35
37
43
19
45
23
35
43
12
37
24
36
24
9
59
12
36
32
11
13
30
27
36
23
49
20
29
30
38
35
22
34
23
7
58
11
35
28
9
12
28
27
34
22
51
18
27
24
57
39
25
38
27
11
63
15
42
35
18
19
34
35
41
17
47
22
33
37
36
39
26
39
30
11
64
16
43
37
21
21
36
38
44
14
44
23
35
43
4
34
23
36
26
9
60
13
37
31
13
16
31
30
39
16
47
20
29
32
15
31
19
33
22
8
58
11
34
27
9
12
28
26
35
17
49
19
25
22
4
46
33
21
34
26
10
62
15
39
31
15
17
33
32
41
10
45
22
29
33
5
32
34
22
36
29
12
64
18
41
37
20
21
37
36
47
5
41
25
32
43
10
29
17
32
26
10
60
15
34
32
12
15
32
30
43
7
44
22
25
32
11
24
13
29
21
8
57
12
29
25
4
10
28
23
37
8
47
19
19
21
16
28
25
13
29
23
10
60
14
31
27
9
13
32
28
40
3
43
21
22
25
24
23
27
15
32
27
11
63
18
35
32
13
18
36
33
46
40
24
25
36
24
22
12
30
23
9
59
14
28
28
7
13
32
27
42
42
21
19
28
33
16
7
27
18
6
56
11
21
20
8
27
19
35
1
45
18
11
14
45
18
17
7
28
21
7
58
13
23
20
2
10
30
22
37
44
20
13
18
34
20
18
9
30
25
10
61
16
27
26
8
15
36
28
44
39
23
16
32
21
15
7
28
23
9
60
16
25
24
6
14
34
25
42
38
21
13
31
23
10
2
26
18
6
56
11
18
17
7
28
18
35
43
18
7
17
32
3
10
2
27
18
7
57
12
19
17
9
30
21
36
43
19
8
26
32
5
14
6
29
23
11
61
17
26
24
8
16
36
29
44
38
22
15
53
26
15
7
29
22
9
60
16
26
25
7
14
35
28
44
38
20
15
61
19
11
4
27
16
6
55
12
20
19
7
29
19
36
42
16
9
47
26
11
11
4
26
16
6
55
12
20
19
7
29
19
36
44
16
10
41
37
44
16
8
28
21
9
59
15
27
26
6
13
35
29
43
40
19
16
60
33
15
17
9
28
21
9
60
16
29
30
9
14
36
29
46
39
19
18
75
20
12
7
26
17
6
55
11
24
24
3
9
30
24
40
43
16
13
64
10
31
11
5
25
15
5
54
10
24
22
1
7
29
23
37
45
14
12
58
14
56
16
8
27
20
10
59
16
31
31
9
14
37
32
46
40
18
19
70
11
40
19
13
28
22
12
61
19
36
36
15
18
41
37
53
37
20
23
73
14
11
14
9
25
18
11
58
17
31
32
9
13
37
30
48
39
17
18
58
26
9
12
6
22
15
10
56
16
28
30
5
9
36
27
45
41
16
15
53
34
35
17
10
25
19
14
61
20
35
35
13
16
43
36
52
37
19
22
72
34
27
22
14
27
23
17
64
24
41
43
20
2
22
47
43
60
34
21
28
88
27
20
13
26
20
15
62
22
39
41
15
17
45
37
56
37
20
25
77
26
2
16
10
24
16
14
59
20
34
37
10
12
42
32
52
39
17
20
58
21
35
18
12
26
20
17
62
23
39
42
16
18
47
38
57
37
19
24
53
22
33
22
16
28
25
20
66
27
45
49
23
7
25
52
46
64
33
22
30
47
14
1
19
14
28
23
19
64
25
42
48
20
6
21
49
40
63
34
21
26
31
5
15
11
26
19
16
61
21
38
42
15
16
44
34
56
38
19
22
14
14
36
17
12
26
22
17
63
23
39
42
18
19
47
39
57
36
20
24
16
21
45
19
15
30
27
19
66
27
45
49
24
7
26
52
45
64
32
23
28
33
17
17
16
12
28
25
17
64
24
42
47
21
4
23
48
40
61
32
21
26
29
12
9
6
25
20
14
60
20
34
38
14
16
42
34
53
36
18
18
14
10
19
8
5
26
21
15
62
20
34
36
14
18
43
35
52
36
20
18
12
7
50
10
7
27
25
17
65
23
38
41
19
24
47
41
58
30
22
21
22
30
9
6
28
26
17
64
23
37
40
18
22
47
39
58
29
22
20
25
14
3
1
23
20
14
59
18
28
31
9
15
39
29
47
34
19
11
27
46
22
19
14
58
18
26
28
7
14
39
28
45
34
19
7
51
68
2
1
26
25
17
64
22
32
31
15
22
45
39
50
30
23
14
134
47
1
1
26
26
18
64
23
32
29
17
24
45
42
50
28
24
13
248
24
23
22
14
61
19
26
20
11
19
38
38
39
31
20
6
372
51
24
24
14
65
19
24
13
13
23
37
44
32
33
20
3
538
70
27
30
18
70
24
30
17
22
32
43
55
38
29
24
9
616
42
1
28
32
19
72
27
33
24
23
33
47
55
45
27
26
13
494
8
25
26
17
66
24
24
22
13
24
43
41
43
31
22
4
282
10
13
21
21
16
62
22
16
20
3
18
41
30
41
34
20
123
22
41
23
24
19
65
25
19
27
8
22
47
33
49
31
23
1
43
28
27
25
26
21
67
28
22
35
12
25
50
37
56
29
24
4
46
20
23
23
18
64
24
17
31
6
20
46
32
51
31
22
65
14
1
19
18
16
60
20
10
23
15
41
24
45
36
19
39
15
31
20
19
18
60
22
12
27
2
17
44
26
49
34
21
23
23
22
20
22
19
62
25
15
32
5
20
48
30
55
29
22
12
34
17
18
17
58
21
7
27
14
44
23
51
31
19
26
14
14
14
54
17
20
8
39
15
44
35
17
27
13
14
15
56
17
19
9
39
16
44
34
18
28
6
16
18
15
57
18
3
22
13
42
20
48
29
20
20
14
16
12
54
16
19
9
37
15
44
31
18
23
10
10
9
48
10
11
2
30
5
35
35
15
29
9
10
8
49
9
9
2
29
6
32
35
14
29
12
12
14
10
52
12
14
7
34
12
38
30
17
17
4
23
23
18
64
24
17
31
6
20
46
32
51
31
22
65
14
1
19
18
16
60
20
10
23
15
41
24
45
36
19
39
15
31
20
19
18
60
22
12
27
2
17
44
26
49
34
21
23
23
22
20
22
19
62
25
15
32
5
20
48
30
55
29
22
12
34
17
18
17
58
21
7
27
14
44
23
51
31
19
26
14
14
14
54
17
20
8
39
15
44
35
17
27
13
14
15
56
17
19
9
39
16
44
34
18
28
6
16
18
15
57
18
3
22
13
42
20
48
29
20
20
14
16
12
54
16
19
9
37
15
44
31
18
23
10
10
9
48
10
11
2
30
5
35
35
15
29
9
10
8
49
9
9
2
29
6
32
35
14
29
12
12
14
10
52
12
14
7
34
12
38
30
17
17
4
10
16
14
57
18
17
14
41
21
44
28
19
7
13
12
54
15
14
8
37
15
39
30
17
5
10
10
51
14
8
4
34
10
35
33
15
7
13
14
56
17
11
10
39
18
39
31
18
6
10
17
17
58
21
18
15
44
23
45
27
21
7
14
15
55
19
14
11
40
16
41
28
19
5
10
14
52
16
8
5
36
10
33
31
17
4
7
13
16
55
18
10
9
39
14
36
30
19
15
10
18
18
59
22
1
16
16
43
23
41
27
22
10
16
16
57
20
15
13
41
19
39
26
20
7
12
14
53
16
9
7
36
12
33
31
17
7
9
13
14
54
17
8
9
37
16
33
32
18
21
11
17
17
57
20
4
14
15
42
23
41
28
21
4
1
12
17
16
56
20
3
16
14
41
22
41
28
20
7
10
12
12
52
15
9
7
34
15
33
32
17
12
10
12
12
52
16
9
9
34
15
33
33
17
41
14
17
15
56
19
6
14
15
39
25
40
29
20
13
14
13
18
15
57
19
7
16
1
17
40
26
43
27
20
21
10
14
12
54
16
1
12
10
34
19
37
30
17
15
10
13
11
53
14
6
9
31
17
32
31
17
15
5
12
18
13
57
17
7
11
16
35
25
37
27
19
31
13
20
13
59
18
10
15
3
19
37
30
41
24
21
42
10
16
12
56
15
5
10
14
33
24
36
26
18
40
9
15
10
55
14
3
6
11
30
19
32
29
17
41
1
12
19
12
59
17
9
9
2
18
35
29
37
26
20
58
13
21
13
62
19
14
15
7
21
38
34
42
22
21
77
12
17
10
58
16
10
13
1
16
34
28
39
25
19
72
10
14
9
55
13
9
7
13
31
24
33
29
16
66
12
13
17
10
58
15
12
12
3
17
34
29
37
28
18
81
4
17
21
12
61
18
18
19
7
21
39
36
42
25
20
4
97
16
18
10
59
16
18
17
5
18
36
33
40
28
18
3
95
8
15
15
7
56
13
14
12
14
31
27
34
32
16
85
13
27
2
18
18
9
59
15
19
15
5
18
34
32
37
32
17
5
92
13
37
8
3
20
22
12
63
19
26
24
13
23
39
40
45
29
20
13
109
7
9
4
20
21
11
61
18
26
25
11
21
38
37
46
29
19
13
108
6
6
2
17
16
9
57
15
21
19
6
16
34
32
39
33
16
8
90
24
16
12
19
12
59
17
9
9
2
18
35
29
37
26
20
58
13
21
13
62
19
14
15
7
21
38
34
42
22
21
77
12
17
10
58
16
10
13
1
16
34
28
39
25
19
72
10
14
9
55
13
9
7
13
31
24
33
29
16
66
12
13
17
10
58
15
12
12
3
17
34
29
37
28
18
81
4
17
21
12
61
18
18
19
7
