24
27
17
25
22
21
12
16
22
31
1
18
28
30
21
27
26
28
12
20
9
26
36
15
24
25
16
19
17
18
4
11
24
32
3
15
32
36
40
29
34
34
5
34
19
29
19
9
39
45
6
1
9
21
36
40
42
31
36
37
13
35
23
32
29
14
42
47
10
18
8
20
27
26
17
22
22
25
11
18
8
3
28
32
5
13
13
4
12
10
9
3
4
15
18
3
16
23
34
28
22
19
26
1
28
12
23
22
7
32
34
10
18
18
31
34
46
37
33
27
36
19
2
48
19
38
34
21
44
45
2
5
19
8
16
28
20
16
11
22
25
6
19
12
1
26
28
7
3
10
21
15
10
10
14
11
3
9
2
21
23
38
11
18
26
24
15
20
21
26
14
19
7
4
28
29
1
3
1
1
11
18
24
21
11
12
16
17
8
13
8
4
26
26
29
9
15
23
19
9
9
15
16
4
11
5
23
24
11
14
26
18
10
9
13
7
5
23
23
1
15
14
29
30
40
35
25
19
26
30
15
24
18
21
39
39
26
14
7
20
23
32
25
14
10
11
19
5
9
14
29
28
10
12
13
20
29
36
34
22
22
23
25
17
18
3
7
16
35
37
30
9
17
23
22
9
3
8
10
2
5
6
23
24
34
2
10
14
14
16
16
11
12
18
24
22
10
10
10
9
8
4
8
28
26
8
4
13
21
28
33
30
17
12
11
11
10
5
22
38
34
41
3
16
22
31
35
34
19
19
8
12
14
3
24
40
37
41
9
19
21
31
22
14
3
18
33
27
33
8
16
27
27
40
27
22
2
6
24
40
33
57
2
5
15
18
29
18
10
5
14
30
24
27
11
19
21
34
20
12
7
2
20
36
27
45
7
26
36
36
50
34
29
11
10
9
23
9
5
36
54
43
70
32
15
37
50
45
63
41
39
21
23
11
39
14
20
50
65
53
80
2
34
27
38
33
52
27
27
6
5
21
2
39
54
41
86
29
27
37
33
52
27
27
3
16
39
55
42
55
14
7
36
48
47
64
43
42
18
21
10
9
30
12
18
5
50
68
56
41
7
15
10
43
62
54
77
48
52
23
29
21
6
41
16
27
17
56
75
62
4
64
10
11
23
38
29
52
21
25
2
20
36
49
34
62
14
22
37
28
50
23
27
2
1
7
38
48
34
70
28
9
33
51
38
60
34
36
13
9
8
21
4
9
48
57
43
68
38
22
42
55
46
59
41
37
20
19
12
3
45
11
18
7
54
61
47
5
86
4
25
18
34
49
43
57
41
37
24
21
9
16
28
13
18
47
56
45
95
12
18
31
26
39
26
19
7
2
16
31
39
29
45
23
17
29
43
34
47
35
28
12
8
9
30
7
11
5
43
48
37
55
4
27
32
34
55
39
55
38
32
19
15
19
4
31
10
17
8
48
52
40
6
78
11
31
15
28
42
34
45
33
24
20
10
13
2
16
10
9
39
43
34
43
37
3
20
29
24
34
23
14
8
10
1
32
33
24
28
34
12
23
32
25
33
23
14
9
4
5
23
3
6
3
34
33
23
56
2
34
22
29
41
32
43
29
21
12
14
16
44
7
22
19
39
38
28
48
11
28
8
19
32
21
34
15
10
2
6
13
31
15
12
26
26
15
58
3
26
6
11
25
10
27
8
3
5
6
29
9
4
21
18
7
37
2
41
39
32
50
30
49
25
23
13
22
42
8
49
10
25
8
22
46
39
26
8
10
72
22
26
24
20
39
18
36
11
9
1
12
23
41
20
14
32
26
12
9
52
14
14
7
20
15
7
23
2
12
5
13
34
28
15
33
9
28
2
22
28
6
5
28
17
1
52
6
38
26
14
34
5
30
6
14
28
9
7
30
18
1
5
3
5
8
56
50
32
54
22
48
10
17
3
22
38
1
32
1
24
24
47
34
16
22
16
27
27
58
48
34
52
22
45
9
12
2
11
8
34
1
32
14
10
44
30
13
14
23
20
38
37
14
39
5
30
31
36
5
3
30
15
26
1
2
23
55
47
18
42
6
33
1
29
20
6
1
35
17
2
1
16
77
5
78
64
30
48
16
33
6
2
3
41
38
10
14
43
24
8
10
33
40
21
52
45
23
47
15
34
8
4
7
7
42
45
3
14
17
35
23
10
18
13
30
32
32
32
23
43
21
37
16
11
18
11
31
8
39
14
15
11
34
26
17
6
6
25
18
28
33
7
28
3
20
26
29
22
9
6
18
15
20
24
20
11
12
19
12
7
42
47
18
44
13
33
11
9
10
7
34
18
40
9
14
12
33
23
15
12
1
17
21
30
30
28
17
21
18
5
15
3
19
6
34
36
22
13
23
1
16
4
15
2
14
9
13
9
57
60
17
38
10
26
10
4
10
4
42
18
46
6
13
2
11
31
17
11
27
24
42
27
64
52
18
42
11
29
14
9
22
15
4
42
9
53
17
22
23
30
18
15
24
32
37
31
61
37
8
28
1
15
4
15
3
43
4
36
8
10
13
19
7
5
21
26
30
23
32
20
7
10
27
24
29
5
9
18
17
1
12
20
5
20
17
12
2
12
24
23
7
14
15
6
3
4
6
52
34
17
2
6
27
7
22
4
10
25
28
9
65
44
3
23
7
34
10
15
6
16
17
42
37
22
45
39
2
27
9
32
28
5
15
15
12
35
32
18
41
39
1
27
7
25
25
7
16
8
10
19
10
65
60
11
38
18
3
41
10
23
4
31
8
20
19
25
17
56
50
18
39
3
22
5
8
39
3
41
7
6
11
32
13
10
31
63
21
51
56
19
47
2
23
9
47
8
43
1
6
10
14
36
14
36
27
45
1
41
55
55
11
41
15
33
13
29
3
16
24
22
15
61
57
19
46
23
6
33
2
36
11
13
26
23
13
50
51
16
42
16
45
26
33
7
18
16
27
14
70
57
31
53
12
26
3
17
54
4
44
3
5
13
44
18
17
42
57
26
80
61
32
59
14
32
2
10
20
57
21
42
9
10
4
15
47
22
19
49
44
33
70
61
20
45
1
18
8
36
5
33
3
35
7
16
42
44
18
58
65
14
39
13
38
15
31
3
7
26
35
9
56
48
20
45
6
23
3
7
41
5
27
5
8
34
13
15
21
33
20
54
43
17
44
7
24
3
9
5
36
16
7
8
31
14
2
14
23
14
20
54
55
18
46
11
27
8
2
16
9
39
5
28
4
11
4
33
18
8
15
17
17
16
59
52
21
41
14
26
12
4
18
10
9
39
7
43
6
15
2
33
18
11
23
31
32
20
68
66
27
47
20
32
19
14
24
21
17
60
15
46
12
25
3
20
38
25
19
31
44
40
38
72
74
31
55
27
39
27
22
33
31
20
69
10
50
20
35
37
41
30
25
37
46
36
45
57
56
10
34
8
21
10
6
21
16
62
32
6
19
19
20
10
9
9
24
60
23
52
41
2
21
13
5
2
25
17
37
12
42
9
19
19
10
3
5
8
23
53
26
59
36
12
23
12
18
19
11
39
27
10
39
16
48
22
30
8
33
16
12
16
40
39
48
42
34
18
10
7
6
30
21
46
39
8
23
18
4
41
15
55
32
15
4
17
4
14
21
5
1
10
44
10
28
13
20
4
22
23
8
12
21
3
71
13
31
14
15
12
25
32
16
15
26
6
69
20
39
21
24
13
33
15
2
10
21
20
12
44
26
46
19
26
14
27
11
2
14
1
30
23
14
63
25
29
10
1
6
15
1
19
13
3
87
5
16
19
11
19
31
8
21
25
2
103
19
8
5
24
3
12
72
8
15
10
95
14
8
11
11
15
111
10
9
3
79
16
8
3
5
95
25
16
16
7
19
1
117
14
3
5
7
102
15
12
1
15
77
12
18
3
4
16
66
6
10
5
35
34
23
8
23
6
23
14
10
110
10
4
58
33
6
2
32
34
12
2
20
1
19
12
45
18
26
5
10
14
1
36
1
30
35
4
16
14
8
82
27
34
16
23
8
72
22
32
2
16
24
5
52
2
30
38
28
27
29
10
70
14
31
17
14
3
62
11
27
8
16
9
55
7
21
19
9
6
74
8
28
11
13
15
50
9
3
21
10
9
41
7
21
6
9
1
19
77
3
4
78
2
9
9
59
3
48
41
1
9
7
59
5
12
22
77
24
34
38
49
7
1
3
10
4
2
83
87
1
111
4
62
28
3
5
1
7
6
17
8
36
4
16
7
9
2
14
18
7
4
5
3
3
31
19
13
5
22
23
13
8
12
18
5
5
14
38
26
17
8
25
25
14
8
7
2
18
40
26
8
23
21
31
33
20
14
11
2
10
7
10
27
47
30
22
29
26
36
37
21
15
8
13
5
2
32
49
31
7
9
18
12
24
22
6
22
35
15
46
8
28
23
34
32
19
8
8
7
7
6
32
45
26
57
16
15
22
21
5
19
33
12
8
14
31
31
38
36
20
9
4
3
8
5
35
47
25
58
23
36
30
41
35
23
9
10
6
2
8
36
47
27
71
15
21
20
24
23
7
3
26
32
12
50
28
34
32
34
34
18
9
10
12
10
10
10
2
37
43
23
50
2
26
30
29
32
30
14
5
3
2
9
14
3
11
33
37
18
2
3
48
5
4
13
15
16
17
1
5
18
21
3
1
61
1
1
2
4
7
46
13
18
16
16
20
1
5
21
22
5
42
12
16
18
17
21
3
1
6
19
21
5
41
4
8
8
8
8
9
10
75
11
5
4
4
4
8
7
77
24
13
18
11
18
6
6
1
2
2
18
17
2
60
18
12
17
9
14
3
4
13
12
31
4
1
2
2
1
25
5
8
7
10
9
11
2
9
8
78
10
6
5
5
4
5
3
39
29
3
25
26
24
24
10
7
5
17
25
11
15
6
1
23
21
10
5
8
40
11
36
4
22
21
20
19
8
9
5
17
18
17
14
13
14
20
16
7
17
13
74
21
6
38
42
1
2
3
52
2
2
3
63
60
73
7
7
4
1
79
7
11
7
11
6
82
7
21
2
19
5
4
9
13
3
12
115
12
22
15
6
11
6
7
8
106
2
9
22
14
2
3
5
17
79
7
9
73
1
11
1
62
7
4
3
74
1
3
5
77
26
2
13
1
4
12
11
69
9
24
11
18
3
8
89
4
28
8
5
19
81
3
40
20
3
16
11
4
1
9
13
35
79
12
38
24
6
16
7
10
1
34
86
9
12
7
70
25
15
112
50
13
10
18
28
4
2
5
39
107
13
34
19
2
2
23
10
18
5
16
28
63
15
25
29
9
5
8
5
8
4
29
20
11
1
5
3
6
5
13
14
79
19
42
33
1
13
3
10
3
3
4
28
7
7
9
9
5
25
102
10
30
27
7
2
7
5
3
2
15
77
34
36
14
6
27
7
10
8
7
21
55
6
66
49
14
27
11
18
7
1
2
16
34
13
12
7
24
21
10
4
56
74
5
15
84
69
34
48
28
38
23
18
14
6
35
48
29
36
17
11
3
14
46
40
27
31
76
88
24
28
50
41
10
24
5
13
5
39
3
4
23
18
4
35
95
14
42
30
5
27
17
25
21
18
1
8
15
89
7
66
50
28
54
23
44
16
19
5
18
48
13
14
8
2
3
45
43
25
15
48
67
17
54
46
20
43
16
32
8
9
1
7
27
2
15
1
37
34
16
36
68
8
76
70
38
63
30
50
20
22
7
21
45
13
33
6
1
59
50
30
21
52
93
3
24
94
84
54
78
44
61
32
33
12
8
37
63
24
38
14
13
5
7
73
63
40
25
70
100
17
32
81
75
46
74
39
58
27
29
12
9
26
50
9
28
10
12
4
5
65
57
34
20
60
93
27
77
73
40
69
29
52
17
19
4
15
51
5
16
60
48
25
15
55
69
15
92
86
54
81
44
61
32
30
19
12
32
61
28
43
16
14
1
7
75
60
37
28
64
92
9
28
88
100
60
90
48
69
37
39
24
19
34
68
13
42
21
23
5
4
81
65
42
38
67
113
13
41
81
93
51
84
38
61
25
31
14
14
27
63
2
36
9
20
12
71
54
30
23
55
70
1
33
84
75
44
72
29
50
18
22
11
12
22
50
9
24
7
15
4
62
43
22
11
55
59
2
14
60
57
26
52
12
33
4
8
3
29
7
43
25
7
37
68
78
69
37
64
21
43
13
19
7
3
20
44
5
24
6
7
53
35
17
58
56
7
106
75
47
71
29
49
21
26
12
11
31
54
25
21
13
14
2
59
41
24
19
85
52
4
24
109
77
49
72
34
51
26
30
23
16
33
53
19
35
19
19
2
60
42
28
10
89
45
8
23
75
98
49
80
39
63
35
44
30
29
36
65
24
44
28
34
2
1
66
51
39
26
59
57
19
28
59
78
34
61
26
48
23
31
16
16
26
51
16
21
14
17
49
37
27
20
44
59
18
59
61
24
47
16
30
13
15
6
3
18
36
18
4
7
33
22
14
7
49
43
9
63
74
31
57
25
44
26
32
28
24
27
50
25
24
26
26
2
7
41
32
28
17
55
60
27
23
57
52
13
34
7
24
7
13
7
3
18
30
6
13
6
7
21
12
10
1
48
52
1
5
53
54
11
34
7
24
7
12
5
2
13
35
7
22
5
10
20
12
10
5
46
33
6
60
62
19
44
16
33
17
23
18
15
21
41
18
34
18
20
1
26
22
21
12
54
25
7
20
58
53
18
41
18
33
18
23
19
15
26
35
9
36
18
21
1
3
22
22
21
8
55
28
6
13
56
43
9
28
10
24
11
16
12
9
24
47
4
12
10
10
13
13
14
7
59
37
10
2
36
30
14
11
3
2
27
5
7
1
1
37
28
43
28
18
1
15
3
8
2
3
12
18
12
25
4
13
3
5
1
47
16
6
54
36
21
5
17
7
10
7
8
13
31
5
24
8
17
1
6
9
7
52
22
11
52
44
1
27
10
27
15
20
15
19
16
37
18
33
14
27
11
12
7
14
17
10
56
53
13
18
50
47
7
32
19
34
25
30
25
31
32
50
31
38
25
37
17
16
11
20
27
27
68
56
26
30
7
20
5
6
4
8
26
8
12
14
1
12
20
21
9
5
13
2
2
2
5
6
4
19
5
10
6
12
2
23
37
4
2
3
1
9
6
14
7
8
19
17
3
3
7
10
23
14
1
13
20
18
2
21
2
6
4
11
14
11
18
35
7
21
8
3
43
43
6
7
12
1
1
4
5
15
18
16
21
2
31
22
2
6
6
5
9
13
23
28
28
33
9
31
18
9
6
22
45
13
7
16
19
10
5
23
4
23
9
3
5
54
1
1
10
17
25
18
2
18
4
27
7
5
18
41
8
8
23
24
10
31
8
26
7
3
9
4
6
14
31
28
13
6
32
13
31
8
10
4
10
5
13
24
29
12
29
6
33
4
10
5
12
34
8
5
10
17
26
35
43
1
32
9
46
18
48
3
21
22
16
27
69
4
21
10
3
1
2
19
27
37
50
56
1
39
24
58
32
56
6
40
3
32
33
32
83
10
41
14
23
8
17
8
14
36
41
15
5
24
17
38
9
10
12
9
10
1
17
25
21
7
16
34
44
16
26
13
39
10
12
8
14
20
26
49
56
19
8
48
29
54
9
34
25
22
27
30
17
25
18
16
7
27
37
2
27
10
30
5
5
31
3
17
19
9
15
16
17
25
19
1
25
18
28
2
21
3
26
2
16
5
33
36
21
16
32
2
35
17
28
14
3
26
29
1
24
33
2
27
12
32
3
11
33
3
5
8
39
37
13
18
36
29
35
12
16
7
16
1
7
25
23
15
2
22
20
9
7
41
4
15
12
4
9
13
35
17
14
18
7
14
31
14
13
44
39
21
34
26
34
35
16
12
13
1
9
79
13
4
4
29
24
4
19
20
12
24
4
3
52
3
8
12
6
26
12
1
9
7
16
13
29
3
11
6
30
15
7
12
15
14
1
6
35
1
16
11
35
22
16
17
18
21
20
3
13
12
1
41
3
7
5
22
11
14
17
8
15
4
36
8
18
15
31
21
17
32
17
25
14
20
4
29
20
12
19
19
27
36
32
48
32
18
37
28
41
37
36
18
18
18
31
18
33
57
15
25
6
1
14
20
17
34
19
22
10
38
20
27
10
3
16
50
7
10
1
14
17
16
26
16
28
5
35
10
23
7
5
15
10
24
18
15
4
16
18
16
28
17
28
23
10
19
1
9
15
10
9
30
10
32
23
28
35
31
31
9
34
15
34
12
1
18
23
16
24
15
2
35
14
38
24
31
31
28
5
41
20
34
13
32
14
9
23
27
28
22
9
29
13
17
1
45
20
44
29
37
34
32
8
47
7
33
17
36
19
21
20
31
33
19
22
7
33
25
37
12
59
26
53
32
41
37
36
15
58
21
35
20
39
10
24
31
38
37
37
30
17
43
12
8
36
2
30
6
17
11
10
30
20
16
7
13
11
7
17
16
15
22
42
9
35
11
22
15
17
37
32
23
1
17
19
16
5
23
18
33
29
17
56
26
46
27
32
31
25
15
54
6
55
15
30
5
5
35
34
30
20
31
5
31
64
63
42
88
45
73
43
55
38
43
35
78
30
78
23
54
22
46
63
59
50
51
40
34
65
65
65
42
91
43
75
39
55
30
40
34
79
32
63
16
51
20
47
63
58
48
55
52
11
27
66
5
9
34
20
1
42
12
9
5
3
6
11
66
65
42
79
39
63
31
44
23
29
38
71
26
60
14
41
15
29
59
49
37
39
68
35
48
86
86
56
91
48
70
38
49
27
29
48
74
22
72
21
41
23
35
72
59
44
50
90
45
65
55
63
32
70
24
46
12
23
3
5
23
68
3
41
18
14
48
35
19
21
53
10
37
50
40
32
61
27
42
13
20
3
2
21
49
37
16
9
43
32
17
26
43
16
30
61
33
32
51
21
33
8
14
4
1
30
42
2
28
12
4
41
26
11
30
62
20
32
80
58
47
66
31
46
18
27
12
17
43
57
26
43
10
28
11
20
56
36
21
39
70
25
45
57
49
34
61
22
40
10
21
5
9
29
53
18
51
4
24
15
16
44
27
13
42
51
30
46
60
53
35
57
21
36
8
18
4
6
41
58
25
50
4
22
12
26
43
24
12
52
61
44
52
73
67
38
56
22
34
7
16
2
7
37
56
14
38
16
22
16
47
24
11
45
69
40
41
81
67
37
54
19
33
7
17
4
11
37
51
23
34
4
19
23
