10
18
7
11
13
15
1
11
10
1
6
2
10
2
15
31
17
9
13
5
7
10
11
7
4
9
4
1
4
2
6
3
15
43
20
10
14
5
3
6
9
1
6
14
12
4
5
1
3
1
17
7
39
20
12
3
16
3
3
3
4
9
6
3
3
1
7
5
18
1
21
22
12
6
15
3
7
10
4
4
9
1
8
21
4
13
22
10
8
16
9
4
4
10
9
1
5
10
6
5
23
14
20
9
9
13
11
7
5
10
6
9
10
7
1
21
19
22
13
11
15
10
6
5
12
5
1
11
10
5
4
22
16
21
12
12
16
10
6
3
15
13
3
9
11
4
7
21
14
23
11
14
5
14
4
2
19
12
4
3
3
12
5
8
25
17
25
13
14
16
8
5
18
4
5
3
10
13
9
5
26
22
22
12
12
9
14
11
10
13
7
7
22
12
9
2
21
11
18
14
10
16
5
3
9
5
7
12
4
4
15
6
3
3
15
17
19
14
10
16
3
2
7
11
16
6
16
29
21
14
13
14
4
10
7
18
8
2
20
32
17
13
12
16
2
8
8
5
17
8
16
2
42
18
17
14
18
4
9
8
17
6
16
7
42
18
17
10
17
5
9
10
15
3
4
16
1
32
15
13
8
7
4
5
10
13
3
3
14
1
29
16
10
12
5
8
3
8
14
3
16
11
20
20
17
17
16
9
13
3
15
4
20
8
10
21
21
13
25
3
9
10
15
5
18
7
18
21
17
10
18
9
9
13
2
18
8
34
20
18
9
22
4
6
8
7
13
4
18
5
45
16
14
8
20
5
6
6
12
10
4
1
12
4
44
14
13
8
21
9
9
7
12
8
2
13
2
46
11
11
4
17
10
9
5
9
6
2
10
46
9
8
3
17
11
3
12
2
9
3
5
6
1
7
45
8
9
3
13
11
7
4
15
2
8
7
8
6
5
7
9
35
3
5
1
7
8
6
16
1
7
1
2
5
6
7
1
17
32
1
2
2
7
9
10
18
4
9
4
1
8
3
6
9
1
21
47
4
7
24
4
12
14
20
11
12
9
14
5
3
4
8
10
3
5
27
48
13
14
19
14
16
19
13
3
17
13
16
3
1
3
5
9
6
11
30
39
14
16
23
13
14
15
11
3
22
15
13
4
4
3
3
8
15
12
37
22
9
12
20
10
10
9
9
21
12
13
1
6
2
1
3
7
8
3
39
7
9
10
6
9
5
2
5
18
9
9
1
1
9
6
48
31
10
11
13
6
8
3
1
5
18
10
7
3
2
4
7
8
117
19
8
13
14
27
8
2
1
3
5
21
11
7
9
3
4
8
10
191
7
17
18
1
24
9
1
1
10
23
11
5
10
6
5
14
15
272
4
20
20
5
23
9
13
27
6
10
7
6
1
11
18
327
13
21
18
6
25
7
14
24
13
2
13
3
7
2
12
19
292
3
14
14
15
7
21
3
7
12
20
19
7
18
5
6
5
15
153
25
15
12
13
4
21
4
6
1
6
22
8
2
8
5
5
7
10
44
18
15
13
3
18
4
6
17
6
4
5
10
15
53
28
18
16
3
21
2
7
9
17
5
2
5
6
8
17
35
24
16
16
3
20
2
1
18
9
20
8
5
2
12
3
5
12
15
26
15
17
14
3
19
2
5
27
2
10
21
8
12
4
5
8
6
1
12
16
24
21
17
12
5
17
5
14
1
38
9
7
17
5
22
8
14
12
7
3
7
7
14
5
31
16
15
9
17
9
22
5
45
12
9
15
6
27
10
19
7
8
6
12
14
14
9
41
23
18
12
10
9
25
10
50
20
17
16
19
6
29
16
16
16
9
6
18
13
21
10
37
19
16
8
10
27
13
55
25
15
14
2
5
37
19
28
14
7
6
21
12
20
16
28
14
9
6
2
14
27
13
55
25
12
13
2
1
40
16
27
8
6
8
19
9
17
10
18
32
16
9
7
16
15
1
23
13
52
26
11
8
9
1
34
16
26
11
6
10
18
1
16
31
15
24
15
10
4
9
10
3
16
13
45
23
6
9
3
26
16
17
11
5
7
17
3
13
31
18
6
11
8
1
14
5
4
11
13
41
22
2
9
2
22
15
5
5
5
5
16
3
8
30
27
8
6
10
4
1
8
8
32
17
6
16
9
5
1
5
6
11
2
6
33
25
8
3
9
1
2
1
5
25
12
5
9
4
9
4
3
7
8
8
34
17
9
9
2
10
2
5
22
11
2
3
3
8
3
6
8
6
29
13
1
10
5
10
3
3
14
6
6
1
4
3
6
7
29
6
11
5
11
1
1
11
4
1
8
6
4
1
5
9
28
10
10
3
7
1
2
3
2
1
8
29
11
10
3
1
3
1
2
3
6
32
2
12
5
7
1
3
9
4
8
26
10
13
5
14
5
5
9
27
3
21
13
3
7
1
3
9
27
10
38
14
6
13
2
4
4
10
26
19
43
15
10
4
12
1
1
1
11
8
6
13
33
27
29
19
13
6
14
3
4
14
5
6
2
17
41
31
39
21
14
3
13
7
1
13
1
5
5
5
15
42
30
35
16
13
2
15
13
11
5
3
4
5
1
3
12
41
31
24
17
13
2
15
15
11
3
5
6
11
42
34
17
17
13
3
15
20
15
1
11
8
5
1
11
39
39
10
17
12
3
10
23
15
14
11
5
13
49
31
19
19
15
18
16
7
4
4
6
15
48
24
23
20
17
1
3
26
2
15
5
14
6
19
6
5
7
15
52
21
10
19
18
3
22
1
1
29
6
17
4
19
7
22
6
5
3
10
14
59
19
10
16
14
14
21
1
19
2
12
4
13
3
4
10
13
54
19
14
13
12
17
18
1
12
5
3
13
6
3
9
56
17
14
11
13
18
2
12
14
2
3
5
5
3
3
56
17
8
10
12
17
3
9
16
3
2
9
1
2
6
5
59
10
9
9
12
2
1
14
3
54
12
11
10
3
14
1
2
7
62
9
12
19
21
5
2
14
4
1
2
3
7
13
65
9
13
19
24
27
3
19
5
3
4
9
10
64
16
6
13
16
18
4
20
7
1
1
4
2
5
12
78
6
9
17
18
21
3
20
6
2
10
18
80
5
2
22
21
21
2
17
4
5
10
21
88
23
18
18
1
14
1
7
3
22
90
19
14
16
2
14
6
3
19
94
15
11
11
10
4
4
1
14
100
15
10
13
9
3
4
5
14
95
17
12
3
2
11
3
4
5
8
16
101
17
12
1
3
1
13
2
6
12
4
16
109
19
14
10
3
8
13
4
1
8
6
21
4
18
115
6
17
13
19
2
4
3
16
14
3
6
15
5
26
2
2
17
123
17
17
13
12
6
6
8
22
2
3
17
9
10
6
15
2
5
27
9
9
16
120
3
15
10
2
15
7
5
4
9
26
5
4
14
5
18
6
21
5
28
11
16
131
3
12
7
9
8
3
6
7
23
3
1
10
2
17
4
14
4
29
9
14
137
12
14
10
12
5
4
6
7
23
5
11
5
13
6
15
5
4
31
8
6
13
135
5
15
9
2
11
8
5
7
9
25
9
3
12
5
14
10
10
7
5
31
10
7
16
135
13
8
2
9
8
4
3
7
24
7
2
12
6
14
8
16
4
30
10
3
15
140
13
9
10
9
4
5
23
6
13
4
15
6
25
8
5
32
6
2
15
138
17
11
1
9
7
5
5
22
7
12
3
12
6
22
6
4
34
5
5
19
124
16
10
2
7
5
22
6
14
7
9
6
17
7
4
33
4
5
15
125
16
9
4
2
17
1
12
4
6
4
11
6
4
29
1
2
16
119
14
9
16
1
13
9
4
10
6
28
14
103
11
9
1
16
9
6
1
6
29
12
88
11
6
1
14
1
5
6
4
28
10
77
15
7
1
15
1
2
7
1
5
27
9
65
13
7
1
11
5
7
28
10
46
8
1
1
2
3
6
29
7
33
14
6
4
6
8
30
10
26
16
9
7
15
10
10
32
11
14
13
5
8
14
12
9
33
10
4
14
6
7
7
14
9
35
14
17
7
11
10
18
3
11
38
15
12
3
10
5
21
7
2
9
40
5
9
9
8
8
21
6
7
39
7
8
16
6
7
7
21
4
8
40
6
12
15
5
9
8
21
6
1
9
43
9
11
9
1
6
3
20
7
3
4
10
43
13
5
9
6
21
6
1
2
9
41
12
5
7
4
17
3
8
41
7
4
12
4
6
14
10
9
39
3
7
13
7
7
9
8
2
10
37
3
9
12
5
5
12
7
2
3
4
9
36
4
6
12
5
3
12
3
1
1
2
3
7
35
1
8
13
7
13
2
2
1
7
7
34
8
4
15
9
15
3
7
6
32
7
5
13
10
13
2
8
6
31
4
7
10
10
14
1
10
6
30
1
6
18
13
2
9
7
7
32
3
12
19
17
4
1
9
9
30
6
12
19
18
6
1
11
9
26
6
13
23
19
4
24
2
15
9
25
12
17
22
19
4
16
14
2
9
27
6
17
2
21
17
7
17
2
2
8
10
29
5
16
22
20
5
18
2
3
3
5
14
2
1
10
30
12
18
17
17
3
16
7
2
2
8
1
16
6
7
9
30
4
10
15
14
14
14
12
8
1
14
11
12
9
7
32
7
9
10
17
16
5
12
15
10
3
13
5
12
1
7
8
4
8
34
8
12
14
15
13
6
10
15
2
9
7
13
6
8
2
5
1
3
8
35
10
4
11
9
9
13
1
9
6
16
5
12
13
5
33
10
5
9
6
19
11
5
15
7
1
11
5
4
35
9
4
6
11
10
18
18
1
13
7
17
3
6
9
9
4
34
10
3
7
10
12
14
17
2
13
8
20
5
11
4
13
4
14
4
31
11
5
7
8
8
1
14
21
1
11
8
19
6
14
4
14
5
9
3
3
32
11
5
5
7
8
12
22
9
7
16
4
14
6
14
6
15
2
2
34
8
8
3
5
7
8
17
3
3
10
10
3
5
6
3
11
4
3
33
2
4
3
12
11
10
6
1
1
5
9
4
2
11
8
3
29
9
5
3
11
12
19
1
14
5
2
6
4
3
28
14
7
7
10
10
17
13
2
1
1
27
7
7
10
9
10
13
10
3
4
1
26
8
6
12
10
9
18
1
11
3
2
2
24
10
7
1
10
9
14
14
5
2
2
23
6
6
6
7
14
12
3
2
1
24
3
4
3
7
4
4
12
8
2
1
26
5
23
2
2
13
1
6
3
1
27
1
21
1
2
10
1
9
2
27
1
13
1
1
9
1
28
6
20
1
1
2
1
32
3
24
14
4
3
5
4
7
2
2
3
34
8
14
1
12
9
4
9
6
13
3
1
4
35
12
1
3
2
10
12
1
8
3
12
3
3
5
34
9
6
2
2
10
14
8
11
2
6
35
7
14
1
8
14
8
12
2
6
35
6
8
2
3
11
16
6
10
8
35
6
1
5
6
19
7
8
1
8
37
7
1
5
22
8
7
1
8
38
5
5
1
3
22
10
3
8
38
4
5
3
6
24
14
5
9
38
9
3
8
16
28
16
5
10
37
11
1
5
6
27
14
2
9
37
8
4
8
11
28
15
10
37
6
2
7
1
9
11
27
15
12
37
8
4
10
5
7
11
20
12
4
12
34
6
6
8
13
9
7
12
16
5
6
12
33
11
16
13
11
3
12
10
1
5
12
32
5
7
14
15
11
2
15
4
6
11
30
1
10
13
18
14
1
16
1
12
13
28
4
13
4
17
16
3
8
2
11
11
28
10
13
5
17
15
1
11
10
28
6
11
12
23
21
5
4
2
4
5
8
13
30
5
16
21
21
4
23
1
7
3
3
10
12
28
2
5
14
17
17
1
16
4
6
5
14
2
1
12
27
1
6
9
17
15
6
15
12
10
7
4
4
12
32
1
5
11
17
14
7
15
17
14
10
1
5
5
3
13
32
3
3
10
21
16
12
16
24
19
12
9
8
2
5
9
14
31
7
6
16
16
12
9
12
25
22
13
6
6
12
11
32
8
5
15
12
8
3
22
19
11
5
11
5
8
30
5
9
16
9
4
21
16
7
1
2
4
9
27
2
11
11
7
5
18
22
16
8
7
4
9
28
4
5
8
7
4
16
22
17
8
8
5
8
28
5
2
7
4
4
10
22
14
3
5
7
29
2
1
4
8
5
7
14
21
10
6
7
30
1
5
3
9
8
7
13
19
7
7
8
28
1
4
6
5
5
13
19
7
7
7
28
1
2
1
6
3
2
16
4
5
6
28
3
11
4
1
12
3
4
27
18
1
16
9
5
3
25
15
1
16
6
11
3
24
5
9
1
13
2
13
2
24
7
15
1
18
13
1
2
25
3
26
5
4
13
1
12
4
4
26
7
22
8
5
13
1
15
3
3
25
7
2
22
6
1
1
8
3
3
27
2
2
31
6
1
7
2
3
28
8
3
33
9
1
10
4
11
6
2
4
3
29
6
6
18
6
16
5
3
14
10
7
6
2
30
8
4
11
7
4
3
15
1
2
4
30
9
20
5
12
4
3
5
11
5
4
6
1
33
1
7
6
20
9
1
3
10
8
5
2
7
14
5
13
17
1
14
3
6
3
35
7
8
7
5
9
1
9
11
17
5
8
9
21
6
10
7
11
10
12
8
4
36
11
5
9
8
10
9
24
3
10
7
21
5
3
10
7
14
10
6
7
4
36
10
7
9
6
10
7
27
1
11
5
21
3
6
9
2
5
13
6
6
3
37
9
7
10
1
7
13
25
2
12
4
23
3
9
6
23
1
13
2
11
5
4
38
10
8
14
5
8
5
13
1
15
3
3
25
7
2
22
6
1
1
8
3
3
27
2
2
31
6
1
7
2
3
28
8
3
33
9
1
10
4
11
6
2
4
3
29
6
6
18
6
16
5
3
14
10
7
6
2
30
8
4
11
7
4
3
15
1
2
4
30
9
20
5
12
4
3
5
11
5
4
6
1
33
1
7
6
20
9
1
3
10
8
5
2
7
14
5
13
17
1
14
3
6
3
35
7
8
7
5
9
1
9
11
17
5
8
9
21
6
10
7
11
10
12
8
4
36
11
5
9
8
10
9
24
3
10
7
21
5
3
10
7
14
10
6
7
4
36
10
7
9
6
10
7
27
1
11
5
21
3
6
9
2
5
13
6
6
3
37
9
7
10
1
7
13
25
2
12
4
23
3
9
6
23
1
13
2
11
5
4
38
10
8
14
5
15
13
9
13
7
5
1
2
2
4
6
7
35
3
3
17
16
15
7
18
2
5
4
4
4
10
4
3
3
7
33
4
10
14
10
11
14
4
4
8
1
8
3
5
8
6
32
3
5
7
11
10
5
12
3
2
4
12
1
1
6
3
4
4
7
35
5
6
12
14
12
4
15
5
3
8
18
4
5
8
7
3
7
7
7
7
36
8
4
14
12
12
2
15
7
8
18
2
2
12
9
5
9
10
4
7
31
6
9
12
10
11
1
14
6
5
15
11
3
5
3
2
6
6
31
4
7
10
9
7
2
6
1
5
17
6
3
6
5
7
7
5
34
4
4
9
12
10
2
1
5
5
5
14
6
14
1
11
5
3
7
32
4
5
10
13
11
2
9
4
5
4
10
6
6
5
1
7
30
4
11
14
9
5
16
7
2
8
3
14
3
3
5
7
6
5
5
8
30
4
14
12
8
3
12
10
1
8
11
4
5
6
3
8
7
30
1
1
11
12
11
8
5
15
10
6
7
1
1
1
1
7
30
13
11
10
8
10
12
12
2
5
6
1
3
3
5
8
30
1
13
8
14
6
10
11
16
2
6
1
8
6
2
3
1
1
10
9
31
3
3
15
7
17
7
12
9
21
5
6
11
1
1
11
9
32
1
19
5
14
6
15
11
25
6
2
10
1
3
5
9
33
16
4
7
14
4
17
4
24
5
1
13
1
9
34
1
16
5
17
8
15
21
1
11
3
8
31
20
16
3
14
23
1
8
8
32
19
11
2
9
16
19
2
7
31
12
16
7
11
9
16
3
7
2
8
30
16
13
4
9
12
13
3
2
5
1
7
30
2
15
12
4
7
11
14
2
5
2
3
4
3
2
2
6
29
1
15
3
17
10
8
13
17
4
12
5
12
6
7
5
6
6
6
7
5
31
5
8
19
6
16
11
7
15
16
8
16
10
21
11
6
8
9
5
11
10
8
5
33
11
4
17
16
10
8
14
13
10
15
12
24
12
8
12
12
11
13
11
12
6
34
13
7
18
1
15
9
4
11
8
9
11
11
22
10
2
13
11
9
12
4
11
4
33
11
11
15
5
2
14
7
4
6
9
12
13
27
14
7
10
12
13
10
13
3
34
12
5
15
3
16
8
6
8
12
19
18
34
20
7
9
13
19
18
18
16
5
35
18
9
18
15
8
6
19
10
14
23
20
35
21
7
14
13
21
20
14
18
4
35
21
9
17
13
7
5
13
8
10
18
16
27
16
4
16
6
17
14
1
18
2
33
16
12
17
12
4
5
11
7
6
16
14
26
15
1
10
2
15
16
18
16
15
3
35
14
3
14
10
8
8
8
6
15
15
24
14
2
3
12
11
17
12
7
4
37
15
12
11
7
8
9
7
5
9
10
19
9
4
10
6
7
8
3
10
5
34
11
12
14
18
13
6
13
4
2
6
5
16
6
1
15
9
5
9
9
11
7
32
7
12
15
15
8
9
8
10
8
4
15
4
2
8
3
2
4
3
4
7
34
6
8
14
15
10
11
9
11
6
2
16
4
4
10
6
2
4
10
9
7
34
5
14
16
22
18
11
10
1
4
1
15
3
7
14
7
4
2
7
7
30
3
16
20
20
15
10
10
5
15
2
7
13
3
1
1
3
6
7
29
3
13
19
17
12
6
16
6
1
14
1
2
12
3
1
5
6
5
30
2
13
14
9
14
16
11
7
13
2
2
15
3
2
11
7
4
10
5
29
2
7
14
7
21
17
13
8
15
3
1
1
3
16
5
7
16
10
7
8
7
28
4
13
16
10
19
16
6
16
3
1
2
16
4
7
17
9
1
5
11
10
6
25
3
18
18
3
16
12
4
12
4
1
13
4
3
14
7
5
11
11
4
25
1
11
14
4
14
11
3
16
7
2
3
15
6
4
16
9
1
7
11
10
3
26
2
14
12
5
18
13
7
7
7
5
1
6
18
9
8
19
13
2
11
11
16
3
27
5
19
16
6
18
16
8
6
6
6
18
