4749
4749
4999
4870
4777
4737
2075
3452
4716
4748
2143
4726
4491
4988
4869
4948
4943
2825
4750
4751
4999
4866
4776
4739
1995
3260
4720
4750
2065
4730
4376
4993
4866
4941
4937
2734
4737
4738
4999
4857
4764
4726
1931
3050
4706
4737
2006
4716
4217
4989
4857
4934
4930
2654
4736
4736
4999
4853
4762
4725
1877
3195
4704
4735
1937
4714
4138
4972
4852
4928
4924
2568
4727
4728
4999
4845
4753
4716
1817
2987
4696
4727
1883
4706
3957
4992
4845
4921
4917
2478
4721
4722
4999
4839
4748
4710
1743
2866
4690
4721
1811
4700
3820
4993
4839
4915
4911
2400
4716
4716
4999
4833
4741
4705
1705
2881
4685
4715
1759
4695
3772
4993
4833
4908
4904
2293
4708
4709
4999
4826
4734
4697
1622
2596
4677
4708
1693
4687
3593
4996
4826
4902
4897
2241
4703
4704
4999
4822
4729
4692
1590
2609
4672
4703
1643
4682
3513
4986
4820
4895
4891
2165
4696
4697
4999
4862
4722
4685
1533
2511
4665
4696
1591
4675
3384
4997
4813
4889
4884
2087
4690
4691
4999
4980
4716
4679
1474
2402
4659
4690
1536
4669
3266
4998
4807
4882
4878
2033
4684
4685
4999
4995
4710
4673
1443
2429
4653
4683
1494
4663
3194
4990
4800
4876
4871
30
4888
3421
33
3657
4927
522
1215
730
4888
1383
690
4997
1447
4999
1417
4999
3950
4929
4792
4788
57
4884
3347
26
3551
4923
485
1131
679
4884
1289
641
4997
1350
4999
1320
4999
3901
4922
4786
4782
30
4853
3260
25
3439
4895
485
1129
678
4865
1286
639
4998
1347
4999
1318
4999
3847
4916
4779
4775
38
2796
2147
15
2226
2806
332
775
466
2838
889
441
2748
935
2766
918
2778
2514
2890
3027
3029
103
63
99
59
109
179
21
22
9
131
213
278
224
144
258
293
4
113
113
121
466
1
396
3
453
55
126
139
140
258
182
291
371
275
192
347
387
136
4
164
94
268
96
152
685
566
101
657
206
97
96
96
275
144
240
193
308
611
472
202
578
407
263
1
425
60
505
187
297
867
706
197
829
399
58
56
56
307
464
552
215
341
875
694
225
833
454
360
640
8
713
255
405
1017
817
268
969
542
5
3
3
363
762
7
839
256
406
1115
895
269
1063
542
8
10
10
426
865
934
301
478
1186
947
316
1128
638
434
1014
16
1080
307
487
1310
1055
322
1249
650
16
16
478
1101
1164
339
537
1369
1096
355
1302
717
502
1235
8
1293
355
564
1477
1188
373
1407
754
7
7
530
1331
1387
375
596
1548
1242
393
1474
795
561
1442
1493
397
632
1634
1312
417
1555
844
584
1544
1
1593
413
656
1713
1377
433
1631
876
2
2
615
1640
1685
436
691
1784
1433
457
1698
923
637
1741
2
1783
451
716
1864
1498
473
1774
956
2
2
663
1829
1869
470
746
1931
1552
493
1837
996
686
1923
1
1960
486
772
2003
1611
509
1905
1031
1
1
709
2008
2044
502
798
2068
1663
526
1967
1066
732
2093
2126
519
824
2134
1717
544
2030
1101
753
2176
2206
534
847
2197
1768
559
2089
1132
775
2255
2283
549
872
2257
1816
575
2146
1165
794
2332
2358
563
895
2317
1865
590
2203
1195
814
2407
2431
578
917
2373
1911
605
2257
1225
834
2480
2502
591
939
2429
1956
619
2309
1254
852
2550
2570
604
960
2483
2000
632
2360
1282
870
2618
2636
617
980
2535
2042
646
2410
1309
887
2683
2700
629
1000
2585
2083
659
2456
1335
904
2747
2762
641
1019
2634
2122
671
2502
1360
920
2809
2823
653
1037
2681
2161
683
2547
1385
936
2868
2881
664
1056
2727
2197
695
2590
1410
953
2927
2938
676
1074
2771
2234
707
2632
1433
967
2983
2994
687
1091
2814
2270
719
2673
1457
982
3038
3047
697
1109
2857
2304
730
2713
1478
997
3091
3099
708
1124
2897
2337
741
2751
1500
1011
3143
3150
719
1140
2937
2370
751
2789
1522
1025
3193
3199
729
1157
2975
2401
762
2825
1542
1039
3242
3246
739
1172
3012
2432
772
2859
1562
1052
3289
3292
749
1187
3048
2461
782
2893
1581
1065
3334
3337
758
1201
3083
2490
792
2926
1600
1077
3379
3380
767
1215
3116
2518
800
2957
1618
1089
3421
3421
775
1228
3149
2543
809
2987
1635
1099
3461
3462
783
1240
3180
2569
818
3017
1652
1111
3501
3501
792
1253
3210
2595
827
3045
1668
1122
3541
3539
800
1266
3240
2619
835
3073
1685
1131
3576
3575
807
1277
3268
2642
842
3099
1700
1140
3611
3609
813
1287
3293
2664
849
3124
1714
1150
3647
3644
821
1299
3320
2685
857
3149
1728
1159
3680
3676
828
1309
3346
2706
863
3172
1742
1168
3711
3708
833
1318
3369
2726
870
3195
1755
1176
3742
3738
839
1328
3392
2745
876
3216
1767
1184
3772
3767
845
1337
3414
2763
881
3237
1779
1191
3800
3795
850
1345
3436
2781
887
3257
1791
1198
3827
3822
855
1354
3456
2797
892
3276
1801
1205
3854
5
3848
860
1362
3476
2814
897
3295
1812
1212
3879
76
3874
865
1369
3496
2830
902
3313
1822
1218
3904
230
3898
870
1377
3514
2845
907
3330
1832
1224
3928
363
3921
874
1384
3531
2860
912
3347
1841
1230
3951
491
3944
878
1391
3549
2874
916
3362
1851
1236
3973
623
3966
882
1398
3565
2888
920
3377
1860
1242
3994
744
3987
886
1404
3581
2901
924
3392
1868
1247
4014
867
4006
890
1410
3596
2913
928
3406
1876
1252
4034
982
4026
894
1416
3611
2926
932
3420
1884
1257
4053
1096
4046
897
1422
3625
2937
935
3433
1892
1262
4072
1207
4063
901
1427
3638
2948
939
3445
1899
1266
4089
1312
4081
904
1433
3651
2959
942
3457
1906
1271
4106
1417
4098
907
1437
3664
2969
946
3469
1913
1275
4122
1517
4114
910
1442
3675
2979
948
3480
1919
1279
28
4138
1615
4129
913
1447
3687
2989
951
3490
1925
1282
150
4152
1709
4144
916
1452
3698
2998
955
3500
1932
1286
303
4167
1801
4158
918
1456
3708
3006
957
3510
1937
1290
426
4180
1890
4172
921
1460
3718
3014
960
3519
1943
1293
562
4194
1976
4185
923
1464
3728
3023
962
3528
1948
1296
686
4207
2060
4198
925
1468
3737
3030
964
3537
1953
1300
809
4218
2141
4209
928
1471
3745
3037
967
3544
1957
1302
929
4230
2220
4221
930
1475
3754
3045
969
3552
1962
1305
1042
4241
2296
4232
932
1478
3762
3051
971
3560
1967
1308
1156
4252
2370
4243
933
1481
3769
3057
973
3566
1970
1310
1264
4261
2442
4253
936
1484
3776
3064
975
3573
1974
1313
1370
4271
2512
4263
937
1487
3784
3070
977
3579
1978
1315
1472
4281
2579
4272
939
1490
3790
3075
978
3585
1982
1317
1571
4289
2645
4281
941
1492
3796
3080
980
3590
1985
1319
1667
4298
2708
4289
942
1495
3802
3085
982
3596
1989
1322
1761
4305
2770
4297
944
1497
3808
3090
983
3601
1992
1323
1851
4313
2829
4304
945
1500
3812
3094
984
3606
1995
1325
1939
4320
2887
4312
946
1501
3817
3099
985
3610
1998
1326
2024
4326
2943
4318
947
1504
3822
3102
987
3614
2000
1328
2106
4332
2997
4324
948
1505
3826
3106
987
3618
2002
1329
2186
4339
3050
4330
949
1507
3830
3109
989
3622
2005
1330
2264
4344
3100
4336
950
1509
3834
3113
990
3625
2007
1332
2339
4350
3150
4342
951
1510
3837
3116
991
3628
2009
1334
2413
4355
3198
4346
952
1511
3840
3118
991
3631
2011
1334
2483
4359
3243
4352
953
1513
3843
3121
993
3634
2013
1335
2552
4364
3288
4356
954
1514
3846
3124
993
3636
2014
1336
2619
4368
3331
4360
954
1515
3849
3126
993
3638
2015
1337
2683
4371
3373
4364
955
1516
3851
3128
994
3640
2017
1338
2745
4375
3414
4368
956
1517
3853
3130
995
3642
2018
1339
2806
4378
3453
4371
956
1518
3855
3131
995
3644
2019
1339
2864
4381
3491
4375
956
1519
3857
3133
996
3645
2020
1340
2921
4384
3528
4377
957
1520
3859
3135
996
3647
2022
1340
2976
4387
3563
4379
957
1520
3860
3135
997
3648
2022
1340
3030
4389
3598
4382
958
1521
3861
3137
997
3648
2023
1341
3080
4391
3631
4384
958
1521
3862
3138
997
3649
2024
1341
3130
4392
3663
4386
959
1521
3862
3139
998
3649
2024
1342
3179
4394
3694
4387
959
1522
3863
3139
997
3650
2024
1342
3226
4395
3724
4389
959
1522
3863
3139
997
3651
2025
1342
3271
4396
3753
4390
959
1523
3864
3140
998
3651
2025
1342
3315
4398
3781
4391
959
1522
3864
3140
997
3650
2025
1342
3357
4398
3808
4392
959
1523
3863
3140
997
3650
2025
1342
3399
4399
3834
4393
959
1523
3864
3141
998
3650
2026
1342
3438
4399
3859
4393
959
1522
3863
3140
997
3649
2026
1342
3477
4399
3884
4393
959
1522
3862
3140
997
3648
2025
1342
3514
4399
3907
4393
959
1523
3862
3140
998
3648
2026
1342
3550
4400
3929
4394
958
1522
3862
3139
997
3647
2025
1341
3585
4399
3951
4393
958
1522
3860
3138
996
3646
2025
1341
3618
4398
3972
4393
958
1522
3860
3138
997
3646
2025
1340
3651
4398
3992
4393
958
1522
3859
3137
996
3645
2024
1340
3683
4397
4012
4391
957
1521
3857
3136
996
3643
2023
1339
3712
4396
4030
4391
957
1520
3856
3135
995
3642
2023
1338
3742
4394
4049
4390
956
1520
3854
3134
995
3640
2022
1339
3771
4394
4066
4388
956
1520
3853
3133
995
3639
2022
1338
3798
4392
4084
4387
956
1519
3851
3132
994
3637
2020
1337
3825
4390
4099
4386
956
1519
3850
3131
994
3636
2020
1337
3850
4390
4115
4384
955
1518
3848
3129
993
3634
2019
1336
3874
4388
4130
4383
955
1517
3846
3128
993
3631
2018
1335
3898
4386
4144
4382
954
1517
3844
3126
993
3629
2017
1334
3921
4384
4158
4380
953
1516
3842
3125
992
3628
2016
1334
3943
4382
4171
4377
953
1515
3839
3123
991
3625
2015
1333
3964
4380
4184
4376
952
1514
3837
3121
991
3623
2014
1332
3985
4377
4196
4373
952
1513
3835
3119
991
3621
2013
1331
4005
4375
4208
4371
951
1513
3832
3118
989
3619
2012
1330
4024
4373
4218
4369
950
1511
3830
3115
988
3616
2010
1329
4042
4370
4229
4366
950
1511
3828
3114
988
3614
2009
1329
4059
4367
4239
4364
950
1510
3825
3112
987
3611
2008
1328
4076
4365
4249
4361
949
1509
3822
3109
986
3608
2006
1327
4093
4362
4259
4358
948
1508
3819
3107
986
3606
2005
1326
4109
4359
4267
4355
948
1507
3817
3105
986
3603
2004
1325
4124
4356
4276
4353
947
1506
3813
3103
984
3600
2002
1324
4138
4353
4284
4350
946
1504
3811
3101
984
3597
2001
1323
4152
4350
4291
4347
945
1503
3808
3098
984
3595
1999
1322
4165
4346
4299
4344
944
1502
3805
3096
982
3591
1998
1322
4179
4343
4306
4340
944
1501
3801
3094
982
3588
1996
1320
4191
4340
4313
4337
944
1499
3798
3091
981
3586
1995
1319
4202
4337
4319
4334
942
1499
3796
3088
980
3583
1993
1318
4214
4334
4324
4330
941
1497
3792
3085
979
3579
1991
1316
4225
4330
4330
4327
941
1496
3789
3083
978
3576
1990
1315
4234
4326
4335
4324
940
1495
3786
3081
977
3573
1988
1314
4244
4323
4340
4320
939
1493
3782
3078
976
3569
1986
1313
4254
4319
4344
4317
938
1493
3778
3075
976
3566
1985
1312
4263
4315
4349
4313
937
1491
3775
3072
975
3563
1983
1311
4271
4312
4353
4309
936
1490
3771
3069
974
3560
1981
1310
4280
4308
4356
4305
936
1488
3768
3067
973
3556
1979
1308
4287
4304
4360
4302
935
1487
3765
3064
972
3553
1978
1307
4294
4300
4362
4298
934
1486
3761
3061
971
3549
1976
1306
4302
4296
4366
4293
933
1484
3757
3058
970
3546
1973
1305
4308
4292
4368
4290
932
1483
3754
3055
969
3542
1972
1303
4314
4288
4371
4286
931
1481
3750
3052
968
3539
1970
1302
4320
4284
4373
4282
930
1480
3746
3049
967
3535
1968
1300
4326
4279
4375
4278
929
1478
3742
3046
966
3531
1966
1299
4331
4275
4377
4273
928
1477
3738
3043
965
3528
1964
1298
4336
4272
4378
4269
927
1476
3734
3040
964
3524
1962
1296
4341
4267
4380
4265
926
1474
3730
3037
963
3520
1960
1295
4345
4263
4381
4261
926
1472
3727
3033
962
3517
1958
1294
4349
4259
4382
4257
925
1471
3723
3031
961
3513
1956
1292
4353
4254
4383
4253
923
1469
3719
3027
960
3509
1954
1291
4356
4250
4383
4248
923
1468
3715
3024
959
3505
1952
1290
4359
4245
4384
4244
922
1466
3711
3021
958
3502
1950
1288
4362
4241
4384
4239
921
1465
3707
3017
957
3498
1948
1287
4365
4236
4384
4235
919
1463
3703
3014
956
3494
1946
1285
4368
4231
4384
4230
919
1462
3699
3011
955
3491
1944
1284
4370
4227
4384
4226
918
1460
3695
3008
955
3487
1942
1283
4373
4223
4384
4221
917
1459
3691
3005
953
3482
1940
1281
4374
4218
4383
4217
916
1457
3687
3002
952
3478
1938
1280
4375
4214
4382
4212
914
1455
3683
2998
951
3475
1936
1278
4377
4209
4381
4208
914
1453
3678
2995
950
3471
1933
1277
4378
4204
4380
4203
913
1452
3674
2991
948
3467
1931
1275
4379
4200
4379
4198
912
1450
3670
2988
947
3462
1929
1274
4380
4195
4378
4194
910
1448
3666
2984
946
3458
1927
1273
4381
4190
4377
4189
909
1447
3662
2981
946
3455
1925
1271
4381
4185
4375
4185
908
1446
3657
2978
944
3451
1923
1269
4381
4181
4373
4180
907
1444
3653
2974
943
3447
1920
1268
4382
4176
4372
4175
906
1442
3649
2971
942
3442
1918
1266
4382
4171
4370
4170
905
1441
3645
2968
941
3439
1916
1265
4381
4166
4368
4165
904
1439
3640
2964
940
3434
1913
1264
4380
4161
4366
4161
903
1437
3636
2961
939
3430
1911
1262
4380
4157
4364
4156
902
1436
3632
2957
938
3426
1909
1261
4379
4152
4362
4151
901
1434
3628
2955
937
3422
1907
1260
4379
4148
4359
4147
900
1432
3624
2950
935
3418
1905
1258
4378
4142
4357
4141
899
1430
3619
2947
934
3414
1902
1256
4377
4137
4354
4136
898
1429
3615
2944
934
3410
1901
1255
4376
4133
4352
4132
897
1427
3611
2940
932
3406
1898
1254
4374
4128
4349
4127
896
1425
3606
2936
931
3401
1896
1252
4372
4122
4346
4122
895
1424
3602
2933
930
3398
1894
1250
4371
4118
4343
4118
893
1422
3598
2929
929
3394
1891
1249
4369
4113
4340
4113
892
1420
3593
2926
927
3389
1889
1247
4367
4108
4337
4108
891
1419
3589
2922
927
3385
1886
1246
4365
4103
4334
4103
890
1417
3584
2919
925
3381
1885
1262
4380
4157
4364
4156
902
1436
3632
2957
938
3426
1909
1261
4379
4152
4362
4151
901
1434
3628
2955
937
3422
1907
1260
4379
4148
4359
4147
900
1432
3624
2950
935
3418
1905
1258
4378
4142
4357
4141
899
1430
3619
2947
934
3414
1902
1256
4377
4137
4354
4136
898
1429
3615
2944
934
3410
1901
1255
4376
4133
4352
4132
897
1427
3611
2940
932
3406
1898
1254
4374
4128
4349
4127
896
1425
3606
2936
931
3401
1896
1252
4372
4122
4346
4122
895
1424
3602
2933
930
3398
1894
1250
4371
4118
4343
4118
893
1422
3598
2929
929
3394
1891
1249
4369
4113
4340
4113
892
1420
3593
2926
927
3389
1889
1247
4367
4108
4337
4108
891
1419
3589
2922
927
3385
1886
1246
4365
4103
4334
4103
890
1417
3584
2919
925
3381
1885
1244
4364
4099
4331
4098
889
1415
3580
2915
924
3377
1882
1243
4362
4093
4328
4093
888
1413
3576
2912
924
3373
1880
1241
4359
4088
4324
4088
887
1412
3571
2908
922
3369
1878
1239
4357
4084
4321
4083
886
1410
3567
2905
921
3364
1875
1238
4354
4079
4318
4078
885
1408
3563
2901
919
3360
1873
1237
4352
4074
4314
4074
884
1407
3558
2898
919
3356
1871
1235
4349
4068
4311
4068
883
1405
3553
2895
918
3352
1868
1233
4346
4063
4308
4063
882
1403
3549
2890
916
3347
1865
1232
4344
4058
4304
4058
880
1401
3545
2887
915
3344
1864
1231
4342
4053
4300
4053
880
1400
3541
2884
915
3340
1862
1233
4341
4051
4299
4051
882
1401
3540
2883
916
3338
1863
1233
4336
4048
4295
4048
883
1402
3536
2881
918
3336
1862
65
2
88
13
27
16
28
13
26
25
25
305
370
347
114
4
163
24
54
32
65
33
68
68
82
105
70
95
102
143
156
148
161
74
118
186
213
79
196
160
109
3
154
23
51
30
58
29
60
59
69
128
107
124
51
95
97
95
98
35
56
102
103
37
101
74
41
1
57
9
19
11
22
10
22
22
24
71
70
75
11
49
44
47
43
5
10
34
21
7
28
11
6
3
6
7
6
9
10
16
17
1
24
4
8
5
10
5
10
11
12
9
11
8
15
12
16
12
16
9
16
22
26
11
23
21
1
17
1
23
4
9
4
10
4
9
10
10
20
21
10
15
16
15
17
5
9
18
16
8
16
12
6
1
8
2
3
1
4
1
3
4
3
11
14
13
3
6
6
1
6
1
6
1
2
1
6
2
1
2
3
1
4
1
1
3
1
2
2
1
3
1
4
1
3
3
1
4
1
2
1
3
1
3
3
2
3
4
5
2
3
1
1
3
1
3
5
4
4
4
4
1
3
1
4
2
2
1
3
1
3
3
1
2
4
19
5
4
2
3
1
2
1
1
3
1
3
1
5
1
3
1
3
3
3
2
1
1
1
1
1
1
2
1
2
2
1
1
1
3
4
3
1
2
1
1
1
1
2
1
2
3
1
2
1
1
1
1
3
1
1
1
1
1
2
2
1
3
1
1
2
3
1
2
1
3
3
1
1
1
2
2
1
2
1
2
1
2
3
1
1
1
2
3
4
1
1
1
1
1
1
1
1
1
2
2
1
3
1
1
1
3
1
2
1
1
3
2
1
1
2
2
2
2
1
3
2
2
2
1
1
1
2
3
3
1
1
1
1
2
1
1
2
2
1
3
2
1
2
3
1
2
1
1
11
2
3
1
1
2
1
1
2
1
1
2
2
1
2
2
2
3
1
1
1
2
2
3
1
1
2
2
1
2
2
1
1
2
2
1
3
1
1
2
3
1
1
1
1
3
3
1
1
1
1
1
1
1
3
2
1
3
2
1
2
3
1
2
1
2
3
3
3
1
2
1
1
2
2
1
1
2
2
1
3
2
1
2
3
1
2
1
1
8
3
4
1
1
2
2
1
2
2
1
1
1
2
2
1
2
1
1
1
3
1
2
1
1
3
3
1
1
2
2
1
1
2
1
1
1
2
2
2
3
2
1
2
4
2
2
2
2
4
3
1
1
2
2
1
2
2
1
2
3
1
3
2
1
2
3
2
2
1
2
3
4
1
1
2
2
1
2
2
1
2
3
3
1
3
1
1
2
3
2
2
1
2
3
4
1
1
2
2
1
2
3
1
2
3
2
2
3
2
1
2
3
2
2
1
2
3
4
1
1
2
2
1
2
2
1
3
3
1
4
2
1
2
3
2
2
2
2
3
4
1
1
2
2
2
2
2
1
2
3
3
1
3
2
1
2
3
2
2
1
2
3
4
1
1
2
2
1
2
2
1
2
3
2
2
4
1
1
2
3
2
1
1
2
10
3
4
1
1
2
2
1
2
2
1
2
3
3
2
4
2
1
3
4
2
2
2
2
9
3
4
2
1
2
2
1
2
2
1
2
3
2
2
4
2
1
2
4
2
2
1
2
3
4
2
2
2
3
2
2
2
1
2
3
2
2
4
1
1
2
3
3
1
1
2
3
4
2
1
1
3
2
2
2
1
2
3
3
2
4
2
2
2
3
3
2
2
3
24
3
4
2
1
2
2
1
1
2
3
1
2
1
3
3
2
4
2
2
2
4
3
2
2
2
7
4
5
2
2
2
3
2
2
3
1
2
1
3
3
2
4
2
1
3
3
2
2
2
2
3
4
2
1
2
3
2
3
3
1
2
1
3
3
2
4
3
2
3
4
3
2
2
3
4
4
2
1
2
3
2
1
2
3
1
2
1
4
3
2
5
3
2
3
4
3
2
2
3
4
5
3
2
2
3
3
1
3
3
1
2
1
3
4
2
4
2
1
3
4
3
2
2
3
57
3
4
2
2
2
3
2
2
3
1
2
1
3
3
2
5
2
2
3
4
3
3
2
3
14
3
4
1
1
2
2
2
2
2
1
2
3
3
1
3
2
1
2
3
2
2
1
2
3
4
1
1
2
2
1
2
2
1
2
3
2
2
4
1
1
2
3
2
1
1
2
10
3
4
1
1
2
2
1
2
2
1
2
3
3
2
4
2
1
3
4
2
2
2
2
9
3
4
2
1
2
2
1
2
2
1
2
3
2
2
4
2
1
2
4
2
2
1
2
3
4
2
2
2
3
2
2
2
1
2
3
2
2
4
1
1
2
3
3
1
1
2
3
4
2
1
1
3
2
2
2
1
2
3
3
2
4
2
2
2
3
3
2
2
3
24
3
4
2
1
2
2
1
1
2
3
1
2
1
3
3
2
4
2
2
2
4
3
2
2
2
7
4
5
2
2
2
3
2
2
3
1
2
1
3
3
2
4
2
1
3
3
2
2
2
2
3
4
2
1
2
3
2
3
3
1
2
1
3
3
2
4
3
2
3
4
3
2
2
3
4
4
2
1
2
3
2
1
2
3
1
2
1
4
3
2
5
3
2
3
4
3
2
2
3
4
5
3
2
2
3
3
1
3
3
1
2
1
3
4
2
4
2
1
3
4
3
2
2
3
57
3
4
2
2
2
3
2
2
3
1
2
1
3
3
2
5
2
2
3
4
3
3
2
3
14
3
4
2
1
2
3
2
2
3
1
2
3
3
2
