3745
4792
327
4856
4856
4734
4856
4856
4857
2635
4857
4746
4856
512
4888
4933
4926
135
3629
4789
312
4852
4851
4733
4851
4851
4852
2539
4852
4744
4852
487
4882
4926
4920
131
3514
4780
307
4844
4844
4723
4844
4844
4844
2470
4844
4734
4844
473
4875
4919
4913
128
3404
4775
295
4838
4838
4718
4838
4838
4838
2381
4839
4730
4838
460
4869
4913
4907
123
3296
4768
283
4832
4832
4712
4831
4832
4832
2308
4832
4723
4832
449
4862
4906
4900
117
3191
4762
273
4825
4825
4705
4825
4825
4825
2229
4825
4716
4825
434
4856
4900
4894
110
3089
4756
263
4819
4819
4700
4819
4819
4819
2154
4819
4711
4819
418
4849
4893
4887
104
2990
4749
256
4812
4812
4693
4812
4812
4812
2085
4812
4704
4812
406
4843
4887
4880
97
2893
4743
243
4806
4806
4687
4806
4806
4806
2012
4806
4698
4806
394
4836
4880
4874
93
2799
4737
233
4800
4799
4681
4799
4799
4800
1948
4800
4692
4799
383
4830
4874
4868
91
2710
4731
224
4793
4793
4674
4793
4793
4794
1882
4794
4686
4793
371
4823
4867
4861
80
2001
3330
196
4797
4797
4794
4794
4795
1689
4798
2304
4797
335
2432
4861
4855
1265
3076
4921
4921
335
763
4999
4920
4921
4921
1396
4832
4230
826
1131
423
43
4468
4921
4778
4772
1260
3068
4892
4894
334
760
4984
4900
4903
4905
1391
4660
4254
822
1126
422
43
4328
4913
4771
4765
851
2091
2803
2809
225
517
2726
2829
2834
2840
954
2837
2689
565
776
290
28
2715
2897
3022
3024
9
131
15
82
15
18
268
32
23
22
271
16
14
13
205
46
194
112
113
440
116
117
118
3
165
127
140
141
24
377
43
347
276
60
9
205
102
19
73
93
648
94
94
95
153
95
31
97
96
96
23
401
43
569
293
60
19
390
28
39
817
59
59
59
288
42
59
59
56
56
23
448
46
818
328
66
29
530
55
955
7
7
7
389
80
5
3
3
28
532
23
54
1043
8
8
8
390
15
79
9
10
11
34
625
65
1109
458
94
34
637
15
65
1226
16
16
16
467
15
95
16
16
16
38
702
72
1278
514
106
39
737
3
76
1380
8
8
8
540
5
111
8
7
7
42
778
1
80
1444
569
117
45
824
85
1523
603
124
46
856
3
88
1596
1
1
626
2
129
2
2
2
48
900
92
1661
658
135
50
932
2
96
1734
2
681
3
140
2
2
2
52
970
99
1794
708
41
146
53
1003
103
1859
733
191
151
1
1
1
55
1036
106
1919
756
348
155
56
1070
109
1978
780
480
160
58
1099
112
2035
802
627
165
59
1130
114
2089
824
755
169
61
1159
117
2143
844
888
173
62
1187
120
2194
865
1013
178
64
1214
122
2243
884
1134
182
65
1241
125
2291
903
1254
185
66
1266
128
2338
922
1366
189
67
1291
130
2382
939
1478
193
68
1315
132
2425
956
1584
196
69
1338
134
2467
973
1687
200
70
1361
4
136
2507
989
1788
204
73
1383
69
140
2548
1005
1885
207
76
1406
230
144
2587
1022
1981
212
79
1428
375
148
2625
1038
2074
217
80
1448
508
150
2660
1052
2162
221
83
1469
649
154
2696
1068
2248
224
86
1489
776
158
2731
1082
2332
229
87
1508
906
160
2763
1096
2412
233
88
1525
1026
162
2794
1108
2489
235
90
1542
1146
164
2824
1121
2564
239
93
1560
1262
168
2854
1134
2638
243
95
1577
1374
170
2882
1146
2709
246
97
1593
1483
173
2910
1157
2776
249
98
1608
1587
175
2936
1168
2842
252
99
1622
1688
177
2961
1178
2906
255
100
1635
1786
178
2984
1187
2966
256
101
1649
1880
180
3007
1197
3025
259
102
1662
1973
181
3029
1206
3082
262
104
1674
2062
183
3051
1215
3137
264
105
1687
2149
186
3073
1224
3191
267
105
1698
2232
186
3092
1232
3242
269
107
1709
2313
188
3111
1240
3292
270
108
1720
2392
189
3130
1248
3340
272
109
1730
2467
191
3147
1255
3387
275
109
1740
2540
192
3164
1262
3431
276
110
1749
2611
193
3180
1268
3474
277
111
1758
2680
194
3196
1274
3516
280
111
1767
2746
195
3211
1281
3556
281
112
1776
2810
196
3225
1287
3595
282
112
1784
2872
197
3239
1292
3632
284
113
1791
2932
198
3252
1298
3668
285
114
1799
2991
199
3265
1303
3703
286
114
1806
3047
200
3277
1308
3736
287
114
1813
3101
200
3288
1312
3768
288
115
1819
3153
201
3299
1317
3799
289
115
1826
3205
202
3310
1321
3829
290
116
1832
3254
202
3320
1326
3859
292
116
1837
3301
202
3329
1330
3886
293
116
1843
3347
204
3338
1333
3913
293
117
1848
3392
204
3347
1336
3939
294
117
1853
3434
204
3356
1340
3964
296
17
117
1858
3475
205
3363
1343
3987
296
124
118
1863
3515
205
3371
1346
4010
297
284
118
1867
3554
206
3378
1349
4032
298
411
118
1871
3591
206
3385
1352
4053
298
548
118
1875
3627
207
3391
1354
4073
299
677
118
1878
3662
207
3397
1357
4093
299
801
118
1882
3695
207
3403
1360
4112
300
925
119
1885
3728
208
3409
1362
4129
301
1040
119
1889
3759
208
3414
1364
4147
301
1157
119
1891
3789
208
3419
1366
4163
301
1267
119
1895
3818
209
3423
1368
4179
302
1375
120
1897
3846
209
3428
1370
4195
303
1479
119
1899
3873
209
3432
1371
4209
303
1580
119
1902
3899
209
3435
1373
4223
303
1678
120
1904
3924
209
3438
1374
4236
303
1773
119
1906
3948
209
3442
1376
4249
304
1866
120
1908
3971
209
3445
1377
4261
305
1955
120
1910
3993
210
3447
1378
4272
304
2041
120
1912
4015
210
3450
1379
4283
305
2125
120
1913
4036
210
3452
1380
4294
305
2206
120
1914
4055
210
3454
1381
4304
305
2285
120
1916
4075
210
3456
1381
4313
305
2361
120
1917
4093
210
3458
1382
4323
306
2435
120
1918
4111
210
3459
1383
4331
306
2507
121
1919
4128
210
3460
1383
4339
306
2576
120
1920
4144
210
3462
1384
4347
306
2644
120
1921
4159
210
3462
1384
4354
306
2709
120
1921
4175
210
3464
1385
4361
306
2771
120
1922
4189
211
3464
1385
4368
306
2833
120
1922
4203
210
3464
1385
4374
307
2892
120
1923
4216
210
3465
1385
4379
307
2949
120
1923
4228
210
3465
1385
4385
306
3004
120
1924
4240
210
3465
1385
4390
307
3058
120
1924
4252
210
3464
1385
4395
307
3110
120
1924
4263
211
3464
1386
4399
307
3160
120
1924
4273
210
3464
1385
4403
307
3209
120
1923
4283
210
3463
1385
4407
307
3256
120
1924
4293
211
3463
1385
4410
306
3301
120
1923
4302
210
3462
1384
4413
307
3346
120
1923
4310
210
3461
1384
4416
307
3388
119
1923
4319
210
3460
1383
4419
307
3429
119
1922
4326
210
3459
1383
4421
306
3468
119
1922
4333
210
3458
1383
4424
307
3507
119
1921
4341
209
3456
1382
4425
307
3545
119
1920
4348
209
3455
1382
4427
306
3580
119
1920
4353
209
3453
1382
4429
306
3616
119
1919
4359
209
3452
1380
4430
306
3649
119
1918
4365
209
3450
1380
4430
306
3681
119
1917
4370
209
3448
1379
4431
306
3713
119
1916
4375
209
3447
1379
4432
306
3744
119
1916
4379
209
3445
1378
4432
306
3772
119
1915
4384
209
3443
1377
4432
305
3800
118
1914
4387
208
3440
1376
4433
305
3828
119
1913
4391
208
3438
1375
4432
305
3854
119
1911
4394
208
3436
1374
4432
305
3879
118
1910
4397
208
3433
1374
4431
305
3903
118
1909
4400
208
3432
1373
4431
305
3927
119
1908
4403
208
3429
1372
4430
304
3950
119
1907
4405
207
3426
1371
4429
304
3972
118
1905
4407
207
3424
1370
4428
304
3993
118
1904
4409
207
3421
1369
4427
303
4013
118
1903
4411
207
3419
1367
4425
303
4033
117
1901
4412
207
3416
1366
4424
303
4052
118
1900
4413
207
3414
1365
4422
303
4070
117
1898
4414
207
3411
1364
4420
303
4087
117
1897
4415
206
3408
1363
4419
302
4104
117
1895
4416
206
3405
1362
4417
303
4120
117
1894
4416
206
3402
1361
4414
302
4135
117
1892
4416
205
3399
1360
4412
302
4150
117
1891
4416
205
3395
1359
4410
302
4164
117
1890
4416
205
3392
1357
4407
301
4177
116
1888
4416
205
3389
1356
4404
301
4191
116
1886
4415
205
3386
1355
4402
301
4204
116
1884
4414
205
3383
1354
4399
300
4216
116
1883
4414
205
3380
1352
4396
300
4227
116
1881
4412
204
3377
1351
4394
300
4238
116
1879
4411
204
3373
1350
4391
299
4249
116
1877
4410
204
3370
1348
4387
299
4258
116
1876
4409
204
3367
1347
4384
299
4268
115
1874
4407
203
3363
1346
4381
299
4277
115
1872
4405
203
3360
1344
4378
299
4286
116
1870
4404
203
3356
1343
4374
298
4293
115
1868
4402
203
3353
1342
4371
298
4302
115
1866
4400
203
3349
1340
4367
298
4309
115
1864
4398
202
3346
1338
4363
297
4316
115
1862
4396
202
3342
1337
4360
297
4323
115
1860
4394
202
3339
1336
4356
297
4329
115
1859
4391
202
3335
1334
4352
296
4335
114
1857
4389
201
3332
1333
4348
296
4340
114
1855
4386
201
3328
1331
4345
296
4346
114
1853
4384
201
3325
1330
4341
295
4351
114
1851
4381
201
3321
1328
4337
295
4355
114
1849
4378
200
3317
1327
4333
295
4360
114
1847
4375
200
3313
1325
4329
294
4364
114
1845
4372
200
3310
1324
4325
294
4368
113
1843
4369
200
3306
1323
4321
294
4372
113
1841
4365
199
3302
1321
4317
293
4375
113
1839
4362
199
3298
1320
4312
293
4378
113
1836
4359
199
3295
1318
4308
293
4381
113
1835
4356
199
3291
1317
4304
293
4384
113
1833
4353
199
3287
1315
4299
292
4385
113
1831
4349
199
3283
1314
4295
292
4387
113
1828
4345
198
3279
1312
4290
292
4389
113
1826
4342
198
3275
1311
4286
292
4391
112
1824
4338
198
3272
1309
4282
291
4392
112
1822
4334
197
3268
1308
4277
291
4394
112
1820
4330
197
3264
1306
4273
290
4394
112
1818
4327
197
3260
1305
4268
290
4395
112
1816
4323
196
3256
1303
4263
290
4396
111
1814
4319
197
3252
1302
4259
290
4396
111
1812
4315
196
3248
1300
4254
289
4397
111
1809
4311
196
3244
1298
4249
289
4396
111
1807
4306
196
3240
1297
4245
289
4397
111
1805
4303
195
3236
1295
4240
288
4396
111
1803
4299
195
3233
1293
4235
287
4395
113
1826
4342
198
3275
1311
4286
292
4391
112
1824
4338
198
3272
1309
4282
291
4392
112
1822
4334
197
3268
1308
4277
291
4394
112
1820
4330
197
3264
1306
4273
290
4394
112
1818
4327
197
3260
1305
4268
290
4395
112
1816
4323
196
3256
1303
4263
290
4396
111
1814
4319
197
3252
1302
4259
290
4396
111
1812
4315
196
3248
1300
4254
289
4397
111
1809
4311
196
3244
1298
4249
289
4396
111
1807
4306
196
3240
1297
4245
289
4397
111
1805
4303
195
3236
1295
4240
288
4396
111
1803
4299
195
3233
1293
4235
287
4395
109
1775
4241
192
3181
1273
4172
283
4378
109
1773
4237
192
3177
1271
4167
283
4375
109
1770
4232
192
3173
1270
4162
283
4373
109
1768
4227
192
3170
1268
4157
282
4371
109
1766
4222
192
3166
1267
4152
281
4368
108
1764
4218
191
3161
1265
4147
281
4366
108
1761
4213
191
3157
1264
4142
280
4363
110
1761
4210
192
3155
1263
4138
282
4361
113
1761
4208
195
3154
1266
4137
285
4360
113
1759
4203
195
3151
1264
4132
285
4354
113
1757
4196
194
3146
1262
4125
283
4347
113
1755
4192
195
3142
1261
4121
284
4342
112
1752
4185
194
3138
1259
4115
283
4336
113
1750
4180
195
3134
1258
4110
283
4330
113
1748
4174
195
3130
1256
4104
283
4324
112
1745
4169
194
3126
1254
4099
282
4319
112
1743
4163
194
3122
1253
4094
282
4313
113
1741
4158
194
3117
1251
4088
281
4306
112
1738
4152
194
3113
1250
4083
282
4301
112
1736
4146
193
3110
1248
4078
281
4295
113
1734
4125
194
3102
1246
4072
281
4289
81
1239
2613
139
2121
903
2631
205
2770
34
332
332
9
17
336
331
332
30
245
14
21
7
1
185
366
343
57
84
84
17
36
84
86
86
70
120
41
58
22
3
144
436
95
10
145
150
17
196
108
162
24
158
234
56
126
125
16
34
123
124
124
63
136
36
50
19
3
143
217
124
5
71
95
9
101
52
98
11
98
22
72
72
6
12
71
71
71
23
67
12
18
6
1
63
355
74
2
13
46
2
26
9
44
1
47
419
1
6
2
13
13
12
12
12
7
5
2
175
15
9
9
8
3
5
6
7
7
11
14
5
9
3
1
18
7
2
19
13
4
22
15
16
2
14
207
9
21
20
3
5
18
19
19
11
21
5
9
3
1
23
476
20
2
11
15
3
15
9
17
2
16
207
1
4
2
12
12
1
2
11
11
11
5
11
1
3
1
9
12
1
1
5
2
1
2
1
3
7
1
1
6
155
1
2
3
3
2
1
1
1
2
1
3
1
1
1
442
2
2
3
2
4
3
2
2
2
2
2
4
4
1
2
1
1
4
284
3
2
3
1
3
1
3
4
4
1
1
2
1
3
2
5
5
1
1
3
4
4
4
5
1
2
1
1
5
94
5
2
1
2
1
3
1
1
1
3
4
1
1
1
416
2
2
3
4
3
1
1
2
2
2
3
2
3
1
2
1
1
2
343
3
2
2
3
2
1
1
1
1
3
3
1
2
1
2
1
1
1
1
2
2
1
3
3
2
1
1
1
1
1
3
3
2
2
1
1
1
1
34
2
3
3
3
3
3
2
2
1
2
1
3
2
3
1
1
1
1
1
2
385
2
2
2
1
3
2
1
1
2
1
1
1
3
3
2
2
2
1
1
1
1
383
1
2
3
3
3
3
2
2
2
2
2
3
2
3
2
1
2
2
1
2
1
53
2
3
3
1
3
3
2
2
2
1
1
1
3
3
2
2
1
2
1
1
35
1
3
3
3
3
3
1
2
1
2
2
3
3
2
1
1
2
1
1
2
356
2
3
3
1
3
3
2
1
2
1
2
1
3
3
3
2
1
2
2
2
2
1
435
2
3
3
1
4
3
3
2
3
1
2
1
3
3
3
2
1
2
2
1
1
93
2
3
4
4
3
3
2
2
2
2
2
3
3
3
2
1
2
2
1
2
2
3
3
4
3
2
2
3
2
2
2
3
3
3
2
1
3
2
2
1
1
310
2
3
3
1
4
4
3
2
3
2
2
2
4
3
3
2
2
3
2
2
2
1
464
2
3
3
1
4
3
3
2
3
2
2
2
4
3
3
2
1
2
2
2
1
170
2
3
3
1
4
3
3
2
3
2
2
2
4
3
3
2
2
3
2
2
2
2
3
4
1
5
3
3
2
3
2
2
2
4
4
3
3
2
2
2
2
2
1
242
2
4
4
1
5
4
3
3
4
2
3
2
4
4
3
2
2
2
3
2
2
465
2
4
4
1
4
4
3
2
3
3
3
3
4
4
3
2
2
3
3
2
2
228
2
4
4
1
5
4
3
2
4
3
3
3
4
4
3
3
2
3
3
2
2
1
2
4
4
1
5
4
3
3
4
1
3
3
3
5
4
3
2
2
3
3
3
2
1
145
2
4
5
1
5
4
4
3
4
1
3
3
3
4
4
4
3
2
3
3
2
2
1
426
2
4
4
1
5
4
3
2
4
1
3
3
3
5
4
4
3
3
3
3
2
2
263
2
4
4
1
5
4
3
2
4
1
3
3
3
5
4
3
3
2
3
3
2
2
2
5
5
1
6
5
4
3
4
1
3
3
3
5
4
4
3
3
3
3
2
2
1
84
2
5
5
1
5
5
4
3
4
1
3
3
3
5
5
4
3
3
4
3
3
2
1
379
3
5
5
1
5
5
4
3
5
1
3
4
3
5
5
4
3
3
3
3
3
2
1
276
3
5
5
1
6
5
4
3
5
1
3
4
3
5
4
4
3
3
3
3
3
2
1
2
5
5
1
6
5
4
3
4
1
4
4
4
5
5
4
3
3
3
3
3
3
1
2
5
5
1
6
5
4
3
5
1
4
4
3
6
5
4
4
3
4
3
3
3
1
339
3
5
5
1
6
5
4
3
5
1
3
4
3
5
5
4
3
3
3
4
3
2
348
2
5
6
1
6
5
5
3
5
1
4
4
4
5
5
4
3
3
3
4
3
2
29
3
5
5
1
6
5
4
3
5
1
4
4
4
6
5
5
4
3
4
4
3
3
1
71
3
5
6
1
6
5
5
3
5
2
4
4
4
6
5
5
4
3
4
4
3
2
1
463
3
5
6
1
7
5
5
3
5
2
4
4
4
6
5
5
4
4
4
4
3
2
1
541
3
5
6
1
6
5
5
3
5
1
5
5
4
6
5
5
4
3
4
4
4
3
1
132
3
5
6
1
6
5
5
3
5
2
5
5
4
6
5
5
4
4
4
4
3
2
1
3
5
6
1
7
6
5
3
6
2
5
5
4
6
5
5
4
4
4
4
3
2
1
263
3
5
6
1
7
6
5
3
6
2
5
5
4
6
5
5
4
4
4
5
3
2
1
421
3
6
6
1
7
6
5
4
6
2
5
5
5
6
6
5
4
4
5
5
3
3
1
107
3
6
7
1
7
6
5
4
6
2
5
5
4
6
5
5
4
4
4
4
3
2
1
3
6
7
1
7
6
5
3
6
2
5
5
4
7
5
5
4
4
4
5
3
3
1
214
3
6
7
1
7
6
5
4
6
2
5
6
5
7
6
6
5
4
5
5
4
3
1
444
3
6
7
1
7
6
5
4
6
2
5
5
5
7
6
5
4
4
5
5
3
3
1
207
3
6
7
1
8
6
5
4
6
2
5
6
5
7
6
5
4
4
5
5
4
3
1
3
6
7
1
8
6
5
4
6
2
5
6
5
7
6
6
5
5
5
5
4
3
1
152
3
6
7
1
8
6
5
4
7
2
5
6
5
7
6
6
5
5
5
5
4
3
1
456
3
7
8
1
8
7
6
4
7
2
5
5
5
7
5
6
5
4
5
5
4
3
1
292
2
7
7
1
8
7
5
4
7
2
6
6
5
7
6
6
5
5
5
6
4
3
1
3
7
8
1
8
6
6
4
7
2
5
6
5
7
6
6
5
5
5
6
5
3
1
127
3
7
8
1
8
7
6
4
7
3
6
6
5
7
6
6
5
5
5
5
4
3
1
439
3
7
8
1
8
7
6
4
7
3
6
6
5
7
6
6
5
5
5
6
4
3
1
369
3
7
8
1
8
7
6
4
8
3
6
6
5
7
6
6
5
5
5
6
4
3
1
3
7
8
1
8
7
6
4
8
3
6
6
6
7
6
6
5
5
5
6
4
3
1
65
3
7
9
1
8
7
6
4
8
3
6
6
5
7
6
7
5
5
5
6
4
3
1
402
3
7
8
1
9
7
6
5
8
3
6
6
6
8
7
7
6
6
5
6
5
4
2
405
3
6
7
1
8
6
5
4
6
2
5
6
5
7
6
5
4
4
5
5
4
3
1
3
6
7
1
8
6
5
4
6
2
5
6
5
7
6
6
5
5
5
5
4
3
1
152
3
6
7
1
8
6
5
4
7
2
5
6
5
7
6
6
5
5
5
5
4
3
1
456
3
7
8
1
8
7
6
4
7
2
5
5
5
7
5
6
5
4
5
5
4
3
1
292
2
7
7
1
8
7
5
4
7
2
6
6
5
7
6
6
5
5
5
6
4
3
1
3
7
8
1
8
6
6
4
7
2
5
6
5
7
6
6
5
5
5
6
5
3
1
127
3
7
8
1
8
7
6
4
7
3
6
6
5
7
6
6
5
5
5
5
4
3
1
439
3
7
8
1
8
7
6
4
7
3
6
6
5
7
6
6
5
5
5
6
4
3
1
369
3
7
8
1
8
7
6
4
8
3
6
6
5
7
6
6
5
5
5
6
4
3
1
3
7
8
1
8
7
6
4
8
3
6
6
6
7
6
6
5
5
5
6
4
3
1
65
3
7
9
1
8
7
6
4
8
3
6
6
5
7
6
7
5
5
5
6
4
3
1
402
3
7
8
1
9
7
6
5
8
3
6
6
6
8
7
7
6
6
5
6
5
4
2
405
3
8
10
2
10
8
7
5
9
4
7
7
7
8
8
8
6
7
6
7
5
3
1
242
3
8
10
2
10
8
7
5
9
4
8
7
7
9
7
8
7
7
6
7
6
4
2
