34
61
17
49
15
16
5
36
18
15
44
39
15
13
28
32
6
34
1
36
3
26
25
13
29
27
31
12
37
15
9
4
21
32
15
33
6
9
33
34
59
43
69
9
40
37
17
7
37
16
53
37
27
12
18
34
32
50
108
2
47
29
66
14
52
20
18
43
22
67
32
9
35
38
34
34
27
27
62
11
56
16
17
17
54
21
62
7
70
6
57
12
37
41
61
50
4
23
32
47
13
47
25
16
19
17
8
28
23
38
14
63
10
32
36
55
59
32
45
62
22
57
29
24
16
1
63
31
89
19
93
10
37
43
63
104
106
15
79
9
58
30
16
25
12
92
38
65
27
112
23
40
42
68
134
1
70
21
79
20
64
46
38
26
45
68
51
37
31
20
38
45
54
122
4
36
30
14
50
33
45
26
126
84
93
12
93
37
83
7
27
36
98
10
86
19
42
23
45
7
43
28
33
15
25
5
59
21
66
23
86
11
27
31
88
22
67
17
62
47
55
37
42
44
38
16
5
49
59
68
35
51
5
23
37
73
2
67
69
56
44
42
53
56
65
64
32
84
69
38
106
46
72
10
31
48
87
41
73
32
13
37
47
31
40
49
45
39
41
42
57
50
60
42
83
21
38
82
32
79
10
25
48
37
48
44
61
46
48
43
26
89
75
86
42
95
4
27
46
85
34
65
1
13
47
54
57
39
52
53
57
49
22
88
61
38
90
40
87
1
30
48
80
7
13
29
64
25
48
35
56
43
21
57
54
67
61
35
74
22
41
75
6
8
50
67
54
66
57
76
50
38
38
42
92
68
58
62
6
39
61
76
37
15
30
36
29
48
30
45
53
57
61
96
48
36
57
69
31
30
45
66
18
75
7
4
66
32
57
42
66
50
22
73
31
51
74
63
58
51
32
52
79
64
137
29
15
77
42
80
36
56
50
33
12
39
47
52
50
51
2
38
50
48
24
77
26
9
45
34
46
52
73
65
86
70
42
95
63
96
67
105
38
57
100
1
115
8
44
13
75
41
68
50
81
59
30
34
64
104
77
27
80
43
62
75
14
128
15
41
37
2
50
42
29
36
36
26
18
14
28
59
6
74
26
37
55
76
38
28
48
57
73
79
76
89
102
83
56
108
66
165
41
60
101
46
105
49
45
70
39
53
58
49
45
32
58
56
65
40
98
43
54
52
10
65
6
45
31
37
40
52
50
50
40
58
68
43
81
38
84
34
47
75
17
72
15
1
36
43
48
37
44
50
39
35
28
46
51
53
35
82
38
48
59
14
78
28
24
13
61
29
26
19
30
18
34
29
37
5
12
25
29
34
39
5
3
19
9
41
26
35
31
51
42
7
12
59
32
27
30
38
17
16
31
24
18
3
33
28
27
32
49
47
41
23
56
43
47
54
45
34
30
37
39
22
46
16
15
9
5
47
17
24
18
36
34
34
18
36
37
49
28
25
25
28
28
16
39
6
1
53
30
40
31
52
39
1
8
72
34
39
31
38
11
28
15
43
19
25
33
48
51
71
55
122
52
28
59
80
47
31
38
86
8
45
20
32
42
22
12
14
17
1
25
16
25
21
18
21
28
19
23
20
38
6
26
15
16
11
1
21
50
20
52
35
20
25
23
34
3
36
10
37
2
19
10
30
13
25
22
23
48
19
37
36
23
21
53
21
13
58
29
28
26
35
23
5
9
48
33
1
32
30
18
14
10
31
3
42
32
7
19
42
10
83
30
48
28
4
28
21
31
11
36
48
5
18
6
2
15
45
34
49
21
34
32
28
17
15
4
51
38
61
23
5
35
33
20
45
26
73
1
63
39
14
23
47
34
19
52
10
12
14
34
27
8
6
27
4
14
36
26
12
25
21
4
13
52
29
22
24
23
28
2
30
24
31
3
18
7
11
22
10
26
6
4
25
18
17
43
35
33
6
42
31
39
18
20
22
2
22
13
2
17
31
3
9
15
34
47
18
23
40
16
13
14
21
1
20
19
1
18
23
43
8
51
100
11
19
12
20
52
34
23
53
32
2
30
48
38
5
25
19
21
12
27
10
30
6
14
65
35
12
10
23
20
3
2
16
13
22
25
34
43
7
21
21
9
17
210
46
50
31
40
16
30
70
60
137
21
27
19
26
35
171
25
16
8
12
6
5
9
26
80
1
28
24
6
8
2
16
7
16
10
17
122
36
25
24
18
2
13
21
15
50
115
1
20
10
9
3
12
18
10
16
97
2
7
15
1
6
9
11
3
6
14
16
10
21
64
8
13
28
23
2
22
3
17
9
20
18
4
9
21
43
23
44
23
7
15
23
14
12
6
16
35
8
8
7
16
13
38
4
5
23
8
13
8
22
28
11
13
5
11
7
25
85
36
18
1
23
9
31
25
15
77
5
51
28
34
12
23
16
3
29
7
20
24
8
24
30
25
41
12
14
16
4
1
43
11
10
1
26
14
25
14
16
14
8
31
12
10
18
21
15
43
11
32
22
32
2
19
6
10
22
18
23
17
37
19
10
12
8
12
30
1
18
3
1
12
16
15
9
47
5
4
24
44
6
12
9
6
36
12
16
9
31
25
2
37
22
21
3
15
9
11
27
21
7
6
19
18
14
63
35
4
43
5
49
31
7
60
44
17
27
27
23
19
50
35
16
57
16
9
11
9
15
51
18
6
7
22
15
7
71
42
1
24
4
19
5
23
27
23
90
14
54
27
30
45
25
29
23
26
25
33
70
13
29
26
27
45
15
31
26
16
45
9
37
32
17
7
18
27
29
16
41
38
14
25
22
6
8
9
19
34
29
18
19
39
10
21
18
16
16
22
84
40
16
4
23
1
1
7
12
72
13
72
12
12
41
4
16
16
13
25
70
34
25
43
30
19
4
9
10
10
29
10
15
15
12
63
46
22
52
12
30
4
17
20
4
40
19
41
15
7
6
20
18
17
1
69
39
49
28
17
38
3
3
7
2
79
37
40
11
39
10
4
5
13
10
42
23
19
9
9
8
132
10
72
39
23
33
14
28
35
23
103
21
64
36
42
40
58
24
29
25
28
27
125
37
25
43
2
72
34
48
16
19
21
68
12
1
36
11
9
23
23
22
3
50
129
4
48
35
9
27
10
4
22
2
48
30
47
16
24
18
10
9
12
102
342
51
33
53
15
14
48
18
41
37
27
1
3
9
78
519
65
18
59
17
36
14
16
3
91
92
2
16
12
47
23
15
14
113
620
72
23
32
9
19
7
16
31
21
109
10
74
21
43
32
54
21
13
18
9
128
749
2
42
26
47
41
33
15
7
28
54
49
47
46
11
12
14
68
760
60
32
37
18
27
1
10
19
7
78
62
31
41
15
10
11
122
552
27
40
58
48
10
15
38
25
48
19
21
74
221
46
42
17
52
36
43
22
29
37
18
71
17
72
46
41
15
19
25
106
93
15
53
30
20
29
25
7
9
13
2
64
88
6
25
7
39
10
7
11
1
116
111
6
41
59
43
30
38
27
20
47
7
68
74
53
35
42
15
26
23
43
35
124
54
98
49
58
46
81
16
19
20
27
28
131
117
8
42
32
41
13
12
9
21
12
54
27
58
20
36
21
26
2
2
6
11
23
99
60
40
31
38
31
61
18
46
3
22
19
14
66
45
6
30
25
12
15
13
14
11
88
50
35
26
40
49
5
12
7
12
7
41
47
3
28
27
5
2
8
10
65
22
28
41
15
36
4
12
3
12
9
20
26
14
39
26
10
1
6
8
70
53
23
13
28
9
26
27
21
135
68
75
51
38
49
40
61
17
20
23
38
173
2
18
24
37
32
31
10
13
10
34
30
45
40
11
47
5
12
12
10
69
15
11
57
32
33
14
18
18
34
6
15
50
50
58
18
79
9
19
18
16
40
34
20
2
15
12
9
93
25
83
37
31
11
89
8
11
6
36
107
4
43
9
40
34
45
15
4
37
35
22
8
10
7
69
30
3
28
14
2
5
15
11
10
90
9
29
19
20
18
4
12
5
38
7
8
21
34
6
2
11
9
5
64
58
1
11
48
11
18
8
17
23
9
46
6
13
14
13
73
74
6
9
7
28
11
5
10
5
80
3
115
12
8
25
4
16
11
27
63
7
30
59
6
21
5
24
35
5
1
10
14
5
54
3
6
1
39
34
24
35
29
31
61
28
9
44
54
30
2
26
30
14
88
114
19
37
9
1
10
10
15
33
47
36
20
14
11
8
21
50
106
27
24
31
14
7
16
14
11
1
39
54
4
4
12
21
49
8
40
13
18
62
17
16
22
57
34
11
3
25
25
24
68
64
2
52
28
24
12
12
14
36
26
52
7
29
7
20
15
15
95
35
13
47
31
21
5
5
44
15
13
2
1
16
5
41
32
16
34
16
5
17
6
12
23
6
1
17
9
24
3
19
13
14
42
24
4
18
30
14
1
7
4
32
19
17
3
21
2
17
7
68
15
10
14
47
10
37
20
2
28
37
31
3
6
20
8
60
12
8
14
15
50
5
37
16
23
27
48
29
35
46
8
3
6
27
21
12
38
5
46
27
52
6
29
10
12
20
14
2
26
22
2
9
29
19
75
14
20
50
25
7
20
7
10
2
11
47
33
26
18
4
23
14
5
38
14
21
14
40
2
29
14
25
59
28
10
34
35
35
11
10
27
18
16
64
29
21
1
8
21
8
14
34
10
17
22
13
8
16
4
100
38
36
10
16
21
4
17
9
55
48
8
9
21
42
28
7
15
24
30
6
14
21
13
8
21
21
20
25
57
9
34
25
11
28
66
28
23
23
17
37
17
26
15
6
108
46
4
12
21
30
6
5
20
19
7
2
6
10
54
20
24
34
30
21
5
10
22
4
11
45
7
9
22
25
25
22
13
1
22
44
41
5
1
17
23
7
12
2
12
81
38
29
19
20
25
8
7
1
7
29
25
23
1
17
9
19
10
3
13
72
41
37
11
6
24
29
19
3
15
6
7
59
57
21
16
38
3
18
10
91
57
29
5
21
17
25
21
11
2
6
45
5
15
12
17
15
7
66
37
8
5
29
16
32
34
3
13
13
26
2
15
8
49
27
1
16
26
35
18
10
12
11
11
27
16
10
33
14
17
17
14
92
23
34
6
18
6
41
7
3
24
5
53
11
28
14
8
92
32
10
11
42
31
18
34
12
4
50
40
42
17
34
23
39
21
34
32
27
91
46
12
39
35
36
42
8
36
36
29
85
107
51
21
4
22
24
25
34
13
19
12
9
28
2
18
23
21
77
48
44
12
19
59
8
28
9
21
48
10
22
22
20
56
13
2
2
43
28
11
33
13
46
10
98
37
12
43
27
30
22
75
119
2
18
19
18
4
36
10
29
24
16
68
70
7
10
28
23
28
3
30
33
32
97
103
28
13
86
37
31
24
17
23
25
2
1
30
11
4
1
31
31
25
71
21
23
37
30
5
19
6
22
6
37
23
10
20
24
57
88
44
18
8
40
5
43
26
56
34
62
15
50
62
15
52
32
47
37
74
126
56
8
32
47
31
44
29
50
14
42
52
56
1
50
38
48
10
66
110
46
10
7
40
19
42
27
51
14
32
63
7
44
32
46
16
78
98
27
28
13
32
55
27
46
20
41
67
10
32
42
52
32
15
5
25
6
64
19
37
18
28
66
12
2
27
36
16
73
19
52
50
26
64
42
49
38
76
24
62
25
57
3
34
51
40
39
180
46
7
21
33
4
38
27
37
49
32
57
48
47
19
42
6
36
48
12
90
140
74
4
22
46
15
39
27
47
23
29
39
42
15
39
29
45
11
44
110
65
7
15
46
19
45
25
55
19
41
4
44
26
66
20
63
34
48
20
83
130
28
19
9
40
27
39
34
49
31
21
9
54
26
34
32
48
5
51
122
1
1
61
14
59
34
72
47
19
5
15
18
82
35
45
13
36
57
33
32
146
31
20
26
37
35
28
28
43
35
8
67
18
17
22
10
31
43
17
38
130
19
3
22
28
30
36
42
55
48
38
1
18
10
43
40
28
36
36
52
42
48
156
1
18
37
25
44
38
63
42
44
24
44
41
61
38
50
39
2
37
54
47
78
117
4
16
53
40
32
33
28
45
28
4
39
20
19
10
32
43
8
53
67
44
31
54
46
73
52
40
58
22
25
81
50
54
59
38
59
52
95
116
7
50
30
46
42
64
50
18
15
83
32
58
54
44
53
35
54
63
25
84
69
52
51
49
47
64
46
3
8
70
39
30
17
4
40
55
27
16
39
24
67
15
44
27
49
33
14
6
43
35
27
2
24
41
18
32
46
2
12
19
22
35
49
53
23
2
73
14
38
48
43
17
24
40
44
56
4
27
41
49
60
65
90
74
70
23
19
25
102
59
75
17
9
47
71
68
99
1
10
14
63
18
44
26
48
34
40
22
43
22
30
5
28
42
17
22
49
13
48
18
43
40
46
30
7
36
41
28
61
38
99
7
31
42
42
55
10
48
28
38
41
48
40
6
22
16
46
52
32
64
26
45
67
57
92
6
27
40
26
41
37
58
55
17
35
39
26
57
29
55
30
46
41
53
250
72
29
70
47
68
73
78
72
16
52
59
70
88
71
89
17
48
65
70
64
253
28
56
36
47
22
40
28
38
19
20
58
82
25
35
23
15
146
50
26
54
54
81
93
38
96
12
55
88
57
55
32
36
58
72
41
196
22
40
33
43
44
64
61
24
23
45
41
64
48
66
31
7
36
50
66
41
166
2
62
30
58
32
54
52
56
11
9
53
33
33
56
41
34
8
37
48
41
39
112
14
51
38
47
47
65
70
11
11
32
32
68
34
57
36
50
49
26
130
1
29
39
47
31
47
42
61
25
32
24
32
57
43
13
4
33
43
56
32
138
27
33
40
36
50
54
63
27
63
31
54
46
62
60
61
10
36
48
83
45
132
62
33
56
32
50
47
57
7
22
42
41
65
31
96
13
37
45
53
42
93
58
34
75
35
67
49
75
23
9
66
36
107
7
109
11
41
53
64
51
58
22
36
40
44
55
63
83
54
19
59
58
64
32
61
10
37
52
84
10
83
2
21
31
37
32
49
55
65
13
13
27
31
46
40
41
6
8
34
46
69
32
86
56
32
60
41
62
66
74
13
38
14
42
67
65
51
37
12
42
56
67
46
51
38
36
44
39
54
60
72
10
38
63
30
38
46
50
51
13
38
51
68
15
47
17
33
63
37
65
63
67
8
14
19
15
45
58
47
31
8
38
54
66
41
51
47
46
63
49
59
68
67
27
38
68
58
33
34
8
40
56
58
17
46
27
37
35
39
41
57
60
31
21
50
52
37
24
12
8
32
45
59
12
49
44
28
39
32
51
54
62
32
35
53
43
40
60
64
53
17
39
49
82
61
78
53
38
67
42
63
68
65
18
32
41
42
63
65
88
61
15
43
56
71
41
74
5
51
29
43
43
57
53
59
66
63
74
27
70
2
28
43
60
19
38
41
30
51
29
57
49
75
13
24
58
50
19
87
6
77
15
37
49
78
35
65
16
25
53
39
42
49
60
68
9
4
57
44
30
3
32
46
44
30
4
12
50
45
33
29
30
42
36
27
17
50
40
23
26
19
9
29
34
48
21
15
1
13
73
81
30
74
68
89
77
63
39
89
59
98
66
99
30
48
60
104
75
67
1
22
46
30
33
41
46
56
13
45
49
58
20
46
2
25
37
59
21
20
72
34
74
36
63
59
72
32
33
111
62
41
73
62
66
24
47
56
86
79
64
19
25
43
35
58
69
83
61
93
25
66
66
80
77
59
18
39
54
90
41
55
22
19
36
32
20
35
35
49
25
13
45
27
49
16
35
8
26
32
63
56
42
11
67
30
77
30
62
47
58
6
28
43
48
69
35
50
20
41
49
75
24
52
31
12
13
41
43
34
51
51
62
38
62
56
77
29
66
10
32
43
75
34
34
23
109
25
103
33
79
66
90
45
12
95
65
54
98
69
69
31
53
61
96
61
48
9
36
11
5
38
30
32
44
60
76
24
104
12
85
68
77
57
62
9
30
41
107
34
39
6
59
14
3
57
30
32
40
50
64
76
56
78
41
72
43
69
5
27
37
80
40
48
17
52
100
40
84
34
65
57
73
8
20
34
53
55
82
54
73
23
44
51
72
27
2
42
35
16
18
30
7
50
28
59
69
96
54
87
68
94
71
93
87
81
20
37
49
105
87
69
47
4
37
45
62
34
55
57
63
36
49
60
52
55
63
74
35
12
37
46
93
59
54
43
17
73
45
47
34
44
54
68
34
10
72
61
78
50
42
12
34
41
67
41
24
33
72
34
74
36
63
59
72
32
33
111
62
41
73
62
66
24
47
56
86
79
64
19
25
43
35
58
69
83
61
93
25
66
66
80
77
59
18
39
54
90
41
55
22
19
36
32
20
35
35
49
25
13
45
27
49
16
35
8
26
32
63
56
42
11
67
30
77
30
62
47
58
6
28
43
48
69
35
50
20
41
49
75
24
52
31
12
13
41
43
34
51
51
62
38
62
56
77
29
66
10
32
43
75
34
34
23
109
25
103
33
79
66
90
45
12
95
65
54
98
69
69
31
53
61
96
61
48
9
36
11
5
38
30
32
44
60
76
24
104
12
85
68
77
57
62
9
30
41
107
34
39
6
59
14
3
57
30
32
40
50
64
76
56
78
41
72
43
69
5
27
37
80
40
48
17
52
100
40
84
34
65
57
73
8
20
34
53
55
82
54
73
23
44
51
72
27
2
42
35
16
18
30
7
50
28
59
69
96
54
87
68
94
71
93
87
81
20
37
49
105
87
69
47
4
37
45
62
34
55
57
63
36
49
60
52
55
63
74
35
12
37
46
93
59
54
43
17
73
45
47
34
44
54
68
34
10
72
61
78
50
42
12
34
41
67
41
24
33
6
41
27
54
16
51
37
60
52
38
75
28
106
32
135
14
40
40
56
22
119
71
27
65
21
54
43
62
7
47
49
81
41
93
18
44
42
40
27
90
6
22
36
30
19
31
33
17
41
29
5
37
16
33
7
12
32
28
31
31
43
4
52
13
68
16
52
33
39
42
38
34
28
41
27
22
25
43
39
60
75
57
24
43
16
43
14
36
39
48
29
67
1
64
41
28
46
27
39
34
72
35
81
6
46
7
36
4
36
33
41
10
70
43
43
25
34
43
31
36
29
76
38
59
55
42
58
22
39
31
25
15
23
49
30
5
2
22
38
31
21
18
9
43
18
