12
2
10
14
3
9
8
12
9
2
21
5
7
8
8
17
11
15
6
2
4
9
10
13
2
8
9
11
6
18
5
4
7
8
16
10
9
7
10
1
3
7
10
3
9
9
12
2
1
15
1
8
7
8
8
14
10
7
17
13
4
9
4
6
7
11
13
16
1
2
12
7
9
12
10
6
13
12
7
25
7
6
13
3
6
9
12
20
19
3
5
14
11
15
13
5
13
13
8
33
3
10
2
7
9
12
20
19
2
3
14
13
14
12
2
12
14
12
32
3
12
1
6
8
11
18
18
1
2
10
16
13
16
12
10
13
11
48
8
5
9
11
19
17
6
14
19
11
18
11
10
13
8
57
3
5
8
9
18
15
9
1
17
10
13
8
12
12
5
48
4
7
3
5
6
6
16
12
8
21
14
9
14
8
3
13
10
8
63
4
2
9
2
3
7
4
15
9
1
9
17
16
6
16
10
2
11
8
9
75
24
4
10
4
10
7
21
14
1
7
9
22
8
21
12
1
10
11
10
89
25
12
4
13
6
12
3
12
19
15
9
6
28
17
10
29
16
4
10
10
15
187
18
17
5
11
6
13
3
13
22
18
10
7
21
18
13
32
17
2
10
12
17
193
9
6
3
12
2
13
22
20
8
4
15
13
12
28
15
8
12
16
189
8
8
3
11
1
13
19
19
8
18
10
9
23
12
7
12
16
177
12
21
4
8
2
10
4
13
21
21
4
16
13
9
24
10
8
11
11
172
4
35
7
10
3
9
5
12
21
20
6
7
9
13
9
26
12
2
9
11
15
167
8
13
1
5
8
5
10
20
18
10
5
15
13
10
25
15
4
9
11
19
156
1
10
13
3
3
6
5
9
14
17
5
1
24
5
10
17
11
4
7
10
13
3
137
2
21
16
14
6
3
4
7
8
10
16
3
6
16
4
9
16
10
5
8
10
15
3
120
4
30
12
12
4
1
5
9
9
13
14
5
7
4
7
9
17
12
3
9
11
13
2
113
2
10
9
5
8
8
6
11
4
3
13
10
6
9
1
8
11
12
87
9
6
6
3
8
6
6
9
1
12
8
4
6
6
10
8
61
17
3
9
4
6
6
4
8
4
5
3
3
7
9
5
56
17
40
3
7
5
5
7
4
8
1
17
7
4
3
8
10
6
44
8
6
4
1
5
6
7
11
10
2
14
6
9
9
7
7
10
6
40
9
7
8
2
3
7
6
13
12
6
13
10
6
13
7
7
9
6
28
22
10
9
2
2
9
6
16
12
1
9
17
14
5
15
8
1
7
9
12
20
22
12
10
3
2
3
4
11
7
20
16
6
9
16
16
8
16
12
2
9
10
15
21
9
10
4
2
4
3
10
6
19
15
6
10
13
16
6
15
12
3
9
10
16
1
16
4
6
14
5
4
9
5
18
12
8
9
10
15
2
14
11
1
8
9
17
1
8
13
9
19
1
9
4
9
4
18
12
11
10
6
19
2
19
12
2
9
9
20
1
1
14
16
29
5
17
7
9
1
17
8
17
11
18
2
20
13
9
13
8
27
4
5
16
26
6
19
9
10
17
6
21
11
26
18
3
20
16
13
16
7
31
7
10
23
26
10
17
5
12
20
5
19
15
37
21
4
23
20
15
15
7
32
15
6
23
28
11
15
5
15
22
6
19
17
18
23
5
25
21
13
13
9
31
14
11
25
25
12
16
8
16
2
25
8
21
19
18
25
8
27
23
14
14
9
37
14
12
22
28
14
18
9
15
1
22
5
1
22
18
24
22
10
24
25
15
15
9
37
18
7
18
19
10
13
8
11
1
14
4
15
10
28
9
10
12
21
11
13
7
27
14
16
15
7
10
7
8
10
11
5
28
5
8
9
15
6
11
5
24
5
12
14
4
10
9
5
1
7
12
17
2
6
6
12
4
12
4
22
5
7
13
8
8
4
3
8
8
21
2
7
5
12
2
10
5
18
8
3
10
3
6
5
2
11
4
21
6
6
7
12
8
6
15
11
3
6
1
6
4
4
10
3
2
12
3
5
4
10
5
7
14
9
4
7
5
6
7
14
9
1
9
8
5
9
10
5
9
11
8
8
6
6
8
12
12
4
4
5
6
6
11
7
6
8
4
5
7
9
12
1
3
2
5
12
6
6
6
10
13
8
1
1
2
12
1
7
8
13
18
8
2
2
3
5
14
9
7
8
11
17
1
1
3
2
2
14
3
3
2
6
6
8
13
3
3
13
5
9
2
5
6
6
11
14
2
12
3
2
5
10
2
5
5
3
8
2
11
6
6
11
1
7
4
5
8
4
11
1
7
8
8
3
8
6
2
5
10
9
6
5
5
3
15
1
4
8
10
7
6
6
3
9
2
5
8
8
9
7
6
5
2
2
6
8
8
9
7
11
5
1
3
7
3
5
9
1
10
5
7
13
6
2
7
5
5
9
1
12
12
1
3
5
5
2
7
7
5
12
14
3
3
9
5
1
5
6
3
10
7
4
1
14
14
2
6
2
13
9
1
7
7
2
8
13
6
3
22
22
10
13
5
1
2
11
10
9
7
16
8
3
12
9
14
15
6
14
9
2
29
30
16
21
11
1
6
14
13
20
11
22
13
9
20
17
20
17
6
24
16
4
2
33
34
19
27
18
10
15
13
1
25
10
23
14
13
21
19
23
19
5
28
17
10
11
35
36
21
30
22
11
13
10
3
27
15
31
15
15
22
21
25
21
6
28
21
14
32
38
16
29
23
2
9
15
9
29
14
34
16
16
18
22
24
18
6
30
19
10
28
34
14
25
17
6
4
15
5
26
17
32
19
11
20
18
19
16
4
26
15
10
1
28
27
13
19
11
10
1
18
3
20
20
28
22
4
21
13
16
15
4
20
11
13
30
24
27
11
14
7
12
19
2
13
17
16
21
16
7
14
14
6
18
5
4
17
23
8
10
3
11
14
1
10
14
9
16
10
1
12
13
6
14
4
17
20
5
7
1
10
13
1
7
9
8
12
5
9
10
5
11
2
7
19
19
4
5
2
9
13
4
1
6
4
10
3
8
8
7
6
1
40
12
15
5
2
9
1
12
5
2
6
6
9
8
8
12
4
2
7
1
11
5
3
4
8
9
6
11
1
4
5
3
1
5
8
5
6
1
2
4
4
8
18
4
8
1
2
3
4
5
8
8
2
6
7
3
6
1
11
5
5
2
8
1
5
5
36
3
1
5
5
27
3
6
5
3
5
5
3
3
3
1
5
4
43
7
5
5
7
2
6
5
51
10
7
9
3
4
7
5
2
9
7
7
12
6
6
6
3
4
6
9
6
6
31
3
5
2
8
6
42
1
4
1
10
5
3
7
4
11
5
3
4
5
2
4
9
5
3
15
6
1
4
1
3
6
7
12
1
4
10
6
7
28
5
12
1
5
9
2
8
9
10
4
2
1
5
7
5
7
5
13
6
11
9
18
3
9
11
1
9
10
11
9
3
19
5
13
5
14
9
15
5
17
17
24
9
15
14
12
8
14
17
6
43
4
20
6
22
14
16
4
23
2
18
25
11
18
19
2
14
14
16
19
10
34
11
22
15
25
15
18
4
26
27
16
25
11
23
24
5
17
20
20
26
14
45
17
27
23
34
17
19
7
34
23
29
13
26
24
7
17
25
21
28
16
31
21
28
25
38
20
19
8
39
5
17
30
11
24
21
9
14
27
19
28
19
22
25
25
30
37
17
16
8
41
3
14
25
9
20
18
13
11
30
17
27
19
46
29
21
29
33
14
13
9
39
11
13
23
6
14
10
15
7
31
16
20
18
34
29
16
27
28
11
12
10
33
6
18
11
6
14
4
27
14
17
14
24
24
11
21
21
7
10
10
28
4
10
3
1
13
3
24
13
6
9
20
20
8
17
16
2
6
10
18
7
12
5
17
12
1
6
12
14
7
13
14
3
11
15
4
7
1
11
8
12
14
4
9
7
7
6
11
3
13
15
3
10
10
12
16
7
8
5
10
1
14
5
3
7
11
9
15
3
2
10
5
13
2
1
6
11
6
15
10
11
4
12
1
19
2
5
12
3
16
3
10
3
1
11
18
4
5
11
5
16
4
10
3
2
12
1
5
9
7
14
7
8
2
3
10
4
5
7
10
3
4
3
8
1
1
3
2
7
7
6
5
6
2
10
1
5
3
6
8
4
4
3
8
2
5
4
3
4
1
7
8
6
5
4
6
9
2
7
1
10
11
35
3
10
3
1
7
12
5
8
4
14
16
2
9
7
1
12
5
7
6
7
7
12
1
5
12
9
4
10
9
2
14
11
6
9
14
5
8
5
19
14
5
6
17
5
20
13
7
10
11
25
1
5
3
9
9
19
18
2
3
16
15
12
18
15
7
12
16
3
12
2
5
9
11
22
20
7
17
14
16
14
19
2
8
12
21
10
3
7
9
13
24
22
8
17
15
19
15
22
1
8
11
21
2
14
6
10
9
14
20
21
12
5
22
17
20
17
24
2
8
10
25
36
5
18
2
9
12
11
17
27
25
18
13
30
24
23
25
30
6
10
12
32
23
7
23
4
13
16
13
18
30
27
22
16
28
25
27
25
31
8
11
12
38
10
23
3
12
17
12
17
30
26
22
20
19
26
24
24
30
7
9
11
37
5
10
18
5
10
14
15
17
34
26
2
20
26
33
31
22
30
30
5
8
12
38
46
9
6
3
9
12
15
16
33
25
15
20
22
28
20
25
27
6
9
13
30
30
4
6
6
10
14
13
32
24
11
16
16
27
18
22
23
4
8
13
25
2
11
3
14
10
28
22
6
20
29
23
14
19
18
4
13
22
3
15
10
26
21
8
9
20
12
14
14
1
14
16
56
15
11
19
20
5
5
13
11
8
12
1
15
12
64
15
12
17
20
1
7
11
8
1
17
9
14
15
13
17
19
5
12
9
17
11
14
11
14
18
9
5
12
9
16
5
39
13
12
13
18
8
2
10
7
1
15
4
54
4
11
13
10
18
10
6
3
15
8
15
6
8
10
9
14
4
11
7
4
12
9
2
7
5
6
8
6
10
6
30
9
9
4
10
20
49
1
11
2
6
6
7
7
10
10
22
6
11
1
6
10
23
72
6
13
7
7
4
3
7
7
12
16
2
3
12
6
9
7
26
26
7
9
9
7
2
5
2
14
1
1
2
9
8
10
5
28
5
13
9
8
2
4
11
4
18
5
5
4
7
8
5
20
80
30
4
18
2
7
3
4
9
1
4
7
18
9
13
6
8
5
13
271
52
3
12
4
5
9
6
9
18
5
10
5
526
19
2
9
15
7
13
27
3
9
7
804
12
20
3
7
16
32
7
9
913
8
13
20
6
1
13
25
4
10
803
56
15
23
11
12
21
5
12
625
3
22
14
22
14
10
14
7
13
457
34
12
5
20
16
9
9
6
12
282
50
1
11
9
21
20
9
2
7
6
12
5
65
53
26
4
8
11
15
24
26
7
14
13
8
14
2
8
14
16
62
14
10
3
12
12
20
27
30
9
4
17
19
25
14
30
4
8
15
27
68
4
14
6
14
11
23
27
30
18
3
37
21
32
15
36
5
7
14
37
58
4
12
5
15
11
24
22
28
19
4
30
20
34
17
37
3
6
14
39
43
14
6
13
5
17
12
26
22
29
19
10
33
20
34
17
37
4
6
14
39
28
15
8
18
9
16
13
24
27
28
23
14
46
25
33
22
37
8
9
15
42
1
14
22
3
10
12
14
20
28
26
24
17
39
26
31
25
36
11
8
14
43
5
12
18
4
8
10
13
16
28
24
1
18
19
19
25
26
24
29
10
7
12
35
10
9
9
12
2
6
8
13
12
25
21
14
16
9
22
18
20
24
8
9
12
29
16
9
12
5
4
13
9
21
17
13
11
24
18
12
12
18
6
9
12
29
8
1
14
7
21
17
7
5
11
13
12
7
14
1
5
14
21
3
15
9
19
16
2
1
11
9
7
13
2
15
19
5
5
1
13
9
13
13
1
10
3
8
9
1
14
19
10
29
10
8
7
10
10
7
7
3
12
13
2
2
8
7
5
8
1
12
6
6
4
11
14
1
2
5
7
5
2
14
6
7
3
9
17
11
2
3
6
2
2
3
5
4
9
16
3
17
2
2
4
6
1
2
2
3
7
8
13
1
1
4
3
1
3
9
6
11
3
1
4
4
1
2
4
9
4
14
1
1
3
3
8
2
2
10
9
6
4
10
9
4
14
33
3
7
2
4
3
6
4
15
8
2
13
16
18
10
13
16
5
12
5
18
14
7
13
5
7
6
9
6
25
14
10
20
28
27
14
21
25
9
13
8
28
11
17
7
9
6
12
6
29
17
3
16
27
26
31
16
26
29
9
12
10
32
2
12
14
9
6
5
14
4
28
15
6
13
25
15
31
12
27
26
9
10
10
28
3
32
15
18
9
6
3
13
1
20
12
2
11
13
14
22
5
19
20
10
11
9
26
23
12
16
4
4
11
12
10
7
9
9
8
3
11
9
12
8
17
7
8
9
9
3
1
3
5
10
7
7
4
2
1
6
3
1
8
6
53
3
9
5
49
1
3
3
1
7
6
11
4
1
7
4
8
8
6
1
11
12
3
5
15
4
11
6
7
10
11
3
61
6
13
5
9
2
5
9
10
6
52
7
19
8
10
6
11
9
10
2
19
4
10
10
9
5
9
22
7
10
9
15
20
19
8
23
11
13
8
10
10
9
12
11
13
15
3
10
13
19
26
24
4
5
22
21
20
17
17
7
6
15
5
36
9
12
1
9
16
22
29
28
2
5
19
31
24
23
22
6
7
16
7
3
55
9
14
3
10
16
21
34
28
4
10
12
34
23
22
20
7
8
17
9
6
12
17
5
11
14
19
30
24
7
14
20
32
21
20
18
7
8
16
9
8
8
15
2
9
12
16
23
19
3
10
23
25
16
15
15
4
6
14
5
3
3
9
14
1
7
11
13
17
15
7
18
12
9
10
3
5
14
5
33
12
15
3
7
11
9
14
11
1
7
2
15
8
7
8
6
8
13
12
15
19
7
7
9
4
10
7
3
8
7
10
3
4
6
10
10
11
9
19
23
3
10
9
7
1
6
6
1
3
13
10
8
14
19
22
5
9
6
4
1
1
1
12
13
10
6
8
24
22
23
5
8
2
4
2
3
13
10
8
11
14
16
3
1
6
3
8
9
9
9
20
12
20
2
7
4
8
2
9
7
8
22
13
21
28
1
5
7
5
2
10
7
7
31
11
23
14
18
10
9
7
6
4
4
7
1
5
6
9
46
5
15
13
20
1
12
11
14
10
2
7
11
4
5
4
6
10
50
16
28
5
3
11
10
15
9
3
7
9
11
5
4
5
5
10
59
19
27
6
5
12
12
20
13
6
3
12
14
15
11
10
5
5
11
69
2
25
32
10
8
14
13
24
16
11
7
7
19
16
18
12
8
7
12
91
26
31
12
13
12
14
24
17
10
5
5
17
18
17
14
10
9
11
3
104
31
35
6
15
15
8
11
20
14
17
8
24
16
17
18
17
14
10
9
7
9
106
35
41
10
19
13
5
5
13
8
20
10
25
11
10
19
17
18
12
5
10
10
125
22
23
5
8
2
4
2
3
13
10
8
11
14
16
3
1
6
3
8
9
9
9
20
12
20
2
7
4
8
2
9
7
8
22
13
21
28
1
5
7
5
2
10
7
7
31
11
23
14
18
10
9
7
6
4
4
7
1
5
6
9
46
5
15
13
20
1
12
11
14
10
2
7
11
4
5
4
6
10
50
16
28
5
3
11
10
15
9
3
7
9
11
5
4
5
5
10
59
19
27
6
5
12
12
20
13
6
3
12
14
15
11
10
5
5
11
69
2
25
32
10
8
14
13
24
16
11
7
7
19
16
18
12
8
7
12
91
26
31
12
13
12
14
24
17
10
5
5
17
18
17
14
10
9
11
3
104
31
35
6
15
15
8
11
20
14
17
8
24
16
17
18
17
14
10
9
7
9
106
35
41
10
19
13
5
5
13
8
20
10
25
11
10
19
17
18
12
5
10
10
125
19
28
8
3
6
4
6
4
1
5
4
5
1
10
8
4
136
3
21
30
12
5
8
5
10
7
7
2
5
11
9
11
5
13
10
5
128
5
23
31
1
12
3
10
5
16
11
9
4
20
15
14
11
7
14
11
6
119
27
35
2
11
2
11
4
20
12
12
14
18
14
13
10
15
9
6
2
108
5
23
33
10
2
12
5
22
13
12
2
13
20
11
15
8
11
7
7
7
102
15
13
16
25
4
12
6
22
13
3
5
4
18
8
12
3
8
7
8
82
15
1
18
24
5
9
3
11
7
6
3
1
11
8
7
52
14
15
23
3
5
4
10
7
5
38
9
12
18
1
5
5
8
6
5
28
6
11
14
16
1
6
1
10
7
5
19
9
8
8
14
6
8
7
6
6
9
9
15
4
5
6
5
21
5
11
4
1
4
4
30
11
5
14
5
1
5
5
28
37
12
18
6
6
7
4
21
15
17
7
8
7
4
22
19
20
1
7
3
9
6
4
24
31
22
25
2
6
2
7
6
3
6
2
12
7
4
6
24
41
25
33
5
13
6
8
3
10
6
13
1
14
2
7
6
10
15
10
4
14
11
27
39
6
18
8
8
5
11
8
22
4
28
4
13
7
17
17
10
4
22
1
26
38
8
18
8
8
3
11
7
23
6
20
5
11
8
16
18
10
3
23
5
7
9
28
33
11
17
9
6
2
9
3
1
17
2
7
3
5
8
10
18
12
2
16
5
12
41
25
33
9
17
10
4
4
1
18
19
1
3
5
9
19
13
1
16
11
13
23
32
6
15
6
2
3
16
8
24
1
2
4
16
11
1
15
12
22
27
5
10
1
2
5
7
7
6
4
3
12
8
1
8
17
36
18
24
5
6
2
3
7
2
3
4
10
7
4
24
91
18
21
4
5
1
2
7
1
10
8
2
22
76
13
14
2
4
3
4
4
9
7
2
18
29
8
11
5
6
4
7
5
4
3
19
35
6
13
5
1
5
3
1
5
16
72
1
10
8
5
8
1
1
2
7
4
47
1
10
9
7
10
4
1
6
2
8
2
9
1
9
10
11
10
11
1
14
4
9
7
1
9
2
11
13
15
14
10
5
16
8
11
4
35
13
5
12
16
16
16
1
6
17
9
12
4
6
36
5
15
1
7
11
16
14
18
5
18
1
20
13
2
2
