55
49
361
87
55
34
8
18
90
29
61
50
62
41
22
3
6
21
57
372
76
90
26
46
49
101
46
8
6
1
85
79
25
14
5
13
27
345
57
71
16
47
28
74
19
71
67
28
26
34
326
52
41
54
17
26
33
59
45
53
338
72
64
15
8
69
41
41
73
22
17
5
24
61
10
376
75
79
23
44
43
106
45
2
3
1
80
82
11
17
15
7
18
48
367
49
82
10
32
37
98
41
1
79
68
24
41
40
343
59
60
9
19
74
38
33
21
27
67
47
67
344
59
47
2
18
75
21
26
32
88
14
14
2
13
62
4
372
77
81
58
39
18
104
50
78
78
27
32
22
17
17
30
61
378
50
75
31
35
108
52
3
6
69
68
29
3
42
27
357
50
77
34
18
88
26
53
32
33
36
48
25
44
332
73
59
37
9
69
2
33
30
27
79
48
52
49
358
83
59
3
29
24
93
27
38
52
19
92
19
23
18
25
48
363
80
75
33
52
47
100
48
70
94
12
19
14
3
12
36
360
70
62
25
40
41
95
43
59
74
8
45
43
36
351
75
49
6
18
4
86
21
25
39
21
62
67
54
49
349
79
52
18
12
86
24
21
44
27
91
2
20
11
18
45
2
364
78
76
22
60
43
102
54
60
90
12
19
2
19
13
20
35
361
72
76
27
47
40
99
44
63
75
14
26
44
27
351
77
49
12
15
15
87
8
23
31
24
47
64
38
53
335
57
56
21
17
72
32
25
25
87
13
4
16
59
16
369
75
72
8
48
50
108
46
54
70
9
24
12
24
4
1
5
58
382
81
72
83
59
34
119
60
7
2
64
98
23
9
37
10
343
52
56
15
3
80
8
24
40
22
81
52
50
352
75
47
20
6
91
6
14
23
24
57
7
1
71
19
378
75
72
22
58
34
117
50
53
70
14
22
14
3
11
26
68
382
51
74
17
62
54
120
65
5
1
59
71
50
12
358
58
58
18
33
24
97
24
38
35
4
76
47
53
340
52
33
12
5
79
7
20
21
62
23
6
78
41
372
69
50
11
10
41
111
34
33
54
13
32
20
10
33
69
3
389
77
79
24
56
73
129
65
1
4
4
74
69
43
7
3
2
14
22
5
340
53
59
55
35
79
15
44
37
29
75
47
48
331
71
53
23
70
10
39
39
77
21
50
42
345
79
54
17
18
32
87
19
29
68
17
81
22
27
37
45
350
68
53
19
24
55
91
31
44
76
5
10
9
39
345
73
47
41
11
43
85
21
32
54
14
39
22
47
315
75
29
18
56
1
34
13
42
36
40
48
330
81
47
13
2
28
73
20
51
11
59
21
13
24
46
1
354
83
81
42
38
61
97
42
61
83
41
10
4
14
9
19
33
339
71
63
30
23
51
81
23
35
72
4
18
27
22
40
322
77
44
10
7
21
66
24
38
32
65
56
36
52
321
82
51
23
65
10
42
24
107
17
20
32
39
14
348
77
56
10
49
70
92
40
44
73
27
14
24
18
10
30
27
354
84
86
41
62
72
99
42
65
86
17
35
42
25
332
76
58
56
4
15
75
4
8
51
36
40
67
40
65
332
78
32
13
37
76
10
36
36
44
88
16
11
22
44
10
349
90
74
41
63
49
96
37
59
78
64
21
21
27
1
10
16
40
354
85
79
65
76
55
99
51
3
2
70
103
14
27
2
32
16
331
72
56
12
24
75
6
34
56
38
45
93
46
46
332
80
83
1
41
9
78
11
35
35
26
105
9
2
8
54
18
353
80
112
21
46
45
99
42
69
71
21
58
26
5
23
25
55
362
67
84
36
63
46
109
48
3
56
92
12
5
55
8
355
56
48
46
28
101
38
34
36
12
85
48
61
337
67
48
11
25
82
18
18
23
15
85
7
6
35
73
27
370
96
83
85
81
33
117
62
53
76
63
21
18
14
20
78
390
75
99
44
82
55
137
90
8
4
75
70
2
4
48
5
357
61
57
13
14
44
103
34
48
44
93
62
48
350
68
61
3
20
11
97
16
21
61
32
2
50
41
339
73
59
58
39
87
31
34
44
50
22
16
25
65
367
83
79
51
31
61
116
56
45
82
1
7
66
377
69
66
36
42
50
126
46
35
69
66
47
45
321
56
20
18
68
19
4
55
64
63
49
346
78
83
6
4
32
95
4
14
38
3
67
16
14
34
65
11
369
71
62
9
42
78
118
58
55
77
10
11
24
51
348
60
36
41
40
51
96
45
20
58
50
48
28
343
61
49
18
4
93
4
26
27
81
66
56
345
73
42
5
36
94
4
9
30
2
66
16
5
20
66
9
347
82
70
56
43
65
96
37
36
72
16
16
22
48
343
62
48
16
8
47
93
30
23
66
31
44
9
326
57
35
11
2
74
31
14
79
49
44
311
65
32
15
60
16
57
10
9
16
60
7
346
67
48
16
1
47
98
12
12
52
83
19
15
22
40
334
63
49
27
24
47
85
13
21
64
294
36
18
314
66
25
39
65
26
420
2
74
34
48
302
68
16
11
16
53
18
561
65
7
1
5
53
6
322
79
36
58
30
73
59
615
30
22
19
29
36
338
72
53
23
20
61
90
19
37
83
533
28
310
60
31
19
24
60
2
48
330
1
85
43
45
312
63
43
8
64
20
101
24
66
1
5
12
40
23
325
63
43
32
79
38
28
34
23
11
18
59
346
76
45
68
62
98
19
5
2
18
70
2
3
3
28
310
62
79
21
9
38
63
20
47
4
57
21
44
295
66
34
16
48
27
20
75
24
40
33
311
69
25
8
34
64
49
5
72
23
18
30
47
337
76
66
50
52
91
23
35
83
9
10
34
324
79
47
33
16
49
79
4
19
71
36
9
42
281
54
37
21
34
14
3
38
41
40
50
310
75
40
8
39
64
33
6
61
22
14
21
45
328
73
68
74
19
40
84
18
38
77
4
14
7
18
32
313
59
53
11
45
67
20
59
9
34
27
26
287
50
30
7
41
12
20
22
42
18
38
296
59
53
7
53
24
10
57
13
8
43
321
72
71
33
11
54
77
14
48
76
12
5
12
26
296
47
63
17
3
34
52
43
61
20
17
6
283
39
67
39
22
11
77
30
31
279
49
50
35
3
22
16
63
8
7
32
296
51
62
20
53
26
53
2
26
15
9
2
9
35
307
35
91
23
64
8
45
57
16
269
31
47
25
2
25
1
14
84
31
23
271
31
54
28
6
55
1
40
293
28
67
2
9
51
30
36
1
22
1
7
6
27
289
30
61
30
47
10
2
41
60
7
34
282
25
55
39
9
23
5
83
31
15
273
28
55
32
5
2
72
1
2
13
32
277
47
86
4
3
34
41
53
49
1
9
21
24
8
41
301
41
101
17
27
60
22
9
64
77
10
33
292
13
92
50
42
32
79
28
14
267
35
75
25
28
28
3
44
39
7
283
40
88
43
29
35
27
8
17
24
3
15
43
298
29
110
10
18
57
18
7
70
77
6
1
1
13
1
33
285
9
95
45
3
52
41
67
29
23
271
21
58
31
11
1
38
61
37
13
271
31
80
31
41
20
61
10
14
14
9
41
287
26
99
4
47
15
4
75
59
6
3
12
27
283
15
76
12
43
1
52
35
37
11
251
4
67
12
16
10
4
81
35
25
273
36
99
9
35
50
27
65
11
11
21
4
61
307
31
114
20
68
15
79
57
5
4
12
10
8
16
25
290
8
101
4
36
52
8
76
46
1
9
4
5
271
41
105
10
33
69
27
6
90
40
17
283
38
88
45
34
16
34
11
12
11
43
1
309
39
105
20
37
74
7
74
59
7
24
18
23
18
41
319
34
120
5
17
26
82
16
17
118
76
10
9
31
288
23
114
7
50
78
32
22
89
38
35
292
30
95
55
43
6
21
39
8
12
44
308
22
118
10
74
76
25
11
33
19
37
15
46
318
38
149
6
44
34
82
20
21
5
113
67
24
8
52
307
29
115
1
69
1
79
36
86
38
28
292
31
88
56
59
16
3
29
5
1
15
36
57
14
319
53
112
46
18
85
11
3
89
53
11
15
25
22
31
7
21
54
335
33
134
3
57
34
101
33
22
3
119
58
85
3
5
13
29
300
31
115
3
13
64
2
3
104
36
14
6
92
41
27
281
28
110
46
58
8
9
6
46
42
5
293
40
115
12
60
77
35
3
25
37
25
26
3
10
40
312
40
132
17
35
13
79
17
23
3
122
79
50
10
27
9
32
1
48
315
36
140
26
22
81
15
131
48
11
7
66
26
9
274
29
117
39
84
10
15
77
51
14
295
34
127
62
91
23
10
20
38
18
32
4
15
44
309
33
154
38
17
77
7
22
1
130
63
6
22
30
16
27
27
301
33
136
8
10
15
69
17
127
66
43
16
62
41
1
302
32
120
71
88
21
6
10
67
22
17
285
30
128
39
54
86
20
12
3
43
26
44
15
40
2
49
294
37
159
24
23
60
9
25
4
139
67
45
6
18
27
18
27
7
11
30
287
11
132
12
19
55
17
121
59
21
11
3
14
26
24
282
27
119
50
92
29
24
8
21
89
35
8
283
43
147
24
53
103
27
18
38
17
45
9
34
51
318
27
158
42
7
89
3
19
133
52
36
55
18
42
6
39
295
29
160
36
14
62
18
29
7
161
74
18
4
25
7
26
293
14
146
64
1
99
27
17
101
45
11
287
20
140
55
91
1
23
47
17
25
4
22
2
46
291
28
140
30
61
9
129
46
11
13
53
65
23
45
9
47
337
25
174
3
56
25
110
35
31
7
157
79
20
33
32
51
317
24
142
12
2
87
16
11
138
50
7
20
100
48
16
300
20
147
24
72
115
17
60
18
37
3
29
24
42
5
308
27
175
86
15
82
25
10
150
41
26
58
75
27
59
2
71
362
34
195
22
68
136
60
39
12
185
83
34
60
7
50
51
335
26
194
65
107
45
23
170
69
4
20
89
42
19
295
21
158
40
66
16
136
29
32
17
33
31
37
74
75
9
349
40
177
52
123
33
12
155
47
36
6
5
62
77
28
49
2
10
72
356
37
185
70
32
129
64
33
8
179
76
135
43
49
19
43
48
345
30
180
71
5
120
49
20
158
65
7
15
29
78
43
16
323
20
177
69
96
16
160
27
23
37
32
89
73
27
338
38
178
75
112
46
6
174
39
7
33
58
66
21
47
14
74
368
33
190
87
23
143
81
31
7
182
79
42
61
14
49
10
64
353
15
186
66
29
127
63
25
4
179
66
6
3
21
31
72
58
8
330
25
180
19
103
18
126
13
9
12
27
28
85
49
22
325
40
178
77
101
36
5
156
32
36
52
54
11
47
10
70
352
8
184
103
22
128
72
30
5
185
76
43
45
13
47
8
64
352
180
57
5
127
56
27
6
168
51
1
17
36
49
48
316
11
170
51
91
23
6
146
36
9
32
115
66
24
315
11
161
41
90
15
2
137
2
3
38
22
32
1
40
66
341
174
69
117
50
23
3
179
19
47
64
12
59
8
72
365
5
193
76
13
142
55
34
17
9
192
48
9
30
44
29
50
309
3
179
44
83
14
11
160
18
2
28
106
47
21
285
174
41
62
146
48
26
34
43
36
81
348
13
184
70
7
126
43
21
2
182
27
19
49
44
14
60
9
74
343
3
199
80
24
120
56
37
15
9
188
57
9
30
53
27
73
335
185
49
111
19
15
163
25
2
2
1
27
118
65
23
316
171
54
92
10
172
10
82
10
28
51
63
76
327
3
206
75
106
43
18
187
22
56
49
85
14
77
8
77
351
12
241
88
13
130
74
45
19
10
229
50
23
47
62
56
325
4
211
108
103
44
26
3
198
25
11
42
110
57
7
307
187
53
85
10
2
161
57
16
47
56
85
75
2
326
15
214
65
104
36
18
196
19
77
48
61
17
73
4
78
342
9
214
104
2
122
65
42
17
5
215
48
11
28
36
7
63
57
329
1
204
66
108
41
29
6
200
33
20
5
4
36
85
40
294
182
47
73
1
1
158
1
11
63
10
25
45
93
60
310
6
200
61
90
19
12
176
12
60
52
69
18
71
66
317
19
234
92
20
96
67
41
12
228
59
44
55
16
72
52
318
229
85
99
42
35
6
212
43
25
49
76
48
306
189
61
86
16
8
154
43
9
23
38
100
55
305
16
193
50
85
20
11
183
14
3
90
54
51
20
57
68
336
19
210
37
117
45
40
5
213
47
67
38
49
55
21
64
37
308
6
210
103
88
59
41
5
202
46
5
14
28
51
48
39
302
17
199
61
83
23
17
180
31
25
5
20
41
100
44
4
298
15
186
30
77
8
162
16
62
49
55
10
57
40
308
20
223
84
90
44
34
206
46
59
53
22
63
48
328
14
210
64
110
48
40
9
197
57
21
25
44
2
20
283
2
186
61
65
26
15
175
19
5
8
9
31
97
36
2
287
12
191
36
70
16
3
163
13
91
23
27
6
44
15
50
312
17
195
58
95
37
23
183
37
5
57
60
49
25
60
53
328
18
208
79
20
112
64
42
10
212
67
18
23
42
40
308
3
188
51
3
90
23
14
179
20
9
23
38
100
55
305
16
193
50
85
20
11
183
14
3
90
54
51
20
57
68
336
19
210
37
117
45
40
5
213
47
67
38
49
55
21
64
37
308
6
210
103
88
59
41
5
202
46
5
14
28
51
48
39
302
17
199
61
83
23
17
180
31
25
5
20
41
100
44
4
298
15
186
30
77
8
162
16
62
49
55
10
57
40
308
20
223
84
90
44
34
206
46
59
53
22
63
48
328
14
210
64
110
48
40
9
197
57
21
25
44
2
20
283
2
186
61
65
26
15
175
19
5
8
9
31
97
36
2
287
12
191
36
70
16
3
163
13
91
23
27
6
44
15
50
312
17
195
58
95
37
23
183
37
5
57
60
49
25
60
53
328
18
208
79
20
112
64
42
10
212
67
18
23
42
40
308
3
188
51
3
90
23
14
179
20
39
67
42
285
192
37
71
2
165
39
26
45
102
54
299
1
211
60
86
12
5
169
28
59
28
44
15
67
69
322
18
220
11
102
109
75
39
10
215
35
7
32
27
18
60
50
309
205
96
4
96
60
34
9
221
41
47
53
52
301
193
56
87
24
7
178
18
7
4
39
107
54
5
296
10
194
76
83
26
5
176
3
17
49
21
29
10
58
54
318
13
222
103
107
68
31
2
222
37
13
16
40
41
20
74
63
327
7
225
97
10
115
76
40
12
223
46
16
10
5
53
22
44
296
206
72
84
28
13
193
1
15
10
37
104
50
13
293
10
202
53
80
24
6
184
13
41
19
13
5
51
26
65
317
20
208
87
2
106
60
26
203
30
17
1
39
28
23
68
2
60
325
12
208
92
16
113
74
42
10
214
49
41
5
1
57
43
297
6
198
64
84
37
23
188
18
10
4
28
91
39
13
281
9
172
41
69
15
155
5
30
14
23
2
49
49
67
3
311
26
205
76
8
100
50
22
193
28
30
13
38
33
24
58
4
66
328
17
202
96
28
117
76
40
9
212
48
34
8
11
5
53
48
306
8
193
62
19
94
47
24
189
23
17
2
42
97
56
15
294
27
205
44
83
25
7
178
3
7
27
1
37
59
61
2
302
22
193
48
92
36
13
171
5
39
36
39
20
54
14
56
315
15
209
103
28
106
67
38
7
208
52
38
27
24
11
50
54
310
8
201
60
8
99
50
31
213
41
21
36
70
44
12
285
16
194
49
74
22
4
167
4
26
37
72
54
19
300
21
186
80
91
33
11
171
8
30
1
34
13
21
57
9
77
329
21
193
62
24
120
67
42
9
195
41
12
22
51
48
293
12
198
65
19
83
66
39
5
195
32
36
49
36
12
285
16
171
63
76
25
3
164
1
11
6
41
111
62
28
287
20
163
54
78
23
1
161
1
22
40
19
6
21
45
69
305
22
195
74
23
96
54
37
3
207
23
21
15
39
54
27
61
5
51
312
30
238
13
77
34
102
53
49
4
223
43
3
18
31
32
45
7
273
10
198
30
7
63
8
14
177
3
24
14
95
55
30
273
3
168
21
65
151
33
33
38
42
7
54
9
82
315
29
218
32
87
12
107
49
35
4
212
44
30
35
40
23
54
9
60
310
19
215
73
36
102
52
39
10
5
225
42
22
38
5
40
279
3
186
51
71
4
12
166
3
36
39
106
53
23
256
7
203
50
47
7
166
37
42
7
6
4
48
24
70
294
13
216
45
16
88
24
30
207
14
20
26
23
24
53
9
58
295
14
195
2
87
23
88
50
46
11
4
211
41
11
2
44
24
256
2
191
64
48
15
23
186
8
4
36
94
41
14
257
197
15
50
3
168
4
53
2
46
42
61
286
10
187
49
7
81
12
23
171
34
29
22
22
67
13
63
296
17
216
90
33
90
52
50
13
7
223
30
13
11
9
63
52
265
11
214
19
37
57
34
39
1
216
20
6
35
83
41
7
266
5
181
35
61
8
163
20
55
54
65
50
1
265
18
201
86
61
18
23
168
13
50
17
17
22
81
75
308
9
223
53
12
103
49
53
15
9
195
20
63
6
2
11
53
32
281
207
96
9
76
35
38
2
224
16
198
32
73
41
4
261
175
32
56
9
171
371
10
27
96
66
17
278
10
177
32
74
5
12
158
568
34
18
65
6
59
294
8
208
83
23
90
54
46
12
10
201
1
684
13
83
60
305
237
60
17
99
43
48
11
7
195
3
609
40
57
51
11
290
188
50
88
27
12
179
413
5
20
50
98
71
31
297
2
190
38
93
33
15
169
289
11
61
1
11
65
5
78
310
212
99
16
107
78
42
9
9
214
158
17
7
14
3
16
74
1
68
332
212
113
31
131
91
49
14
14
223
8
49
25
63
60
73
2
304
1
204
35
99
38
25
171
34
23
49
120
79
37
301
188
47
98
41
15
168
30
81
3
72
12
3
77
310
225
114
26
108
72
42
6
4
221
15
5
27
20
23
23
79
58
315
7
224
41
121
9
114
90
57
15
13
237
25
65
56
12
47
292
195
57
89
44
26
185
3
1
8
43
109
61
30
283
2
198
63
81
21
13
179
13
77
4
62
28
71
306
14
218
77
5
105
57
38
3
1
210
7
42
7
19
66
9
64
304
210
66
13
103
61
49
13
13
213
4
1
53
49
288
194
63
87
37
30
191
15
42
101
55
14
269
192
23
67
11
168
11
79
54
53
76
1
298
8
202
