4999
4869
4869
4870
4870
4999
4869
4870
4869
4779
4999
2278
4869
4869
4870
4999
4999
4870
4999
4869
4869
4949
4944
4866
4999
4866
4866
4866
4866
4999
4866
4866
4887
4781
4998
2190
4866
4866
4866
4999
4997
4866
4999
4865
4866
4942
4938
4857
4999
4857
4857
4857
4857
4999
4857
4858
4971
4769
4999
2139
4857
4857
4858
4999
4999
4857
4999
4856
4857
4936
4931
4852
4999
4852
4852
4852
4852
4999
4852
4853
4997
4765
4999
2069
4852
4852
4853
4999
4999
4853
4999
4852
4852
4929
4925
4845
4999
4850
4845
4845
4845
4999
4845
4846
4998
4759
4999
2009
4845
4845
4846
4999
4999
4845
4999
4844
4845
4922
4918
4839
4999
4911
4839
4839
4839
4999
4838
4839
4999
4751
4999
1927
4839
4839
4839
4999
4999
4839
4999
4838
4839
4916
4912
4832
4999
4999
4833
4833
4833
4999
4832
4837
4999
4747
4999
1869
4833
4833
4833
4999
4999
4833
4999
4832
4833
4909
4905
4826
4999
4994
4826
4826
4826
4999
4825
4890
4999
4739
4999
1826
4826
4826
4826
4999
4999
4826
4999
4825
4826
4903
4899
4820
4999
4999
4820
4820
4820
4999
4819
4993
4999
4735
4999
1770
4820
4820
4820
4999
4999
4820
4999
4819
4820
4896
4892
4813
4999
4999
4813
4813
4813
4999
4812
4994
4999
4776
4999
1701
4813
4813
4813
4999
4999
4813
4999
4812
4813
4890
4886
4807
4999
4999
4807
4807
4807
4999
4806
4999
4999
4908
4999
1636
4807
4807
4807
4999
4999
4807
4999
4806
4807
4883
4879
4800
4999
4999
4800
4800
4800
4999
4800
4999
4999
4993
4999
1613
4801
4800
4801
4999
4999
4801
4999
4800
4800
4877
4873
4936
3591
3491
1545
4936
4937
4937
3589
4936
3731
3415
3879
3516
4937
395
4937
4919
3564
3453
4937
3917
4936
4604
4793
4789
4930
3506
3384
1577
4930
4930
4928
3504
4930
3619
3318
3766
3426
4930
403
4925
4807
3477
3360
4930
3850
4930
4476
4787
4783
4923
3435
3289
1477
4923
4891
4875
3431
4922
3513
3234
3657
3350
4923
377
4855
4650
3403
3280
4923
3793
4923
4339
4781
4777
4891
3352
3185
1464
4894
4742
4714
3349
4899
3403
3144
3545
3268
4913
374
4699
4525
3327
3198
4917
3735
4917
4217
4774
4770
2770
2188
2096
1013
2791
2799
2809
2202
2811
2220
2101
2296
2172
2842
261
2852
2754
2220
2154
2903
2449
2882
2650
3024
3027
73
32
26
20
146
12
108
2
2
111
2
114
118
9
43
56
139
140
207
92
93
89
113
96
96
222
60
60
215
56
56
249
293
3
3
295
10
10
347
354
16
16
390
409
7
7
432
458
476
2
2
501
519
2
2
540
559
1
1
578
597
613
631
647
663
679
694
708
722
736
749
761
774
786
797
808
820
832
842
853
864
873
883
892
900
909
918
926
933
940
947
954
960
966
971
977
983
987
992
997
1002
1006
1010
1014
1018
1022
1026
1029
1032
1035
1039
1041
1044
1047
1049
1052
1054
1056
1058
1060
1062
1064
1066
1067
1069
1070
1072
1073
1074
1075
1076
1077
1078
1078
1079
1080
1081
1082
1082
1082
1083
1083
1083
1083
1084
1084
1084
1084
1084
1083
1083
1083
1083
1083
1083
1083
1083
1082
1082
1082
1081
1080
1080
1080
1079
1079
1078
1077
1076
1076
1075
1074
1074
1073
1073
1072
1071
1070
1069
1069
1068
1067
1066
1065
1064
1064
1062
1061
1061
1060
1058
1057
1056
1056
1054
1053
1053
1051
1051
1049
1048
1047
1046
1045
1044
1042
1041
1040
1039
1038
1037
1036
1035
1034
1032
1031
1030
1029
1028
1027
1025
1024
1023
1022
1020
1020
1019
1017
1016
1015
1014
1012
1011
1010
1008
1007
1007
1020
1019
1017
1016
1015
1014
1012
1011
1010
1008
1007
1007
994
994
992
991
990
988
987
986
985
983
982
711
350
67
87
37
340
281
278
61
331
81
64
87
56
317
7
251
223
45
46
303
31
300
165
309
346
76
112
147
65
80
99
104
119
88
167
139
170
129
95
18
118
127
126
138
104
97
106
151
100
93
84
124
108
142
62
124
131
133
111
127
154
127
156
116
126
16
134
137
109
118
129
83
129
145
167
123
40
74
41
54
23
72
68
70
42
73
57
46
58
42
71
6
67
65
39
42
71
29
71
62
51
74
7
16
14
8
8
14
5
11
5
1
10
10
34
14
8
17
22
9
8
10
12
18
9
25
19
24
18
9
3
13
15
18
19
10
14
11
20
7
12
21
17
21
9
20
20
22
18
21
24
18
23
17
20
3
21
20
16
17
21
12
21
22
76
19
7
31
13
6
7
2
11
10
12
7
13
9
5
8
6
12
2
11
9
6
5
12
4
12
10
7
12
1
1
4
3
1
2
4
1
2
1
1
2
2
58
2
4
4
5
1
3
3
4
4
5
5
3
5
4
4
2
4
3
4
4
4
3
4
5
83
3
3
1
17
6
3
4
1
5
4
5
4
6
5
2
4
3
5
2
4
3
3
3
5
2
5
5
1
4
1
3
1
64
5
2
1
3
2
3
2
5
2
1
1
1
1
4
2
3
2
2
1
4
1
4
3
87
3
3
1
1
1
1
2
3
2
1
1
1
1
1
1
1
2
1
1
40
3
1
1
1
2
1
3
1
2
2
1
1
1
3
2
2
1
4
2
2
2
2
2
2
4
2
1
2
1
2
3
2
2
1
2
1
3
1
3
3
9
2
3
2
1
1
2
1
3
1
2
1
2
1
1
2
2
2
39
1
4
3
1
1
3
2
3
2
4
2
1
1
2
3
2
3
1
3
1
4
1
3
3
2
3
2
1
2
1
2
2
3
2
1
2
2
3
2
2
1
3
1
2
3
1
4
1
1
3
2
2
2
4
2
1
1
1
2
3
3
2
1
1
1
3
1
3
3
3
2
4
2
1
2
1
2
2
4
2
1
1
1
2
3
2
2
2
1
3
1
2
2
89
1
4
1
1
1
2
2
2
2
4
2
1
1
1
2
3
3
2
1
2
1
4
1
3
3
77
2
4
2
1
1
3
2
2
2
4
2
1
1
2
2
3
3
3
1
2
1
3
1
3
3
51
2
4
2
1
1
3
2
2
2
4
2
1
1
2
3
3
2
1
1
1
3
1
3
3
81
1
4
2
2
3
2
2
2
4
2
1
1
1
2
3
3
2
1
2
2
4
1
3
3
123
2
4
2
2
1
3
2
2
2
4
2
1
1
1
2
3
3
3
1
2
2
4
2
3
3
79
2
5
2
2
1
3
2
2
3
4
2
1
1
1
2
3
3
2
1
2
2
4
1
3
3
7
2
5
2
3
1
3
2
2
3
4
2
1
2
2
4
4
2
2
2
2
4
1
3
3
42
2
5
2
2
1
3
2
2
3
5
2
1
1
2
2
3
3
3
1
2
2
4
2
3
4
95
2
4
3
2
1
3
2
3
3
5
2
1
1
2
2
4
3
3
1
2
1
4
1
3
4
70
2
5
2
2
1
3
3
3
3
5
2
1
1
2
2
4
4
2
1
2
2
4
1
3
3
21
2
5
2
2
1
3
3
3
2
5
2
1
1
2
2
4
3
3
1
2
2
4
2
4
4
1
2
5
2
2
1
3
2
3
2
5
3
1
1
2
2
4
3
3
2
2
2
4
2
4
4
51
2
6
2
2
1
4
3
3
3
5
2
2
1
2
2
4
4
3
1
2
2
4
1
3
3
74
2
5
2
2
2
4
3
3
3
5
3
1
1
2
3
4
4
3
2
2
2
4
2
4
4
6
2
5
2
2
1
4
3
3
2
5
2
2
1
2
3
4
3
3
2
2
2
4
2
4
4
2
5
3
2
2
4
3
3
3
5
3
1
2
2
3
4
4
3
2
2
2
4
2
4
4
27
2
5
3
2
3
3
3
3
3
5
3
1
2
2
3
4
4
3
1
3
2
5
2
4
5
72
2
5
3
2
2
4
3
3
3
5
3
2
2
3
3
4
5
3
2
3
2
5
2
5
5
26
3
6
3
3
2
4
4
3
3
5
3
2
2
3
3
5
4
3
3
2
2
5
2
5
5
3
6
3
3
2
4
3
3
3
5
3
2
2
3
3
5
4
3
2
2
3
5
2
4
5
55
2
5
3
2
2
5
3
3
3
5
3
2
1
3
3
5
5
4
2
3
3
5
2
5
5
99
3
5
3
3
2
5
4
3
3
6
3
2
2
3
3
5
5
4
3
3
3
5
2
5
5
47
3
6
3
3
2
5
4
3
4
6
3
3
2
3
3
5
5
4
2
3
3
5
2
5
5
3
6
3
3
2
5
3
3
4
6
3
2
2
3
3
6
5
4
2
3
3
5
3
5
5
23
3
6
3
3
2
5
3
3
3
6
3
3
2
3
3
5
5
4
2
3
3
5
3
5
6
90
3
6
4
3
2
5
4
3
3
6
3
2
2
3
3
5
5
5
2
3
4
5
2
4
5
80
3
5
4
3
3
5
4
4
4
6
3
3
2
3
3
5
4
4
2
3
3
5
3
5
6
19
3
6
4
3
2
5
4
3
4
6
3
3
2
4
3
5
5
4
2
3
3
6
3
5
6
25
3
7
3
3
2
5
4
3
4
6
4
3
2
3
4
6
5
4
3
3
3
6
3
5
5
91
3
7
3
3
2
5
4
3
4
6
3
3
2
4
4
5
5
4
3
3
3
6
3
5
5
99
3
6
4
4
2
5
4
3
4
7
3
3
2
4
4
5
5
5
3
3
4
6
3
6
6
33
3
7
4
4
2
5
4
3
4
7
3
3
2
4
3
6
5
4
3
3
4
6
3
6
6
35
3
5
3
2
2
5
3
3
3
5
3
2
1
3
3
5
5
4
2
3
3
5
2
5
5
99
3
5
3
3
2
5
4
3
3
6
3
2
2
3
3
5
5
4
3
3
3
5
2
5
5
47
3
6
3
3
2
5
4
3
4
6
3
3
2
3
3
5
5
4
2
3
3
5
2
5
5
3
6
3
3
2
5
3
3
4
6
3
2
2
3
3
6
5
4
2
3
3
5
3
5
5
23
3
6
3
3
2
5
3
3
3
6
3
3
2
3
3
5
5
4
2
3
3
5
3
5
6
90
3
6
4
3
2
5
4
3
3
6
3
2
2
3
3
5
5
5
2
3
4
5
2
4
5
80
3
5
4
3
3
5
4
4
4
6
3
3
2
3
3
5
4
4
2
3
3
5
3
5
6
19
3
6
4
3
2
5
4
3
4
6
3
3
2
4
3
5
5
4
2
3
3
6
3
5
6
25
3
7
3
3
2
5
4
3
4
6
4
3
2
3
4
6
5
4
3
3
3
6
3
5
5
91
3
7
3
3
2
5
4
3
4
6
3
3
2
4
4
5
5
4
3
3
3
6
3
5
5
99
3
6
4
4
2
5
4
3
4
7
3
3
2
4
4
5
5
5
3
3
4
6
3
6
6
33
3
7
4
4
2
5
4
3
4
7
3
3
2
4
3
6
5
4
3
3
4
6
3
6
6
35
3
7
4
4
2
5
5
4
4
7
4
3
2
4
3
6
5
4
3
3
4
6
3
5
6
98
3
7
4
4
2
5
5
3
4
7
3
3
2
4
4
7
5
5
4
3
4
7
3
6
6
102
3
7
4
4
2
5
5
4
4
7
3
3
2
4
4
6
6
5
3
4
4
7
3
6
6
50
3
7
4
4
3
6
5
4
4
7
4
3
3
4
4
6
6
4
3
3
4
7
3
6
6
40
3
8
4
4
3
6
5
3
5
7
4
4
3
5
4
6
6
4
3
3
4
7
3
6
6
91
3
7
4
4
3
6
5
3
4
7
4
3
2
5
4
7
6
5
3
4
4
7
3
6
6
107
3
7
5
4
3
6
5
3
4
7
4
3
2
5
4
7
6
5
4
4
5
7
3
6
6
45
3
7
5
4
3
6
5
4
4
7
4
3
2
4
4
7
6
5
3
3
5
7
3
6
7
23
3
7
4
4
3
6
5
3
4
7
4
4
3
5
4
7
7
5
4
4
5
7
3
6
7
65
4
7
4
4
3
6
5
3
5
7
4
4
2
5
4
7
6
5
4
4
5
7
3
6
7
103
3
8
5
4
3
7
5
4
5
8
4
4
3
5
4
7
6
5
4
4
5
7
3
7
7
57
3
8
5
4
3
6
5
4
4
8
4
4
3
5
5
7
7
6
4
4
5
7
4
7
7
4
8
5
4
3
7
5
4
5
8
4
4
3
5
5
7
6
5
3
4
5
7
4
7
7
33
4
7
5
4
3
7
5
4
5
8
4
4
3
5
4
7
6
5
3
4
4
7
4
6
7
64
3
7
5
3
4
7
5
4
4
8
4
4
3
5
5
7
7
6
3
4
5
7
4
7
7
28
3
8
4
4
3
6
5
4
5
8
4
5
3
5
5
7
7
5
4
4
5
8
4
7
7
4
8
5
4
3
7
5
4
5
8
4
4
3
6
5
8
7
5
4
4
5
7
3
6
7
12
4
8
5
4
4
7
6
4
5
8
4
4
3
5
5
7
7
6
4
4
5
8
4
7
7
88
3
8
4
4
4
6
6
3
5
8
4
4
3
6
5
7
7
6
5
4
5
8
4
7
8
71
4
8
5
4
4
7
5
4
5
8
4
4
3
5
5
8
7
6
4
4
5
8
4
7
8
18
4
9
5
5
4
7
6
4
5
8
4
4
3
5
5
8
7
6
4
4
5
8
3
7
7
46
3
8
5
5
4
7
6
4
5
8
4
4
3
6
5
8
7
6
5
4
6
8
4
7
8
87
3
8
5
4
4
7
6
4
5
9
4
5
3
6
5
8
8
6
4
5
6
8
5
7
8
73
4
9
5
5
4
7
6
4
6
9
5
5
3
6
5
8
7
6
4
4
6
8
4
7
8
23
3
9
5
5
4
7
6
4
6
8
5
4
3
6
5
8
7
5
4
4
6
8
4
8
8
15
4
8
5
4
4
7
6
4
5
9
4
5
3
6
6
8
8
6
4
5
6
8
4
8
9
69
4
9
6
5
4
7
6
4
5
9
5
5
3
7
6
8
8
6
4
5
6
8
4
7
8
71
4
9
6
5
4
8
7
4
6
9
5
5
3
6
5
8
8
6
4
5
6
9
4
8
8
18
4
9
5
5
4
7
6
5
5
9
5
5
3
6
5
9
8
7
5
5
6
9
5
8
9
4
9
5
5
5
8
7
4
5
9
5
5
3
6
5
8
8
6
5
5
6
9
4
8
8
68
4
9
6
5
5
8
7
5
6
9
5
5
3
6
5
9
8
7
4
5
6
9
5
7
9
97
4
9
6
5
4
7
7
5
5
9
5
5
3
7
5
9
8
6
5
5
6
9
4
8
9
20
3
9
5
5
4
8
7
4
6
9
5
5
3
7
5
9
8
7
5
5
7
9
5
8
9
4
10
6
5
5
8
7
4
6
9
5
5
3
7
5
9
8
7
5
5
6
9
5
8
8
47
4
10
6
5
5
8
7
4
6
9
5
5
3
7
6
9
8
6
5
5
6
9
4
8
9
89
4
9
5
5
4
8
6
4
6
9
5
5
4
7
6
9
8
6
5
5
7
9
5
8
9
40
4
9
6
5
4
8
6
4
6
9
5
5
4
7
6
9
8
7
5
5
6
9
5
8
9
8
4
10
6
6
5
9
7
5
6
10
5
5
3
7
6
9
9
7
5
5
6
9
5
8
9
70
4
10
6
5
4
8
7
4
6
9
5
5
3
7
6
9
9
7
6
5
7
9
5
9
9
92
4
10
6
5
5
8
7
5
6
9
5
5
4
7
7
9
9
7
5
6
7
9
5
9
9
54
4
10
6
6
6
9
7
5
7
10
5
6
4
7
6
9
9
7
5
5
7
9
5
9
9
4
10
6
6
5
8
7
5
6
10
5
6
4
7
6
9
9
8
5
6
7
10
5
9
9
32
3
10
6
6
5
8
7
5
6
10
5
6
4
7
6
10
9
7
6
6
7
10
5
9
9
105
4
10
6
6
5
9
7
5
7
10
5
6
4
7
6
10
9
7
5
5
7
10
5
9
9
83
4
9
7
5
5
9
8
6
6
10
5
6
4
8
6
10
9
8
5
6
7
10
5
9
10
13
4
9
6
5
5
9
8
5
6
10
6
6
4
8
6
10
9
8
5
6
7
10
5
9
10
24
4
10
7
6
6
9
8
4
6
10
5
6
4
8
7
10
9
8
5
5
7
10
5
9
9
101
4
11
7
6
6
10
8
5
7
10
5
6
4
7
7
10
9
8
6
6
8
10
5
9
10
65
4
10
6
6
5
9
8
5
6
10
5
6
4
8
7
10
10
8
6
6
7
10
5
9
10
4
10
7
6
5
9
8
5
7
10
5
6
4
8
7
10
9
8
5
6
7
10
5
9
10
23
4
10
7
6
5
9
8
5
7
10
5
6
4
8
6
10
10
8
5
6
8
10
5
9
10
82
4
10
7
6
5
9
8
5
6
10
5
6
4
8
7
10
10
8
6
6
8
10
5
10
10
82
4
10
7
6
5
9
8
5
7
10
5
6
4
8
7
10
10
8
6
6
8
10
6
10
10
22
4
11
7
6
6
10
8
5
7
11
5
7
4
8
7
10
10
8
6
6
8
11
6
9
10
4
10
7
5
6
9
8
5
7
11
5
7
4
8
7
10
10
8
5
6
8
10
5
9
10
66
4
11
7
6
6
9
8
5
7
11
5
7
4
9
7
11
10
8
6
6
8
11
5
10
11
79
5
11
7
7
6
10
8
5
7
10
6
7
4
9
7
11
10
8
6
6
8
11
5
10
10
11
3
11
7
6
6
10
8
5
7
11
5
6
4
8
7
11
10
8
6
6
8
10
6
10
10
3
11
7
6
6
10
9
5
7
11
6
7
4
9
7
11
10
8
7
6
9
10
6
10
11
52
4
11
7
6
6
10
8
5
7
11
6
7
4
9
7
11
10
8
7
6
9
11
6
10
10
108
4
11
8
7
6
10
9
5
7
11
6
7
4
8
7
11
10
8
6
6
8
11
6
9
10
52
4
11
7
7
6
10
9
5
7
11
6
7
4
9
7
11
10
9
6
6
9
11
6
10
10
4
11
7
6
6
10
9
5
7
11
6
6
4
9
7
11
11
9
7
7
9
11
6
10
11
50
4
12
7
7
6
10
9
5
7
11
6
7
4
9
7
11
10
8
6
6
9
11
6
10
11
93
4
12
7
7
6
10
10
5
8
11
6
7
4
9
7
11
11
8
7
6
9
11
6
11
10
69
4
11
7
7
6
10
9
5
8
11
6
7
4
9
7
11
11
9
7
6
9
11
6
11
11
4
4
12
7
7
6
10
9
5
7
11
5
7
5
9
7
11
11
9
7
7
8
11
6
10
11
43
4
12
8
7
6
10
10
5
8
11
6
7
5
9
7
11
11
9
7
7
9
12
6
10
11
89
4
11
8
7
6
10
9
6
7
11
6
7
5
9
8
12
11
9
7
7
9
11
6
11
11
45
4
12
8
7
6
10
9
6
7
11
6
7
4
9
8
12
11
9
7
7
9
12
6
10
12
10
4
12
8
7
7
10
9
6
8
11
6
7
5
9
