38
5
1
58
5
13
6
37
4
3
4
58
7
14
33
51
6
19
34
2
53
17
30
4
3
43
3
1
2
12
58
26
34
5
4
46
6
1
4
6
6
14
55
24
28
43
4
1
59
20
28
43
4
1
53
16
22
4
3
51
12
6
9
4
6
60
18
22
10
4
54
14
11
1
2
14
7
22
6
72
18
13
9
50
8
5
1
10
3
5
11
62
28
12
12
52
10
8
13
9
21
10
69
31
35
19
33
14
58
7
22
26
36
8
1
20
61
16
26
22
33
4
1
17
63
16
11
16
25
20
62
11
1
19
28
5
21
68
10
6
27
38
4
14
8
20
1
34
72
11
3
28
41
6
17
12
3
10
12
1
38
80
9
21
39
2
12
3
10
3
7
16
29
82
12
26
42
15
5
13
7
3
18
33
78
16
7
33
3
2
3
48
2
2
4
20
9
17
11
9
19
1
5
36
85
7
28
4
4
49
3
3
3
12
8
14
10
8
15
5
1
29
81
2
19
42
3
4
2
6
2
20
67
5
14
40
1
1
6
17
65
4
9
18
4
6
48
6
3
6
2
7
11
24
6
4
19
74
1
13
19
5
8
50
9
6
1
6
2
10
5
25
8
7
22
74
11
14
4
47
6
2
2
6
10
11
4
3
18
68
14
9
2
45
7
1
2
3
15
6
2
1
12
69
19
16
2
8
51
14
7
1
2
6
7
1
10
13
10
5
6
21
78
10
22
6
1
12
56
18
11
3
8
13
11
7
15
25
30
8
10
29
84
16
1
8
52
16
7
1
3
9
6
4
9
14
14
4
6
22
75
2
15
6
50
14
5
2
2
7
6
2
8
15
15
3
28
74
11
20
6
11
54
19
9
6
4
12
9
9
13
28
27
3
7
28
78
13
4
22
9
1
12
54
20
10
9
7
10
12
9
14
28
22
3
7
26
80
9
1
19
4
6
49
13
3
6
4
12
7
3
8
20
16
2
25
76
1
16
42
5
2
9
1
1
12
2
18
67
7
1
22
1
43
5
4
1
5
2
2
7
16
18
67
8
4
5
30
2
1
47
4
6
8
8
6
5
8
11
4
5
23
73
4
7
3
29
45
1
4
6
6
2
15
5
3
4
17
72
8
1
23
40
2
15
10
57
12
26
41
2
1
16
53
20
18
4
34
3
48
7
4
2
7
8
8
18
60
15
29
1
32
2
47
6
5
1
5
7
21
58
17
12
25
41
1
13
53
28
5
29
42
1
4
2
11
48
40
19
36
5
49
7
9
4
4
7
18
51
39
15
36
6
50
9
10
7
8
4
6
16
50
40
1
33
2
45
7
8
4
1
1
18
48
48
1
31
1
45
7
8
5
9
18
51
42
13
4
36
6
51
12
15
11
6
5
3
21
59
34
18
6
37
1
6
53
3
1
14
13
13
16
6
5
1
23
62
26
9
1
30
48
8
4
7
9
18
54
25
4
27
44
5
6
2
13
47
27
10
1
29
43
5
6
1
3
16
51
21
20
3
29
41
1
1
3
4
13
53
12
15
23
35
1
7
52
10
7
19
32
2
48
12
14
27
38
4
6
53
10
24
33
44
4
3
4
8
1
16
59
9
13
29
42
2
2
4
10
41
9
3
27
43
1
2
1
8
35
9
3
30
49
5
7
3
1
3
1
13
39
9
33
8
2
57
5
7
11
1
12
10
1
5
7
9
17
38
4
30
10
3
60
7
10
7
9
13
5
15
7
10
14
41
22
4
56
4
7
6
9
4
3
6
11
37
26
7
2
59
7
10
4
2
14
13
4
3
9
15
29
4
31
3
12
9
65
15
17
6
6
15
20
10
20
8
14
18
48
7
28
8
4
60
10
12
1
1
12
14
8
3
7
11
16
34
23
2
53
3
4
4
9
1
17
2
4
1
20
3
23
2
54
3
3
4
9
7
4
4
4
6
34
10
13
32
8
3
57
6
4
3
1
12
11
7
9
8
16
26
14
8
29
5
3
57
8
7
1
1
7
12
8
24
6
6
11
44
13
5
23
50
3
2
6
13
6
42
20
7
23
50
4
2
3
7
1
6
10
41
21
12
29
2
4
9
57
14
11
5
5
9
3
15
21
21
1
6
23
54
15
5
3
33
7
9
13
62
19
16
7
13
11
13
8
21
18
23
1
4
11
24
64
14
29
2
3
9
57
16
14
4
9
8
12
4
17
14
21
7
22
71
18
26
6
52
12
9
2
4
1
11
12
5
13
2
18
66
16
2
30
2
8
54
13
9
5
8
8
13
12
11
7
5
20
62
13
3
32
4
1
9
54
12
9
4
9
7
11
11
3
16
3
4
6
24
56
15
24
4
48
6
2
2
3
4
2
2
9
56
15
19
1
42
1
3
45
13
22
1
2
45
5
1
1
6
42
12
26
1
1
46
4
3
6
52
5
23
42
2
44
17
38
30
2
21
41
1
31
13
25
47
7
3
37
5
5
20
46
6
4
40
3
2
17
47
4
3
54
4
19
52
5
6
79
14
28
3
9
8
60
5
4
10
7
11
14
6
112
17
30
4
10
9
61
8
6
9
9
10
15
5
100
9
23
1
5
5
57
6
5
4
7
8
3
10
76
19
25
2
7
7
58
9
6
9
9
1
10
1
77
2
25
4
31
8
11
14
63
18
14
1
2
11
14
4
14
10
7
16
10
46
24
3
28
9
9
16
62
20
14
11
11
7
14
10
15
6
16
8
16
19
3
11
53
14
6
4
2
6
4
2
7
5
18
4
14
52
17
6
11
7
4
20
8
17
23
10
19
55
22
10
13
2
12
7
25
3
12
1
10
3
24
12
21
56
23
10
2
17
13
7
19
5
5
13
2
3
1
20
10
16
52
19
8
12
10
5
16
12
1
10
18
6
12
49
13
3
8
3
5
8
7
6
1
4
1
25
10
15
52
14
6
10
6
6
10
16
20
9
11
22
4
30
12
3
17
54
14
7
2
6
9
15
7
13
17
16
3
10
14
18
27
6
11
50
7
1
4
5
9
7
9
17
1
5
16
6
26
3
44
2
6
2
4
3
13
19
33
2
1
6
47
2
6
9
5
6
1
2
16
15
2
37
4
3
6
48
2
7
7
7
5
6
12
1
4
3
18
25
10
34
39
5
2
1
11
49
3
27
31
55
25
31
51
11
1
30
35
2
60
4
5
25
35
59
5
16
31
46
19
18
35
44
27
3
19
2
1
42
3
4
54
23
15
2
2
42
3
6
52
22
8
35
45
18
9
33
49
6
3
15
39
2
58
3
1
14
37
55
4
9
35
2
52
1
11
39
6
65
15
18
1
48
3
2
18
4
8
77
11
25
1
5
56
10
8
7
11
12
6
12
1
9
19
83
5
9
22
1
4
55
10
7
8
5
13
13
10
18
7
23
80
6
4
21
2
6
56
12
9
6
8
14
1
16
10
19
7
19
83
3
30
7
11
13
64
19
16
8
18
16
25
7
24
21
24
13
28
92
1
8
36
13
15
18
68
23
21
14
21
23
27
14
31
28
40
1
17
35
106
2
4
34
9
14
17
66
22
19
11
19
23
27
14
30
28
27
15
34
106
1
29
4
10
12
62
16
16
9
15
14
25
8
26
12
38
12
27
97
2
6
34
7
12
15
65
18
18
7
16
14
24
8
27
20
37
1
15
27
95
4
38
9
16
17
67
18
18
8
18
18
27
10
28
29
29
6
18
32
92
31
3
9
11
61
11
12
1
11
8
19
1
21
8
30
3
13
19
88
25
3
4
53
3
3
5
11
12
7
2
6
11
83
23
2
5
54
3
3
8
9
1
3
1
7
9
76
4
27
5
7
10
59
9
9
4
12
15
3
20
5
12
12
83
24
2
4
8
56
6
6
8
12
8
16
3
10
5
83
17
3
49
3
3
5
67
20
1
4
49
2
1
1
5
7
72
2
8
25
8
2
11
54
9
3
5
6
5
12
3
11
7
83
10
24
8
3
12
55
10
3
7
6
6
7
7
3
12
8
82
3
18
2
5
46
1
1
4
7
81
20
4
45
1
1
3
11
88
9
27
2
5
48
3
5
3
3
12
5
20
81
13
26
2
45
3
2
5
4
15
83
7
2
17
34
67
14
10
25
54
11
6
14
26
56
13
11
20
53
9
18
53
14
21
48
9
17
24
57
10
20
31
73
3
14
29
79
14
32
86
20
2
44
5
1
9
1
3
106
3
26
4
9
52
14
10
5
6
10
2
6
15
28
2
8
20
113
26
2
10
54
18
14
3
9
10
11
6
10
21
14
2
7
21
121
21
6
49
14
10
6
7
8
3
9
16
13
2
16
120
24
4
13
55
21
18
7
8
14
11
11
17
26
28
7
21
117
1
3
2
27
12
5
20
63
29
25
10
8
20
19
19
26
29
31
5
14
27
129
1
26
8
4
16
61
26
23
7
12
15
18
15
24
21
31
3
12
26
122
22
3
10
57
19
18
6
6
15
9
20
23
13
6
19
115
27
3
4
9
61
19
19
1
9
9
17
7
24
17
32
7
23
112
1
34
5
11
14
67
25
25
6
14
15
23
15
30
28
38
6
14
23
108
33
5
11
13
66
23
24
3
13
10
24
13
28
27
18
4
13
27
103
24
1
5
10
63
19
21
8
9
17
8
26
20
35
9
20
91
22
5
5
13
63
20
21
7
11
18
12
26
27
25
10
18
88
3
26
13
10
19
68
24
25
9
11
17
22
16
30
27
30
3
16
28
88
1
25
14
10
21
69
24
27
10
9
21
16
16
30
27
45
5
18
23
86
20
8
6
14
63
17
19
7
10
14
9
23
19
13
1
12
19
79
5
18
8
4
13
62
15
18
4
7
14
7
23
23
31
10
19
73
10
23
13
8
16
64
16
19
5
9
17
19
8
23
17
31
4
14
19
68
4
24
12
8
15
63
13
16
5
10
17
17
5
20
16
10
5
13
20
66
5
17
4
6
54
4
7
6
6
10
16
7
6
13
54
15
1
49
1
1
1
5
9
3
8
50
23
2
3
52
3
1
6
6
3
5
6
13
49
2
26
2
3
1
51
1
3
5
3
8
6
12
49
18
42
2
1
44
14
36
2
34
19
36
8
45
25
39
1
3
4
6
46
21
30
1
32
17
19
24
21
20
2
1
32
28
23
9
2
8
49
26
20
7
2
5
43
18
14
32
21
23
2
1
37
30
37
4
2
5
10
10
54
1
30
41
8
6
1
3
8
15
56
27
42
8
9
3
2
1
3
15
56
29
1
46
11
11
9
3
19
1
17
64
19
35
2
8
4
54
7
7
3
15
4
17
17
10
27
1
6
3
22
67
21
35
5
9
6
56
10
9
3
15
4
20
18
9
11
2
7
5
22
62
6
28
3
3
52
8
5
6
2
17
15
10
10
2
1
15
56
27
4
6
54
11
9
4
3
15
1
17
16
17
3
3
10
59
13
31
7
9
12
59
16
14
10
5
14
4
21
11
33
9
9
18
63
21
33
8
11
15
61
18
16
12
10
16
7
22
13
23
10
11
20
62
10
25
4
6
10
57
13
13
4
2
13
2
19
5
18
5
7
9
56
10
21
3
6
55
9
10
1
13
17
4
15
2
5
8
54
17
30
37
4
2
5
10
10
54
1
30
41
8
6
1
3
8
15
56
27
42
8
9
3
2
1
3
15
56
29
1
46
11
11
9
3
19
1
17
64
19
35
2
8
4
54
7
7
3
15
4
17
17
10
27
1
6
3
22
67
21
35
5
9
6
56
10
9
3
15
4
20
18
9
11
2
7
5
22
62
6
28
3
3
52
8
5
6
2
17
15
10
10
2
1
15
56
27
4
6
54
11
9
4
3
15
1
17
16
17
3
3
10
59
13
31
7
9
12
59
16
14
10
5
14
4
21
11
33
9
9
18
63
21
33
8
11
15
61
18
16
12
10
16
7
22
13
23
10
11
20
62
10
25
4
6
10
57
13
13
4
2
13
2
19
5
18
5
7
9
56
10
21
3
6
55
9
10
1
13
17
4
15
2
5
8
54
17
16
1
47
7
3
1
5
3
6
6
58
21
47
3
2
2
3
1
5
1
9
55
21
43
3
3
1
50
15
32
41
17
30
30
12
23
32
4
2
35
5
22
28
4
2
41
15
23
30
15
22
30
23
28
3
1
42
28
34
1
5
5
7
48
21
29
1
37
8
13
27
39
17
19
33
1
45
24
23
33
4
2
6
48
25
16
28
46
19
11
25
34
18
17
30
5
47
18
22
34
3
6
55
7
19
31
1
2
8
54
16
29
2
4
55
3
19
36
4
2
11
53
4
24
44
4
2
2
10
7
6
5
27
8
1
19
64
14
20
42
4
1
1
7
10
3
11
5
6
16
60
2
24
12
34
6
9
48
30
11
33
2
20
4
51
44
18
34
3
1
1
6
9
15
51
40
19
32
3
1
1
3
8
13
62
23
12
24
2
1
47
5
18
11
22
2
42
10
26
19
29
5
44
7
16
17
32
1
3
37
11
6
12
30
40
17
9
13
30
31
18
14
15
33
2
5
35
14
18
15
33
6
35
12
3
8
23
31
7
7
20
30
12
26
1
36
1
15
29
1
52
3
15
26
45
3
1
15
25
5
54
7
24
33
3
7
2
8
64
11
31
39
9
8
3
8
5
8
16
1
61
6
25
36
6
5
5
4
3
12
53
22
32
2
7
30
1
25
35
2
5
2
2
1
12
32
3
4
27
40
6
8
6
6
2
3
12
42
2
2
23
40
3
3
1
7
3
7
28
11
17
36
1
3
25
18
18
34
4
18
15
2
23
38
3
11
12
3
8
24
6
6
20
37
6
4
23
1
6
15
32
1
9
3
2
15
33
19
4
5
21
37
2
4
4
23
5
7
18
3
1
39
4
4
7
1
27
3
3
1
11
36
1
1
28
1
4
1
16
38
4
26
5
5
5
24
3
4
47
8
3
2
4
2
5
1
5
10
45
5
7
26
5
5
50
9
6
7
6
2
5
3
3
4
7
11
56
1
23
47
4
3
2
1
10
1
4
4
44
11
21
47
3
3
3
3
1
8
2
7
42
16
28
4
4
6
56
12
13
4
8
3
12
12
11
9
5
9
15
61
28
34
7
12
11
64
19
20
8
18
8
22
3
21
19
16
10
17
19
64
35
32
2
10
9
63
18
20
4
16
6
19
2
20
19
23
10
16
15
63
35
27
7
5
61
15
18
6
1
9
18
18
30
8
13
17
62
40
18
34
13
5
64
15
19
16
19
21
12
24
12
16
24
64
34
23
38
1
16
10
69
21
25
1
21
1
26
3
26
21
28
3
15
20
22
65
27
15
32
11
7
65
18
21
12
3
20
22
16
26
11
17
17
59
22
2
26
5
3
58
12
15
9
16
16
8
16
6
11
12
59
23
12
27
5
6
59
14
14
7
5
15
16
12
14
6
12
9
58
27
27
7
26
5
5
50
9
6
7
6
2
5
3
3
4
7
11
56
1
23
47
4
3
2
1
10
1
4
4
44
11
21
47
3
3
3
3
1
8
2
7
42
16
28
4
4
6
56
12
13
4
8
3
12
12
11
9
5
9
15
61
28
34
7
12
11
64
19
20
8
18
8
22
3
21
19
16
10
17
19
64
35
32
2
10
9
63
18
20
4
16
6
19
2
20
19
23
10
16
15
63
35
27
7
5
61
15
18
6
1
9
18
18
30
8
13
17
62
40
18
34
13
5
64
15
19
16
19
21
12
24
12
16
24
64
34
23
38
1
16
10
69
21
25
1
21
1
26
3
26
21
28
3
15
20
22
65
27
15
32
11
7
65
18
21
12
3
20
22
16
26
11
17
17
59
22
2
26
5
3
58
12
15
9
16
16
8
16
6
11
12
59
23
12
27
5
6
59
14
14
7
5
15
16
12
14
6
12
9
58
27
27
31
7
8
60
14
13
10
5
16
15
8
16
8
13
12
61
28
28
28
3
7
56
10
9
5
11
11
13
4
9
7
67
30
25
24
6
54
10
9
2
3
9
9
5
4
1
8
1
80
28
33
27
3
6
13
60
16
14
1
7
5
15
3
14
18
5
14
10
117
28
42
1
30
10
11
19
66
21
18
7
11
12
17
9
18
18
11
11
20
19
128
32
46
26
10
6
17
61
17
13
4
6
11
14
7
15
16
12
8
16
8
95
27
34
18
5
12
54
11
7
7
4
3
8
11
10
1
9
83
23
28
16
8
16
56
14
8
12
1
7
9
13
17
2
11
74
24
39
1
23
13
6
21
62
20
14
2
16
6
13
14
21
8
6
16
3
18
27
44
1
22
14
7
23
64
24
17
1
15
7
16
15
22
15
7
19
32
45
14
9
1
19
59
19
12
5
5
12
10
19
1
14
33
47
14
9
2
20
60
19
13
4
2
12
11
14
1
14
32
50
21
16
8
27
66
26
18
16
8
18
17
13
8
7
20
35
43
24
16
10
27
66
25
16
15
10
18
16
19
7
20
41
30
19
10
5
21
61
19
12
9
5
13
12
12
3
15
40
24
17
6
3
19
59
17
10
7
2
10
12
5
4
1
13
36
33
20
10
5
22
62
19
13
5
4
12
13
6
5
4
15
20
33
21
14
7
24
64
21
15
11
8
15
16
10
8
6
17
2
24
17
9
2
17
57
13
7
9
6
9
10
9
1
10
5
11
4
11
50
6
1
1
1
4
1
3
15
9
16
56
13
9
6
7
11
6
31
8
3
5
20
11
1
16
56
13
8
6
9
7
7
10
5
9
27
4
17
7
12
52
9
5
3
7
6
2
9
17
5
56
14
2
7
46
3
1
3
3
1
41
4
20
6
9
46
4
4
1
3
2
6
2
52
1
9
25
10
12
51
9
3
8
5
5
3
6
10
3
7
68
3
19
5
7
47
3
2
5
1
6
2
4
48
11
3
43
1
8
51
16
4
46
1
1
3
1
2
3
55
4
5
21
4
10
52
9
6
7
13
2
5
6
5
1
9
10
66
8
3
19
2
8
50
8
5
7
6
1
1
13
1
8
9
59
17
45
1
3
3
49
18
2
48
3
4
2
2
10
4
6
71
4
26
2
1
7
53
8
8
4
1
4
7
7
14
5
9
11
1
72
1
2
26
2
5
53
6
8
4
1
3
9
8
5
1
4
9
10
76
19
47
5
3
15
3
5
68
19
44
1
3
2
2
63
8
2
26
2
3
50
1
4
3
2
