1
14
16
14
48
44
20
12
1
9
28
7
5
4
25
6
23
1
12
16
16
42
37
21
8
6
26
6
4
6
30
21
4
6
23
4
23
21
37
34
18
11
3
6
25
11
5
14
38
4
24
13
11
29
5
25
21
29
27
21
15
5
20
9
5
16
38
13
23
7
3
18
15
7
16
12
16
7
2
8
3
5
24
4
18
15
13
26
19
3
14
6
21
15
9
5
9
9
23
12
23
13
7
16
9
2
18
13
5
5
10
13
18
6
1
8
7
10
11
3
2
8
6
9
5
9
13
16
12
13
5
5
5
8
16
21
12
33
3
2
1
6
14
22
16
5
4
16
6
3
2
10
19
18
25
16
5
13
8
10
2
2
3
7
14
26
22
12
8
2
11
30
4
3
6
8
18
7
11
5
19
27
5
3
7
5
12
13
18
6
23
10
13
1
7
9
2
9
14
3
10
11
3
16
5
9
17
12
12
3
3
18
5
13
8
3
2
17
1
1
11
4
16
4
12
11
9
4
2
18
3
16
16
10
12
5
25
8
6
23
18
12
15
6
23
4
14
17
28
23
12
17
8
6
28
12
18
28
11
31
32
20
20
18
14
10
11
22
36
9
16
23
12
34
25
14
18
13
6
14
19
19
32
14
16
22
15
6
43
25
60
22
2
16
9
1
22
29
23
44
21
19
24
16
5
45
20
52
23
3
13
10
5
21
28
24
41
18
18
15
6
37
7
45
18
8
9
2
10
18
25
39
29
21
16
7
32
1
56
25
10
14
5
5
16
36
53
25
11
6
18
37
19
3
12
7
32
45
15
1
9
40
10
6
26
37
11
3
30
7
6
21
35
14
33
4
9
26
37
18
2
4
3
39
6
2
3
15
29
41
19
3
5
34
10
10
29
39
12
3
4
22
3
26
30
12
1
2
41
3
23
40
19
8
7
49
3
3
28
40
27
17
15
41
9
12
39
41
31
18
16
47
9
6
44
44
29
16
13
20
3
45
30
17
10
15
7
52
10
3
3
24
40
13
5
14
7
49
9
5
3
20
38
23
12
18
12
1
1
29
7
11
5
3
2
3
36
29
4
8
7
36
9
1
14
26
11
5
6
19
5
10
8
1
17
29
14
3
5
7
27
10
5
8
10
2
7
2
21
27
10
2
1
3
6
4
27
1
12
3
2
2
9
1
6
20
33
13
1
1
6
4
6
8
12
19
2
14
1
11
7
16
4
13
23
32
5
10
9
1
12
8
9
8
8
24
1
9
18
33
5
13
13
6
12
9
9
34
8
20
28
6
10
13
6
15
8
11
34
4
1
6
19
29
9
5
8
5
8
9
18
40
11
2
6
8
6
19
40
12
7
11
6
12
20
42
17
10
11
10
3
16
3
33
21
5
5
13
5
3
11
28
42
24
14
12
9
7
4
29
16
7
7
3
44
41
40
2
2
10
34
2
4
3
1
43
10
10
12
34
12
2
4
1
4
31
5
12
1
31
37
1
5
44
8
3
16
42
8
2
4
9
33
2
10
5
1
22
35
13
3
3
3
6
34
4
10
7
28
42
8
28
3
26
36
42
14
34
4
41
21
36
18
1
42
8
6
5
38
45
12
46
12
7
6
29
44
7
31
4
4
24
32
7
43
5
5
2
28
41
11
44
7
1
7
32
46
18
1
24
3
39
38
20
6
47
7
6
38
46
8
2
58
3
5
2
21
41
9
2
7
11
24
10
2
1
23
32
6
4
11
15
28
9
10
4
5
1
14
36
2
2
8
1
2
2
11
2
28
7
1
3
25
13
41
5
3
6
5
2
24
37
3
9
9
35
25
44
10
6
6
1
6
19
40
4
8
33
21
25
5
7
15
35
9
13
31
14
34
3
10
12
32
1
15
20
34
14
25
9
7
3
15
11
31
4
8
24
30
40
20
40
14
20
2
11
25
21
38
10
12
29
36
3
40
19
43
21
28
7
13
30
28
47
10
8
21
28
33
10
37
16
25
3
5
21
36
44
12
18
23
5
37
3
15
11
17
34
12
17
21
8
44
10
14
8
14
45
7
5
9
12
15
5
33
14
10
1
3
30
46
6
4
9
13
16
13
48
11
10
2
4
26
47
10
3
8
13
14
19
54
10
5
5
34
50
19
9
15
18
7
15
25
62
16
6
4
6
13
39
56
31
19
6
26
4
28
12
20
25
66
24
13
11
5
16
25
53
64
28
19
24
24
1
7
1
65
21
8
9
10
21
51
65
21
15
23
22
65
21
4
7
15
47
60
15
10
17
17
64
21
6
9
42
62
12
11
19
17
66
18
8
8
40
63
21
18
21
19
70
26
13
10
47
68
16
9
7
3
65
21
6
41
65
18
5
62
10
4
47
59
27
9
57
12
8
55
59
23
7
60
8
6
1
47
60
29
11
68
13
1
12
3
55
73
37
23
6
13
2
3
77
20
4
14
16
9
7
9
69
74
15
11
10
3
3
79
12
15
3
5
42
61
22
19
14
2
10
25
57
9
2
24
6
12
9
49
67
24
27
2
23
9
21
54
67
12
14
41
11
6
6
20
20
52
71
9
15
17
15
58
76
13
4
45
3
6
11
34
60
15
16
15
10
50
66
18
1
36
6
5
47
63
17
20
22
4
15
47
70
26
3
37
12
9
47
70
7
11
12
6
28
63
23
22
8
1
35
61
2
9
9
1
1
8
59
16
1
3
33
60
7
13
9
3
5
61
20
2
3
2
34
62
2
4
7
6
4
52
14
3
3
37
35
58
1
1
5
4
55
20
5
2
32
108
63
3
8
8
61
21
6
6
3
28
224
63
1
4
6
6
48
12
1
3
5
32
302
58
1
1
3
5
6
76
13
7
12
34
321
68
6
7
7
6
64
9
4
17
37
305
60
4
7
2
50
2
16
27
210
50
3
9
6
58
1
2
18
33
66
56
4
7
10
9
52
5
5
18
41
61
6
12
10
72
14
4
17
30
63
5
10
17
15
67
19
11
2
23
41
66
5
11
15
12
61
13
2
15
42
61
5
9
3
63
10
3
31
61
3
12
14
7
3
3
62
16
7
4
35
68
4
10
12
5
11
18
59
14
2
35
8
62
12
16
17
10
17
31
46
17
5
8
6
47
35
61
6
10
16
11
14
32
72
15
1
3
11
35
20
66
5
8
16
15
3
15
32
81
13
3
5
16
35
7
64
6
5
13
13
10
27
47
13
6
5
13
36
57
1
2
18
50
8
1
25
50
2
9
10
16
27
51
11
12
2
6
31
53
1
6
18
23
48
14
16
7
1
15
56
9
8
34
5
8
16
49
12
8
45
5
15
1
15
53
14
4
52
12
20
7
9
56
3
35
4
13
5
18
50
46
3
10
3
17
51
44
8
8
4
22
55
31
10
3
6
17
51
45
9
3
19
53
1
73
15
9
21
67
3
2
53
12
7
28
60
3
10
10
60
16
8
32
58
2
3
1
56
15
7
27
57
4
49
5
1
28
57
1
1
5
18
58
14
10
28
63
3
1
20
51
17
11
26
2
58
1
7
18
49
12
6
22
50
11
12
35
4
16
45
17
14
29
6
1
18
43
19
16
50
3
3
12
6
45
16
12
39
4
3
12
10
48
13
8
33
3
3
12
11
44
8
2
24
2
3
16
18
43
6
5
27
1
8
24
19
47
6
61
6
6
26
49
9
33
5
3
16
29
47
23
39
2
11
6
20
37
49
31
35
10
2
10
36
41
39
28
13
15
36
43
33
29
9
3
8
46
38
20
20
4
5
50
34
4
24
8
60
40
9
54
27
9
5
63
34
17
9
68
37
4
67
28
15
7
80
33
10
2
82
24
18
8
97
35
12
8
96
34
4
99
22
3
6
13
4
8
4
114
25
6
18
4
9
9
15
10
5
119
30
7
26
21
12
3
18
6
5
126
27
24
30
7
13
3
131
22
23
36
2
11
3
133
20
21
38
11
2
144
16
12
32
6
5
142
23
8
29
15
7
2
3
148
24
1
20
24
6
3
157
21
2
5
146
20
18
1
150
22
11
146
18
12
139
21
12
130
16
7
131
17
13
1
5
128
23
113
10
2
2
109
11
5
96
10
3
1
14
3
1
86
10
13
3
69
11
3
56
6
3
4
7
26
7
7
9
1
52
19
3
4
6
25
2
3
5
1
31
21
4
16
4
13
1
1
3
12
1
4
1
7
10
1
26
18
15
5
26
17
26
5
13
4
7
4
26
13
11
7
18
21
14
8
21
21
1
15
5
13
1
6
8
7
10
6
14
2
18
8
16
4
13
7
8
10
11
12
16
7
1
15
10
14
1
3
17
4
2
7
8
10
1
3
18
3
14
11
12
2
4
5
2
7
6
5
16
1
14
13
16
6
3
5
3
9
8
4
14
2
10
13
11
5
22
4
4
2
8
6
2
1
20
4
17
16
20
16
3
10
8
12
7
8
10
11
13
10
7
16
19
12
5
17
13
18
17
3
12
8
15
6
6
8
4
11
9
7
6
21
16
16
3
4
4
6
4
1
2
5
4
3
6
9
5
9
6
5
7
4
5
7
10
10
9
1
2
6
8
4
7
6
3
5
12
16
11
13
3
3
1
12
2
14
9
14
3
20
23
2
20
1
14
14
5
16
18
19
2
16
2
16
11
2
19
16
19
16
12
10
1
2
17
29
3
20
9
30
3
21
31
2
29
15
12
2
1
18
30
14
10
29
1
19
30
27
5
10
8
28
11
9
16
8
26
22
5
25
8
8
3
8
25
22
9
12
32
7
20
8
13
30
27
12
13
36
9
21
12
33
29
6
13
35
7
16
10
34
30
18
20
7
3
38
10
15
1
8
6
33
30
26
23
9
7
42
10
10
16
2
10
39
35
26
1
26
5
13
2
11
49
16
10
1
19
6
5
12
48
42
14
14
2
1
40
6
2
9
1
40
34
17
12
2
3
39
5
5
13
2
36
32
24
16
3
9
6
10
10
1
43
8
9
16
9
42
37
20
12
3
8
8
11
14
6
41
13
11
14
9
43
37
20
11
1
6
8
11
24
12
42
19
18
15
9
43
37
20
2
13
9
8
12
13
34
21
42
8
18
27
13
4
13
13
43
6
38
25
5
13
9
11
13
17
37
28
44
9
24
29
18
5
21
1
3
18
45
10
40
17
2
6
23
21
32
12
13
8
14
6
34
28
10
5
2
2
6
22
25
32
12
11
9
15
8
37
30
15
11
3
4
2
7
20
25
35
3
16
9
10
1
17
9
39
3
34
17
10
2
3
13
18
35
5
13
3
7
13
2
38
9
33
11
5
8
13
32
11
3
11
36
29
18
6
3
6
34
10
1
10
35
27
22
12
5
3
39
1
12
1
2
2
15
40
11
34
4
2
30
1
7
30
2
23
3
1
30
8
11
31
7
24
5
2
32
9
12
35
6
28
28
4
31
6
22
7
32
2
3
2
11
36
13
30
4
29
1
5
32
8
25
15
6
36
6
10
38
6
30
23
15
7
3
43
6
12
17
4
8
43
7
37
20
17
6
10
2
6
42
8
11
16
6
8
42
11
37
22
16
5
9
1
5
42
10
7
18
3
5
45
7
39
20
14
8
7
1
45
14
4
1
20
1
50
9
43
30
4
18
11
13
6
13
8
16
49
21
5
2
2
27
3
5
51
15
45
39
12
25
14
19
10
21
16
28
55
26
4
10
3
33
7
12
12
56
20
51
31
10
25
16
19
11
22
19
33
53
5
24
1
19
4
32
7
15
17
56
18
52
21
15
7
4
4
4
18
41
15
4
18
1
4
42
36
7
36
12
30
15
11
1
7
8
21
53
25
5
27
12
10
7
54
49
7
54
21
43
22
23
6
18
12
25
64
5
31
20
34
22
23
18
62
8
57
7
49
19
42
19
27
2
23
9
22
64
35
22
33
24
27
21
62
13
57
1
35
11
34
16
26
2
25
10
24
59
33
25
32
17
22
21
60
56
27
5
24
11
23
1
25
11
25
50
29
23
26
8
15
20
55
50
23
3
19
8
25
2
29
12
27
47
28
23
23
3
15
23
48
44
18
16
7
24
3
29
12
26
45
27
2
24
21
14
23
45
42
20
3
20
12
28
8
34
15
29
48
31
10
27
22
4
18
27
50
45
26
1
21
9
25
6
30
10
22
48
28
11
24
23
3
16
23
48
42
29
5
23
16
24
12
26
6
9
49
3
27
17
20
1
26
5
14
20
49
44
21
15
8
17
7
19
45
2
21
18
15
2
18
5
10
45
41
5
36
17
4
10
36
32
10
37
15
6
13
39
34
6
34
6
9
10
35
31
6
35
8
9
9
38
35
14
3
39
11
14
14
38
34
18
1
7
43
3
14
15
15
41
35
13
4
1
4
39
2
9
9
13
42
36
26
9
16
14
1
5
13
46
7
14
15
1
3
20
5
6
3
46
41
29
11
18
14
1
3
9
13
45
5
13
10
21
7
8
6
47
43
15
8
5
1
2
34
12
37
31
18
11
17
15
3
6
6
2
43
3
7
5
20
5
7
6
45
3
39
2
18
9
17
13
6
6
3
5
42
4
9
4
5
22
7
9
9
46
17
42
11
29
14
23
15
12
7
9
4
46
7
9
2
6
26
12
13
14
46
25
42
1
21
8
21
9
11
8
43
12
18
8
8
8
44
18
39
24
3
22
4
13
9
42
17
19
7
9
7
46
21
41
29
3
26
7
17
16
3
46
18
5
20
9
13
12
45
25
40
25
4
24
7
19
1
20
6
6
48
26
13
18
8
13
14
45
20
40
25
6
22
10
21
4
25
13
16
48
30
1
19
25
7
14
17
49
20
45
22
3
18
9
18
4
22
12
17
41
28
2
19
18
3
11
15
41
15
36
22
20
9
20
7
24
13
16
44
30
8
20
12
3
14
19
40
18
36
17
19
3
19
6
23
13
9
42
29
11
19
18
10
19
39
19
37
17
19
2
19
5
20
11
2
41
27
12
14
16
6
18
39
34
14
21
2
19
5
20
11
44
25
13
10
13
6
18
41
10
37
16
22
16
17
6
42
20
14
5
14
3
12
37
20
34
23
2
29
17
17
3
49
22
19
4
15
7
7
12
43
20
40
31
10
31
13
14
52
18
16
16
13
7
5
47
24
41
2
39
14
29
10
10
51
13
3
12
15
8
47
7
41
12
43
23
34
7
16
16
56
1
26
4
16
22
17
7
51
7
45
16
37
23
38
13
23
23
2
63
7
31
14
10
7
24
24
23
18
55
15
3
50
23
2
24
1
12
13
4
52
19
6
7
14
6
7
6
47
4
43
20
1
18
1
9
8
2
12
46
18
6
4
15
43
38
22
4
24
7
15
14
12
21
51
22
12
12
20
3
2
3
48
43
20
21
11
9
5
14
47
19
3
9
18
42
39
1
32
9
30
6
19
18
8
20
55
27
6
18
2
27
7
8
6
53
49
30
2
24
3
12
10
13
48
20
12
21
46
41
23
17
4
2
5
41
13
4
13
36
32
28
21
9
9
9
45
18
10
17
41
38
18
17
9
11
9
40
19
10
17
37
34
12
19
12
15
14
38
17
15
13
1
3
33
30
22
25
2
19
23
6
24
43
26
23
18
3
9
13
40
36
2
30
9
30
11
23
3
29
17
32
50
8
38
1
26
3
27
11
17
23
46
44
2
32
8
27
8
18
25
16
29
51
31
27
22
8
12
18
45
43
5
33
10
25
8
16
21
15
31
51
31
25
22
9
10
14
47
44
3
34
12
26
13
16
1
19
18
33
52
9
31
2
25
25
10
13
15
49
45
25
5
19
7
9
10
14
24
46
25
1
19
25
4
9
10
47
44
2
19
3
14
2
1
11
14
42
20
2
9
24
1
3
4
42
40
19
1
12
4
3
36
12
4
17
39
35
17
4
14
37
11
5
1
22
39
35
15
6
34
3
16
33
30
18
4
34
3
1
14
35
32
31
2
14
1
6
46
16
18
1
27
5
45
42
23
7
37
7
14
17
2
37
32
10
7
1
28
3
9
17
10
7
28
25
9
7
12
6
8
4
11
8
1
27
6
6
27
8
7
18
24
23
7
8
10
8
9
6
13
15
13
21
6
1
28
1
8
20
17
14
6
10
9
9
16
26
29
6
13
6
28
5
19
11
8
5
11
5
14
9
23
38
47
2
18
6
5
29
12
3
4
7
22
18
2
15
10
1
14
5
17
7
26
40
53
22
4
11
23
20
6
7
22
20
19
5
6
10
1
19
32
50
16
6
13
22
2
12
12
10
11
1
12
5
14
4
24
31
58
23
5
16
13
33
6
14
11
23
14
1
20
1
6
1
8
18
21
50
17
5
14
5
32
8
2
20
50
17
3
3
30
7
2
26
1
7
102
5
1
24
14
11
28
11
15
210
13
9
10
11
12
4
12
311
10
10
2
5
9
356
8
1
15
5
1
11
367
10
10
7
310
8
2
187
10
3
5
38
4
1
1
1
5
19
8
5
2
3
7
17
17
1
4
21
11
7
5
2
6
21
20
4
12
13
6
3
4
11
2
10
5
29
21
17
22
1
6
10
33
4
31
6
23
19
11
7
8
14
5
18
4
37
3
23
1
23
26
8
9
10
40
5
38
21
35
31
25
12
18
23
9
25
9
46
9
27
6
31
4
34
20
18
16
48
13
14
46
19
36
30
28
11
19
21
1
17
15
45
4
33
22
33
21
17
10
45
7
12
45
20
45
29
32
13
21
20
5
22
49
3
31
11
33
23
18
8
50
6
38
10
48
19
40
32
32
15
23
21
10
47
24
7
2
31
24
19
11
50
10
41
9
48
6
30
22
27
12
20
18
6
41
20
26
15
18
12
39
35
4
38
17
31
30
31
23
25
1
25
45
6
21
4
6
2
31
19
25
24
43
8
25
10
42
3
21
18
25
21
21
4
22
1
15
40
7
17
8
4
7
26
13
21
25
40
15
14
39
7
8
5
3
5
14
24
5
2
7
3
9
23
1
20
15
1
8
15
2
13
7
5
12
6
5
2
9
1
8
13
3
2
8
15
15
10
7
8
1
4
14
16
6
10
13
4
1
13
17
17
1
14
1
1
22
3
25
10
12
15
7
6
18
22
8
1
6
1
14
3
10
17
5
7
13
10
11
11
4
8
8
16
7
9
18
22
14
10
16
1
3
18
13
19
9
7
17
10
8
15
7
8
10
14
6
3
15
14
12
4
15
1
6
3
4
