1092
1148
1075
1080
1023
1064
1037
1068
1062
1020
1095
1011
1061
1044
1025
1049
1017
1099
1042
1051
994
1101
2870
2880
2947
2840
2849
2787
2844
2807
2837
2849
2802
2891
2786
2848
2814
2784
2833
2787
2868
2822
2833
2760
2865
360
1577
1580
1650
1545
1554
1498
1547
1518
1548
1556
1534
1598
1498
1555
1526
1496
1546
1502
1573
1530
1540
1477
1568
2123
2124
2193
2089
2095
2039
2093
2059
2084
2090
2065
2137
2037
2085
2061
2032
2073
2042
2114
2065
2075
2014
2117
1888
1893
1960
1850
1858
1804
1859
1824
1849
1858
1838
1905
1809
1853
1828
1795
1848
1808
1877
1833
1843
1783
1879
1782
1788
1855
1749
1756
1705
1759
1725
1747
1752
1734
1801
1706
1750
1726
1701
1748
1706
1775
1728
1738
1686
1778
1886
1897
1959
1852
1857
1809
1864
1827
1847
1857
1838
1905
1811
1851
1827
1800
1846
1808
1877
1833
1841
1785
1879
1632
1640
1703
1596
1601
1555
1609
1572
1591
1597
1584
1649
1555
1590
1569
1541
1587
1551
1622
1578
1584
1532
1625
1761
1765
1832
1723
1726
1683
1738
1702
1718
1725
1709
1773
1684
1717
1695
1668
1713
1678
1747
1705
1711
1656
1753
1580
1588
1650
1542
1543
1503
1558
1522
1535
1542
1533
1590
1505
1536
1514
1487
1531
1499
1566
1524
1529
1480
1572
1603
1615
1673
1565
1566
1526
1582
1544
1556
1561
1559
1620
1530
1554
1535
1508
1553
1518
1589
1546
1550
1506
1597
1537
1544
1603
1494
1495
1459
1513
1476
1486
1493
1491
1548
1464
1486
1465
1440
1480
1453
1517
1477
1480
1437
1529
1475
1483
1542
1435
1435
1402
1455
1419
1425
1434
1430
1486
1401
1427
1404
1383
1421
1397
1456
1417
1420
1378
1468
1461
1470
1526
1420
1418
1387
1441
1405
1411
1419
1417
1473
1388
1407
1389
1366
1408
1380
1441
1401
1405
1363
1454
1387
1397
1447
1342
1339
1311
1365
1328
1333
1342
1339
1385
1312
1328
1312
1287
1328
1302
1362
1323
1326
1287
1376
1366
1382
1432
1325
1325
1294
1351
1312
1317
1326
1323
1382
1297
1311
1296
1268
1312
1288
1347
1307
1310
1271
1357
1302
1317
1372
1265
1263
1235
1291
1252
1255
1264
1262
1332
1236
1251
1232
1213
1242
1227
1286
1246
1249
1211
1295
1273
1284
1340
1232
1230
1204
1260
1221
1223
1231
1229
1289
1204
1219
1202
1181
1223
1194
1253
1215
1216
1179
1261
1235
1244
1301
1189
1190
1162
1221
1179
1183
1189
1191
1249
1166
1176
1161
1136
1176
1154
1212
1173
1175
1138
1222
1192
1203
1259
1150
1149
1123
1181
1140
1142
1149
1149
1205
1125
1137
1119
1098
1135
1112
1172
1133
1133
1098
1181
1157
1174
1227
1119
1116
1093
1149
1109
1109
1117
1115
1172
1093
1102
1087
1065
1104
1082
1139
1102
1101
1069
1147
1118
1128
1187
1074
1074
1050
1109
1067
1068
1076
1078
1134
1053
1057
1045
1025
1060
1044
1096
1059
1059
1027
1107
1088
1100
1159
1045
1044
1021
1079
1038
1038
1046
1051
1105
1025
1032
1015
997
1034
1015
1066
1029
1028
996
1077
1054
1069
1123
1013
1007
988
1043
1003
1000
1009
1016
1069
990
995
978
959
992
976
1031
994
991
965
1044
1022
1037
1090
980
974
956
1011
972
968
977
985
1040
958
964
945
929
962
947
998
962
959
932
1012
992
1008
1060
949
941
927
978
941
934
945
954
1007
926
933
912
898
930
917
968
931
927
900
981
963
976
1030
917
910
894
948
909
904
912
923
975
895
899
881
865
898
884
936
899
894
870
951
930
945
1000
886
881
864
920
881
876
885
894
945
868
871
852
836
871
856
906
870
865
841
918
905
916
972
857
849
835
891
850
846
855
867
918
841
840
824
806
839
827
876
839
834
817
894
872
890
942
829
821
806
863
822
817
826
836
890
810
811
794
777
809
800
848
812
806
787
861
837
857
911
799
793
778
834
794
788
798
800
861
782
782
764
746
778
772
816
783
778
761
823
811
828
879
771
765
752
809
769
762
772
772
831
753
756
738
724
757
745
787
756
752
731
796
779
798
848
743
737
728
783
744
735
746
743
802
725
730
710
701
729
716
757
729
726
701
766
755
771
821
716
711
701
758
719
711
721
719
778
702
704
686
673
702
693
729
702
701
684
742
732
753
796
694
686
679
734
696
688
698
696
756
677
682
662
651
682
669
707
678
677
661
719
709
728
770
672
662
656
710
673
665
675
671
732
654
658
638
627
656
646
683
655
652
628
693
689
704
747
647
640
632
687
648
641
651
651
707
632
630
615
601
635
621
660
632
629
605
673
664
684
725
624
617
607
664
625
617
627
628
685
610
606
592
577
612
598
638
608
605
589
650
642
656
705
602
596
584
641
602
594
604
610
665
589
585
569
555
590
578
616
587
582
570
629
620
643
682
582
574
566
620
582
572
583
588
644
568
565
548
535
567
557
596
566
561
552
607
600
625
661
563
553
546
599
560
551
562
564
622
545
544
526
513
544
536
576
547
540
524
586
579
599
641
537
533
521
580
538
531
541
543
604
525
523
507
494
525
518
554
525
518
507
565
558
575
621
517
514
502
561
519
512
522
523
582
507
504
488
475
508
500
534
505
499
489
545
541
554
602
498
496
483
542
500
493
502
505
560
488
482
469
455
486
479
514
486
480
468
526
521
539
582
477
477
463
523
481
474
484
486
541
471
464
450
436
464
459
496
467
461
449
505
502
520
564
461
458
446
505
462
457
466
470
524
454
446
434
417
455
443
478
449
443
431
487
491
503
548
443
442
428
488
444
439
448
454
509
435
428
416
398
439
429
460
432
426
418
475
471
490
530
428
424
413
472
429
422
432
437
493
419
416
399
387
419
411
444
415
410
403
456
447
467
510
412
407
400
456
415
408
418
417
477
401
403
383
374
404
395
426
399
394
386
434
435
454
493
396
390
382
439
399
390
401
402
461
383
383
365
355
383
382
410
383
378
373
421
421
444
480
382
375
369
424
383
374
385
388
448
368
367
349
341
370
363
396
368
363
360
407
406
424
466
366
361
354
409
368
361
370
375
430
356
353
336
326
358
348
381
353
347
339
393
394
409
452
351
345
340
394
353
346
355
361
414
342
337
320
310
339
332
367
338
332
325
379
377
393
438
336
332
326
380
340
332
342
345
402
327
325
307
296
326
318
351
323
318
315
362
365
378
425
320
319
310
366
326
320
330
333
385
315
310
294
283
316
306
336
308
305
296
351
354
368
415
310
305
298
353
314
307
317
324
374
302
297
282
272
303
294
325
296
291
285
342
337
353
400
297
292
286
340
301
296
305
306
361
288
285
269
259
289
282
312
283
278
274
321
325
336
387
285
279
272
326
286
281
290
289
345
276
271
256
244
275
266
299
270
265
258
307
308
327
377
276
266
262
313
273
267
274
279
332
262
258
243
230
260
252
288
259
252
246
295
297
319
367
261
255
246
302
261
255
262
267
324
252
247
232
219
251
242
277
247
240
233
284
289
308
357
251
245
235
290
250
243
251
259
314
241
235
219
206
239
229
267
235
229
226
276
274
291
343
238
233
224
278
238
229
238
243
298
227
222
205
191
223
218
252
224
217
213
260
262
282
332
225
222
212
266
227
217
228
230
288
216
212
194
184
209
206
241
213
206
198
247
248
267
319
217
209
204
255
219
209
219
218
277
206
204
185
179
202
195
230
203
197
190
234
238
253
305
206
199
194
246
208
201
210
206
267
193
195
176
167
200
188
218
193
186
180
222
230
248
296
196
190
186
235
201
191
202
198
260
184
188
165
160
185
180
210
183
177
174
214
220
239
286
187
178
175
225
191
181
192
188
251
174
179
155
150
176
171
201
173
167
167
205
214
230
278
177
170
164
216
180
172
183
181
241
166
168
148
140
168
162
191
163
158
156
198
202
218
268
168
160
155
207
171
163
174
171
229
156
158
138
131
158
152
182
154
149
147
187
191
206
257
158
152
144
198
160
154
165
159
219
145
149
128
121
148
143
171
144
140
131
176
181
199
249
149
144
136
190
151
146
156
151
213
138
140
121
112
141
134
162
135
131
129
167
172
193
239
140
136
127
182
142
139
147
143
205
130
130
114
103
134
127
154
127
123
122
158
170
188
232
133
128
118
174
134
132
140
139
198
124
124
107
96
128
119
146
119
115
114
155
162
182
225
125
121
110
167
126
125
132
131
192
117
116
99
88
123
113
140
110
106
110
147
155
174
220
118
115
102
158
117
116
122
124
183
109
107
92
79
112
104
135
103
99
101
140
150
159
215
115
108
96
151
110
107
113
117
173
102
100
85
71
103
95
129
97
91
94
133
139
155
207
108
101
89
143
102
99
106
110
169
95
93
77
63
93
88
122
91
84
86
124
134
155
201
101
95
81
136
95
92
99
106
169
90
87
71
54
91
82
118
85
77
83
120
135
148
196
97
88
75
130
88
86
92
101
161
84
80
66
46
92
75
112
80
70
77
119
127
144
188
89
82
69
122
82
80
86
93
157
77
77
59
47
82
70
104
72
64
72
111
116
136
179
82
76
63
116
76
74
80
85
149
68
72
51
40
76
64
97
65
58
62
100
112
132
171
76
68
58
111
71
70
75
81
145
66
66
47
32
70
57
91
58
52
63
96
107
125
163
68
63
49
104
64
62
68
73
139
57
58
39
27
61
51
84
51
46
59
90
98
113
156
59
58
42
98
56
55
60
67
129
50
50
32
19
55
46
76
45
40
48
84
92
104
150
52
52
37
91
50
49
54
62
121
44
46
27
16
47
39
69
39
34
40
78
85
100
142
48
47
31
85
45
42
48
51
112
37
38
20
7
40
32
63
35
29
30
67
75
94
136
45
42
25
80
39
36
42
49
105
34
30
14
34
23
58
29
23
22
63
72
86
131
38
37
17
73
32
30
35
44
98
27
24
8
27
17
54
23
17
16
58
65
78
124
32
31
13
68
28
25
32
35
93
20
19
3
24
13
48
19
13
12
50
60
76
119
29
26
10
63
25
21
27
32
88
15
16
17
9
44
15
8
5
46
57
71
113
24
21
6
58
21
15
21
26
84
9
12
9
2
39
10
4
1
41
50
63
108
17
15
51
16
9
17
21
78
3
6
32
4
36
46
60
104
14
11
48
12
6
14
16
73
3
2
29
32
44
55
101
11
7
44
8
3
10
13
69
2
25
28
37
48
96
9
2
39
4
7
8
63
21
22
31
45
93
36
6
1
62
15
17
30
42
92
32
2
57
12
14
20
38
86
27
53
8
6
18
35
83
24
52
5
4
14
29
78
19
45
7
23
72
15
42
8
21
72
11
38
6
20
71
8
35
3
17
68
5
33
9
65
2
26
5
63
24
7
59
21
52
17
50
17
1
47
14
47
11
46
12
45
10
44
11
40
9
38
8
36
6
34
2
34
3
12
33
3
31
28
23
18
13
11
9
5
1
1
28
59
52
40
52
56
37
39
48
57
45
37
46
49
37
28
31
35
26
14
13
29
26
12
14
25
23
15
14
30
38
22
18
38
47
42
41
47
57
47
40
50
63
56
43
52
67
65
59
61
80
84
73
75
90
96
87
84
96
96
81
68
65
67
37
11
3
2
2
3
2
1
1
1
1
3
2
1
1
4
1
1
2
2
4
1
1
7
6
5
6
6
3
4
4
4
7
4
6
5
6
8
8
6
7
7
8
15
5
5
7
2
3
1
6
9
9
9
5
9
4
5
7
7
7
7
8
9
6
8
5
7
10
7
7
14
6
1
1
4
2
8
8
1
2
2
4
9
9
5
2
2
1
2
3
4
4
1
3
7
2
7
1
2
9
5
4
2
5
7
9
1
2
6
3
1
1
3
5
9
6
7
8
2
8
8
9
2
2
2
7
2
2
5
3
1
8
2
2
7
8
2
3
1
5
3
5
2
4
5
1
7
2
4
6
2
4
1
4
9
2
1
5
1
2
2
3
3
9
2
9
7
8
10
2
2
1
4
4
11
2
5
5
9
3
5
8
10
7
12
10
14
8
5
4
4
8
1
4
3
7
2
6
5
9
4
7
10
16
7
7
1
1
5
4
8
4
3
4
8
1
8
1
1
7
10
7
14
14
8
3
4
3
10
6
3
1
3
4
8
4
7
10
15
11
4
12
12
8
5
1
3
2
9
4
2
2
1
6
2
7
8
12
3
11
3
9
14
6
4
2
3
2
3
1
2
1
1
3
6
5
5
4
5
7
5
3
2
1
4
1
1
2
6
3
9
4
3
1
4
1
1
3
2
5
5
8
12
5
3
2
2
1
4
3
3
1
5
2
3
6
10
6
11
5
2
4
1
3
2
2
7
2
4
3
3
4
2
3
3
3
8
5
2
7
14
4
4
3
2
2
1
1
9
4
5
2
3
4
2
3
3
9
3
7
10
4
3
2
1
1
6
2
4
5
1
4
1
2
1
1
8
4
1
2
4
2
2
1
1
1
1
4
4
1
1
3
5
4
7
3
3
1
3
3
2
2
1
1
5
4
6
11
3
1
3
1
1
1
4
2
2
2
1
2
6
8
10
5
2
3
1
5
2
3
3
3
1
4
9
3
9
12
9
5
3
1
7
3
2
3
2
1
5
12
9
7
18
8
9
3
4
1
1
8
1
4
3
5
2
6
1
1
10
7
7
10
8
8
4
3
5
5
1
1
7
9
6
7
1
3
3
2
3
1
8
7
11
7
2
4
1
6
4
1
9
1
6
12
9
4
5
1
1
7
1
6
1
1
8
3
12
14
10
4
3
4
1
2
2
1
9
4
1
2
6
3
8
2
2
13
2
12
15
9
7
5
5
3
1
1
11
3
3
1
6
2
3
8
3
2
14
1
11
13
7
6
3
4
3
2
9
2
3
7
3
2
7
3
3
14
7
12
16
6
6
3
4
4
1
3
9
4
3
2
8
4
3
7
3
3
13
9
14
13
6
7
5
5
1
5
3
4
10
5
5
3
9
4
7
3
3
13
5
1
10
10
5
6
4
4
1
4
3
5
9
5
4
3
8
3
4
6
2
4
12
2
7
14
5
6
5
3
1
3
4
4
9
3
4
7
8
2
5
1
3
10
5
9
15
4
7
4
4
1
3
4
5
8
2
1
3
7
3
1
5
3
10
7
8
12
3
6
5
3
2
3
4
6
8
3
3
6
2
2
5
1
3
9
1
13
10
5
6
6
1
2
2
3
3
10
3
2
3
4
1
3
13
11
12
4
6
4
1
1
1
9
2
4
3
12
8
13
5
7
5
2
2
2
9
2
5
1
4
13
4
16
16
8
8
7
3
1
2
1
4
12
2
1
7
2
3
18
2
17
19
9
8
7
4
2
2
3
4
14
4
1
2
7
3
7
2
3
18
1
15
20
9
8
7
5
3
3
5
4
15
5
3
3
9
5
1
8
2
4
20
6
15
15
7
8
7
4
3
2
6
4
13
3
3
5
7
4
3
8
1
4
16
9
13
17
4
8
7
4
4
2
6
4
10
4
1
6
7
4
7
2
4
14
4
10
15
2
7
6
5
3
3
6
4
8
3
1
5
6
5
2
5
13
10
8
1
5
4
5
3
2
5
4
7
4
1
3
7
3
2
4
12
1
9
12
3
6
6
6
1
4
4
3
8
3
1
2
8
1
4
2
5
13
7
13
12
4
7
6
6
2
5
5
6
9
2
2
5
10
7
1
5
2
5
15
5
13
15
4
8
7
8
3
7
6
7
10
5
4
5
11
3
3
5
2
5
14
1
8
15
1
7
6
8
2
6
5
6
8
3
4
5
10
4
2
2
1
6
11
1
12
15
2
2
5
3
3
5
7
7
10
4
6
7
11
6
4
1
6
14
9
10
17
3
2
6
4
3
5
8
7
13
7
4
8
10
9
4
2
6
15
11
14
20
4
3
8
3
4
2
7
5
15
7
2
8
7
9
2
4
17
6
17
21
8
6
9
3
4
3
8
7
16
9
5
8
10
8
6
5
5
19
6
19
16
9
7
8
5
5
5
10
9
18
12
4
12
12
12
10
7
6
22
15
2
23
22
11
7
10
4
5
3
12
9
21
1
11
6
12
10
12
9
7
5
26
14
17
4
22
23
10
9
9
4
5
3
12
9
20
1
11
5
11
11
11
10
7
4
24
13
10
2
21
19
9
5
8
5
5
4
11
7
18
11
7
11
15
11
7
5
5
23
10
9
22
21
9
5
8
4
4
2
9
6
17
9
6
9
12
12
8
4
5
23
14
11
1
25
19
11
5
8
4
3
2
7
5
19
10
3
10
11
11
7
5
5
25
21
14
19
22
11
7
9
4
4
3
9
6
21
12
4
10
11
11
5
6
1
5
23
7
14
19
25
11
10
10
8
3
4
8
7
20
12
6
9
12
9
7
8
3
6
22
10
23
24
12
9
9
7
3
3
7
6
23
13
3
8
12
6
5
8
3
5
27
16
25
26
13
9
9
5
3
2
8
6
24
13
2
11
10
17
4
8
3
3
28
21
27
27
14
9
11
6
4
3
8
7
24
14
4
11
12
16
5
9
3
4
30
15
27
27
15
10
10
6
3
4
7
7
24
13
3
10
12
10
5
10
4
5
31
10
26
25
14
9
10
6
3
4
7
7
21
10
3
9
12
13
6
10
5
5
29
10
24
24
14
9
9
5
2
3
6
5
20
9
3
8
11
9
6
10
3
5
27
14
28
23
14
10
10
5
3
2
6
5
23
10
8
9
9
1
10
3
5
30
12
25
24
11
10
10
5
3
1
6
4
22
9
7
8
7
9
3
5
28
5
22
26
9
7
9
2
4
7
5
20
11
8
8
7
8
2
5
25
7
28
27
10
5
10
2
3
6
4
21
11
8
7
6
7
2
5
29
14
24
26
8
6
11
3
3
5
2
21
7
6
3
2
7
2
4
27
11
25
30
8
5
10
3
2
4
3
23
10
6
9
8
2
4
29
6
28
27
8
5
11
3
2
2
2
22
8
4
10
3
8
3
4
32
5
26
28
8
6
10
3
1
2
21
7
4
6
8
8
3
4
32
9
29
29
9
8
11
4
1
2
24
9
5
8
1
10
4
4
32
12
31
20
8
7
12
3
2
3
1
25
8
5
5
3
10
3
4
34
6
32
28
7
7
12
3
2
2
1
23
8
4
4
10
3
4
33
3
30
30
8
8
13
3
1
2
26
9
4
5
10
3
4
34
11
33
29
8
6
12
4
3
5
3
27
14
8
7
6
9
2
5
36
17
38
39
7
9
12
6
3
1
4
3
28
11
1
7
9
4
11
4
5
38
8
39
35
7
11
13
6
3
4
1
28
11
6
8
5
10
5
5
40
9
37
34
9
10
12
6
3
3
1
30
14
1
8
9
6
10
5
5
42
17
39
35
11
10
14
5
1
3
33
14
1
7
8
6
12
5
4
45
20
41
38
11
10
14
4
1
3
34
14
7
8
7
12
5
3
45
14
42
39
12
10
15
4
1
2
32
14
7
7
6
13
5
3
44
10
43
38
12
12
15
3
1
2
31
14
7
7
7
14
5
4
44
16
38
37
10
15
14
5
1
2
30
12
7
7
7
15
6
4
42
18
39
37
8
16
14
7
2
4
31
13
7
4
