27
28
30
18
15
31
8
2
5
2
12
168
34
28
26
25
15
6
13
28
6
4
1
10
169
31
26
27
38
26
10
30
40
15
16
10
13
188
5
27
20
6
25
46
30
18
40
44
21
23
16
13
204
9
13
19
18
32
13
9
26
30
16
10
11
7
191
20
12
16
2
12
23
7
7
183
5
4
18
11
23
5
8
26
26
10
9
10
1
198
17
26
1
2
16
11
9
27
5
8
38
27
21
16
10
3
1
206
6
14
1
10
23
12
10
2
189
9
16
7
173
13
17
1
9
21
189
1
11
14
22
30
3
46
6
18
3
2
1
6
193
11
26
24
20
19
28
8
47
23
37
6
64
10
59
8
6
3
19
32
121
16
12
25
17
19
16
7
33
11
30
1
53
4
50
5
1
11
22
99
5
19
8
23
1
7
20
6
21
39
1
39
4
1
5
16
86
4
22
13
23
6
10
24
13
28
8
45
9
43
1
9
2
6
25
88
30
28
22
20
15
11
29
18
35
14
54
14
51
9
12
4
7
29
86
20
19
11
20
1
7
14
10
21
4
36
3
36
7
1
22
71
10
20
2
14
17
1
7
47
8
19
1
11
12
4
4
47
9
7
12
12
4
17
14
10
11
48
10
14
9
4
11
11
14
36
7
13
12
3
9
10
34
15
20
14
9
12
17
46
29
30
13
17
18
1
15
26
19
32
52
28
33
5
12
16
21
20
26
16
32
67
19
1
25
15
6
12
9
18
9
23
52
12
26
17
10
12
18
10
18
49
25
29
8
16
19
24
31
28
15
36
63
37
25
8
18
3
25
27
35
36
13
43
48
22
21
21
1
6
9
21
22
7
27
44
19
12
26
6
2
4
20
18
7
25
42
1
29
12
24
10
12
6
12
1
35
8
32
10
27
59
3
31
10
21
8
17
9
12
38
5
32
10
30
71
22
22
5
4
21
17
3
18
34
12
24
1
7
7
9
31
23
24
3
4
19
17
2
22
45
38
10
1
21
3
10
10
1
27
1
26
3
30
46
24
10
20
1
12
16
22
42
12
23
1
7
16
34
22
23
11
14
22
46
25
20
6
15
3
24
27
2
35
60
32
22
7
11
19
30
42
27
23
4
20
25
25
13
5
23
1
8
26
41
44
27
1
21
14
9
16
37
57
37
16
19
11
10
33
45
35
26
7
22
1
1
28
27
48
40
2
10
24
9
12
38
51
57
28
11
15
19
24
1
10
25
3
49
69
61
28
9
12
15
29
8
23
2
51
70
47
21
3
6
13
12
11
39
71
51
18
12
10
11
9
1
39
61
64
22
22
6
24
7
21
8
52
74
14
65
25
16
4
28
8
24
8
58
75
13
52
40
11
5
9
9
3
42
62
4
51
51
7
5
2
1
34
70
8
65
35
12
6
10
9
13
7
43
81
12
73
53
15
5
14
19
21
8
48
92
5
64
51
5
7
2
7
1
39
72
54
42
3
10
1
31
72
64
49
9
10
5
12
7
37
82
69
41
12
9
4
7
11
10
41
73
58
39
1
11
6
31
62
48
32
16
3
20
23
57
29
4
2
18
9
23
22
9
68
35
11
1
18
1
4
8
13
29
12
3
61
41
4
18
9
31
53
39
2
19
7
20
7
61
43
9
3
13
14
23
25
73
37
11
2
5
20
33
29
68
49
9
18
23
23
52
51
12
9
23
52
19
16
8
17
63
37
7
22
17
32
63
43
4
20
14
28
47
2
16
1
47
29
4
18
69
63
8
22
22
14
75
55
4
21
30
9
59
47
14
12
53
39
11
9
64
44
16
14
7
67
54
15
16
6
62
37
10
12
57
30
5
7
7
7
70
57
4
10
13
21
9
8
78
40
3
8
15
29
11
5
69
59
1
5
9
19
1
1
57
53
5
5
6
10
5
57
48
1
7
5
1
9
15
61
58
7
18
5
15
13
45
25
1
3
17
3
33
32
9
40
47
51
54
7
40
48
56
6
66
9
33
50
1
3
43
15
36
40
4
9
22
54
33
3
15
2
31
58
62
11
2
25
45
69
1
6
12
46
52
3
7
12
59
54
4
11
10
7
12
3
59
34
6
19
8
14
4
6
52
38
10
11
1
2
15
55
63
14
1
20
8
23
68
63
12
6
14
8
35
4
21
46
12
73
68
8
7
22
13
31
3
21
59
58
9
3
11
17
11
4
50
46
9
2
7
7
2
9
65
60
8
5
24
12
21
14
4
77
68
9
8
33
24
4
35
1
23
66
68
12
5
23
12
28
18
57
71
1
16
2
17
3
22
9
66
61
6
16
3
25
2
16
4
33
18
34
69
57
8
14
4
34
5
2
13
25
9
44
32
72
4
57
40
10
15
1
26
2
14
34
14
59
46
45
10
18
15
5
22
5
47
43
75
7
16
25
15
33
10
74
59
80
7
12
1
40
3
10
29
10
47
2
17
94
54
61
8
14
2
37
1
7
25
7
41
17
69
41
61
11
18
2
29
14
29
8
54
3
47
80
15
19
5
35
2
22
6
32
12
74
3
2
53
79
12
17
9
48
14
2
11
36
17
43
4
19
85
4
43
68
8
14
6
41
6
9
26
9
40
11
75
5
27
56
9
17
5
28
10
21
56
8
32
66
10
19
10
34
6
16
3
23
57
7
40
59
10
18
15
49
19
12
33
15
38
7
87
2
38
41
11
17
14
46
10
6
29
10
35
83
2
26
50
6
18
9
30
11
21
63
4
21
45
6
19
6
27
8
18
62
36
70
10
18
8
40
3
10
23
6
33
72
36
78
7
19
10
43
5
2
14
27
9
41
3
80
24
57
8
24
9
32
7
15
1
35
77
21
59
16
29
9
29
2
13
14
3
36
87
1
37
55
19
31
14
43
3
11
27
33
18
51
16
109
4
47
73
18
29
15
47
4
11
28
41
21
64
21
3
114
31
62
18
30
10
35
3
16
28
9
60
4
106
25
43
17
32
9
30
5
21
5
48
98
34
46
14
28
10
40
14
35
12
55
6
114
37
46
10
21
7
46
16
41
11
57
8
2
121
23
46
6
16
37
30
45
107
10
41
5
13
29
19
33
93
15
47
3
8
36
24
33
105
29
62
3
47
37
46
1
127
24
43
2
39
29
42
114
12
36
6
7
28
15
31
104
23
38
13
11
37
28
43
130
40
43
11
11
55
2
9
49
5
63
1
9
155
42
51
10
15
2
52
7
7
45
5
63
1
14
160
26
42
15
21
38
28
52
7
149
1
25
60
15
22
1
38
6
32
52
2
161
8
42
61
8
20
6
48
3
3
2
15
47
13
65
5
15
182
6
39
44
5
19
3
39
10
38
5
57
6
168
16
48
2
22
23
15
39
145
8
41
23
21
11
38
147
19
45
18
30
2
23
41
159
22
32
14
31
26
44
151
8
17
1
16
20
14
37
137
9
25
5
20
23
17
39
137
31
36
4
19
43
4
4
6
43
59
12
155
40
41
1
5
17
54
16
16
11
54
69
22
165
29
23
5
16
45
5
4
41
60
12
147
20
19
6
15
41
34
53
3
130
3
28
44
1
2
11
52
5
6
5
49
60
14
133
35
40
5
59
15
14
1
59
70
21
139
21
14
1
45
39
57
4
117
4
15
27
2
33
27
48
102
32
46
37
1
38
58
9
103
45
42
4
42
9
12
48
68
20
104
20
46
48
1
2
30
7
5
37
68
19
96
16
34
33
5
16
23
56
9
77
1
18
40
35
7
21
30
61
12
65
18
53
54
1
5
33
4
8
43
69
21
74
9
48
54
6
30
4
4
38
66
18
69
1
7
37
40
11
19
26
60
8
46
7
46
43
15
23
33
61
13
54
4
11
59
58
2
15
37
14
13
1
48
77
29
71
7
13
55
46
3
14
37
17
12
5
47
77
34
66
4
4
46
37
6
18
30
32
61
18
49
2
1
45
36
10
25
35
2
34
62
19
42
8
5
61
41
8
28
9
51
12
11
15
53
12
75
3
34
49
14
6
65
59
1
5
28
13
57
17
14
15
56
16
78
7
5
37
61
7
3
47
51
5
29
10
43
4
2
5
39
5
64
2
24
39
6
42
39
5
28
5
34
30
54
14
22
11
56
61
8
3
23
4
42
4
6
1
42
5
71
1
26
41
13
60
46
6
16
2
44
24
18
4
46
5
76
1
40
51
12
49
41
6
12
26
4
1
25
58
25
22
4
40
35
4
10
14
11
53
19
19
52
28
9
8
27
9
7
27
62
30
38
12
64
53
17
5
35
17
17
38
72
35
41
10
57
46
14
4
21
13
9
23
64
32
27
50
20
10
7
9
3
9
54
23
15
1
58
34
14
2
8
15
11
9
19
62
32
34
72
52
21
4
7
26
23
21
34
75
1
42
39
63
37
13
6
6
21
16
16
27
70
34
17
52
66
5
7
8
12
4
5
15
57
24
25
57
62
7
9
7
19
10
11
27
67
26
36
64
48
2
5
2
34
29
32
47
83
1
41
43
2
59
52
1
3
30
22
29
44
82
34
48
7
39
37
5
1
18
8
15
29
71
20
24
6
36
42
6
1
20
7
18
32
76
20
29
7
54
40
6
34
18
30
49
91
4
28
48
16
57
46
14
4
21
13
9
23
64
32
27
50
20
10
7
9
3
9
54
23
15
1
58
34
14
2
8
15
11
9
19
62
32
34
72
52
21
4
7
26
23
21
34
75
1
42
39
63
37
13
6
6
21
16
16
27
70
34
17
52
66
5
7
8
12
4
5
15
57
24
25
57
62
7
9
7
19
10
11
27
67
26
36
64
48
2
5
2
34
29
32
47
83
1
41
43
2
59
52
1
3
30
22
29
44
82
34
48
7
39
37
5
1
18
8
15
29
71
20
24
6
36
42
6
1
20
7
18
32
76
20
29
7
54
40
6
34
18
30
49
91
4
28
48
16
74
52
4
2
12
24
23
19
69
12
46
37
66
46
3
12
9
3
58
9
36
24
53
34
7
2
38
6
23
17
57
31
3
8
1
41
12
28
26
75
54
14
7
8
12
14
12
52
18
37
35
68
64
16
3
1
4
8
5
43
15
30
20
56
50
7
5
31
9
21
3
63
46
5
5
29
12
28
18
8
84
66
21
2
14
15
14
44
19
40
38
4
86
68
22
3
16
16
15
44
18
45
36
11
76
53
20
8
7
5
34
11
38
30
23
86
43
23
6
6
15
12
13
42
13
44
36
21
103
56
36
4
3
26
33
29
36
56
21
63
50
18
4
112
79
41
6
29
37
30
38
59
19
68
26
14
102
68
32
11
20
11
16
39
14
57
9
99
82
32
2
6
15
5
9
31
13
54
10
1
112
80
39
1
16
23
13
22
41
19
63
7
1
117
73
44
1
17
27
13
23
42
23
67
16
110
69
41
2
11
1
24
20
57
20
1
103
51
41
9
13
19
46
19
7
115
69
46
11
9
22
25
54
17
8
116
71
44
5
15
2
20
27
63
7
6
103
63
42
4
3
22
45
9
6
93
48
37
7
18
32
4
11
102
53
43
5
24
40
4
4
110
63
50
4
27
44
1
94
36
44
23
35
84
63
38
1
19
28
93
83
43
3
22
35
2
106
75
46
1
9
26
45
10
102
54
37
6
20
37
5
2
83
44
28
1
14
23
11
9
88
60
32
3
18
25
25
101
61
31
4
11
23
37
34
93
63
21
6
6
19
31
18
80
63
14
6
13
13
1
79
70
5
3
12
12
85
60
6
5
18
13
82
58
1
4
3
18
12
7
68
57
4
12
12
63
50
4
12
17
72
47
2
17
9
18
67
33
4
17
6
17
49
19
12
19
47
30
3
12
28
60
27
9
20
32
9
67
27
11
23
12
36
16
64
62
13
20
7
50
13
57
47
13
18
58
17
68
36
16
23
14
53
23
86
51
24
3
24
26
36
24
82
50
15
10
18
23
31
29
71
54
7
1
11
11
16
34
36
75
57
6
3
31
11
20
31
48
83
49
9
4
13
1
21
53
13
31
29
47
73
64
1
5
10
17
52
8
21
26
42
59
54
6
4
43
2
7
15
46
64
48
7
3
11
45
5
14
5
40
79
66
10
15
25
54
10
30
16
29
74
67
10
10
20
50
9
23
14
20
65
66
14
34
4
10
11
24
62
59
17
27
5
4
14
19
67
59
14
4
32
10
8
9
18
66
58
9
27
9
8
7
16
47
57
9
14
3
10
2
38
43
13
11
3
2
11
46
42
7
21
8
2
14
48
57
2
26
8
10
33
40
5
6
1
5
31
53
9
7
13
49
52
14
16
6
17
25
61
49
16
25
10
4
22
25
47
61
17
14
7
21
21
37
34
21
3
7
5
16
1
51
60
21
3
19
10
28
1
7
56
72
12
10
29
12
37
9
12
45
52
7
7
17
5
18
8
25
48
4
2
1
4
14
26
51
5
5
17
3
37
47
1
11
8
26
34
33
6
6
14
29
20
2
3
39
36
3
5
12
10
25
64
51
9
3
28
18
35
19
6
54
69
58
11
4
34
22
42
19
16
46
65
69
13
9
6
30
14
32
15
7
43
64
66
10
12
10
39
22
39
16
4
13
54
77
77
16
11
7
54
8
11
40
49
21
9
20
70
77
85
11
7
4
48
6
5
31
44
19
6
21
70
60
62
7
5
30
7
26
11
9
41
63
65
9
6
22
18
10
5
30
73
78
9
3
30
6
4
23
16
14
61
77
62
1
3
1
33
9
3
22
16
12
66
65
45
3
3
18
7
11
44
61
67
7
8
10
3
9
51
78
65
7
9
3
21
9
19
15
18
74
81
29
11
5
5
2
22
8
22
19
15
81
69
68
3
7
8
8
12
7
72
64
87
1
9
1
8
1
68
74
79
7
8
13
6
14
8
84
85
85
11
7
4
25
8
18
18
19
98
74
68
8
2
7
16
7
14
11
90
65
63
3
9
10
10
10
6
84
81
59
12
14
11
23
11
16
16
106
99
77
23
16
12
5
40
11
18
30
22
32
131
101
102
26
21
15
10
45
12
1
23
36
19
5
36
131
88
90
20
24
19
11
40
7
15
28
15
10
26
113
90
81
24
24
19
12
48
16
24
36
18
16
25
119
98
94
26
18
13
5
13
65
30
4
10
40
47
22
24
36
144
86
86
14
12
8
5
55
18
1
27
38
18
18
28
120
73
66
9
8
7
34
2
17
13
10
8
94
67
67
5
6
31
11
12
9
4
85
68
56
11
4
35
3
5
17
18
5
5
94
67
43
8
3
29
11
17
2
90
54
49
3
1
7
8
11
61
56
57
10
6
11
5
2
15
75
81
54
27
7
13
24
4
4
25
24
21
90
5
92
69
41
8
13
2
36
14
1
12
19
42
28
34
93
3
88
81
42
9
14
2
33
8
11
15
41
24
1
28
78
92
72
45
10
16
4
36
12
2
16
22
49
25
7
32
57
7
103
98
53
8
13
14
9
10
56
29
20
37
43
68
32
20
51
80
9
111
87
59
2
23
11
23
13
68
36
25
45
54
79
33
3
30
51
76
4
97
77
50
15
11
17
12
62
28
16
38
44
67
25
4
33
41
51
3
1
89
73
45
9
12
8
10
56
23
8
28
35
56
23
3
32
35
37
17
1
101
72
52
17
10
18
12
64
33
15
36
46
65
27
4
35
42
36
20
7
111
83
55
23
7
29
14
73
37
27
45
56
75
29
4
38
52
27
14
9
106
65
52
17
6
21
9
61
21
19
33
42
59
24
2
34
46
12
98
76
44
8
8
10
5
50
11
11
23
29
49
18
3
32
40
10
101
77
44
13
9
18
10
61
21
17
31
41
56
20
6
37
45
7
10
115
74
44
20
9
34
15
77
32
28
44
56
70
21
9
44
52
8
10
6
111
72
33
16
13
34
19
79
31
27
43
55
72
14
10
47
50
3
6
96
65
23
1
8
19
25
21
73
25
17
37
48
67
5
11
46
40
6
1
98
67
23
1
9
22
30
25
79
32
20
46
58
77
7
12
48
41
3
13
17
115
81
23
1
12
20
39
29
90
42
39
58
74
10
92
12
11
48
58
18
21
26
116
88
17
2
1
19
29
27
83
34
38
54
65
4
89
10
5
40
59
10
28
24
100
78
15
4
24
9
26
66
23
23
39
48
77
7
32
43
23
17
103
87
13
14
29
5
30
65
28
25
38
49
3
80
9
31
48
6
18
10
122
98
21
18
31
14
37
75
42
38
50
63
19
94
16
33
62
34
30
2
123
95
25
20
31
12
39
72
39
43
50
61
19
94
17
30
67
39
32
116
98
20
25
34
36
54
25
37
38
41
9
83
12
24
63
20
32
119
112
24
28
37
37
51
27
37
1
41
38
12
84
14
24
63
32
38
131
103
37
28
35
10
39
61
37
53
9
56
8
56
22
95
5
22
27
80
47
28
9
138
111
41
28
5
30
12
34
57
30
58
11
57
7
56
19
94
7
22
21
84
51
22
9
122
99
30
28
26
23
37
10
39
1
37
33
3
77
16
10
69
16
31
8
106
73
22
24
24
18
28
4
28
25
22
66
14
5
57
3
31
2
110
84
28
18
17
15
38
11
27
28
33
67
19
5
58
31
20
5
115
89
24
13
12
1
12
46
13
36
32
40
69
18
8
66
21
13
11
103
91
12
12
11
7
38
23
15
25
54
11
7
56
7
14
98
101
13
15
11
3
31
8
5
13
45
8
5
45
7
109
100
19
16
11
6
45
6
21
16
29
57
12
11
57
16
10
18
119
101
29
14
9
6
7
57
13
29
22
39
63
16
16
65
28
18
34
113
70
24
17
11
4
49
4
21
10
26
53
10
13
59
9
9
28
97
66
16
23
15
38
7
13
39
5
8
48
5
17
100
108
17
26
17
1
43
10
19
39
9
7
49
7
112
93
17
25
17
3
50
5
18
7
28
46
12
6
54
13
107
81
9
24
18
38
9
11
37
8
50
1
96
85
4
21
23
24
18
2
38
97
80
4
23
25
1
28
22
5
43
1
10
114
89
6
26
24
6
44
4
26
3
15
38
10
2
65
18
25
111
90
15
23
23
7
43
1
18
1
12
34
9
3
59
5
34
102
86
9
26
26
4
29
3
20
7
48
35
105
83
13
27
26
3
25
3
17
10
49
25
119
87
26
23
21
3
32
1
16
9
28
18
60
19
16
128
77
29
21
20
2
27
17
7
28
18
64
6
11
110
89
23
