11
3
9
7
2
12
9
11
11
1233
18
63
84
23
16
9
5
10
17
4
8
14
17
18
16
66
149
51
16
16
5
3
5
11
10
6
17
16
14
18
6
3
12
2
15
16
12
6
12
3278
6
11
1
5
8
12
2
16
12
11
2
11
2512
55
50
19
13
5
6
9
16
8
7
3
16
11
15
13
64
115
63
18
10
4
6
6
14
12
7
4
13
13
12
11
66
2
3
2
6
17
7
6
6
1
7
2194
1
3
4
12
4
7
5
4
3450
59
26
19
9
8
6
5
8
4
12
12
4
9
57
80
9
84
28
14
3
6
8
2
7
1
4
13
7
2
9
24
116
9
7
7
6
4
1
733
3
7
4
2
3893
51
8
7
1
1
5
2
3
3
167
37
18
44
86
21
12
3
5
5
11
7
7
4
2
55
135
12
5
3
1
3
1
2
6
3785
29
1
2
7
1618
64
78
17
9
3
4
6
13
1
71
142
54
10
8
6
1
2
27
1
1
3046
3
2829
61
42
12
8
4
7
2
2
2
64
115
82
12
5
1
4
2
9
1
1
3
7
90
2
6
1
3
1837
2
5
3628
61
7
9
8
4
5
1
4
44
53
23
84
17
13
3
5
6
11
3
4
10
36
127
1
8
2
3
272
9
1
3919
43
6
5
2
4
4
5
10
582
2
16
51
77
20
10
8
1
9
3
8
1
5
12
1
8
59
146
18
7
7
4
3
3
3
1
4
9
7
7
6
3627
1
14
2
3
1
3
2
1
7
1971
3
64
63
18
10
2
7
5
9
1
3
5
11
3
7
68
131
58
12
5
6
5
2
1
10
4
6
39
8
3
2798
2
2
8
3
3075
12
69
28
12
6
7
2
3
4
6
15
65
102
74
14
7
5
4
2
14
30
105
6
1440
2
6
3780
59
2
6
2
3
2
3
52
41
29
89
18
7
4
7
1
6
2
3
39
139
1
1
6
6
3883
37
1
3
972
3
40
68
16
7
1
6
68
145
33
6
3
1
15
6
3438
7
2278
61
62
15
3
2
59
131
71
12
72
2430
3296
68
30
15
3
46
78
80
22
3
4
1
2
18
111
3
4
1017
6
3832
55
11
1
3
4
38
34
31
83
26
6
3
2
9
1
7
53
145
13
11
2
3
3
3835
41
10
2
4
1318
1
55
71
29
12
1
7
3
6
12
70
153
53
20
8
2
1
9
26
1
1
3
5
3232
3
3
1
8
2621
69
51
20
2
3
1
8
6
13
65
126
79
22
4
2
6
3
4
3
13
104
9
3
2093
7
1
3506
66
19
14
3
3
53
82
22
91
16
2
4
2
37
127
6
595
29
8
3919
93
53
4
306
168
33
25
47
95
14
4
1
201
57
156
24
6
158
7
3725
98
10
2
1712
57
57
69
8
30
67
141
60
2
31
2979
2881
55
32
11
56
100
67
11
83
1763
3696
61
6
7
49
51
31
90
17
6
1
48
134
193
1
3986
43
5
2
749
16
40
75
23
4
9
1
5
66
151
33
14
1
7
5
2
6
1
3635
10
3
5
2131
66
55
20
12
7
1
3
65
123
55
18
11
5
1
8
52
5
1
2698
5
3
3148
68
23
19
11
10
1
4
65
105
9
90
23
1
11
12
1
3
4
26
118
4
3
1334
4
2
3799
59
8
7
1
37
42
25
86
17
11
10
1
5
56
148
13
3
4
8
4
6
2
2
3
3903
30
5
6
7
6
1111
3
55
81
25
1
13
13
6
4
63
140
50
14
8
7
2
2
2
3
3401
3
2
1
2363
60
51
23
8
2
3
3
71
130
70
19
7
3
69
1
2318
1
3345
70
23
13
6
57
91
15
84
16
10
1
24
129
6
832
4
1
3807
63
8
9
30
17
35
81
22
11
7
10
53
128
11
6
5
1
6
1
3759
1
40
2
4
1414
11
62
57
20
10
24
69
140
45
10
6
4
27
27
3
3164
19
3
4
2698
28
77
57
16
10
6
43
60
121
79
14
11
6
43
91
5
2070
31
4
2
3606
38
71
21
9
11
55
58
77
28
85
16
13
5
4
2
5
63
35
140
8
2
541
58
5
2
1
4013
69
47
5
9
2
479
72
9
34
72
17
12
5
3
7
1
2
72
57
146
18
5
8
1
4
67
3
4
3779
71
13
6
1917
75
44
61
15
11
2
80
59
117
59
9
7
72
32
1
2993
53
2
3054
51
61
34
6
7
55
60
109
73
6
8
41
12
103
1
1674
23
3774
23
74
2
1
3
30
49
62
36
83
11
8
1
23
42
141
3
77
13
3950
5
29
4
4
838
3
9
35
76
20
10
3
6
68
149
34
9
8
2
7
3
3588
12
4
2194
54
58
15
13
7
1
2
67
123
57
9
11
4
64
6
3
1
2666
5
3276
82
25
16
11
7
4
64
95
19
83
20
11
9
4
32
121
1
5
5
2
1
1259
5
3
2
3876
59
11
10
10
1
5
45
42
45
86
22
14
15
4
2
10
6
52
146
13
5
9
6
4
4
6
1
1
3907
45
4
10
3
2
1227
14
63
75
18
1
13
1
4
10
3
7
10
76
137
47
10
9
1
6
3
5
2
16
2
6
1
4
3373
2
4
2
2523
60
52
7
10
10
2
62
123
62
6
7
4
81
1
2304
1
3479
71
16
5
8
54
76
15
85
9
9
3
24
123
2
883
3945
49
6
155
36
34
46
93
8
10
58
155
22
2
3859
31
3
1618
12
70
84
10
8
75
147
57
4
5
32
3109
3
2808
69
30
12
11
1
66
116
73
12
11
11
1
7
101
2
1921
3612
75
18
4
7
3
57
67
27
97
12
1
11
8
38
139
4
2
1
362
3
3956
52
4
3
560
16
47
83
14
11
3
5
6
6
1
61
145
18
5
2
4
9
3
3700
20
3
4
5
1954
51
66
9
9
2
5
11
3
1
3
69
134
59
5
8
3
6
1
53
3
7
2902
2
5
3101
64
40
4
8
1
3
3
52
95
69
8
8
3
4
4
16
107
1
3
1581
1
2
3831
52
4
2
7
41
36
28
82
12
12
45
135
7
2
3936
44
5
974
17
56
82
13
9
1
67
150
39
4
5
4
3526
14
3
2288
67
62
16
2
10
72
124
64
10
1
11
3
3
66
7
1
2548
8
3313
75
40
17
11
4
1
62
85
8
89
21
13
2
2
8
3
4
19
118
2
9
4
4
1
1165
5
6
3900
52
10
9
3
22
22
27
80
20
15
1
13
4
6
50
138
9
7
11
7
8
8
7
4
6
6
3926
35
7
9
1
6
3
6
1353
5
62
81
24
1
14
2
1
14
7
12
70
141
44
16
8
3
1
10
10
10
19
3
9
4
5
3320
5
6
7
2
2628
74
49
26
1
3
11
2
9
9
61
119
74
25
6
10
2
11
7
11
77
5
3
4
4
2
9
2201
3
2
1
3
3514
73
21
21
5
1
8
5
9
3
55
80
15
92
27
7
2
7
10
3
14
1
11
28
120
9
4
1
4
686
2
1
3920
54
12
2
6
1
3
2
242
22
17
33
75
24
4
4
12
2
11
3
7
52
143
11
10
8
3
1
2
6
4
2
3781
32
5
8
2
1674
64
75
19
1
7
14
4
8
76
149
68
14
11
6
47
5
2
2
3049
7
2875
67
40
12
11
66
116
79
12
9
3
1
7
100
3
1837
2
3679
62
9
10
7
44
54
16
76
17
9
40
141
3
250
3963
47
2
2
666
29
51
94
17
6
4
68
152
31
4
4
1
3652
21
5
2063
68
75
10
11
74
129
58
10
48
6
6
2770
8
4
2
3135
63
26
5
12
1
1
5
66
102
81
7
13
2
3
6
19
121
8
10
5
1431
6
10
3789
60
12
10
6
41
37
25
92
10
12
3
3
3
4
44
135
6
8
2
9
3938
42
2
5
2
1052
10
58
80
16
9
67
147
45
1
3
5
7
4
3486
5
2367
68
70
6
5
72
132
74
3
5
76
2426
3380
71
28
6
64
89
11
92
5
7
33
123
3
985
1
3872
68
1
5
46
26
46
79
12
9
56
138
13
1
3834
26
4
1399
7
62
82
14
10
66
147
51
6
7
17
3
3218
6
2659
69
40
12
10
3
71
121
72
7
8
1
86
1
2
2085
2
2
3538
57
14
7
7
45
75
12
89
16
8
1
29
123
2
582
1
3967
66
6
6
1
368
35
9
53
84
20
13
2
1
5
58
140
14
6
9
2
8
4
3
6
2
5
3747
23
5
5
4
4
1
5
1805
60
68
21
1
10
4
6
2
3
65
130
57
11
7
9
3
6
3
27
12
2960
7
2942
73
44
15
3
2
75
118
5
89
16
3
3
1
2
11
101
4
1733
46
3727
121
75
4
188
51
66
28
92
7
4
197
41
145
3
130
141
3939
82
44
749
59
18
54
79
4
5
32
66
145
25
3600
22
2127
74
68
5
3
70
138
70
1
2
59
2708
3252
61
26
4
65
89
11
77
1
5
20
111
1418
3946
73
11
6
49
55
48
96
8
8
56
148
12
2
1
4
4001
39
4
1253
12
55
77
7
7
64
140
40
3
1
17
4
3461
11
2487
75
66
6
4
79
140
83
5
3
89
2411
3473
69
25
1
1
60
74
17
89
3
1
4
30
112
892
3857
70
2
3
33
28
49
94
13
7
63
144
22
2
3634
33
2
1320
67
65
13
3
8
70
142
45
3
6
33
1
3057
1
2697
59
51
7
8
4
67
115
81
5
9
8
94
3
1
4
1
1927
5
2
3528
14
70
10
4
5
10
3
23
45
67
25
81
13
6
12
2
1
2
3
5
33
38
132
7
3
9
8
416
29
5
6
8
5
3887
24
50
9
3
4
418
27
32
13
45
83
10
2
10
1
2
1
37
62
149
24
5
5
7
4
31
2
9
5
3689
23
15
4
4
1
1861
29
55
58
8
10
1
2
4
49
74
143
60
4
9
7
7
7
57
57
4
13
11
5
3493
51
4
9
4
3213
50
74
40
3
10
2
2
2
61
62
110
12
87
4
10
3
6
3
61
16
111
2
7
7
1747
55
5
3917
53
69
9
7
58
43
57
31
84
5
10
64
48
145
2
1
179
56
2
4102
52
40
3
1046
54
13
55
82
3
9
58
51
141
28
4
55
8
1
3688
50
13
4
2327
47
57
58
1
4
9
53
71
126
67
7
50
63
2660
35
2
3329
28
63
26
2
8
9
37
65
92
3
84
8
8
11
1
31
28
118
6
3
1
1267
25
5
5
3894
20
66
1
2
5
10
3
2
4
18
49
44
41
90
8
10
13
3
2
4
7
1
7
6
24
70
148
13
1
7
8
8
12
3
8
4
3931
40
8
5
1
1
1264
4
7
54
72
8
7
12
4
2
2
6
5
13
72
151
51
4
10
7
1
9
5
2
20
6
8
7
1
3371
3
10
5
2
2570
65
53
11
10
18
3
5
2
1
2
5
5
8
64
113
64
10
13
17
10
2
4
14
5
5
1
62
9
16
14
2
2
2250
9
16
6
1
3459
72
27
4
1
15
6
2
2
52
69
16
89
8
4
17
3
2
7
29
123
9
7
6
721
8
7
3882
61
14
2
149
30
18
47
81
8
9
17
47
145
17
12
6
3781
32
7
1602
69
77
11
11
12
60
143
63
8
8
32
3
3070
5
2797
72
45
3
7
9
67
109
70
3
10
9
7
93
5
1851
7
3621
67
10
10
13
57
67
17
82
9
20
14
38
141
8
8
315
1
5
3940
41
9
10
559
22
44
75
13
18
16
2
6
2
56
145
25
2
8
12
9
2
9
4
7
2
3653
16
6
11
4
1982
67
52
12
19
16
5
1
1
3
1
6
4
64
125
56
7
9
16
2
3
10
3
8
2
40
10
9
13
6
2825
3
10
7
9
11
3093
59
30
11
12
16
2
5
4
6
9
11
52
97
72
13
5
20
14
1
2
5
6
11
14
4
16
8
113
7
7
5
5
12
7
1442
1
5
4
6
4
3735
54
8
4
13
11
1
3
5
45
41
34
91
15
20
12
2
2
3
6
6
2
8
2
10
49
141
4
10
7
9
2
10
2
7
6
13
4
6
3885
44
4
8
9
3
3
3
6
924
2
44
74
8
16
11
6
6
3
9
1
5
1
60
132
34
5
8
8
1
14
7
3
8
8
3497
5
1
6
2
1
2293
62
54
7
11
12
2
59
136
69
5
8
11
1
5
65
1
3
3
5
2492
9
1
1
1
3326
60
29
3
15
7
1
4
5
4
1
51
73
2
85
5
14
12
1
1
2
6
100
5
2
6
1031
3
2
7
3811
59
6
8
3
23
21
33
86
1
8
11
3
50
135
11
5
8
1
8
3788
27
6
2
1259
54
69
3
7
12
5
63
147
57
4
10
8
7
6
2
3199
3
4
7
2547
83
55
16
11
73
119
76
7
11
8
76
5
7
2062
3
3393
65
12
7
9
52
72
18
85
1
15
12
39
133
5
3
554
3861
53
6
4
182
26
15
39
87
1
10
7
3
46
136
2
2
1
3656
27
7
2
1628
62
81
2
16
10
2
72
136
64
16
5
5
45
2
2910
1
4
2787
70
47
15
6
77
114
69
2
16
6
1
17
99
3
1
1641
2
3537
62
5
12
5
2
36
48
12
80
7
16
9
6
43
133
8
4
1
3
4
19
1
4
5
3
1
3748
49
13
8
6
494
17
51
77
14
25
13
5
3
11
6
3
75
154
45
3
16
10
2
7
9
3
7
4
6
1
2
3
3436
27
8
7
2
5
1872
73
70
10
18
12
1
4
3
9
5
2
76
140
65
7
16
9
2
3
2
3
11
5
66
5
3
11
3
9
2
2532
6
5
8
6
3
2
2951
73
36
9
17
12
4
3
5
10
5
7
60
88
3
82
10
20
12
1
4
2
5
7
10
2
13
106
10
4
6
1
11
2
1146
6
5
6
7
3
3581
62
2
15
11
4
2
46
60
41
90
12
24
13
2
5
4
58
145
9
7
8
3
3
4
3
4
4
1
4
3733
49
10
7
2
2
2
891
8
56
78
9
20
12
1
5
4
5
5
67
150
47
17
8
2
4
5
3
10
2
9
1
3227
14
11
3
6
2202
88
69
10
20
7
1
2
4
2
75
127
84
3
18
5
6
78
8
5
2219
12
2
3192
71
18
24
4
1
2
2
8
1
50
75
9
78
5
24
6
1
3
1
3
7
4
2
24
118
10
9
2
6
786
7
6
7
2
3692
57
2
15
6
2
12
2
33
24
42
89
14
4
26
11
3
1
2
14
6
6
52
144
7
19
5
8
6
9
9
9
2
3670
28
11
2
2
5
1266
1
8
68
81
7
19
7
9
5
4
84
151
56
14
3
4
7
23
3
3
1
3002
2
6
2515
75
56
22
3
7
68
113
80
18
4
9
2
87
6
5
3
1
1779
8
5
3286
56
18
19
4
9
50
64
14
82
9
2
24
6
4
1
11
39
137
12
5
227
3
3640
62
16
1
13
91
31
10
41
76
7
23
5
1
17
60
143
25
17
12
12
7
3424
31
13
7
1518
63
63
1
20
1
9
61
139
48
13
6
43
3
1
2672
7
6
2684
70
50
21
8
67
101
75
23
1
2
99
10
2
1370
4
2
3477
62
11
17
2
57
56
26
93
5
21
7
60
141
11
2
6
3823
3
42
15
2
716
80
12
51
79
22
2
6
163
52
142
25
13
1
3
199
5
4
1
3472
166
30
12
9
2057
114
72
62
1
22
2
15
81
76
135
71
2
23
13
3
45
54
14
7
2554
5
15
9
3141
66
19
4
1
26
16
55
79
5
66
7
24
18
21
108
17
18
1175
13
15
3740
53
1
21
1
18
34
38
37
89
11
5
30
3
24
55
145
4
21
18
14
12
3847
29
22
15
1094
2
53
66
11
4
33
3
27
68
147
45
2
1
29
1
17
4
7
20
16
3311
7
20
18
2425
77
60
9
28
5
20
68
115
70
7
26
24
76
15
20
2216
13
14
3345
72
31
27
3
19
58
78
6
78
8
31
3
23
32
127
21
21
758
13
12
3846
62
23
11
49
35
23
36
87
8
29
3
14
53
148
15
18
16
2
15
16
3741
30
19
18
1490
2
70
78
6
3
29
3
24
1
68
143
56
1
27
23
6
2
40
20
16
2
3058
3
12
20
2679
70
40
20
20
1
56
120
66
21
16
89
12
8
1862
13
12
3522
76
25
24
4
24
50
65
34
89
29
6
3
25
36
132
15
19
269
8
17
3836
59
17
18
401
1
21
1
51
86
21
1
21
5
55
136
14
15
12
14
9
3580
31
19
12
1832
69
69
29
1
21
9
79
145
63
23
17
13
58
15
14
2797
9
15
19
2968
10
67
39
27
2
21
19
68
104
78
22
15
24
16
104
10
10
1516
23
7
11
3728
24
63
5
17
13
27
39
58
25
86
24
14
30
34
129
13
10
39
8
7
3917
44
39
15
10
892
50
20
54
92
23
18
55
73
145
46
18
17
42
1
8
10
3576
51
14
12
14
2287
62
69
65
25
1
20
67
73
132
57
18
20
65
58
5
9
2570
52
7
9
3316
63
76
35
19
17
69
66
94
12
94
24
16
63
13
107
8
10
1126
46
4
16
3829
30
66
17
25
39
48
49
51
97
24
1
28
2
42
61
152
18
19
25
2
31
13
1
19
3834
22
39
17
24
1242
17
22
62
78
26
3
32
4
18
78
141
50
19
23
8
24
17
16
3257
6
21
3
17
2515
68
53
26
8
4
21
2
76
116
74
23
2
27
76
13
23
2159
11
23
3420
75
26
23
1
25
69
81
32
92
29
5
1
25
45
127
19
2
22
663
15
21
3881
57
25
25
157
29
18
45
79
33
8
1
29
3
58
145
14
23
1
26
16
20
3745
43
21
2
17
1629
2
74
74
36
10
4
29
2
86
144
66
35
11
2
33
3
28
21
33
5
3011
20
36
6
2794
51
40
32
9
3
36
4
6
63
110
69
30
6
1
33
3
9
3
102
17
25
6
1793
17
24
2
3605
70
8
26
26
4
49
66
21
75
28
26
7
37
130
17
25
1
249
10
21
3904
41
10
25
569
17
42
76
20
28
3
55
128
21
15
22
1
8
15
3607
8
18
15
1960
62
58
27
25
1
74
135
48
24
20
1
54
17
17
2763
16
12
3075
77
51
25
14
58
100
7
87
21
21
17
110
10
19
1404
10
18
3743
73
11
24
1
20
45
58
42
87
28
1
25
2
58
149
5
18
22
4
9
14
3865
38
15
14
959
6
41
64
25
11
65
135
26
27
7
15
10
3412
18
22
2296
68
61
28
3
22
1
75
128
70
23
26
5
71
12
22
2451
13
21
3314
63
21
22
22
1
53
94
9
74
25
23
2
18
115
13
19
1
1040
11
15
3854
63
19
21
2
42
35
43
87
25
2
27
8
65
152
10
15
23
6
9
18
3881
39
15
20
5
1386
3
70
80
22
2
22
5
10
