4674
4675
4529
1033
4999
3431
27
3332
2611
4459
202
1725
1209
4210
1588
1021
1961
1645
1907
4791
4870
4865
347
928
4990
2209
21
2231
2040
176
1546
1082
1424
915
1758
1482
1710
4794
4863
4858
3064
3188
3218
3059
53
83
4732
239
3217
3027
4906
4857
4852
4367
4768
4636
4646
736
1007
4405
2366
4617
4593
4996
4850
4846
4859
4785
4787
4842
468
652
4386
1574
4844
4843
4978
4844
4839
4999
4970
4968
4999
498
691
4301
1642
4999
4999
4985
4837
4833
4992
4909
4955
4992
527
735
4203
1753
4992
4992
4970
4831
4826
4999
4943
4999
4999
440
618
4143
1478
4999
4999
4968
4824
4820
4999
4916
4999
4999
497
697
4048
1657
4999
4999
4960
4818
4813
4999
4915
4999
4999
421
596
3988
1428
4999
4999
4952
4812
4807
4999
4913
4999
4999
447
632
3907
1505
4999
4999
4948
4805
4801
4999
4897
4999
4999
413
588
3840
1405
4999
4999
4939
4799
4794
548
954
717
657
154
537
13
491
381
664
41
264
191
591
247
158
307
241
288
658
1104
845
778
184
625
16
583
455
783
50
316
229
702
296
191
368
290
346
5
3
3
717
1210
922
850
183
636
15
585
454
857
49
316
228
770
295
189
367
288
345
9
10
10
757
1290
978
900
217
739
18
688
537
906
59
372
269
811
348
224
434
340
407
848
1421
1086
1002
220
757
18
702
545
1009
59
379
274
907
354
228
441
347
414
16
16
16
874
1488
1129
1039
244
833
21
773
602
1047
66
418
302
938
390
252
486
382
457
953
1605
1223
1128
256
875
21
813
633
1137
69
439
318
1021
410
265
512
402
481
8
7
7
994
1684
1280
1178
270
925
23
858
668
1187
73
463
335
1065
432
279
539
423
507
1051
1777
1352
1244
287
979
24
910
709
1254
77
492
356
1126
459
297
573
450
538
1103
1864
1418
1305
298
1018
25
945
736
1316
80
510
369
1182
477
308
594
467
559
2
2
2
1148
1943
1477
1359
314
1070
27
995
776
1369
84
537
389
1230
502
324
626
492
589
1201
2030
1543
1420
325
1109
28
1031
803
1432
88
556
403
1287
520
336
648
510
610
2
2
2
1242
2103
1597
1470
339
1155
28
1074
838
1482
92
580
420
1332
541
351
675
531
636
1291
2182
1659
1526
351
1195
30
1112
867
1538
94
600
434
1383
560
363
698
550
658
1
1
1
1332
2255
1712
1576
362
1234
31
1149
896
1588
98
619
449
1428
578
375
721
567
679
1374
2326
1766
1625
374
1275
32
1186
926
1638
101
640
464
1474
597
387
745
587
702
1416
2396
1819
1674
384
1311
33
1220
952
1687
103
658
477
1518
614
398
766
604
722
1455
2463
1869
1720
396
1348
34
1256
980
1733
106
677
490
1560
632
409
788
621
742
1494
2529
1919
1766
407
1383
35
1289
1005
1779
110
695
503
1603
649
420
809
637
762
1531
2592
1967
1809
417
1417
36
1321
1031
1822
113
713
516
1642
665
431
829
654
782
1568
2654
2014
1853
428
1451
37
1353
1056
1865
115
730
528
1681
681
442
848
669
800
1603
2714
2058
1894
437
1483
39
1383
1080
1907
119
746
541
1719
697
451
867
685
818
1637
2771
2102
1934
447
1515
39
1413
1103
1947
121
762
552
1756
711
462
886
700
836
1670
2828
2144
1973
457
1545
40
1441
1125
1986
124
778
563
1791
726
471
903
714
853
1702
2882
2185
2010
465
1574
41
1469
1147
2023
126
792
574
1825
740
480
921
727
869
1733
2934
2224
2046
474
1602
42
1496
1168
2059
128
807
584
1859
753
489
937
741
884
1763
2985
2262
2081
482
1629
43
1522
1189
2095
131
821
594
1891
765
498
953
754
900
1792
3034
2299
2115
491
1656
44
1547
1208
2128
133
834
604
1922
778
506
969
766
915
1820
3082
2335
2149
498
1682
45
1571
1228
2162
136
847
614
1952
791
514
984
779
929
1848
3129
2370
2181
506
1707
47
1595
1247
2194
138
861
623
1983
803
522
999
791
944
1875
3175
2405
2212
515
1731
48
1618
1265
2225
141
873
632
2011
815
530
1013
803
957
1902
3219
2438
2242
522
1756
49
1641
1284
2255
144
886
642
2039
826
538
1028
815
971
1927
3261
2470
2272
530
1779
50
1663
1301
2285
147
898
651
2066
838
546
1042
826
985
1951
3303
2501
2301
538
1801
52
1685
1318
2313
149
910
659
2093
849
553
1055
837
997
1976
3343
2531
2328
545
1822
54
1705
1334
2341
151
921
668
2119
859
560
1068
848
1010
1998
3382
2560
2355
552
1844
55
1725
1350
2367
154
932
676
2143
870
568
1081
858
1022
2021
3419
2588
2381
558
1864
56
1744
1366
2393
156
943
683
2167
879
574
1093
868
1034
2042
3456
2615
2406
565
1883
57
1763
1380
2417
157
953
691
2190
888
581
1104
877
1045
2062
3491
2642
2430
571
1902
58
1781
1395
2442
160
963
699
2212
898
587
1116
887
1055
2083
3525
2667
2453
577
1920
60
1798
1409
2465
163
973
706
2234
907
593
1127
896
1066
2102
3558
2692
2476
583
1938
61
1815
1422
2487
164
982
713
2255
916
599
1137
905
1076
2120
3589
2715
2497
588
1955
61
1831
1435
2509
166
990
719
2275
924
604
1147
913
1086
2138
3619
2738
2517
593
1971
62
1846
1447
2528
167
998
725
2294
931
609
1156
920
1095
2156
3649
2760
2538
599
1986
63
1861
1459
2548
168
1006
731
2312
939
614
1166
928
1104
2173
3677
2781
2557
603
2001
63
1876
1471
2568
170
1014
736
2330
946
619
1175
935
1112
2188
3704
2801
2575
607
2015
63
1889
1481
2586
171
1022
742
2348
953
624
1183
943
1120
2203
3730
2820
2593
612
2029
64
1903
1492
2604
173
1029
746
2364
959
628
1191
949
1128
2218
3755
2839
2610
616
2042
64
1915
1502
2620
174
1036
751
2379
965
631
1198
955
1135
2232
3779
2857
2626
620
2055
64
1928
1511
2637
174
1042
756
2395
971
636
1206
962
1143
2245
3803
2874
2642
624
2067
65
1939
1521
2653
175
1048
760
2410
977
640
1213
968
1150
2259
3826
2891
2658
628
2079
66
1951
1530
2668
177
1054
765
2424
982
643
1220
973
1156
2272
3848
2907
2673
631
2090
66
1961
1539
2682
177
1060
769
2438
988
647
1227
979
1162
2284
3868
2922
2687
634
2101
66
1972
1547
2696
178
1066
773
2451
993
651
1233
984
1169
2295
3889
2938
2701
638
2112
66
1983
1555
2710
179
1071
777
2464
998
654
1240
989
1174
2307
3909
2952
2713
641
2122
66
1993
1563
2723
179
1076
780
2476
1003
657
1245
994
1180
2318
3927
2966
2726
644
2132
66
2002
1571
2735
181
1081
784
2488
1008
660
1251
999
1186
2329
3946
2979
2738
647
2141
66
2011
1578
2747
181
1086
787
2499
1012
663
1256
1003
1191
2339
3964
2992
2751
650
2150
67
2020
1585
2758
182
1091
790
2510
1016
665
1261
1007
1196
2349
3980
3004
2761
652
2159
68
2028
1591
2769
182
1095
794
2521
1020
668
1267
1012
1201
2358
3996
3016
2772
655
2167
68
2036
1598
2780
183
1099
797
2531
1024
671
1271
1016
1205
2366
4012
3028
2783
658
2175
68
2044
1604
2790
184
1103
800
2541
1028
673
1276
1020
1210
2376
4027
3039
2793
661
2183
68
2051
1610
2800
184
1107
803
2550
1032
675
1281
1024
1215
2384
4042
3049
2802
662
2190
68
2059
1616
2810
185
1111
805
2559
1035
678
1285
1027
1219
2391
4055
3059
2812
665
2197
68
2066
1622
2818
185
1115
807
2568
1038
680
1289
1031
1223
2399
4069
3069
2820
667
2204
68
2072
1627
2827
186
1118
810
2577
1042
682
1293
1034
1227
2406
4081
3078
2829
668
2211
68
2079
1632
2836
187
1121
813
2585
1045
684
1297
1038
1231
2413
4093
3087
2837
671
2217
68
2085
1637
2843
187
1125
815
2593
1048
687
1301
1041
1234
2420
4105
3096
2845
673
2222
68
2090
1642
2851
187
1128
817
2599
1051
688
1304
1044
1237
2426
4116
3104
2852
675
2228
69
2096
1647
2859
188
1131
819
2606
1053
690
1307
1047
1241
2433
4127
3111
2859
676
2234
69
2101
1651
2865
188
1134
821
2613
1056
692
1311
1049
1244
2438
4138
3119
2866
678
2239
69
2107
1655
2872
189
1136
823
2619
1058
693
1314
1051
1246
2444
4147
3126
2872
680
2244
69
2111
1659
2878
189
1139
825
2626
1061
695
1317
1054
1249
2449
4156
3132
2878
681
2249
69
2116
1662
2884
190
1141
827
2632
1063
697
1319
1057
1252
2455
4166
3139
2884
683
2253
69
2120
1666
2890
190
1143
828
2637
1064
697
1322
1059
1255
2460
4175
3145
2890
684
2257
69
2125
1669
2895
190
1146
830
2642
1067
699
1324
1061
1257
2464
4183
3151
2895
685
2261
69
2129
1673
2900
191
1148
831
2648
1069
700
1327
1063
1260
2468
4190
3157
2900
686
2265
69
2133
1676
2905
191
1150
832
2653
1071
702
1329
1065
1262
2473
4198
3162
2905
688
2269
69
2136
1679
2909
191
1152
834
2657
1073
703
1331
1067
1264
2477
4205
3167
2910
688
2272
69
2140
1681
2914
191
1154
835
2662
1074
704
1333
1069
1266
2480
4211
3172
2914
690
2275
69
2143
1684
2918
192
1155
836
2666
1075
705
1335
1070
1268
2484
4218
3177
2918
691
2278
70
2146
1687
2922
192
1157
838
2669
1076
706
1336
1072
1270
2488
4224
3180
2922
692
2281
70
2149
1690
2926
192
1158
839
2673
1078
707
1338
1074
1272
2490
4229
3184
2925
693
2284
70
2152
1691
2929
192
1160
840
2677
1080
707
1340
1075
1273
2494
4235
3188
2929
694
2287
70
2155
1693
2932
192
1161
841
2680
1081
709
1341
1076
1274
2497
4239
3192
2932
694
2288
70
2157
1696
2935
192
1162
841
2683
1082
709
1343
1077
1275
2499
4244
3194
2935
695
2291
70
2159
1698
2938
193
1163
842
2686
1083
710
1344
1079
1277
2501
4249
3198
2938
696
2293
70
2161
1699
2941
192
1164
843
2689
1084
710
1345
1080
1278
2504
4253
3201
2940
697
2295
70
2163
1701
2943
193
1165
844
2691
1085
711
1346
1081
1279
2506
4256
3204
2942
697
2297
70
2165
1703
2946
193
1166
844
2694
1086
712
1347
1082
1280
2508
4260
3206
2944
697
2298
70
2167
1704
2947
193
1168
845
2696
1086
713
1348
1083
1281
2510
4264
3208
2947
698
2300
70
2169
1705
2949
193
1168
845
2698
1087
713
1349
1083
1282
2511
4266
3210
2949
699
2302
70
2170
1707
2951
194
1169
846
2700
1088
713
1350
1084
1283
2513
4270
3212
2950
699
2303
70
2171
1707
2953
194
1170
846
2702
1089
714
1351
1085
1284
2515
4272
3214
2952
700
2304
70
2173
1708
2955
193
1170
846
2703
1089
714
1351
1085
1284
2516
4275
3215
2953
700
2305
70
2173
1709
2955
193
1170
847
2704
1089
715
1352
1086
1285
2517
4276
3216
2954
700
2306
70
2174
1710
2957
194
1171
847
2705
1090
715
1352
1087
1286
2518
4278
3218
2955
700
2306
70
2175
1711
2958
193
1172
847
2707
1090
715
1353
1087
1286
2518
4280
3219
2956
701
2307
70
2176
1712
2958
193
1172
848
2708
1090
715
1353
1087
1286
2519
4282
3220
2957
701
2308
70
2177
1713
2959
194
1172
848
2709
1091
715
1353
1088
1287
2520
4283
3221
2958
701
2308
70
2178
1713
2959
193
1173
848
2710
1091
715
1354
1088
1287
2521
4284
3222
2958
701
2308
70
2178
1713
2960
193
1173
848
2710
1091
715
1353
1088
1287
2521
4285
3222
2958
701
2309
70
2178
1714
2960
193
1172
848
2711
1091
716
1354
1089
1287
2521
4286
3222
2959
702
2309
70
2179
1714
2960
194
1173
849
2712
1091
716
1354
1089
1288
2522
4286
3223
2959
702
2309
70
2179
1714
2960
194
1173
848
2711
1091
715
1354
1089
1288
2522
4287
3222
2959
702
2309
70
2179
1714
2960
193
1173
848
2711
1091
715
1354
1089
1288
2521
4287
3222
2959
702
2308
70
2179
1715
2960
194
1173
849
2712
1091
716
1354
1090
1288
2522
4287
3223
2959
702
2308
70
2179
1715
2960
194
1173
848
2712
1091
716
1354
1089
1288
2521
4287
3222
2959
702
2308
70
2179
1715
2959
193
1173
848
2711
1091
715
1353
1089
1287
2521
4287
3222
2958
701
2308
70
2178
1715
2959
193
1173
848
2711
1091
716
1353
1089
1287
2520
4286
3221
2957
701
2307
70
2178
1715
2958
194
1173
848
2711
1091
715
1353
1089
1287
2520
4286
3221
2957
702
2306
70
2178
1714
2957
193
1172
847
2711
1090
715
1352
1089
1287
2520
4285
3220
2956
701
2306
70
2178
1714
2957
193
1172
847
2710
1090
715
1352
1089
1287
2519
4284
3219
2955
701
2306
70
2177
1714
2956
193
1172
847
2710
1090
715
1352
1089
1287
2519
4283
3218
2955
701
2305
70
2176
1713
2955
193
1171
846
2709
1089
715
1351
1088
1286
2518
4282
3218
2954
701
2304
69
2176
1712
2953
193
1171
846
2708
1089
714
1351
1087
1285
2517
4281
3216
2953
700
2303
70
2175
1712
2953
193
1171
846
2707
1089
714
1351
1088
1285
2516
4279
3215
2952
700
2302
69
2174
1712
2951
193
1170
846
2706
1088
714
1350
1087
1284
2516
4278
3214
2951
700
2301
70
2173
1711
2950
193
1169
845
2705
1088
713
1349
1086
1284
2514
4276
3212
2950
700
2300
70
2173
1710
2949
193
1169
845
2704
1087
713
1349
1087
1284
2513
4275
3211
2948
699
2299
69
2172
1710
2947
192
1169
845
2703
1087
713
1348
1086
1283
2512
4273
3209
2947
700
2298
70
2170
1709
2946
192
1168
844
2702
1086
712
1347
1085
1282
2511
4271
3208
2945
699
2297
70
2170
1708
2944
192
1168
844
2701
1085
712
1347
1085
1282
2510
4269
3206
2943
699
2295
69
2168
1708
2943
193
1167
843
2700
1085
712
1346
1085
1281
2509
4267
3204
2942
698
2294
69
2168
1707
2941
192
1166
843
2698
1084
711
1345
1084
1280
2507
4265
3203
2940
698
2293
70
2166
1706
2939
192
1166
842
2697
1084
711
1344
1083
1279
2505
4262
3200
2938
698
2291
69
2165
1705
2938
192
1165
842
2696
1083
711
1344
1083
1279
2504
4260
3199
2937
697
2290
69
2164
1704
2936
192
1164
841
2694
1083
710
1343
1082
1278
2503
4257
3197
2935
697
2288
69
2163
1703
2934
191
1163
840
2692
1082
710
1342
1081
1277
2501
4255
3195
2933
697
2287
69
2162
1702
2932
192
1163
840
2691
1081
710
1341
1081
1277
2499
4252
3193
2931
696
2286
69
2160
1701
2930
191
1162
840
2689
1081
709
1340
1080
1276
2498
4249
3191
2929
696
2284
69
2158
1700
2928
191
1161
839
2687
1080
708
1339
1079
1275
2496
4246
3188
2927
695
2282
69
2157
1699
2926
191
1160
839
2685
1079
708
1338
1079
1274
2494
4243
3186
2925
695
2281
69
2155
1698
2923
191
1160
838
2683
1078
707
1337
1078
1273
2493
4241
3184
2923
694
2279
69
2154
1696
2921
191
1158
837
2681
1077
707
1336
1077
1272
2490
4238
3181
2920
694
2277
69
2152
1695
2919
190
1158
837
2680
1076
706
1335
1076
1271
2489
4234
3179
2918
693
2276
68
2151
1694
2917
191
1157
836
2678
1076
706
1334
1076
1270
2487
4231
3176
2916
693
2274
68
2149
1693
2914
190
1156
835
2675
1074
705
1333
1075
1269
2485
4228
3174
2913
692
2271
68
2147
1691
2912
189
1155
834
2673
1073
704
1332
1074
1268
2483
4225
3171
2911
692
2269
68
2146
1690
2909
190
1154
834
2671
1073
704
1331
1073
1267
2481
4222
3169
2909
691
2268
68
2144
1688
2907
190
1153
833
2669
1072
704
1330
1073
1266
2479
4218
3166
2907
691
2266
68
2142
1687
2904
190
1152
832
2667
1071
703
1328
1071
1265
2476
4215
3163
2904
690
2264
68
2140
1686
2902
189
1151
831
2665
1070
702
1327
1071
1264
2474
4211
3160
2901
689
2262
68
2139
1685
2899
189
1151
830
2663
1069
702
1326
1070
1263
2472
4208
3158
2899
689
2260
68
2137
1683
2897
189
1149
829
2660
1068
700
1325
1069
1262
2470
4204
3155
2897
688
2258
68
2135
1682
2894
189
1148
829
2658
1067
700
1324
1068
1261
2468
4200
3152
2894
687
2256
68
2133
1681
2891
189
1148
829
2656
1067
700
1323
1067
1260
2466
4197
3149
2891
687
2254
68
2131
1679
2889
188
1146
828
2653
1066
699
1321
1066
1258
2463
4193
3146
2889
686
2252
68
2129
1677
2886
188
1145
827
2651
1064
699
1320
1065
1257
2461
4189
3144
2886
686
2250
68
2127
1676
2883
188
1144
826
2649
1063
698
1319
1065
1256
2459
4185
3140
2883
685
2247
67
2125
1675
2880
188
1143
825
2646
1062
697
1318
1063
1255
2457
4181
3137
2881
684
2245
68
2123
1673
2877
188
1142
824
2644
1061
696
1316
1062
1253
2454
4178
3134
2878
684
2243
67
2121
1671
2875
187
1140
824
2641
1060
696
1315
1061
1253
2451
4174
3131
2875
683
2241
67
2119
1669
2872
187
1140
823
2639
1060
695
1314
1060
1251
2449
4170
3129
2872
683
2239
67
2117
1668
2869
187
1138
822
2636
1058
694
1312
1059
1250
2447
4165
3125
2869
682
2236
67
2115
1666
2866
187
1137
821
2633
1057
694
1311
1058
1249
2444
4161
3122
2866
681
2234
67
2113
1665
2863
187
1137
820
2631
1056
694
1310
1057
1248
2442
4157
3119
2863
680
2231
67
2110
1663
2860
187
1135
820
2628
1054
692
1308
1056
1246
2440
4153
3116
2860
680
2229
67
2108
1661
2857
186
1134
818
2625
1054
691
1306
1054
1245
2437
4149
3113
2857
679
2227
67
2106
1660
2854
186
1133
818
2623
1053
691
1306
1054
1244
2434
4145
3109
2854
678
2225
67
2104
1658
2851
186
1131
817
2621
1052
690
1304
1053
1243
2432
4141
3106
2851
678
2222
67
2102
1656
2848
186
1130
816
2617
1050
689
1303
1052
1241
2429
4136
3103
2848
677
2220
67
2100
1654
2845
185
1129
815
2615
1049
689
1301
1051
1240
2427
4132
3099
2845
676
2218
67
2098
1653
2842
186
1128
814
2612
1049
688
1300
1049
1238
2425
4128
3096
2842
676
2215
67
2095
1651
2839
185
1127
814
2609
1047
687
1299
1048
1237
2422
4123
3094
2839
675
2213
67
2093
1650
2836
185
1125
812
2606
1046
686
1297
1047
1236
2419
4119
3090
2836
674
2210
67
2091
1648
2833
185
1125
812
2604
1045
686
1296
1046
1235
2417
4114
3086
2833
673
2208
66
2089
1646
2830
184
1123
811
2601
1044
685
1294
1045
1233
2414
4110
3083
2830
673
2205
66
2086
1644
2826
184
1122
810
2598
1042
684
1293
1044
1231
2411
4105
3079
2826
672
2203
66
2084
1642
2824
184
1121
809
2595
1042
684
1292
1043
1231
2409
4101
3076
2823
671
2201
66
2082
1641
2820
184
1119
808
2592
1040
683
1290
1042
1229
2406
4097
3073
2821
671
2198
66
2080
1639
2817
184
1118
807
2590
1039
681
1289
1040
1227
2404
4092
3069
2817
669
2196
66
2077
1637
2814
183
1117
806
2587
1038
681
1287
1039
1226
2400
4087
3066
2814
669
2193
66
2075
1635
2811
184
1115
805
2584
1036
681
1286
1038
1225
2398
4083
3062
2811
669
2191
66
2073
1633
2807
183
1114
805
2581
1035
680
1284
1037
1223
2395
4078
3059
2808
668
2188
66
2070
1632
2804
182
1113
803
2578
1035
679
1282
1036
1222
2392
4073
3055
2804
666
2186
66
2068
1630
2801
183
1112
803
2576
1033
679
1282
1035
1221
2390
4069
3052
2801
666
2183
66
2066
1628
2798
182
1110
802
2572
1032
678
1280
1033
1219
2387
4065
3049
2798
666
2180
66
2063
1626
2794
182
1109
801
2570
1030
677
1278
1032
1218
2384
4060
3045
2794
664
2178
66
2061
1625
2791
182
1108
800
2567
1029
676
1277
1032
1217
2382
4055
3041
2791
664
2175
65
2059
1622
2788
182
1107
799
2563
1028
675
1275
1030
1215
2411
4105
3079
2826
672
2203
66
2084
1642
2824
184
1121
809
2595
1042
684
1292
1043
1231
2409
4101
3076
2823
671
2201
66
2082
1641
2820
184
1119
808
2592
1040
683
1290
1042
1229
2406
4097
3073
2821
671
2198
66
2080
1639
2817
184
1118
807
2590
1039
681
1289
1040
1227
2404
4092
3069
2817
669
2196
66
2077
1637
2814
183
1117
806
2587
1038
681
1287
1039
1226
2400
4087
3066
2814
669
2193
66
2075
1635
2811
184
1115
805
2584
1036
681
1286
1038
1225
2398
4083
3062
2811
669
2191
66
2073
1633
2807
183
1114
805
2581
1035
680
1284
1037
1223
2395
4078
3059
2808
668
2188
66
2070
1632
2804
182
1113
803
2578
1035
679
1282
1036
1222
2392
4073
3055
2804
666
2186
66
2068
1630
2801
183
1112
803
2576
1033
679
1282
1035
1221
2390
4069
3052
2801
666
2183
66
2066
1628
2798
182
1110
802
2572
1032
678
1280
1033
1219
2387
4065
3049
2798
666
2180
66
2063
1626
2794
182
1109
801
2570
1030
677
1278
1032
1218
2384
4060
3045
2794
664
2178
66
2061
1625
2791
182
1108
800
2567
1029
676
1277
1032
1217
2382
4055
3041
2791
664
2175
65
2059
1622
2788
182
1107
799
2563
1028
675
1275
1030
1215
2379
4051
3038
2788
663
2173
65
2056
1620
2785
182
1105
798
2560
1027
674
1273
1029
1213
2376
4046
3034
2785
662
2171
65
2054
1619
2782
182
1104
797
2558
1026
673
1272
1028
1212
2373
4041
3031
2781
661
2168
65
2051
1617
2778
181
1103
796
2555
1025
673
1271
1027
1211
2370
4037
3027
2779
661
2165
65
2049
1615
2775
181
1101
795
2551
1023
672
1269
1025
1209
2368
4032
3023
2775
660
2163
65
2046
1613
2771
181
1100
794
2548
1022
671
1268
1024
1208
2365
4027
3020
2772
659
2160
65
2044
1611
2768
181
1099
793
2546
1021
671
1267
1023
1207
2362
4023
3016
2768
658
2157
65
2042
1609
2765
180
1098
792
2543
1020
670
1265
1022
1205
2359
4018
3013
2765
657
2155
65
2039
1607
2761
180
1096
791
2540
1018
668
1263
1020
1203
2356
4013
3009
2762
657
2152
65
2037
1606
2758
180
1095
791
2537
1017
668
1262
1020
1202
2353
4008
3005
2759
656
2150
64
2034
1604
2755
180
1094
790
2534
1016
667
1260
1018
1201
2351
4004
3002
2756
655
2147
65
2032
1601
2751
179
1092
788
2530
1015
666
1259
1017
1199
2348
3999
2998
2752
655
2144
64
2029
1600
2748
179
1091
788
2527
1014
665
1257
1016
1198
2315
3939
2955
2712
649
2115
68
2001
1579
2708
181
1078
779
2492
1001
659
1241
1004
1183
2312
3934
2951
2709
648
2112
68
1999
1577
2705
181
