4718
4719
4712
4781
4495
1344
4717
4735
3716
4707
4710
4701
4709
4755
4689
1203
1389
3398
4700
2442
4826
4715
4707
4902
4898
84
4713
4714
4707
4775
4366
1306
4712
4730
3601
4702
4578
4697
4705
4749
4685
1169
1345
3293
4695
2365
4821
4710
4702
4896
4892
75
4705
4707
4700
4768
4231
1268
4705
4722
3488
4695
4423
4690
4697
4742
4677
1131
1310
3187
4688
2291
4814
4703
4695
4889
4885
75
4700
4701
4694
4762
4096
1229
4699
4717
3372
4689
4306
4684
4692
4737
4671
1092
1270
3090
4682
2215
4808
4697
4689
4883
4879
65
4693
4695
4688
4756
3992
1186
4683
4710
3259
4683
4156
4678
4685
4730
4665
1047
1218
2986
4676
2145
4801
4691
4683
4876
4872
56
4687
4688
4682
4750
3839
1149
4591
4704
3158
4677
4028
4671
4679
4724
4659
1008
1177
2885
4669
2076
4795
4685
4675
4870
4866
58
4681
4682
4674
4743
3701
1122
4426
4698
3062
4670
3908
4665
4672
4718
4653
989
1149
2797
4664
2012
4788
4678
4629
4864
4859
1087
1086
1073
2611
1069
538
940
3353
1224
1009
764
981
986
942
1237
452
545
1137
1207
947
4836
2976
1103
4857
4853
3613
3523
3515
4535
3174
3438
2972
3499
3336
3677
3491
3766
3577
3564
4980
3234
3504
4851
4846
4873
4887
4886
4931
4953
4803
2954
4890
4931
4865
4891
4853
4879
4880
4982
3392
4895
4844
4840
4885
4870
4870
4981
4904
4819
2968
4866
4919
4893
4866
4906
4879
4876
4983
3184
4873
4838
4833
4928
4933
4931
4967
4993
4984
2904
4934
4991
4928
4935
4925
4931
4931
4977
3265
4984
4831
4827
120
447
435
111
333
379
206
448
354
122
435
122
432
416
125
200
407
139
140
19
367
349
209
151
268
417
356
229
334
329
148
161
391
309
287
281
4
333
669
647
93
476
78
550
104
237
661
504
95
636
95
666
78
83
213
646
153
96
101
578
96
96
18
290
597
571
368
162
454
455
586
399
554
615
158
171
417
597
305
484
16
562
852
821
60
586
154
687
24
442
838
622
58
801
58
881
151
163
406
861
295
59
27
720
56
56
19
603
856
821
557
180
671
4
512
842
600
801
915
175
189
467
898
340
713
23
763
999
960
8
666
212
792
600
983
712
6
935
6
1067
207
224
553
1048
402
6
835
3
3
22
887
1092
1049
7
728
213
867
25
608
1076
779
9
1024
9
1185
207
224
555
1169
403
9
23
916
10
10
27
979
1163
1116
767
251
918
709
1144
823
1087
1269
244
264
652
1252
474
970
26
1124
1285
1233
16
859
255
1021
16
725
1265
919
16
1203
16
1409
247
269
664
1393
483
16
15
1079
16
16
29
1205
1341
1286
886
282
1060
798
1321
950
1255
1483
272
296
732
1467
532
1120
31
1334
1449
1390
8
966
296
1150
2
838
1427
1033
8
1355
8
1605
286
311
768
1589
558
3
1213
7
7
32
1425
1517
1455
1007
312
1201
1
885
1494
1078
1418
1690
301
328
811
1675
589
1
1270
34
1528
1601
1536
1064
331
1269
937
1577
1139
1497
1788
319
347
860
1772
624
1341
35
1628
1679
1610
1
1117
344
1332
4
973
1654
1196
2
1569
1
1881
331
360
892
1866
648
3
1407
2
2
37
1717
1749
1677
1162
362
1387
1024
1724
1244
1634
1965
348
380
939
1950
682
1465
37
1814
1826
1752
2
1216
375
1449
2
1060
1801
1301
9
1707
2
2056
361
393
972
2042
705
2
1531
2
2
40
1898
1892
1813
1258
390
1501
1104
1865
1346
81
1767
2134
375
409
1012
2120
734
1585
41
1987
1963
1882
1
1307
404
1558
1142
1936
1398
240
1833
1
2218
388
423
1048
2204
760
1645
1
1
42
2070
2026
1942
1349
417
1608
1180
1999
1443
370
1893
2295
401
437
1082
2281
785
1699
43
2151
2091
2004
1392
431
1660
1218
2063
1489
499
1952
2370
414
452
1117
2357
810
1753
45
2229
2152
2063
1434
443
1709
1252
2124
1534
631
2010
2444
425
465
1148
2431
833
1805
46
2305
2212
2119
1473
456
1757
1288
2182
1575
750
2064
2515
438
478
1182
2502
857
1855
47
2379
2270
2175
1513
467
1803
1320
2241
1618
874
2118
2584
448
490
1212
2572
879
1904
48
2450
2325
2229
1550
480
1847
1353
2296
1657
987
2169
2650
459
502
1241
2638
900
6
1950
49
2520
2380
2281
1587
491
1892
1385
2350
1696
1102
2220
2715
470
514
1271
2704
921
82
1997
50
2586
2433
2330
1622
502
1933
1415
2402
1734
1211
2269
2778
481
526
1298
2766
941
241
2041
52
2652
2484
2379
1657
513
1974
1444
2453
1770
1318
2316
2838
490
537
1325
2826
961
376
2084
52
2715
2533
2426
1690
523
2014
1473
2502
1806
1422
2361
2897
499
547
1351
2885
979
506
2125
54
2776
2580
2472
1723
533
2052
1501
2550
1840
1521
2405
2953
510
558
1377
2943
998
640
2166
55
2836
2627
2516
1754
543
2090
1528
2596
1874
1620
2449
3009
519
568
1402
2998
1016
763
2205
57
2894
2673
2560
1785
554
2126
1555
2642
1907
1714
2490
3062
528
579
1427
3052
1034
889
2243
59
2951
2717
2602
1816
564
2162
1581
2686
1939
1808
2532
3115
538
590
1451
3105
1052
1007
2282
61
3005
2759
2643
1845
573
2197
1606
2729
1970
1896
2571
3166
547
600
1474
3156
1069
1123
2318
63
3058
2800
2682
1873
583
2230
1630
2770
1999
1983
2608
3214
556
609
1496
3205
1085
1235
2352
65
3110
2841
2721
1901
592
2263
1654
2810
2029
2068
2646
3262
564
619
1518
3252
1101
1344
2387
66
3160
2879
2757
1927
600
2294
1676
2849
2057
2149
2682
3308
573
628
1539
3299
1117
1451
2420
68
3208
2917
2794
1953
609
2325
1699
2887
2084
2229
2716
3352
581
637
1559
3343
1131
1552
2451
71
3255
2954
2829
1978
618
2355
1720
2923
2111
2306
2750
3395
589
646
1579
3387
1146
1652
2482
72
3300
2989
2862
2002
626
2383
1741
2958
2136
2381
2783
3437
597
655
1598
3429
1160
1748
2512
74
3344
3024
2895
2026
634
2411
1761
2992
2161
2453
2814
3478
604
662
1617
3469
1174
1842
2541
76
3388
3057
2927
2050
642
2438
1781
3026
2185
2523
2844
3517
611
671
1634
3509
1186
1933
2569
77
3427
3088
2957
2071
649
2464
1800
3058
2208
2592
2873
3555
618
679
1652
3547
1199
2020
2597
79
3467
3119
2985
2092
657
2488
1817
3088
2231
2657
2901
3591
625
686
1668
3583
1212
2105
2622
80
3506
3149
3014
2113
664
2512
1835
3118
2253
2721
2929
3626
630
692
1684
3618
1223
2188
2648
81
3543
3177
3041
2132
670
2536
1851
3146
2273
2783
2955
3660
637
699
1699
3652
1234
2267
2672
82
3578
3204
3067
2151
675
2557
1867
3174
2292
2842
2979
3692
643
706
1714
3685
1245
2344
2695
84
3612
3231
3092
2170
682
2580
1883
3200
2312
2900
3004
3724
649
712
1728
3716
1256
2419
2718
85
3647
3258
3118
2188
689
2601
1899
3227
2331
2957
3028
3755
655
719
1744
3747
1267
2492
2740
86
3679
3282
3141
2205
694
2621
1912
3252
2349
3012
3051
3785
660
725
1756
3777
1276
2563
2761
87
3711
3306
3164
2222
700
2641
1927
3276
2367
3064
3072
3813
665
731
1769
3806
1286
2631
2782
88
3741
3329
3187
2239
706
2660
1941
3300
2383
3115
3094
3841
670
736
1782
3834
1295
2697
2801
90
3769
3351
3208
2254
711
2679
1954
3322
2400
3165
3114
3867
675
742
1795
3861
1304
2761
2821
90
3798
3372
3227
2269
716
2696
2
1966
3344
2415
3212
3134
3893
679
747
1806
3886
1312
2823
2839
91
3825
3393
3247
2283
721
2713
55
1978
3365
2430
3259
3152
3918
683
752
1816
3910
1320
2882
2857
92
3851
3412
3266
2297
724
2729
205
1990
3385
2444
3304
3170
3941
688
756
1827
3935
1328
2940
2873
92
3875
3432
3284
2310
729
2745
352
2001
3403
2458
3347
3188
3964
692
761
1838
3957
1336
2996
2890
92
3900
3450
3301
2323
733
2760
480
2011
3422
2472
3388
3204
3985
695
765
1847
3979
1342
3050
2905
93
3923
3467
3318
2335
737
2774
619
2021
3440
2484
3429
3220
4006
698
768
1856
3999
1349
3102
2920
93
3945
3484
3334
2347
740
2787
744
2031
3457
2497
3468
3235
4027
702
773
1865
4020
1356
3153
2935
94
3966
3500
3349
2358
744
2801
870
2040
3473
2509
3505
3250
4046
705
776
1874
4039
1362
3202
2948
95
3988
3516
3364
2369
748
2814
991
2049
3489
2520
3541
3264
4064
708
780
1882
4058
1367
3249
2961
95
4008
3530
3378
2380
751
2826
1108
2057
3505
2531
3577
3278
4083
711
783
1890
4077
1374
3296
2975
95
4027
3545
3392
2390
754
2838
1222
2066
3519
2541
3612
3291
4099
715
787
1897
4094
1379
3339
2987
96
4046
3559
3405
2400
757
2850
1331
2074
3533
2551
3644
3303
4116
717
789
1905
4109
1384
3382
2998
96
4063
3572
3417
2408
760
2860
1439
2081
3547
2561
3676
3315
4132
719
793
1912
4126
1389
3424
3010
96
4080
3585
3429
2417
763
2870
1541
2088
3560
2570
3707
3327
4147
722
796
1919
4141
1394
3464
3021
97
4098
3597
3442
2426
765
2881
1643
2096
3572
2579
3737
3337
4162
724
798
1925
4156
1398
3502
3031
97
4113
3609
3453
2434
768
2891
1739
2102
3584
2588
3766
3348
4175
727
801
1931
4170
1403
3540
3041
98
4128
3620
3463
2442
771
2900
1833
2109
3596
2597
3793
3358
5
4189
729
803
1938
4184
1407
3576
3051
97
4143
3631
3473
2450
773
2909
1925
2115
3607
2604
3820
3368
73
4202
731
806
1943
4196
1411
3612
3060
98
4157
3641
3484
2457
776
2918
2013
2121
3617
2611
3846
3377
230
4214
733
808
1948
4209
1415
3645
3069
99
4170
3651
3493
2464
777
2926
2099
2127
3627
2619
3871
3386
370
4226
735
811
1954
4221
1419
3678
3078
99
4183
3660
3500
2470
780
2933
2182
2132
3637
2626
3895
3394
500
4237
737
813
1959
4232
1423
3710
3086
99
4196
3670
3510
23
2477
783
2941
2262
2137
3646
2632
3918
3403
637
4248
738
814
1963
4243
1426
3740
3093
99
4208
3678
3518
140
2483
784
2948
2340
2142
3656
2638
3941
3410
761
4259
740
817
1968
4254
1430
3770
3101
99
4219
3686
3526
300
2489
786
2955
2415
2147
3664
2645
3963
3417
888
4268
742
819
1972
4264
1432
3798
3108
100
4230
3695
3533
427
2494
787
2962
2488
2151
3671
2650
3983
3424
1006
4278
744
820
1976
4273
1435
3825
3115
99
4241
3702
3540
566
2500
789
2967
2559
2156
3679
2656
4003
3431
1123
4287
745
822
1980
4281
1438
3852
3121
99
4250
3708
3546
695
2505
791
2973
2628
2159
3686
2661
4023
3437
1236
4295
746
824
1984
4290
1440
3877
3127
100
4260
3715
3553
820
2510
792
2979
2694
2163
3694
2665
4042
3443
1345
4303
748
825
1988
4299
1443
3902
3133
101
4269
3722
3559
944
2514
794
2985
2758
2167
3700
2670
4059
3449
1452
4311
749
827
1990
4306
1445
3925
3138
101
4278
3728
3565
1060
2518
795
2989
2820
2171
3707
2675
4076
3454
1553
4318
750
829
1994
4314
1448
3948
3144
100
4286
3733
3570
1177
2523
797
2994
2881
2173
3712
2679
4093
3459
1654
4325
751
830
1997
4321
1450
3971
3149
101
4294
3738
3575
1287
2527
798
2999
2939
2176
3718
2683
4109
3464
1750
4331
752
830
1999
4327
1452
3991
3153
101
4300
3743
3580
1396
2531
799
3003
2995
2179
3723
2687
4125
3468
1844
4337
753
832
2002
4334
1454
4012
3158
101
4308
3749
3584
1500
2534
800
3008
3050
2182
3729
2691
4140
3472
1935
4343
755
833
2005
4340
1456
4031
3162
101
4315
3753
3589
1602
2537
801
3011
3103
2185
3733
2694
4153
3477
2022
4349
755
834
2007
4345
1458
4050
3166
101
4322
3757
3592
1700
2540
802
3015
3154
2187
3738
2697
4167
3480
2107
4354
755
835
2009
4350
1458
4068
3169
101
4328
3761
3597
1795
2543
803
3018
3203
2189
3742
2700
4180
3483
2190
4359
756
836
2011
4355
1460
4086
3173
102
4333
3765
3599
1888
2546
804
3022
3250
2191
3745
2703
4192
3486
2270
4363
757
837
2013
4359
1461
4103
3176
101
4338
3769
3603
1977
2548
805
3024
3297
2193
3749
2706
4204
3490
2346
4367
757
837
2015
4364
1463
4118
3179
101
4343
3771
3606
2063
2551
806
3027
3342
2195
3753
2708
4216
3492
2422
4372
759
839
2016
4368
1464
4135
3182
101
4348
3774
3609
2147
2553
806
3030
3385
2196
3757
2710
4227
3494
2494
4375
759
839
2017
4372
1465
4149
3184
102
4352
3777
3611
2229
2556
807
3032
3426
2198
3759
2712
4237
3497
2564
4378
759
840
2019
4375
1466
4163
3187
102
4356
3780
3613
2307
2557
808
3034
3467
2200
3762
2714
4247
3499
2632
4382
760
841
2021
4378
1467
4178
3189
102
4360
3782
3616
2383
2559
808
3036
3506
2200
3765
2716
4257
3501
2699
4384
760
841
2022
4382
1468
4191
3191
102
4364
3784
3618
2457
2561
808
3038
3544
2202
3767
2717
4266
3502
2762
4387
761
841
2023
4384
1468
4203
3193
102
4367
3786
3619
2529
2562
809
3040
3580
2203
3769
2719
4275
3504
2824
4389
761
842
2024
4386
1469
4215
3195
102
4369
3787
3620
2599
2563
809
3041
3615
2204
3771
2720
4283
3506
2884
4391
762
843
2025
4388
1470
4226
3197
102
4372
3789
3622
2665
2565
810
3043
3649
2204
3773
2721
4291
3507
2942
4393
762
843
2025
4390
1470
4237
3197
102
4375
3790
3624
2730
2566
810
3044
3682
2205
3774
2722
4298
3507
2998
4395
762
843
2025
4392
1470
4248
3199
102
4377
3791
3624
2794
2567
811
3045
3714
2206
3775
2724
4306
3509
3052
4396
762
843
2026
4394
1471
4258
3200
102
4379
3792
3625
2855
2567
811
3046
3744
2206
3776
2724
4312
3509
3105
4398
763
843
2027
4395
1472
4268
3201
102
4381
3793
3626
2913
2568
811
3047
3774
2206
3777
2724
4318
3509
3155
4398
762
844
2027
4395
1471
4277
3201
102
4383
3794
3626
2971
2569
811
3048
3803
2206
3778
2725
4325
3510
3204
4399
762
844
2027
4397
1472
4285
3202
103
4384
3794
3627
3026
2570
811
3048
3830
2207
3778
2725
4330
3510
3253
4400
763
844
2028
4398
1472
4294
3203
102
4385
3795
3627
3079
2570
812
3048
3856
2207
3779
2726
4335
3510
3298
4401
763
844
2028
4397
1472
4302
3203
102
4386
3794
3627
3131
2570
811
3049
3882
2207
3779
2726
4340
3510
3342
4401
762
844
2028
4398
1472
4309
3203
102
4387
3794
3627
3180
2570
811
3049
3907
2207
3780
2725
4346
3510
3386
4401
762
844
2028
4399
1472
4317
3203
102
4387
3794
3627
3229
2571
811
3049
3930
2207
3780
2726
4350
3510
3427
4400
762
844
2027
4398
1472
4323
3203
102
4388
3794
3626
3276
2570
812
3049
3953
2207
3779
2726
4354
3509
3467
4400
762
843
2027
4398
1472
4329
3203
102
4388
3793
3625
3321
2569
812
3048
3975
2206
3779
2726
4358
3509
3506
4400
762
844
2027
4398
1472
4335
3203
102
4388
3792
3625
3364
2570
811
3048
3997
2206
3779
2725
4362
3508
3544
4400
762
845
2027
4397
1471
4341
3202
102
4388
3792
3625
3407
2570
811
3048
4016
2205
3778
2725
4365
3507
3580
4398
761
843
2026
4396
1470
4346
3202
102
4388
3791
3624
3448
2569
811
3047
4036
2205
3777
2724
4367
3506
3615
4398
762
843
2026
4396
1470
4351
3201
102
4387
3790
3623
3488
2569
811
3047
4055
2204
3777
2724
4371
3506
3649
4397
762
843
2026
4395
1470
4357
3201
102
4387
3789
3622
3525
2568
811
3046
4074
2203
3776
2723
4373
3504
3681
4396
761
843
2024
4393
1469
4360
3199
102
4386
3788
3621
3563
2568
810
3045
4091
2203
3775
2722
4376
3503
3713
4394
761
843
2024
4393
1468
4364
3199
102
4385
3787
3619
3598
2567
810
3045
4107
2202
3774
2721
4378
3502
3744
4393
761
843
2023
4391
1468
4369
3198
102
4384
3786
3618
3632
2565
810
3043
4124
2201
3772
2721
4379
3500
3773
4391
760
842
2023
4389
1468
4371
3196
102
4383
3784
3617
3666
2565
810
3042
4139
2200
3771
2719
4381
3498
3801
4390
760
842
2021
4388
1467
4375
3195
102
4382
3782
3615
3697
2564
809
3041
4154
2199
3770
2718
4383
3497
3829
4388
760
842
2020
4386
1466
4378
3194
101
4380
3780
3613
3729
2563
809
3040
4168
2198
3768
2717
4384
3495
3855
4386
759
841
2019
4384
1466
4381
3193
102
4379
3779
3611
3759
2562
809
3038
4182
2197
3766
2716
4384
3493
3880
4384
759
841
2019
4382
1464
4383
3191
101
4377
3777
3609
3788
2560
808
3037
4195
2196
3765
2714
4386
3492
3905
4382
758
840
2017
4380
1464
4385
3190
101
4376
3775
3608
3815
2559
808
3036
4208
2195
3763
2713
4387
3490
3928
4380
758
841
2016
4379
1464
4388
3188
102
4374
3773
3606
3842
2559
807
3034
4220
2193
3761
2711
4387
3487
3952
4377
758
840
2015
4376
1462
4389
3186
102
4372
3771
3603
3869
2557
807
3032
4231
2193
3759
2710
4387
3485
3973
4375
757
839
2014
4373
1462
4391
3185
101
4370
3769
3602
3893
2556
807
3031
4242
2191
3757
2709
4387
3484
3994
4373
757
839
2013
4372
1461
4393
3183
101
4368
3766
3599
3917
2554
806
3029
4253
2189
3755
2707
4387
3481
4014
4370
756
838
2012
4369
1459
4393
3181
101
4366
3764
3597
3940
2553
806
3027
4263
2188
3753
2706
4387
3479
4034
4367
756
838
2010
4366
1458
4394
3179
101
4363
3761
3594
3963
2551
805
3025
4272
2187
3750
2704
4387
3477
4054
4365
755
837
2009
4363
1458
4395
3177
101
4360
3759
3592
3984
2550
805
3023
4281
2185
3748
2703
4387
3474
4071
4362
755
836
2008
4360
1457
4396
3175
101
4359
3757
3590
4005
2549
805
3021
4290
2183
3746
2700
4386
3472
4089
4359
754
836
2006
4357
1455
4396
3173
101
4355
3754
3587
4025
2547
804
3020
4298
2182
3743
2698
4385
3469
4106
4356
753
836
2005
4355
1455
4396
3171
101
4353
3751
3585
4044
2545
803
3018
4306
2180
3741
2697
4384
3466
4122
4353
753
835
2003
4351
1453
4397
3169
100
4350
3748
3582
4063
2542
803
3015
4313
2179
3738
2695
4383
3464
4137
4349
753
834
2002
4348
1452
4396
3166
100
4347
3746
3579
4080
2541
803
3013
4320
2177
3735
2693
4382
3461
4152
4346
751
833
2000
4345
1452
4396
3164
101
4344
3743
3576
4097
2540
802
3011
4328
2175
3733
2691
4380
3458
4166
4343
751
834
1999
4342
1450
4396
3162
100
4341
3739
3574
4113
2538
801
3008
4333
2173
3730
2688
4379
3455
4180
4339
751
832
1997
4338
1449
4394
3159
101
4338
3736
3571
4129
2536
801
3007
4339
2172
3726
2686
4377
3452
4193
4336
750
831
1995
4335
1447
4394
3157
100
4335
3734
3567
4144
2533
800
3004
4344
2170
3724
2685
4375
3450
4205
4333
749
831
1994
4331
1447
4393
3154
99
4331
3730
3564
4159
2531
799
3001
4350
2168
3720
2682
4374
3447
4217
4330
748
831
1992
4328
1446
4392
3152
100
4329
3727
3562
4173
2529
799
2999
4355
2166
3718
2680
4372
3443
4229
4326
748
830
1990
4324
1444
4390
3148
100
4324
3724
3559
4186
2528
798
2997
4359
2164
3715
2677
4371
3441
4239
4322
747
829
1989
4321
1443
4389
3146
100
4321
3721
3555
4198
2525
797
2994
4364
2163
3711
2675
4368
3438
4250
4319
747
829
1987
4317
1442
4388
3144
100
4318
3718
3553
4211
2523
796
2991
4368
2161
3708
2673
4365
3435
4260
4314
746
827
1985
4313
1440
4386
3141
99
4315
3715
3549
4222
2521
796
2989
4372
2159
3705
2671
4363
3432
4270
4311
745
827
1983
4309
1438
4385
3138
99
4311
3711
3546
4233
2519
795
2986
4375
2157
3703
2668
4361
3428
4279
4307
745
827
1982
4306
1437
4383
3135
99
4307
3708
3543
4244
2517
794
2984
4378
2154
3699
2666
4358
3425
4288
4303
744
825
1979
4302
1436
4381
3133
99
4303
3704
3539
4255
2514
794
2981
4381
2153
3695
2664
4355
3422
4295
4299
744
824
1978
4297
1435
4379
3130
99
4300
3701
3536
4264
2512
793
2977
4383
2150
3692
2661
4353
3419
4303
4295
742
824
1976
4294
1434
4377
3126
99
4296
3697
3532
4273
2510
792
2975
4386
2148
3689
2658
4351
3415
4310
4291
742
823
1974
4290
1432
4375
3124
99
4292
3694
3529
4282
2508
791
2973
4388
2146
3685
2656
4348
3412
4317
4287
741
823
1972
4286
1430
4372
3121
99
4288
3690
3526
4291
2505
791
2970
4390
2144
3681
2653
4344
3408
4324
4283
741
821
1970
4281
1429
4370
3118
98
4284
3687
3522
4299
2502
790
2967
4392
2142
3678
2651
4342
3405
4330
4279
740
821
1968
4278
1428
4368
3115
98
4281
3683
3519
4306
2500
790
2964
4394
2140
3674
2648
4338
3402
4337
4274
738
820
1966
4273
1427
4365
3111
99
4276
3679
3516
4314
2498
789
2961
4395
2138
3671
2646
4336
3398
4342
4270
738
819
1964
4269
1425
4362
3108
99
4271
3675
3511
4320
2495
788
2958
4395
2135
3667
2643
4332
3395
4347
4266
737
818
1962
4265
1424
4360
3106
98
4268
3672
3508
4327
2493
787
2955
4396
2133
3664
2640
4329
3391
4352
4262
737
818
1960
4260
1422
4357
3102
98
4264
3668
3504
4333
2491
786
2952
4397
2131
3660
2637
4326
3388
4357
4257
735
817
1958
4256
1420
4354
3099
98
4259
3664
3501
4338
2488
785
2950
4398
2129
3656
2635
4322
3384
4361
4253
735
816
1956
4252
1419
4351
3096
98
4255
3660
3497
4344
2485
784
2946
4398
2127
3652
2632
4319
3380
4365
4249
734
815
1954
4247
1418
4348
3093
98
4251
3657
3493
4349
2483
784
2943
4398
2124
3648
2629
4315
3377
4369
4244
733
814
1952
4243
1416
4345
3089
98
4247
3652
3490
4353
2480
783
2940
4398
2122
3645
2627
4312
3373
4372
4240
733
814
1950
4239
1415
4341
3086
98
4242
3649
3486
4358
2478
782
2937
4397
2120
3641
2624
4308
3370
4375
4235
732
812
1948
4234
1413
4338
3083
98
4238
3645
3482
4362
2475
782
2934
4398
2118
3637
2621
4304
3366
4378
4230
731
811
1946
4229
1411
4335
3080
97
4234
3641
3479
4366
2472
781
2931
4397
2116
3633
2618
4300
3363
4381
4226
730
811
1943
4225
1410
4331
3076
97
4230
3637
3474
4369
2469
780
2927
4396
2113
3629
2615
4297
3359
4384
4221
729
810
1941
4220
1408
4328
3073
97
4225
3633
3471
4373
2467
778
2925
4395
2110
3626
2613
4293
3355
4385
4217
729
809
1940
4216
1407
4324
3070
97
4220
3629
3467
4376
2465
778
2922
4394
2108
3621
2610
4289
3351
4387
4212
728
808
1937
4211
1405
4320
3067
97
4216
3625
3463
4378
2461
777
2918
4393
2106
3617
2607
4285
3347
4389
4208
727
807
1935
4206
1404
4317
3063
97
4211
3621
3460
4381
2459
777
