47
23
50
37
43
7
29
9
8
80
14
40
22
75
25
27
14
59
20
36
14
48
24
53
37
44
4
25
8
9
1
84
10
36
17
68
29
29
10
60
25
12
32
16
50
25
55
36
46
3
23
8
9
3
85
7
37
28
63
26
27
9
63
27
16
52
18
51
27
55
35
49
5
24
11
11
6
83
5
36
29
63
24
25
9
67
27
14
18
49
26
56
33
49
5
25
16
7
4
83
2
38
17
63
27
28
8
64
24
28
16
49
23
57
29
48
5
27
20
3
6
81
1
39
11
61
28
30
7
64
22
55
22
16
51
21
60
26
49
5
24
22
2
10
84
41
6
63
25
28
7
68
21
36
58
13
48
20
57
24
50
8
25
26
1
8
84
42
33
67
19
23
8
66
18
16
10
47
16
56
18
51
9
23
27
8
84
41
8
62
19
23
8
65
13
7
45
12
56
13
47
8
21
26
4
74
37
48
20
25
7
62
13
43
2
44
6
55
9
45
9
24
30
5
69
34
7
50
15
22
9
62
10
26
58
45
3
54
5
47
12
23
32
7
74
34
3
54
10
18
11
63
5
70
14
41
35
3
47
33
48
57
80
8
71
2
64
5
32
62
5
102
16
42
38
6
48
35
52
61
2
81
13
75
6
67
10
33
63
8
131
47
44
40
11
49
37
56
63
4
87
27
80
14
69
12
34
64
12
101
37
28
46
40
17
52
2
39
58
65
5
92
34
83
29
72
10
35
66
19
129
45
46
39
19
57
5
42
57
66
3
100
35
88
37
77
9
36
67
22
162
44
39
23
57
9
43
60
68
5
3
94
41
91
48
84
12
38
65
22
199
47
42
27
52
14
43
66
71
2
11
9
97
49
91
46
84
4
15
39
68
30
217
47
40
28
54
17
46
68
74
5
10
10
104
53
95
37
84
1
13
40
69
33
212
29
30
43
36
30
55
20
47
68
71
7
6
13
98
59
92
56
90
10
42
65
29
236
34
5
39
33
31
53
21
47
67
69
7
2
12
100
61
88
40
88
1
12
41
61
28
242
33
29
32
50
22
46
69
69
7
14
95
63
88
34
78
3
15
41
52
31
214
20
28
25
33
47
24
45
69
68
9
18
89
67
85
54
74
13
41
46
32
228
42
22
18
31
47
25
47
69
68
3
13
91
67
85
42
79
8
42
41
21
228
17
14
33
44
26
47
69
66
4
15
86
70
82
50
73
8
43
36
19
195
44
10
11
33
41
26
47
68
65
1
17
81
72
78
54
65
11
42
26
18
200
87
9
9
34
40
23
44
62
61
2
17
78
65
75
49
61
11
41
24
21
150
66
7
6
34
40
20
44
57
58
2
13
74
59
71
41
59
7
39
23
17
114
2
1
2
32
39
19
45
58
58
7
72
57
71
14
51
7
40
17
11
92
32
36
15
43
57
55
7
62
55
66
20
49
11
37
8
12
41
4
31
32
13
40
55
52
3
55
52
57
20
48
12
36
4
9
30
25
31
31
11
39
54
50
2
57
49
53
2
41
8
36
3
8
16
63
14
31
30
7
37
50
46
2
49
45
48
14
37
7
34
5
3
77
29
27
3
34
47
43
1
43
41
44
15
31
11
32
1
46
28
24
2
32
48
42
1
40
45
43
21
30
12
31
4
36
27
21
3
30
47
40
3
32
49
37
42
23
8
31
43
27
22
28
41
36
32
39
34
17
18
7
30
16
25
20
25
37
32
24
27
29
14
10
27
57
23
16
24
40
32
18
34
24
2
11
12
27
94
2
22
15
24
40
33
22
37
24
15
13
9
28
79
16
22
15
25
39
32
16
31
24
9
11
6
28
29
21
14
23
38
31
15
30
21
14
9
9
28
14
20
11
22
41
32
13
33
22
16
6
11
28
25
21
10
22
41
31
9
31
20
5
5
10
28
47
9
23
10
21
40
29
3
9
33
16
10
5
6
29
79
24
11
20
43
29
3
9
38
15
14
3
8
29
87
24
9
20
46
31
3
7
35
16
1
4
11
28
54
25
9
18
45
30
8
7
34
15
18
3
11
27
33
30
28
12
17
40
27
8
10
31
13
24
1
10
27
2
32
28
11
17
40
27
4
9
25
14
11
25
33
27
7
14
39
26
1
2
19
13
16
24
56
29
6
12
40
25
5
24
7
9
15
23
83
20
27
5
12
39
24
1
5
21
5
2
10
22
62
14
26
6
9
32
18
14
1
10
19
13
24
4
6
30
16
14
14
17
1
23
4
4
27
13
12
14
15
12
34
23
5
4
27
12
12
11
16
46
23
6
4
26
11
12
10
16
79
24
9
4
25
10
4
12
4
12
16
100
24
8
5
30
14
2
20
1
12
12
18
67
10
25
6
6
33
16
4
23
9
20
9
23
25
9
9
29
15
3
4
21
2
1
6
21
23
11
11
32
18
4
26
4
12
9
22
23
10
11
35
20
7
28
6
9
12
23
21
11
23
12
14
37
23
6
1
29
8
7
9
25
1
58
40
22
14
17
40
25
6
2
30
9
4
7
28
54
20
16
18
39
26
4
3
28
11
8
9
28
12
20
15
18
38
25
5
3
24
11
2
13
27
36
20
16
17
36
23
7
5
25
12
10
28
2
5
46
21
18
19
34
23
7
5
25
14
9
7
30
18
19
16
21
36
22
5
27
10
13
8
31
53
18
13
18
36
20
8
28
3
28
10
30
66
16
14
19
35
21
5
3
22
7
12
9
30
17
28
13
14
21
35
22
1
17
9
4
33
5
14
12
20
31
17
1
19
2
9
4
32
13
8
17
29
15
14
7
32
11
6
16
28
13
12
4
32
46
9
6
16
27
11
14
33
90
10
4
14
25
6
12
33
65
10
2
10
22
12
3
3
31
6
9
6
21
11
3
31
20
10
4
19
7
30
9
12
14
5
29
55
14
16
13
4
30
104
15
21
20
6
31
132
17
17
16
4
30
91
20
11
10
4
29
23
21
12
14
9
27
1
23
12
5
16
12
25
24
25
12
9
20
2
10
24
61
26
5
10
10
21
12
9
23
89
28
6
7
4
10
19
6
13
21
88
4
29
5
9
6
13
22
16
21
2
50
10
5
30
10
14
9
19
28
14
13
23
4
17
38
2
5
30
11
16
13
19
30
25
10
25
7
13
2
5
29
12
6
22
12
14
18
28
1
11
27
9
45
2
7
30
11
13
29
25
17
27
9
33
4
37
14
28
13
100
3
9
28
13
1
20
34
37
19
25
14
35
18
30
6
12
31
19
31
76
30
4
10
27
17
3
28
41
49
21
22
23
37
28
6
16
9
34
23
403
11
7
8
30
18
7
34
44
55
25
29
23
43
34
35
14
9
36
24
833
5
9
27
19
5
36
48
62
24
30
27
44
43
31
19
12
36
26
1289
4
9
27
20
6
39
51
68
28
34
32
49
50
47
23
12
36
32
1893
7
7
29
22
10
43
56
74
34
41
32
59
56
68
26
9
37
34
2267
9
9
29
26
11
47
61
80
34
40
42
62
65
65
38
10
37
33
2347
9
11
30
28
14
50
68
86
33
43
48
70
75
78
45
14
39
33
1927
6
5
10
15
31
30
18
52
75
92
36
46
55
75
83
70
47
15
39
38
965
67
31
2
8
13
14
32
31
21
54
78
95
41
46
57
76
89
54
56
11
40
5
43
61
135
31
1
7
13
11
34
29
25
54
82
94
41
50
51
86
85
84
64
9
42
4
39
141
10
12
13
33
28
23
50
77
88
39
48
57
82
79
77
57
12
39
7
39
147
9
10
10
31
25
23
47
76
85
39
46
56
81
80
66
56
12
38
4
43
184
3
7
4
31
22
26
45
79
83
40
48
49
83
76
67
52
6
38
41
168
1
5
29
22
24
43
72
75
39
43
53
75
72
61
46
3
37
36
94
1
26
20
22
41
69
71
34
37
54
71
74
54
38
5
36
36
25
24
17
20
36
64
64
34
36
31
66
66
38
42
6
35
39
19
24
15
21
33
60
58
34
36
36
65
51
41
47
1
35
36
28
20
14
20
34
59
56
29
30
47
62
55
37
41
37
28
45
21
12
21
33
58
53
29
34
29
66
51
59
37
37
26
76
18
9
23
31
59
51
22
32
33
68
47
59
30
38
22
44
16
10
20
29
54
47
19
23
29
57
46
13
29
38
23
28
17
12
19
28
50
42
21
18
29
49
40
2
30
38
22
12
17
9
21
28
52
41
18
20
28
55
38
17
25
40
16
17
7
22
27
52
39
15
22
25
58
36
26
22
41
13
8
18
7
24
29
52
39
15
22
26
60
34
29
21
43
16
66
14
19
7
24
30
50
37
17
23
20
57
30
28
20
45
15
79
4
19
7
22
29
46
33
16
21
19
52
26
32
12
45
11
13
18
6
21
29
47
34
10
16
19
50
27
19
12
45
6
17
4
19
29
49
35
5
11
19
49
27
13
45
5
25
18
5
17
29
44
32
7
11
22
44
25
14
3
45
3
12
18
8
13
28
37
28
7
7
19
31
23
6
1
44
51
18
3
12
25
36
25
2
4
2
31
13
1
42
91
19
14
23
38
24
6
7
37
8
4
43
58
17
10
23
34
23
11
27
10
42
1
15
7
23
30
19
4
20
5
41
13
3
21
26
17
3
14
6
40
13
19
22
13
9
1
37
13
17
20
11
4
37
55
10
1
18
15
10
2
36
60
8
1
17
15
10
1
34
29
7
17
19
13
6
2
3
34
45
5
1
17
19
13
5
2
2
34
42
5
4
16
15
10
8
2
32
5
7
14
10
7
1
8
6
29
16
4
8
13
11
8
1
10
1
11
27
51
1
4
9
13
13
10
4
12
2
11
27
22
31
2
5
13
13
10
8
10
15
1
10
25
4
3
7
15
14
11
9
9
1
18
5
2
12
23
1
5
9
14
12
11
9
9
5
17
5
16
22
2
7
10
16
11
10
8
14
9
20
5
5
1
14
21
8
3
7
12
18
12
10
7
16
8
23
5
1
10
21
7
45
9
3
12
15
21
12
5
4
19
7
21
5
4
11
20
11
38
58
11
6
14
18
19
9
6
3
20
11
18
5
10
16
20
12
65
12
11
6
14
19
18
10
8
4
18
13
24
2
10
14
20
12
111
14
1
13
9
12
21
18
11
8
5
23
13
24
3
5
7
10
21
16
128
8
4
15
13
13
24
17
11
9
4
27
17
21
1
2
9
9
21
15
83
7
4
15
14
13
27
16
11
13
6
26
23
22
7
2
22
2
13
12
22
16
126
32
4
18
13
15
26
15
10
15
8
24
19
25
7
7
4
5
15
12
22
17
175
76
8
6
20
14
15
28
16
11
16
8
27
21
22
9
5
7
8
10
9
23
1
17
185
44
2
10
23
17
14
30
16
11
16
7
32
25
23
9
1
10
10
11
7
23
5
22
205
11
24
17
13
30
15
10
14
7
32
24
25
5
4
11
16
10
22
6
25
203
7
20
13
11
29
13
11
20
10
28
26
21
14
7
13
10
14
10
23
1
23
199
2
9
23
13
12
28
13
10
16
8
31
25
23
13
6
8
11
12
7
22
6
26
180
10
26
13
12
27
15
12
16
9
29
21
26
10
8
17
11
5
23
10
22
163
26
8
25
11
14
25
15
12
18
10
26
22
25
13
10
9
17
15
9
22
8
20
135
57
7
27
8
18
23
14
10
17
9
24
23
24
12
10
13
14
20
12
21
8
21
101
22
9
31
7
20
22
16
10
17
9
23
22
24
13
10
20
14
18
10
21
11
21
60
21
9
34
7
22
21
18
11
17
9
22
19
27
15
11
24
18
18
8
21
14
18
50
8
37
4
26
18
19
11
17
10
18
12
30
12
14
22
24
12
20
17
16
25
6
41
31
15
20
10
20
12
13
11
38
15
17
1
20
28
15
19
20
15
1
6
6
42
32
14
23
9
17
11
12
12
40
13
20
21
21
25
14
18
21
15
60
7
44
32
14
21
7
14
9
16
10
33
10
20
8
27
24
12
17
22
17
68
8
46
36
13
20
6
15
10
15
4
36
7
17
36
28
15
16
26
18
23
6
45
38
13
21
3
13
8
14
10
42
6
14
35
31
18
14
24
17
5
45
39
13
21
3
13
10
15
12
45
7
19
11
36
27
18
14
23
17
8
45
38
12
23
4
13
11
16
7
45
3
21
40
23
14
15
24
17
9
44
38
13
24
2
11
9
19
12
46
3
19
4
36
23
14
14
24
18
20
9
43
39
12
23
2
12
10
18
13
47
6
22
8
35
26
18
14
22
18
60
12
45
42
13
25
2
11
12
19
14
48
4
26
15
37
28
18
14
24
22
28
10
20
49
4
44
17
26
1
8
10
27
18
45
1
22
17
41
29
17
13
29
27
14
27
53
11
47
19
28
2
6
9
31
18
48
20
7
39
36
19
13
31
29
30
56
14
51
19
29
2
5
9
29
17
46
22
34
44
23
12
33
30
34
59
18
56
22
31
2
7
12
30
19
47
24
36
48
26
11
37
35
11
40
62
25
57
25
33
3
4
11
37
23
47
24
3
35
48
25
10
40
40
19
11
40
58
29
55
26
35
3
2
9
35
22
44
23
9
32
50
25
10
37
31
27
38
52
31
55
26
36
2
7
31
21
43
21
10
27
56
29
9
30
26
41
50
34
56
27
36
4
30
21
39
18
21
60
33
7
26
29
30
42
47
38
54
28
35
30
20
38
15
4
21
59
30
6
25
26
37
42
44
40
51
29
35
29
18
36
9
5
19
58
29
4
22
21
13
40
41
39
50
26
34
25
12
33
6
11
63
32
1
17
19
47
34
35
34
47
23
31
17
9
32
7
5
61
33
1
11
14
89
1
31
31
31
43
23
30
13
6
27
6
6
55
29
2
8
9
79
10
30
28
30
39
23
29
12
5
24
11
50
25
7
5
17
30
56
14
51
19
29
2
5
9
29
17
46
22
34
44
23
12
33
30
34
59
18
56
22
31
2
7
12
30
19
47
24
36
48
26
11
37
35
11
40
62
25
57
25
33
3
4
11
37
23
47
24
3
35
48
25
10
40
40
19
11
40
58
29
55
26
35
3
2
9
35
22
44
23
9
32
50
25
10
37
31
27
38
52
31
55
26
36
2
7
31
21
43
21
10
27
56
29
9
30
26
41
50
34
56
27
36
4
30
21
39
18
21
60
33
7
26
29
30
42
47
38
54
28
35
30
20
38
15
4
21
59
30
6
25
26
37
42
44
40
51
29
35
29
18
36
9
5
19
58
29
4
22
21
13
40
41
39
50
26
34
25
12
33
6
11
63
32
1
17
19
47
34
35
34
47
23
31
17
9
32
7
5
61
33
1
11
14
89
1
31
31
31
43
23
30
13
6
27
6
6
55
29
2
8
9
79
10
30
28
30
39
23
29
12
5
24
11
50
25
7
5
17
76
89
64
76
39
45
9
51
36
40
12
14
23
75
26
6
65
50
6
82
96
67
81
40
46
11
56
2
41
45
21
35
27
83
30
5
72
60
85
102
66
85
39
47
13
57
9
40
52
22
5
23
35
84
29
7
79
63
34
88
106
67
84
38
48
16
59
11
41
55
25
11
31
30
80
24
9
83
64
13
88
108
67
84
37
50
3
17
5
61
13
41
53
27
20
36
39
78
22
11
87
65
18
8
85
108
62
83
33
49
6
18
12
57
14
37
52
25
19
35
46
79
24
11
88
63
21
46
84
108
59
83
30
46
11
21
20
52
13
34
56
25
23
32
36
77
24
11
89
63
16
41
7
81
107
55
79
28
47
17
25
29
52
12
35
55
28
31
39
37
69
20
14
90
63
13
12
80
106
53
75
26
47
20
20
33
50
12
30
55
19
32
30
40
65
18
14
90
59
42
74
103
48
73
23
45
22
18
36
42
9
25
55
15
35
32
37
65
19
13
87
52
45
70
101
43
72
22
43
24
20
40
39
8
29
52
20
38
46
35
63
21
14
85
53
30
24
70
101
41
70
21
44
25
17
41
39
10
25
54
14
39
27
35
57
19
14
87
54
4
65
68
100
38
67
19
45
28
17
43
38
9
21
54
9
41
4
36
53
16
16
88
52
9
75
68
102
38
68
19
46
29
18
45
38
11
23
57
14
46
20
39
57
19
16
89
51
25
29
69
101
37
69
18
46
29
19
47
39
11
27
58
18
50
21
38
59
22
15
88
55
10
74
103
39
69
21
47
30
19
48
47
15
37
68
25
56
42
44
57
20
15
91
62
3
32
74
103
41
67
23
52
33
23
52
49
18
38
76
31
65
49
52
53
17
18
95
61
5
74
101
41
66
24
51
32
25
52
49
20
37
69
33
65
27
60
55
18
18
94
62
32
73
98
42
65
29
45
31
31
53
50
20
48
72
50
64
65
65
58
21
19
91
61
54
74
95
43
61
32
42
30
35
56
53
19
53
73
59
66
72
64
55
20
21
89
63
51
60
78
96
48
57
35
44
4
32
37
56
60
21
55
75
60
67
64
67
52
16
22
93
71
41
79
93
52
54
39
42
10
33
42
57
63
21
58
77
68
68
61
70
53
17
25
92
73
5
82
92
55
55
42
42
15
33
46
59
65
23
61
79
74
71
49
74
59
21
26
92
79
16
83
89
57
51
48
39
25
35
53
63
69
22
71
80
88
74
67
76
57
20
29
91
84
27
85
86
61
46
51
38
33
37
57
65
74
21
75
81
93
74
70
79
51
16
32
91
85
21
84
83
63
42
53
38
39
39
59
65
77
25
77
86
95
78
78
80
50
15
34
90
84
49
81
75
61
37
55
34
44
38
62
67
75
19
82
82
100
80
75
77
50
16
35
84
84
34
82
72
60
34
57
30
50
37
65
66
77
16
86
74
107
74
86
81
47
14
37
81
87
79
66
57
28
57
28
54
39
67
67
77
14
86
80
110
73
94
81
39
9
40
77
83
77
59
57
21
57
26
58
40
68
67
77
8
87
75
111
71
94
73
33
5
43
72
81
75
55
56
18
56
23
60
40
70
66
75
6
85
69
110
68
82
67
35
7
44
68
83
39
73
50
53
15
55
21
61
40
72
66
73
3
84
70
108
68
66
65
33
7
45
63
82
72
72
45
51
10
56
20
63
41
72
65
73
84
66
107
66
71
65
26
2
47
60
80
153
40
16
69
39
50
5
55
19
62
40
67
61
76
86
65
102
61
85
63
22
48
54
79
578
62
31
47
1
