69
54
65
68
53
80
47
64
44
72
57
65
57
71
56
28
71
59
38
119
53
8
65
66
53
64
65
50
79
47
59
42
68
55
64
56
68
55
27
70
57
34
19
68
17
65
65
52
63
64
51
79
45
59
41
64
55
61
56
67
53
25
69
57
32
86
40
61
65
54
64
67
53
81
48
59
42
66
59
63
58
67
58
27
70
59
34
110
23
59
66
54
63
67
52
79
48
58
42
70
56
60
57
66
56
27
70
58
33
124
61
63
55
60
66
51
73
44
56
42
65
55
58
55
60
56
27
70
56
29
115
1
62
62
54
60
66
52
73
44
53
41
61
56
54
57
54
58
27
69
56
26
97
16
62
62
54
60
67
52
74
45
53
41
62
57
55
57
57
59
27
70
57
29
83
19
63
63
56
60
70
53
74
46
54
40
62
58
57
58
58
59
27
71
58
31
50
2
58
63
54
60
67
52
73
44
52
40
61
57
55
58
56
58
27
70
57
28
21
55
60
52
58
61
50
71
42
50
39
58
53
54
56
55
56
27
69
56
25
14
12
59
62
53
58
63
51
72
44
48
37
56
53
54
55
54
56
26
69
56
24
15
18
55
63
55
63
67
53
78
48
54
44
67
61
63
59
66
61
22
71
59
32
51
58
63
56
64
69
55
78
48
58
45
68
61
62
59
67
60
24
72
60
37
62
57
63
55
62
67
52
76
46
51
44
65
61
59
59
61
57
22
70
58
30
59
1
55
61
56
61
68
53
74
44
50
45
63
61
59
59
61
59
22
70
57
29
68
26
51
63
56
62
69
55
78
48
55
46
65
62
60
61
63
61
22
71
59
31
71
30
49
65
57
62
71
55
78
48
52
47
66
64
59
61
63
62
23
71
59
32
69
3
54
62
56
60
69
54
74
46
50
46
63
61
56
60
60
58
24
70
58
29
64
9
52
61
56
58
66
53
74
45
45
44
57
59
55
59
58
55
23
70
57
23
67
34
49
61
58
59
70
55
74
46
49
44
55
60
56
59
59
57
21
70
58
25
71
18
54
61
58
61
73
57
76
48
53
46
64
61
57
62
60
58
22
70
60
31
61
55
61
56
59
67
55
74
45
49
45
64
60
57
59
61
58
24
70
58
29
60
50
60
56
57
66
52
70
42
50
45
56
61
54
60
56
56
23
68
56
23
55
16
49
60
56
58
68
54
73
45
48
47
58
62
54
59
57
58
23
69
57
27
51
17
50
63
57
61
70
56
76
47
50
47
64
62
58
60
63
61
24
70
59
33
57
49
62
57
60
71
58
75
45
54
47
62
60
58
58
64
57
25
70
59
29
54
52
61
56
59
68
55
74
46
50
45
61
61
57
58
63
59
24
68
57
28
48
12
53
61
54
61
67
54
78
47
53
45
64
61
57
62
66
62
25
69
58
32
42
14
55
63
56
61
68
56
79
50
55
46
64
60
62
59
66
60
24
70
59
34
38
53
60
55
60
68
54
77
50
52
44
63
57
61
59
65
59
25
69
58
32
44
48
59
55
58
67
52
74
44
49
43
59
56
57
57
61
55
24
68
56
26
58
10
47
59
57
59
66
54
76
46
48
46
59
60
59
59
61
59
23
68
57
26
61
22
52
61
56
60
66
54
78
49
51
48
58
61
61
61
64
61
25
69
58
32
67
48
60
57
59
68
54
76
47
51
46
57
61
59
61
63
59
25
69
57
30
77
48
57
57
57
66
54
75
46
47
49
58
61
57
59
62
60
25
68
55
27
73
48
59
56
57
66
54
75
46
46
49
62
61
55
59
61
61
25
68
56
27
12
66
6
52
59
58
60
70
57
80
50
50
51
66
65
60
63
64
66
25
69
58
30
12
59
53
58
59
59
72
57
79
50
50
53
64
68
61
64
67
67
26
70
59
35
6
48
49
59
58
58
69
56
77
47
48
52
62
66
59
63
66
64
26
68
57
34
19
52
53
58
59
58
69
57
79
49
49
54
63
67
61
65
65
68
25
69
58
30
34
52
9
51
57
61
59
75
61
83
53
49
55
66
72
64
69
69
73
25
70
60
36
22
41
3
49
61
61
61
77
60
83
53
54
54
68
70
66
68
73
70
26
70
60
40
8
37
48
60
59
61
72
58
82
51
54
55
67
72
66
68
72
69
25
69
59
38
9
41
52
58
59
61
70
58
84
52
51
56
66
73
66
68
72
73
24
69
59
39
5
55
16
54
62
60
64
74
63
88
58
56
57
71
73
72
71
79
77
24
70
63
42
59
11
56
63
60
65
75
62
89
59
59
57
75
74
73
73
81
77
24
71
63
45
52
54
62
60
63
73
58
87
56
57
57
69
73
70
70
75
75
24
69
60
43
50
5
53
62
59
63
72
59
85
54
56
56
64
74
68
71
75
74
23
69
60
42
48
25
52
62
59
63
72
60
86
56
57
55
72
74
68
73
75
76
22
69
61
41
55
25
55
64
59
66
75
62
90
59
61
56
77
74
72
74
80
77
23
70
63
47
72
2
54
64
57
65
72
60
88
58
59
54
72
72
72
70
76
74
24
70
61
45
81
50
62
57
63
70
59
86
56
57
52
70
70
68
70
73
71
23
70
61
39
83
16
53
63
57
64
71
60
86
56
57
52
69
72
69
71
76
73
23
70
62
43
86
20
50
66
57
66
72
61
86
57
58
50
75
70
69
70
77
72
22
71
62
42
85
4
52
63
59
65
73
61
86
57
59
49
73
70
69
70
74
72
21
72
62
40
76
2
51
59
58
63
73
60
84
53
58
50
67
68
67
70
70
68
20
71
61
38
79
22
49
61
57
64
72
60
84
54
56
48
68
68
66
70
70
68
20
71
61
36
81
37
51
63
56
65
71
61
86
57
59
50
71
69
70
69
73
73
20
72
63
41
73
18
51
64
56
65
72
61
86
56
60
50
72
67
70
68
74
70
21
72
63
43
75
20
47
63
55
62
70
60
82
52
56
48
67
65
65
66
69
67
21
70
61
40
75
41
49
62
55
63
69
59
84
53
53
49
65
66
67
66
71
68
20
71
61
36
77
55
56
65
56
65
71
60
87
56
58
48
69
66
70
67
75
68
21
72
62
40
75
37
55
64
56
64
72
60
85
54
60
49
71
66
68
66
74
68
22
72
62
41
72
13
51
63
56
62
70
58
85
53
55
49
69
66
68
66
74
69
22
71
61
39
78
26
51
64
55
62
68
57
83
53
55
48
68
66
66
67
72
71
21
70
60
37
86
41
56
64
57
63
72
60
85
54
58
49
70
70
67
69
74
73
22
72
61
41
89
28
56
63
58
64
74
62
87
56
60
51
73
70
71
70
77
72
24
73
62
42
87
2
52
64
57
63
71
59
85
53
57
51
71
68
67
67
76
69
24
72
61
39
80
8
53
62
57
61
71
58
83
52
54
48
65
68
66
66
69
68
23
70
59
37
74
35
55
63
57
64
71
61
85
53
56
49
69
67
69
68
73
69
21
72
62
38
75
33
53
66
56
65
69
61
87
57
55
51
70
69
70
69
75
74
23
73
63
39
70
13
52
64
55
63
68
57
82
53
56
49
66
66
65
67
67
68
24
71
60
37
66
9
54
61
54
63
66
56
82
50
55
49
65
65
63
65
68
65
23
70
60
34
61
25
50
63
54
64
66
58
84
54
53
47
63
65
66
64
67
68
23
71
61
34
53
26
50
65
55
65
69
58
85
55
56
45
65
64
67
65
70
68
23
73
62
38
56
54
65
54
64
66
56
82
50
54
45
68
62
63
63
68
65
24
72
59
35
50
51
64
52
63
63
54
79
47
54
42
67
61
62
60
66
62
22
70
58
33
47
18
49
64
52
66
65
57
82
50
56
43
67
63
66
65
69
65
21
72
61
35
38
32
53
67
52
67
67
58
84
51
59
43
72
62
68
64
71
64
21
72
62
38
37
13
53
65
53
65
65
54
81
50
59
42
70
61
66
61
70
62
22
72
59
39
41
12
54
64
52
63
63
53
79
48
55
42
68
60
63
61
68
60
21
71
58
36
33
36
55
64
52
65
65
57
82
49
57
44
69
63
63
64
70
64
21
71
60
38
38
34
51
66
54
66
68
57
84
52
61
46
73
64
65
65
72
66
21
72
61
41
51
14
52
67
55
66
70
57
83
50
61
43
74
62
69
62
75
61
22
72
60
42
46
2
56
66
52
66
65
57
84
51
61
43
72
63
70
65
76
66
22
72
60
42
39
30
55
66
52
67
64
57
86
52
63
43
74
65
69
66
76
69
21
72
61
42
38
54
56
67
52
69
68
59
89
55
64
43
75
64
75
66
80
67
21
73
63
44
38
32
58
69
51
69
68
59
89
56
63
44
74
63
75
66
79
68
22
73
63
49
36
19
56
67
52
67
66
58
86
52
62
44
75
65
72
66
75
66
21
72
61
44
45
38
55
66
51
66
64
57
87
52
62
43
76
64
73
66
76
66
21
72
61
41
46
47
55
68
52
68
67
58
90
56
62
45
78
65
76
67
79
68
21
73
63
47
40
28
61
70
52
69
68
59
90
54
68
43
78
64
76
68
81
68
23
73
63
48
48
6
54
68
52
68
66
57
86
51
66
43
77
64
72
65
78
66
22
72
61
45
56
9
52
67
52
65
66
55
84
49
62
42
74
63
68
63
72
63
21
71
59
40
71
21
60
67
52
66
67
55
87
53
66
42
76
63
70
66
74
67
21
71
60
42
1
74
21
60
68
51
68
65
55
88
53
69
45
80
63
73
65
79
69
23
72
61
49
68
61
69
51
66
62
54
83
49
66
44
76
61
67
61
74
62
24
71
58
43
71
58
67
52
65
63
54
81
48
62
43
72
61
67
61
71
61
23
70
58
37
68
19
58
68
51
65
62
54
82
49
63
43
72
61
69
61
72
63
24
71
58
40
67
22
58
68
52
66
63
53
83
50
62
42
74
60
69
61
71
63
24
71
57
40
77
55
67
52
65
63
53
81
48
62
42
72
60
67
61
71
61
25
71
57
40
85
54
64
53
63
62
53
80
47
60
44
67
60
65
61
67
59
24
70
57
35
85
2
50
66
53
63
63
54
81
48
59
43
66
60
64
61
68
61
25
70
57
34
84
11
52
67
53
65
66
55
84
51
62
44
71
62
69
63
72
61
26
71
59
41
71
57
65
54
65
65
55
82
50
61
44
74
61
68
62
70
62
25
71
58
37
53
52
63
54
62
63
54
78
46
56
43
70
61
63
62
66
60
24
70
57
29
50
50
62
54
63
65
55
79
46
55
44
68
63
61
64
65
60
24
70
58
30
50
3
53
64
54
64
66
56
82
49
58
44
70
63
64
62
68
62
25
71
59
36
50
51
63
55
62
68
56
80
49
56
43
67
61
64
62
64
59
26
71
59
30
56
46
61
55
60
67
55
75
46
50
44
64
61
58
60
60
56
25
71
58
22
62
41
60
54
60
62
55
76
45
48
46
64
61
59
60
61
58
23
70
58
24
67
27
48
60
56
61
66
56
78
49
51
46
66
64
59
61
62
61
24
71
59
25
71
20
50
60
57
60
68
56
77
48
50
46
64
62
59
60
62
58
25
72
59
27
78
8
46
59
55
59
65
55
74
45
46
46
58
62
58
59
58
56
24
71
57
22
84
9
46
58
56
58
65
53
73
45
44
47
57
64
54
60
55
59
24
70
57
17
85
19
44
59
56
60
66
56
75
46
46
47
63
63
59
61
57
58
23
71
58
20
83
18
44
59
56
61
67
56
77
48
47
45
62
62
60
59
61
57
23
72
59
23
71
42
58
54
59
64
55
74
44
44
43
59
60
57
57
58
56
22
71
57
20
65
8
42
57
54
59
63
54
73
43
43
43
61
61
57
57
55
55
21
71
57
18
65
33
39
58
55
62
65
54
79
48
44
44
64
62
62
60
58
60
20
72
59
18
61
27
39
62
54
64
66
55
79
46
48
43
67
61
63
59
63
57
21
73
59
23
57
13
41
62
51
64
63
54
77
45
49
40
68
59
62
56
63
54
21
73
59
25
48
26
44
61
51
63
61
54
78
45
45
40
65
59
62
58
58
57
19
72
59
19
41
43
47
65
52
66
65
55
81
48
49
41
70
60
64
61
64
59
18
73
60
23
27
38
43
46
63
53
69
68
1
59
86
53
56
42
77
63
70
65
75
61
20
75
64
33
87
40
24
47
64
52
68
64
58
85
49
57
42
75
61
68
61
72
58
21
73
62
31
153
43
23
48
65
52
66
64
57
83
49
54
42
73
61
67
60
70
57
20
73
60
29
243
48
49
50
63
54
68
67
57
86
52
56
44
75
65
70
65
73
60
19
73
62
33
210
56
47
49
67
52
68
65
1
58
89
53
60
45
77
65
73
66
77
63
22
74
62
40
43
72
28
47
67
52
67
65
58
87
54
58
44
73
64
73
63
77
64
22
73
62
42
103
27
55
64
54
63
64
56
81
51
56
46
69
63
64
63
67
64
23
71
59
33
126
46
56
63
55
61
64
57
81
50
57
47
68
65
64
65
64
65
23
71
58
34
126
51
54
64
57
61
67
57
79
51
57
49
66
67
62
65
66
68
25
71
58
40
109
22
60
63
56
58
66
55
75
48
57
49
65
66
58
63
62
69
28
70
55
37
103
16
58
62
56
54
63
52
71
44
53
49
59
64
52
61
59
65
28
68
53
36
90
54
57
63
57
54
63
52
70
43
53
48
57
65
52
63
58
63
28
67
52
36
68
76
60
63
57
54
64
52
71
45
57
49
60
65
55
63
62
65
28
67
52
40
50
58
60
64
57
53
63
50
70
44
61
48
60
64
53
58
63
65
30
67
51
44
40
34
60
62
57
51
63
50
68
41
56
48
57
64
50
60
60
61
29
66
49
42
40
45
59
61
57
51
63
50
69
42
57
51
57
68
49
62
62
65
28
66
50
43
38
63
59
65
58
54
65
52
72
45
62
52
62
70
56
63
68
70
28
68
51
50
34
41
63
65
59
54
67
53
73
46
67
54
63
69
56
63
70
67
29
67
52
54
36
13
67
63
58
53
66
53
72
43
64
56
59
71
53
64
68
68
30
66
52
51
45
18
62
63
59
53
65
54
71
41
60
56
57
72
55
64
66
69
28
66
52
48
55
36
64
65
60
55
66
52
75
47
64
58
64
73
57
65
70
73
29
67
52
52
65
24
63
65
62
56
69
54
77
49
70
59
66
74
61
67
76
74
30
69
54
57
69
60
62
62
55
69
54
75
47
66
60
63
74
58
66
70
72
29
68
53
53
67
57
62
61
54
68
53
74
47
62
61
64
74
56
66
69
71
28
67
52
48
73
21
55
61
64
54
71
55
76
47
63
60
62
73
58
66
71
69
28
68
54
48
65
20
56
63
63
56
70
56
77
50
62
60
66
74
58
67
70
74
29
68
54
53
57
1
58
64
60
56
66
54
75
48
63
59
64
73
58
65
72
72
30
68
53
52
71
3
58
59
62
54
67
55
74
46
58
58
60
73
56
65
67
68
29
67
53
44
79
16
55
61
61
54
68
56
75
48
59
58
63
73
58
66
69
70
28
67
54
46
78
14
55
63
61
56
69
55
75
48
62
57
65
72
59
66
73
70
29
68
54
48
77
57
61
62
55
69
56
76
48
60
57
64
72
57
66
70
71
29
68
54
49
76
56
60
61
54
66
55
74
47
57
56
61
71
57
65
67
68
28
67
53
44
76
21
54
60
62
55
68
56
77
50
56
59
61
73
60
68
70
71
27
67
55
41
76
32
53
62
63
57
71
59
79
52
59
60
62
75
62
70
73
75
27
69
56
47
76
7
52
62
63
57
71
58
78
51
58
59
67
75
63
68
74
70
27
68
57
48
82
52
61
62
56
69
58
77
49
57
60
64
74
60
69
73
70
27
67
56
45
86
17
52
60
61
57
68
58
77
50
54
60
62
75
59
70
71
73
26
68
56
41
90
36
49
62
62
59
72
61
81
55
58
60
64
77
63
72
73
74
26
70
59
44
96
27
52
63
63
59
72
61
79
52
60
59
63
75
61
70
74
69
26
70
58
46
92
19
51
61
61
57
69
58
76
49
54
56
65
72
58
65
68
66
25
68
56
39
86
25
49
60
62
57
70
57
76
49
53
56
65
73
59
65
65
66
25
68
55
34
86
46
47
61
61
58
71
59
76
49
55
55
63
72
59
67
67
66
25
69
57
36
81
37
48
63
59
59
66
57
77
52
58
55
68
69
61
64
68
67
27
69
57
38
70
5
48
60
59
57
65
54
75
50
51
56
61
69
56
61
63
65
27
68
55
33
70
10
45
59
59
56
67
56
73
46
47
53
59
68
53
62
60
63
25
67
55
29
69
32
49
62
60
59
67
56
75
50
53
54
64
69
60
63
66
63
27
68
56
35
68
19
48
61
59
60
65
55
79
52
55
55
65
70
63
63
68
66
28
68
57
38
62
44
61
58
58
65
54
76
48
50
51
61
68
59
63
63
64
27
67
55
32
42
48
61
57
57
63
54
73
46
50
51
59
66
55
62
62
61
26
66
54
30
29
7
49
62
57
59
65
57
77
48
52
52
64
67
59
63
63
64
25
67
57
34
31
20
52
63
58
61
67
56
81
54
55
52
68
67
64
63
69
65
26
68
57
37
32
6
52
62
56
61
63
54
79
51
56
51
68
66
61
64
71
66
26
68
56
36
36
48
61
54
59
61
55
77
49
53
48
65
64
61
62
66
64
26
68
56
35
40
10
48
63
56
61
63
55
81
53
55
50
66
65
64
64
68
65
26
68
57
36
41
11
48
66
56
63
65
57
83
54
57
48
72
67
67
67
74
65
25
69
59
40
43
50
64
55
63
65
58
83
54
59
48
74
66
68
66
74
65
25
69
59
43
33
48
62
54
62
63
57
81
52
58
48
69
66
65
63
72
65
24
69
59
38
32
2
43
64
54
64
64
59
84
55
57
47
71
67
67
68
73
66
21
70
60
34
36
8
44
65
56
65
68
61
87
57
60
49
76
70
67
71
77
69
22
71
62
41
44
50
65
55
67
68
1
63
88
59
60
47
76
69
70
69
77
67
23
72
64
42
50
46
62
54
66
66
1
61
88
59
57
47
74
70
69
71
75
70
21
71
63
39
44
45
63
56
65
66
61
86
58
58
48
69
71
68
70
73
70
20
70
63
37
42
48
67
55
69
68
2
63
90
62
