47
6
38
6
5
12
4
10
9
34
45
5
35
7
2
4
9
2
1
5
32
40
3
31
7
3
7
2
2
6
1
28
36
1
27
7
3
3
1
2
5
16
27
33
25
8
4
1
3
3
23
28
32
26
9
5
1
2
9
27
32
1
29
8
5
2
2
1
3
31
35
5
32
7
3
2
6
2
2
7
8
34
37
7
36
5
6
8
3
1
9
12
37
41
10
39
4
10
1
11
4
10
1
41
47
13
43
4
14
2
5
14
7
14
7
46
53
17
46
1
3
3
19
5
7
18
7
22
5
39
46
9
42
8
5
9
17
7
12
18
36
43
8
40
9
5
8
15
8
9
10
15
32
38
5
36
8
6
4
12
7
1
3
12
29
32
2
32
8
6
1
10
5
1
2
6
27
30
29
8
5
6
4
1
3
18
27
31
29
9
6
6
2
3
4
34
30
32
3
30
10
7
1
8
2
3
5
25
34
35
6
34
9
1
7
2
2
11
2
3
9
20
39
39
11
37
2
9
2
7
5
4
15
3
4
18
3
25
45
43
16
39
2
8
2
6
6
5
19
5
3
23
12
28
51
46
20
40
2
7
1
5
5
8
5
21
7
2
27
17
12
52
46
21
39
2
7
4
7
9
6
22
8
2
29
5
2
53
48
20
40
1
6
3
9
9
6
21
7
1
33
15
55
49
20
39
3
5
3
11
8
7
2
22
7
1
36
14
57
51
20
40
3
5
1
2
12
8
8
2
23
8
2
34
2
57
53
20
42
3
4
1
1
12
8
8
3
24
8
1
34
1
58
55
20
44
4
3
2
1
13
10
8
3
25
8
1
39
4
61
58
21
47
2
3
1
14
13
5
26
9
1
42
7
2
60
60
19
48
1
3
12
15
26
9
40
11
4
58
60
17
47
2
9
14
25
8
36
9
55
56
15
45
2
7
12
23
8
35
13
7
52
53
15
43
3
6
10
22
8
34
19
24
53
53
17
41
4
8
10
22
7
33
25
30
53
53
17
42
6
9
12
21
7
32
25
25
54
54
18
42
7
3
11
14
2
21
5
1
35
21
23
59
59
22
45
3
2
9
5
16
19
1
5
24
5
3
42
18
34
62
63
23
48
2
1
2
9
6
18
22
5
2
10
26
6
2
3
44
18
37
62
64
23
47
2
1
3
9
1
6
19
22
7
4
12
25
5
2
3
43
15
26
63
63
23
46
3
1
5
10
3
7
19
23
10
7
2
15
24
5
3
4
45
14
15
61
60
20
44
1
5
10
2
8
18
22
10
8
3
1
16
21
4
3
3
47
15
15
60
60
18
42
1
6
10
4
9
18
22
9
9
3
3
16
19
3
5
1
47
15
24
61
62
18
43
1
7
12
6
12
19
25
13
11
7
5
20
18
2
6
7
46
18
25
63
62
17
42
7
13
8
14
22
25
14
12
8
9
22
17
1
6
7
48
27
20
64
64
19
44
7
13
9
14
24
27
15
12
9
11
23
20
1
7
7
54
26
28
62
65
18
45
5
13
8
14
22
28
16
11
9
10
23
21
1
6
9
50
22
34
62
63
18
45
3
12
6
13
22
25
14
10
8
10
22
19
3
4
6
48
25
30
61
63
19
45
1
12
4
12
22
26
15
8
9
8
22
20
3
4
8
47
18
19
61
62
19
43
12
3
12
22
25
14
7
7
7
20
21
3
3
5
50
8
18
61
62
19
44
11
3
11
22
24
12
6
5
5
18
21
4
3
3
50
10
28
62
64
19
46
1
10
9
20
26
13
3
4
2
18
22
5
2
6
47
10
13
65
67
20
48
2
10
8
21
27
14
2
3
1
17
23
5
1
7
49
8
65
68
21
49
1
9
8
20
26
12
3
1
14
25
5
2
5
50
9
64
65
20
48
8
1
7
19
23
7
1
9
24
5
2
1
50
5
1
64
65
19
48
7
5
15
21
4
5
25
7
47
5
64
64
18
48
6
3
12
17
25
8
44
6
62
61
18
47
6
1
9
13
25
8
45
63
61
18
46
5
7
11
25
10
47
7
59
59
15
44
5
3
8
23
10
41
9
56
56
14
43
5
2
5
22
9
38
8
59
56
17
44
5
4
2
25
10
41
20
60
57
19
43
5
6
1
25
10
45
19
59
56
20
42
6
7
1
25
9
44
21
59
55
19
41
6
1
8
25
9
42
27
58
56
20
42
6
2
10
26
10
43
26
58
54
20
41
6
3
11
26
9
47
22
58
52
19
38
5
3
14
23
9
49
22
55
50
16
36
5
2
12
19
9
43
24
53
48
14
34
4
3
8
18
9
41
14
54
48
15
35
4
3
9
19
9
45
7
55
49
15
35
5
3
7
20
8
44
17
54
47
14
32
5
5
6
18
7
42
15
52
44
13
30
6
6
6
16
6
41
5
48
41
10
28
5
6
3
13
5
1
39
1
47
39
8
27
4
5
3
11
4
1
39
46
37
6
26
4
3
4
9
5
1
36
46
39
6
27
4
4
4
9
4
1
35
47
41
8
29
5
6
7
11
3
2
41
52
45
12
34
1
6
5
13
1
2
15
4
2
49
8
55
50
14
37
2
5
3
16
2
2
4
17
4
51
8
55
51
14
38
1
5
1
16
3
1
2
17
5
49
56
51
13
39
3
15
3
18
6
50
54
48
11
39
2
13
1
17
7
50
5
52
45
8
36
2
10
14
6
46
12
50
44
7
34
2
8
12
6
43
4
48
41
7
32
3
6
10
6
42
5
47
39
7
30
4
6
9
5
1
44
14
7
49
39
9
30
6
3
9
9
4
1
45
2
15
50
40
9
31
8
7
11
8
4
2
45
11
50
39
11
30
9
9
14
8
4
2
48
6
55
44
14
33
9
11
20
12
5
2
57
11
57
49
16
35
10
11
22
1
3
13
5
2
59
11
59
48
18
37
8
9
24
3
16
7
57
9
66
54
24
39
2
6
7
30
1
1
3
20
9
65
12
72
58
30
41
6
1
4
6
35
3
4
2
4
25
9
74
6
74
58
33
43
8
1
4
5
38
4
5
4
5
27
10
76
10
76
61
35
45
9
3
3
4
41
5
6
4
5
27
10
77
12
78
64
37
47
11
3
3
3
43
8
7
6
6
31
10
79
1
78
63
36
48
11
2
3
3
43
8
6
6
5
32
10
81
79
66
37
50
11
1
4
3
43
10
4
4
5
33
10
82
14
80
68
37
51
10
5
2
42
12
2
2
4
4
35
11
79
25
78
65
35
49
9
5
2
41
9
1
1
2
32
11
77
75
63
34
48
8
6
2
38
8
1
31
10
77
9
74
62
32
48
7
5
1
33
8
30
10
75
18
7
71
60
31
46
5
4
30
5
30
11
68
8
6
68
57
30
44
5
2
29
28
10
64
7
65
53
27
41
3
1
24
26
9
63
14
62
48
23
36
1
1
20
23
8
61
25
6
57
43
18
30
15
16
7
54
24
12
51
35
13
25
9
11
4
46
20
7
49
33
11
23
7
10
3
1
45
25
48
33
9
21
6
8
3
1
47
27
3
47
33
9
21
6
8
4
1
45
25
16
48
34
10
22
9
8
4
1
44
16
14
52
37
12
23
2
1
14
10
4
1
50
8
12
59
44
18
30
5
5
2
2
4
21
6
15
5
2
60
19
12
64
52
22
34
7
7
4
6
8
28
11
3
17
5
2
65
25
10
66
54
23
37
7
8
5
5
9
31
13
1
7
7
18
5
1
67
23
8
68
55
24
38
7
9
5
6
9
34
4
2
16
3
13
11
18
5
1
70
18
69
58
24
39
7
10
6
7
10
37
6
5
17
6
16
16
18
4
2
75
19
7
71
60
26
39
8
10
8
5
11
40
8
6
17
7
17
17
20
4
2
78
23
9
73
61
28
41
8
11
8
5
11
43
10
7
18
7
18
18
20
5
1
79
20
76
63
28
42
8
10
7
3
10
45
9
7
17
7
17
17
20
5
2
82
14
77
65
30
44
10
10
7
2
9
45
10
5
15
5
17
15
23
5
1
85
8
79
67
31
45
10
9
6
2
8
47
11
5
14
3
14
14
25
6
1
87
8
78
65
31
44
10
8
6
2
7
46
9
4
11
3
12
12
24
7
85
5
77
63
31
44
9
6
6
1
7
45
8
4
10
2
10
10
23
7
82
77
63
32
45
8
5
6
5
47
7
3
8
1
9
9
24
7
86
78
62
34
44
9
3
5
4
47
5
2
6
11
5
25
7
88
34
77
61
33
43
8
2
4
2
44
1
4
10
25
8
83
165
74
58
32
42
7
1
3
41
3
9
25
7
77
298
77
59
34
43
10
3
2
45
4
12
27
8
84
375
80
60
35
43
9
2
1
46
3
9
28
8
89
325
2
78
60
33
43
7
1
43
3
26
8
84
154
13
75
59
30
43
5
1
37
25
9
77
28
73
57
28
41
5
2
1
33
23
7
76
50
73
56
28
39
4
3
2
35
22
6
81
35
73
56
28
39
4
2
2
34
22
5
79
18
71
56
27
40
3
2
3
33
22
6
74
8
70
55
27
37
3
1
2
34
20
5
77
72
54
28
36
4
1
1
2
36
1
20
6
82
70
53
26
34
3
1
1
1
34
2
18
7
78
68
51
24
33
2
1
2
35
3
17
5
76
70
53
25
32
3
4
3
1
5
38
7
2
17
2
1
79
71
53
26
30
4
7
3
5
8
41
11
8
16
1
2
83
74
55
27
32
5
7
4
5
9
42
12
10
17
1
2
87
16
73
55
28
33
6
7
4
3
7
42
11
10
2
17
2
1
83
10
74
56
28
36
7
7
4
2
7
43
12
13
5
19
3
83
77
60
31
38
8
7
4
2
6
45
12
12
7
21
4
90
2
78
61
30
38
8
7
5
2
7
45
1
11
1
13
9
22
4
1
92
9
76
58
28
37
6
7
5
3
8
45
2
12
2
12
10
18
4
1
87
8
74
57
27
36
7
9
6
6
8
44
5
14
4
13
13
17
3
2
85
75
58
27
37
8
10
6
7
9
45
5
15
3
14
12
17
2
2
88
72
57
25
36
6
9
6
7
8
43
4
14
3
12
12
16
2
1
87
3
5
71
59
23
37
5
8
6
5
7
40
6
11
3
10
14
16
3
1
84
8
72
61
24
38
5
6
5
4
6
39
2
6
10
2
8
13
17
3
1
81
4
73
61
25
39
4
5
4
3
5
41
1
4
9
8
10
19
5
85
6
74
61
26
39
4
5
1
1
2
40
7
5
4
20
5
88
10
74
60
26
38
3
2
1
37
3
20
7
84
7
72
59
25
37
1
34
20
8
79
3
69
55
24
35
1
33
19
7
79
4
69
54
23
35
33
18
7
81
15
69
54
22
34
34
16
6
80
22
68
53
22
33
34
14
5
78
8
65
48
20
31
2
30
13
5
75
9
7
63
44
19
29
2
4
30
11
5
77
12
20
65
47
22
30
2
6
32
12
5
80
6
20
70
51
25
32
1
3
7
36
15
4
81
2
6
73
53
28
35
3
2
3
6
40
3
18
6
87
6
73
54
29
35
5
3
3
6
39
4
19
6
89
3
5
72
53
29
33
4
2
4
7
37
4
18
5
87
4
24
70
51
27
33
3
2
4
6
34
3
17
6
82
32
68
50
26
32
4
2
3
6
33
2
16
6
80
22
70
47
27
31
5
3
3
6
35
4
16
6
84
7
16
67
47
23
29
4
4
2
1
5
32
3
13
5
83
6
21
65
46
22
28
4
4
2
1
5
30
4
12
5
79
2
20
66
45
23
27
5
5
1
1
4
32
5
13
5
79
23
68
47
24
29
6
7
1
3
34
7
15
6
84
40
72
50
28
30
8
8
2
1
39
9
1
18
6
90
5
52
74
51
28
30
8
7
40
9
1
17
7
88
14
48
73
52
27
31
7
5
39
8
18
6
87
25
30
74
52
29
31
8
5
41
9
3
20
6
91
24
31
74
52
28
32
6
5
41
9
5
19
6
92
18
43
75
54
29
33
6
4
42
9
6
20
7
92
16
47
77
56
30
35
6
3
45
8
8
23
7
93
17
49
79
56
30
35
6
2
46
6
8
24
8
97
9
42
79
57
30
34
7
2
47
6
7
22
7
100
41
77
55
29
33
6
1
45
5
6
21
6
97
3
41
75
54
27
32
4
1
43
3
3
19
4
93
2
35
71
51
24
30
3
2
39
3
16
3
90
3
26
71
49
24
29
4
3
2
39
5
16
2
92
7
29
72
50
23
30
4
3
1
4
40
4
16
3
92
6
40
70
48
23
30
4
3
2
1
5
39
4
15
3
89
8
30
71
48
25
30
5
3
4
1
8
41
4
15
2
1
90
7
21
72
50
23
29
3
4
5
4
10
42
5
1
14
1
2
94
7
23
72
49
23
27
3
6
6
6
12
43
7
3
14
4
97
2
33
72
49
23
26
3
6
5
6
12
43
7
3
14
1
4
94
31
73
49
23
26
3
6
4
5
11
43
7
2
15
2
3
94
11
72
47
24
25
6
7
3
6
11
41
8
2
15
2
4
97
7
70
47
23
26
5
7
3
5
10
40
8
1
14
3
4
94
17
70
48
22
28
6
7
3
4
9
39
8
14
3
3
91
2
15
71
49
24
29
8
9
3
5
9
41
10
2
15
2
3
93
75
51
28
29
9
9
2
4
8
46
12
5
17
2
3
101
72
50
23
30
4
3
1
4
40
4
16
3
92
6
40
70
48
23
30
4
3
2
1
5
39
4
15
3
89
8
30
71
48
25
30
5
3
4
1
8
41
4
15
2
1
90
7
21
72
50
23
29
3
4
5
4
10
42
5
1
14
1
2
94
7
23
72
49
23
27
3
6
6
6
12
43
7
3
14
4
97
2
33
72
49
23
26
3
6
5
6
12
43
7
3
14
1
4
94
31
73
49
23
26
3
6
4
5
11
43
7
2
15
2
3
94
11
72
47
24
25
6
7
3
6
11
41
8
2
15
2
4
97
7
70
47
23
26
5
7
3
5
10
40
8
1
14
3
4
94
17
70
48
22
28
6
7
3
4
9
39
8
14
3
3
91
2
15
71
49
24
29
8
9
3
5
9
41
10
2
15
2
3
93
75
51
28
29
9
9
2
4
8
46
12
5
17
2
3
101
80
54
31
32
7
4
50
6
20
4
110
80
53
30
34
5
5
48
6
21
3
109
79
52
29
32
5
5
1
3
48
7
19
1
1
107
79
49
30
28
6
7
1
3
5
48
8
17
2
107
83
49
32
23
8
9
3
6
10
55
10
4
16
4
116
86
52
33
24
8
9
4
7
11
58
11
6
16
4
120
6
86
53
32
27
8
8
3
6
11
56
9
4
16
2
4
116
5
86
54
34
31
9
8
3
6
12
54
9
4
19
4
3
115
6
87
57
36
36
11
8
3
7
12
54
10
5
23
6
3
117
7
90
61
40
40
11
8
2
5
10
56
9
6
27
7
2
122
92
63
43
40
12
7
1
3
9
57
9
7
28
8
121
91
59
41
36
14
7
1
3
8
58
10
9
25
6
119
90
54
39
29
14
8
1
7
59
11
11
21
3
123
3
88
51
34
24
13
8
1
7
59
12
13
1
15
1
1
123
9
81
46
27
18
9
6
1
4
55
9
9
7
116
16
74
41
21
16
7
4
2
47
7
5
3
107
11
71
41
21
20
5
4
2
44
7
2
4
105
4
71
43
23
25
5
4
1
43
6
9
1
108
9
75
48
28
31
8
3
42
5
16
3
106
2
82
52
33
34
10
3
45
5
21
5
108
5
87
53
37
35
10
3
50
6
25
5
115
10
89
54
38
32
10
4
1
52
7
24
4
120
14
87
49
34
25
8
3
2
52
8
1
17
2
119
14
83
46
28
19
6
2
51
5
10
1
116
5
80
47
25
20
4
2
48
4
10
1
114
77
48
25
24
4
2
47
5
11
2
114
76
50
27
29
4
1
45
3
14
3
112
79
55
29
34
4
43
1
19
4
109
80
56
32
36
6
1
44
2
22
5
111
86
57
37
38
8
3
49
3
25
5
120
93
60
41
37
11
6
55
6
28
4
127
94
56
40
32
13
9
3
1
5
60
11
4
25
2
1
127
93
55
37
26
13
11
6
5
11
60
13
2
8
2
20
3
127
89
54
33
25
13
12
8
7
15
60
16
5
12
4
16
4
128
84
52
31
24
11
12
7
7
15
58
15
4
11
3
14
4
126
7
83
56
31
29
10
10
6
4
13
55
13
3
8
3
16
2
121
14
83
57
33
32
9
9
5
3
12
55
12
1
9
1
18
1
120
4
85
58
35
34
10
9
4
3
11
56
11
10
21
2
125
8
88
60
36
35
9
7
3
2
11
53
10
9
24
1
1
125
18
89
58
36
32
7
5
1
1
9
53
9
8
23
2
124
19
89
54
34
26
6
5
1
9
54
8
7
21
124
5
86
50
30
20
4
4
3
10
52
7
6
14
1
123
82
45
24
14
2
3
3
8
49
7
5
7
1
122
15
79
43
22
13
2
3
1
7
47
5
3
5
119
15
75
42
21
16
1
1
1
5
43
2
5
111
3
8
72
43
23
20
2
3
43
1
7
1
112
5
11
72
44
25
23
3
1
2
41
1
11
2
114
6
17
71
43
26
25
5
1
37
2
14
4
109
13
25
73
45
28
26
7
4
38
5
16
5
107
25
14
75
43
30
23
9
7
39
8
17
5
110
21
80
42
32
20
11
9
1
2
45
12
5
18
4
117
21
4
84
45
32
16
11
11
2
2
49
13
6
15
2
1
123
23
82
43
28
11
9
11
2
1
47
12
5
10
118
16
78
42
26
11
8
10
2
1
45
12
4
6
115
23
77
44
26
14
7
9
44
10
7
118
28
2
73
43
24
17
5
7
40
8
8
1
114
27
8
72
41
23
21
3
5
37
6
8
2
108
29
72
44
25
23
3
5
36
6
11
2
106
25
73
45
23
24
4
6
34
6
13
107
33
72
43
21
21
4
7
34
8
11
109
39
73
42
20
17
5
9
1
2
4
38
10
8
1
110
38
9
72
38
18
11
5
10
1
2
6
37
11
4
2
109
35
10
68
32
15
6
5
10
2
4
7
36
12
2
110
30
3
65
29
14
4
3
9
2
5
35
10
1
110
32
2
66
31
16
5
4
7
4
33
7
107
24
9
70
34
19
9
4
5
3
36
6
1
108
20
