669
637
678
662
719
670
690
608
568
707
609
662
708
652
653
672
706
739
761
713
706
697
803
103
121
684
670
636
665
663
696
673
679
622
603
704
643
663
707
660
652
678
690
722
729
699
695
690
789
235
206
634
623
597
610
623
627
633
621
599
631
651
656
634
673
622
597
619
635
641
635
656
653
639
765
261
200
478
464
475
471
498
477
498
478
484
596
493
572
544
558
484
426
460
500
441
443
559
553
502
702
51
4
399
389
407
428
437
458
434
441
393
458
428
424
485
486
409
356
421
460
407
451
536
510
450
660
385
385
394
434
435
477
438
455
383
405
428
366
478
481
408
365
435
477
437
493
550
511
456
646
1366
431
427
435
437
467
446
474
454
461
571
451
529
513
527
456
397
434
475
404
411
539
519
463
662
4867
418
411
419
431
451
451
459
451
433
517
439
482
492
507
437
387
427
469
408
431
533
505
453
646
4578
500
390
384
393
407
429
426
436
428
413
499
413
453
474
482
415
362
404
445
377
401
514
483
429
631
924
52
392
387
395
404
428
419
435
424
418
511
413
468
470
480
418
364
397
438
371
390
505
476
424
621
3132
363
357
368
384
402
404
410
404
388
469
387
422
446
454
391
340
375
419
354
381
489
454
402
600
4928
14
360
352
362
373
395
389
403
394
387
481
378
436
439
449
386
334
369
407
337
359
475
443
390
587
4819
341
335
344
362
377
381
386
382
366
450
360
405
420
431
369
319
356
392
328
356
465
430
374
568
4938
325
322
331
348
363
366
372
368
356
447
343
400
407
420
356
306
343
380
311
336
450
417
357
541
4900
313
310
320
338
349
355
357
355
342
428
328
384
391
406
341
293
328
368
302
328
437
406
343
516
4934
298
292
307
322
334
339
340
338
325
411
313
363
375
388
324
276
307
350
288
314
421
383
328
518
4893
288
282
298
312
321
327
325
325
313
401
301
355
360
375
309
266
294
336
277
302
406
372
316
487
4911
273
267
286
301
306
315
308
311
296
383
287
340
342
361
291
252
281
323
266
292
392
360
303
471
4891
261
255
277
289
294
303
296
299
286
377
276
330
331
350
280
243
267
316
254
280
380
348
292
474
4888
254
247
266
280
282
293
283
289
273
364
266
318
319
340
266
234
257
307
243
270
368
340
283
456
4884
247
241
258
273
272
283
271
278
264
356
258
314
308
330
255
225
247
297
233
258
356
332
275
457
4872
241
235
250
266
262
274
261
269
255
348
251
307
299
322
245
218
233
291
225
248
346
328
270
435
4872
233
231
242
256
252
264
250
260
246
339
243
296
290
313
236
210
227
286
214
237
336
321
263
420
4860
224
217
233
247
243
254
240
250
238
332
235
288
282
304
228
203
228
280
205
226
326
313
252
414
4857
217
207
225
239
234
245
230
240
229
322
226
280
273
295
218
194
215
272
196
216
314
306
244
398
4849
207
204
218
231
225
235
220
228
219
312
216
272
265
285
209
184
208
262
188
206
303
299
235
385
4843
199
194
211
221
216
224
208
214
208
299
209
261
257
274
199
172
201
252
180
196
290
289
228
365
4837
194
189
205
214
208
214
198
203
198
289
201
255
250
264
190
163
187
248
172
186
277
283
221
355
4830
188
181
201
207
202
205
191
193
190
280
198
248
246
256
184
154
183
237
164
175
266
276
216
344
4824
183
175
196
200
195
195
184
182
182
270
193
242
241
248
178
143
188
225
157
166
256
271
213
332
4817
174
167
189
191
190
187
178
175
177
263
186
233
235
241
173
138
176
222
148
156
249
261
205
316
4811
166
157
183
184
184
180
173
168
172
255
180
222
230
231
167
130
168
211
140
148
241
251
199
288
4805
161
151
177
178
179
173
169
161
167
248
174
216
226
222
163
123
165
201
132
140
234
244
193
284
4798
152
142
170
166
174
167
164
156
161
242
166
210
221
217
158
118
155
198
122
132
229
238
185
274
4792
142
134
162
159
168
160
157
150
154
235
157
202
215
209
151
111
154
190
115
125
222
230
177
256
4785
132
126
155
153
161
154
152
145
149
231
146
192
208
201
145
105
148
182
108
118
217
220
165
249
4779
125
121
149
147
156
149
148
141
145
226
139
184
202
195
140
100
137
175
101
111
212
213
157
236
4773
119
116
142
142
150
144
144
137
142
223
133
179
197
189
137
96
135
169
94
105
207
207
151
224
4766
112
105
136
136
145
139
139
134
140
220
127
173
193
185
134
94
130
166
88
99
203
202
145
219
4760
105
98
131
131
140
134
135
128
137
214
122
166
188
180
130
90
127
161
82
93
198
197
141
211
4754
101
95
126
126
134
129
131
124
134
211
118
160
184
174
128
86
124
154
77
87
193
191
135
198
4748
95
88
120
121
129
125
127
121
129
207
112
154
180
170
122
82
118
150
71
81
188
184
129
192
4741
89
82
114
115
123
121
122
118
124
203
105
148
173
166
116
79
111
147
65
76
184
179
125
192
4735
81
76
109
111
118
117
117
115
120
199
100
142
167
161
111
75
97
144
59
71
181
174
119
187
4729
74
69
101
106
113
114
112
112
116
196
93
137
161
156
105
70
99
138
53
66
176
167
110
173
4722
69
62
96
101
108
109
109
109
113
194
87
130
155
151
101
68
101
133
47
62
173
161
106
180
4716
63
58
92
97
102
106
104
105
110
189
81
123
149
148
95
65
85
128
42
57
169
158
100
169
4710
57
51
87
91
97
100
100
100
107
185
75
114
144
142
91
59
77
122
37
53
166
152
95
153
4704
53
48
82
88
92
95
96
95
104
181
68
116
138
135
87
54
73
118
33
48
161
147
89
155
4697
49
45
77
83
86
91
91
90
101
176
62
112
131
130
83
49
82
112
27
44
156
145
83
158
4691
44
40
72
77
81
86
85
85
96
171
57
105
125
126
78
44
71
108
22
40
151
141
79
166
4685
40
38
68
75
75
83
77
82
89
167
52
103
117
122
69
40
62
105
19
37
147
140
75
153
4679
38
35
64
72
69
81
71
79
83
163
47
99
112
119
63
36
60
101
16
33
141
138
72
145
4673
36
34
62
71
65
79
65
77
78
160
47
100
108
118
57
36
52
101
14
30
135
137
71
150
4666
33
33
59
68
59
76
57
73
71
155
45
97
101
116
49
34
48
98
10
26
130
138
68
152
4660
30
32
55
63
55
69
51
65
65
147
42
94
97
110
44
28
43
95
6
21
122
134
66
148
4654
27
30
54
60
52
62
46
57
59
140
43
92
95
106
40
23
42
96
4
16
114
133
66
146
4648
26
21
51
58
49
57
42
50
56
135
40
88
93
102
37
18
41
93
11
107
130
64
150
4642
24
20
48
53
47
52
38
45
50
130
38
87
91
100
32
14
36
89
8
101
129
62
148
4635
20
19
45
49
44
49
35
40
45
125
34
84
88
96
28
9
30
87
4
97
126
59
142
4629
18
15
43
46
43
45
32
37
42
120
32
76
88
91
26
6
25
81
94
121
57
130
4623
16
15
41
44
42
42
31
35
40
117
32
72
89
89
25
4
28
77
90
120
56
125
4617
13
11
37
41
40
39
29
32
37
112
28
73
88
82
24
30
69
87
116
51
122
4611
10
10
35
36
38
36
27
29
33
108
26
70
88
77
23
28
63
85
112
49
118
4605
8
6
32
33
36
32
25
27
31
105
24
64
89
76
22
23
63
83
110
49
119
4598
5
1
30
28
34
27
24
23
28
101
22
58
88
70
21
22
58
80
103
46
108
4592
27
25
33
25
23
20
26
99
18
54
86
66
20
24
52
79
99
41
102
4586
23
19
30
23
22
19
25
96
14
47
85
63
19
19
52
78
93
36
105
4580
16
14
25
21
19
18
22
93
5
38
80
57
16
24
45
78
83
28
99
4574
12
11
23
19
17
16
18
89
32
75
50
11
14
33
76
77
22
91
4568
10
6
21
16
15
14
15
85
25
70
44
7
6
29
74
69
16
81
4562
6
4
17
14
12
12
12
83
19
64
41
3
1
25
73
63
11
72
4556
3
2
14
12
9
9
9
79
17
60
36
20
71
59
7
72
4550
11
8
7
4
5
73
10
56
30
11
67
51
3
57
4544
9
6
6
3
4
71
12
55
28
8
65
52
53
4538
8
4
5
1
3
70
8
53
26
6
64
49
46
4532
5
1
65
1
48
18
61
42
42
4526
2
64
45
16
59
42
50
4520
1
62
43
15
57
41
41
4514
61
41
14
3
56
41
49
4508
62
37
14
5
55
39
55
4502
59
36
12
52
41
39
4496
57
32
12
49
42
35
4490
55
26
9
46
37
34
4493
51
21
6
42
37
39
4589
51
15
5
39
38
50
4783
2
48
11
4
35
37
50
4872
46
9
2
32
36
54
4960
47
9
30
34
44
4996
47
10
28
35
39
4993
49
13
3
27
40
50
4995
50
14
3
26
39
51
4999
47
12
1
23
34
52
4999
42
9
19
32
47
4993
36
7
15
27
43
4995
31
5
12
24
39
4999
27
3
11
22
33
4999
26
1
12
14
26
4997
31
1
16
18
28
4983
36
4
21
17
30
4996
37
9
23
11
26
4999
36
10
23
13
28
4994
34
5
22
8
28
4978
29
2
19
1
20
4987
25
18
17
4999
24
17
3
4994
22
16
4985
25
17
4980
30
20
15
4999
34
2
23
27
4997
36
5
25
31
4985
35
7
23
35
4975
31
6
20
44
4999
23
15
40
4998
16
10
30
4991
12
7
32
4972
8
4
29
4989
9
4
32
4993
10
4
32
4995
12
4
17
4966
15
4
13
4983
14
3
8
4998
15
2
2
8
4993
15
16
4974
9
1
4973
5
4999
1
4988
4971
4947
4997
4990
1
4982
3
12
4956
8
17
4992
9
1
21
4993
8
21
4984
4
16
4945
4
12
4977
3
6
4997
3
4
4986
6
9
4942
9
1
9
4943
10
2
6
4986
10
4
5
4987
11
4
2
4959
11
4
9
4946
8
3
17
4989
5
1
18
4981
5
19
4955
5
18
4917
4
32
4961
5
42
4978
5
64
4968
90
4929
99
4960
96
4976
6
78
4966
2
108
4917
34
4943
4986
4972
4925
4908
4945
4969
9
4961
4936
4988
4976
8
4953
4914
4946
4
4965
5
64
4959
105
4915
112
4954
112
4966
135
4959
1
146
4911
2
150
4927
3
155
4963
4
164
4971
7
5
159
4933
4
154
4940
2
147
4976
140
4967
3
159
4919
158
4905
145
4946
143
4952
149
4930
150
4909
146
4954
136
4962
133
4938
133
4883
131
4907
120
4935
110
4931
119
4874
107
4903
98
4932
6
84
4934
3
71
4889
84
4893
99
4916
15
128
4909
2
129
4862
3
1
124
4856
3
1
130
4885
2
128
4896
125
4866
124
4847
125
4881
117
4888
113
4855
2
96
4819
4
86
4864
5
87
4876
4
3
70
4864
70
4828
77
4861
80
4869
16
73
4861
1
57
4815
40
4837
33
4858
1
36
4854
27
4800
17
4803
4832
4835
4790
4788
4819
16
4826
15
4786
4757
4790
4805
7
4777
4736
4779
4793
7
4771
4723
4746
5
4763
7
4757
9
4698
11
4710
10
4
4739
10
10
4741
8
1
4696
9
4711
8
2
5
4734
7
3
4706
10
29
4635
5
25
4662
2
16
4698
9
4704
4662
4633
1
4668
4
4665
11
8
4641
4
4605
4631
4637
2953
3
1
2
3
3
3
3
2
5
2
3
1
2
3
3
5
15
3
1
1
2
1
3
9
3
5
3
4
4
3
5
5
7
3
5
4
3
4
6
10
26
5
3
4
3
5
1
4
7
44
1
4
1
16
3
223
52
3
6
2
3
6
4
10
10
14
10
5
2
6
5
11
15
27
12
3
3
7
5
1
7
44
1
6
6
11
11
6
1
8
6
24
3
8
7
3
117
5
4
2
11
11
18
14
4
6
8
5
14
15
29
9
2
10
8
24
3
2
2
10
10
18
17
3
6
9
8
14
16
27
14
10
13
20
120
46
4
4
3
13
12
21
20
6
7
13
10
18
19
35
17
10
14
2
32
46
41
4
5
2
6
4
15
13
23
22
10
8
16
12
21
23
39
22
1
10
15
5
23
26
6
5
5
1
6
2
15
10
24
22
12
7
18
11
21
21
36
17
8
16
8
21
50
22
8
7
4
1
7
2
15
10
25
22
15
7
18
11
23
23
41
16
6
12
10
26
58
48
11
9
6
4
6
3
13
9
23
23
17
9
18
14
21
24
37
24
2
3
18
14
26
101
59
17
14
10
8
6
5
12
9
22
22
20
14
18
16
21
25
39
27
5
22
18
32
27
22
20
19
11
10
5
5
9
6
19
19
22
16
18
14
20
22
37
26
7
25
19
34
44
25
20
25
12
11
5
5
8
4
19
18
22
19
20
16
20
21
32
27
9
28
21
19
71
46
20
21
11
12
6
5
8
4
20
18
23
21
20
16
21
21
41
28
9
28
21
25
80
44
19
17
9
12
5
5
6
4
18
17
21
21
18
15
19
21
40
26
8
28
18
30
41
12
18
20
8
11
4
5
3
2
12
12
19
21
16
14
14
16
36
19
7
28
17
10
19
5
11
14
5
8
3
3
1
9
8
14
17
13
9
11
12
36
15
5
23
10
1
65
38
7
12
3
7
1
2
5
4
11
12
9
7
8
9
23
11
5
1
20
7
76
49
7
10
3
10
1
5
4
2
10
11
8
6
6
7
29
10
5
2
17
6
46
25
10
11
4
11
1
6
5
2
10
10
9
6
7
7
30
13
6
2
16
7
14
7
11
12
6
6
2
3
6
3
15
15
11
10
8
8
27
14
7
17
12
62
37
13
14
7
11
3
5
1
8
4
16
14
12
10
10
9
34
17
8
20
14
6
75
47
19
18
9
14
4
7
1
9
5
20
16
13
12
10
10
31
19
10
1
21
18
21
43
33
16
18
8
15
4
8
1
1
8
5
16
20
12
13
9
10
30
16
11
1
19
13
34
15
18
8
14
3
8
1
6
4
13
17
9
11
7
8
25
17
11
2
21
12
14
34
29
12
16
7
11
3
6
1
6
3
11
14
7
7
6
5
29
12
10
2
15
10
58
57
7
12
4
10
2
6
1
2
7
3
3
10
3
4
4
4
23
4
8
3
10
3
19
66
37
4
9
2
10
8
1
5
8
5
10
5
4
5
18
4
7
4
11
43
21
4
5
8
8
2
7
8
5
7
5
5
7
17
6
5
5
2
8
30
48
35
6
8
8
1
7
8
5
7
6
4
7
21
6
5
6
3
9
23
74
47
7
9
8
2
8
9
7
9
7
5
9
24
4
5
6
4
9
28
67
41
3
8
10
2
10
7
12
16
14
5
10
5
13
10
17
27
13
5
5
7
12
48
17
1
9
13
3
12
5
13
12
18
22
22
12
16
12
21
18
24
36
22
6
5
11
20
7
64
31
25
12
19
4
14
8
16
15
21
26
26
15
19
18
26
22
29
34
27
6
3
14
23
11
57
61
50
11
16
5
10
10
16
18
23
29
29
17
18
20
27
26
33
43
32
5
3
15
25
12
46
65
43
11
9
4
8
10
14
18
22
29
29
15
18
20
26
27
32
48
27
3
2
14
22
9
23
25
9
12
3
11
9
14
16
21
27
29
13
17
16
25
23
32
41
27
4
1
12
21
7
8
19
8
7
11
4
9
7
11
13
17
24
26
11
15
14
20
20
29
38
25
5
2
10
17
7
1
50
49
7
12
4
13
4
10
9
14
20
21
10
15
12
17
17
24
35
18
7
2
7
17
5
63
55
6
12
3
17
2
11
6
12
17
18
9
14
9
15
14
23
29
19
9
3
5
17
2
27
15
4
9
2
10
2
7
6
10
15
15
7
11
7
10
13
18
32
11
8
5
5
12
1
13
3
3
11
2
6
2
5
6
10
15
15
6
10
6
8
13
16
31
10
6
5
6
12
1
55
39
4
12
1
5
4
5
10
12
19
19
7
7
9
9
16
19
25
16
4
5
9
9
3
71
39
8
8
3
4
7
6
14
15
24
22
13
11
14
11
22
23
47
18
3
4
11
13
6
46
6
13
12
6
5
10
9
19
19
29
27
19
14
20
15
28
29
48
24
3
4
14
20
12
2
15
17
7
6
12
11
23
23
35
34
23
15
23
18
33
36
51
31
3
4
17
22
15
40
30
16
17
8
9
13
13
24
25
35
35
24
19
25
18
34
36
56
28
4
5
18
25
16
60
42
16
19
6
12
12
15
23
25
35
35
21
20
23
19
33
36
50
26
5
6
18
26
15
6
46
25
15
18
5
13
9
14
18
24
29
31
17
19
18
18
27
33
46
26
6
6
15
23
11
26
16
10
13
3
12
7
11
14
18
24
26
13
13
14
14
22
27
39
22
6
7
10
16
7
12
58
33
9
14
2
14
6
9
10
13
21
21
10
12
9
10
18
23
35
19
7
5
6
15
6
10
83
53
8
12
3
12
4
7
8
8
16
15
9
13
7
7
14
17
30
13
8
5
2
16
4
14
72
42
6
10
3
11
3
7
7
7
15
13
6
10
4
8
13
16
25
13
8
6
12
1
14
19
8
13
4
13
3
7
4
5
11
9
9
14
3
6
10
13
26
11
9
6
15
4
13
44
21
8
16
5
13
3
7
5
4
11
10
10
17
5
9
11
14
28
16
10
6
19
5
11
74
35
12
19
7
13
6
8
8
6
16
14
14
17
9
12
15
18
24
20
10
6
20
9
10
79
32
15
22
8
12
7
7
11
7
18
15
18
17
12
10
17
17
42
18
9
5
18
12
30
15
15
8
11
7
8
12
9
20
16
17
18
12
13
19
20
43
21
8
5
1
20
11
47
21
16
18
8
12
9
10
13
11
22
18
17
17
16
15
21
23
39
24
9
6
3
23
12
86
52
20
25
9
16
10
12
14
12
22
19
21
20
18
17
23
24
48
28
13
6
3
27
16
4
93
54
23
26
10
19
9
13
13
12
21
18
22
23
19
18
23
24
45
30
15
7
3
26
17
27
47
14
23
26
10
19
9
13
11
11
19
17
21
21
18
17
21
22
45
28
15
7
2
25
17
39
50
33
19
23
9
19
8
12
10
10
16
15
20
20
16
16
19
19
41
22
15
7
2
24
14
36
91
55
18
22
9
19
9
11
11
10
17
15
21
18
16
15
20
18
42
20
15
7
2
23
14
23
103
50
19
23
11
20
10
11
11
10
18
16
21
18
14
15
19
20
39
22
15
6
3
22
14
4
68
16
19
24
11
23
9
13
11
11
16
16
20
20
14
15
16
20
31
22
16
7
3
21
13
57
13
17
23
10
22
9
12
12
12
19
16
19
18
14
13
19
19
35
19
16
7
5
20
14
1
95
42
16
23
10
16
9
12
15
15
21
18
18
19
14
16
20
23
41
25
15
8
8
22
12
19
98
62
12
22
7
19
8
16
16
18
22
21
13
21
12
17
20
25
