9
45
35
54
32
23
42
7
42
32
34
12
22
54
34
25
14
52
42
71
41
31
4
52
14
58
38
45
21
19
56
46
6
29
18
55
46
75
45
37
9
57
19
63
42
48
30
17
58
7
41
9
31
19
61
50
86
59
40
11
61
22
73
52
57
32
21
64
6
37
32
20
59
49
79
56
46
13
64
25
68
52
55
30
20
62
11
36
32
22
58
52
80
55
50
17
65
28
68
52
58
33
16
59
19
37
32
23
58
53
89
61
52
19
68
30
74
54
64
35
15
59
21
1
33
32
22
57
51
83
59
53
20
68
31
71
57
63
40
17
59
20
3
22
23
31
23
56
50
83
61
52
20
65
32
71
58
61
41
18
57
20
6
49
23
29
23
52
49
79
54
56
22
65
31
67
53
56
39
14
52
25
8
69
23
2
4
1
29
26
52
53
86
60
54
26
66
35
72
57
61
45
13
52
29
7
47
20
20
6
2
28
28
51
53
82
59
53
27
65
39
69
60
62
53
14
53
28
10
23
7
13
17
10
10
6
34
5
55
50
37
16
46
13
3
34
15
17
10
7
2
30
5
54
47
33
14
39
9
32
1
17
19
9
4
28
53
45
30
8
36
3
33
35
19
20
10
3
26
52
45
31
3
37
2
33
44
20
21
10
5
26
53
45
31
7
31
3
38
34
22
22
10
5
23
51
44
30
8
37
13
37
27
25
23
9
2
21
52
43
27
2
35
10
3
37
42
25
24
9
4
25
52
42
28
5
30
8
8
38
45
23
23
9
6
25
48
40
30
7
32
12
7
37
22
25
23
7
3
21
46
36
24
6
27
4
9
37
3
12
25
1
22
5
1
22
44
32
21
5
20
3
14
37
14
33
25
2
21
3
1
22
41
29
18
4
10
14
35
19
54
23
19
17
37
24
15
1
9
9
34
12
48
20
18
11
30
19
11
12
3
30
16
47
19
16
8
26
13
1
25
27
74
20
16
23
11
21
23
92
19
15
18
4
20
23
72
16
13
13
18
26
63
19
13
11
17
24
78
23
14
8
18
19
90
24
14
6
17
11
77
25
14
4
16
13
53
27
15
2
18
19
48
31
4
19
29
30
67
34
6
21
26
31
73
36
13
16
3
6
13
47
43
20
19
30
14
41
47
27
23
27
22
53
49
30
21
2
27
29
62
48
28
21
31
30
52
49
33
20
3
25
21
45
52
38
20
5
29
19
55
52
39
19
5
25
11
55
52
38
19
6
29
6
33
53
42
19
9
29
4
16
54
48
19
10
28
13
30
55
50
19
2
9
30
23
37
55
48
18
2
9
30
21
21
55
48
18
5
9
31
17
6
57
54
20
8
10
33
23
29
57
55
20
9
9
34
30
48
54
51
18
10
8
31
27
31
52
49
18
9
8
32
18
17
51
50
18
11
7
34
17
23
49
50
16
12
7
2
2
32
32
33
44
43
14
1
10
5
8
30
34
8
40
39
12
2
4
4
9
1
5
15
25
22
41
42
11
3
7
2
9
1
4
15
2
25
17
41
43
11
1
10
11
2
2
13
9
25
16
39
40
11
2
3
3
15
6
11
2
9
1
16
10
24
10
38
37
11
4
4
4
16
6
1
11
3
13
3
17
9
24
12
36
36
11
5
7
6
19
12
5
12
5
3
16
18
8
23
13
35
38
11
6
8
4
20
9
1
14
7
3
14
1
16
12
23
5
5
35
36
12
8
5
3
20
2
16
2
8
4
16
9
15
17
25
9
14
30
29
10
10
6
10
22
13
5
14
10
4
6
20
8
19
8
22
6
28
27
9
11
7
11
22
16
6
14
13
3
12
20
8
18
7
21
28
30
10
13
8
11
23
18
5
17
16
5
14
18
5
15
14
13
22
7
22
29
28
10
14
9
11
22
16
20
18
4
15
12
11
9
10
12
21
3
22
28
26
10
15
8
11
21
7
19
18
4
10
11
7
11
10
10
23
26
23
12
17
9
14
21
13
18
21
2
14
12
10
2
12
7
36
27
26
11
20
14
18
27
21
1
21
2
24
7
22
13
13
4
12
13
18
11
26
30
5
23
21
21
32
25
4
27
10
28
15
25
18
14
17
1
13
21
10
12
26
23
9
22
17
19
27
23
1
23
8
28
13
25
17
19
16
10
15
30
7
26
24
8
23
19
20
29
25
4
21
10
27
17
29
20
21
22
3
9
16
17
12
24
27
7
23
24
19
32
29
8
21
14
26
20
29
22
6
19
1
7
21
23
18
24
28
8
23
25
17
33
25
3
23
18
27
23
26
21
16
21
3
25
21
20
10
25
25
6
23
26
17
32
21
23
19
28
25
26
21
27
23
4
24
20
2
6
23
23
6
22
27
20
34
30
10
19
18
26
25
32
29
15
21
1
7
21
20
23
26
4
23
29
21
33
31
8
20
18
29
24
34
27
23
27
7
22
17
23
29
3
22
29
20
35
35
13
19
20
27
26
30
29
22
23
8
25
18
25
22
25
3
20
28
21
34
34
15
18
19
26
27
27
31
25
27
11
24
16
22
22
23
2
20
23
20
25
25
4
18
15
26
21
27
24
24
23
2
11
20
18
9
21
26
2
19
25
22
28
35
17
15
16
23
23
29
31
16
27
2
14
22
15
1
21
28
2
19
25
21
27
34
14
15
19
23
22
27
28
22
28
14
26
13
8
14
21
26
2
19
24
24
27
41
21
14
17
23
20
33
31
23
24
2
19
23
15
11
15
21
23
2
20
21
25
25
43
25
13
14
23
18
33
34
22
25
4
20
19
15
5
21
24
1
18
18
21
20
35
19
12
11
21
14
27
29
16
21
1
16
18
15
14
3
20
25
2
18
17
18
19
39
17
12
10
20
10
31
23
16
16
12
18
15
28
19
21
23
3
18
13
15
15
35
13
13
8
20
4
30
18
19
5
9
17
15
34
11
21
21
3
15
10
7
11
14
5
9
7
12
4
12
17
12
8
5
16
14
22
23
23
5
15
7
2
8
6
10
7
13
2
9
11
13
16
18
17
18
26
28
6
16
6
7
13
13
9
16
4
14
10
11
14
23
20
25
4
28
30
8
15
3
3
13
9
13
5
9
4
11
18
28
21
19
8
30
28
11
16
1
16
8
16
3
14
24
12
26
26
35
32
15
18
2
22
18
22
9
16
4
31
25
32
33
37
36
21
18
3
23
19
23
11
17
1
31
30
36
47
37
34
22
18
9
24
17
24
12
22
31
26
36
36
9
36
35
15
20
1
12
33
22
32
18
29
3
36
38
41
20
3
34
29
17
20
6
20
28
15
31
15
35
6
33
34
32
43
6
34
29
19
18
4
11
27
14
26
13
21
1
26
28
32
31
19
30
28
17
19
8
12
28
13
29
12
27
34
20
33
29
28
9
25
19
16
18
13
1
18
21
9
25
14
32
4
35
29
26
29
35
6
20
14
14
18
15
5
11
20
7
24
13
28
4
27
27
20
23
28
15
12
13
18
18
9
14
17
2
22
6
29
25
13
17
22
30
2
10
8
11
18
17
14
6
15
19
4
21
19
8
4
16
15
34
14
4
1
9
19
21
20
4
14
20
4
21
17
5
12
9
14
25
12
7
21
28
26
12
10
19
4
26
9
13
6
23
6
27
6
22
30
31
8
7
18
4
24
9
10
5
1
27
4
35
5
23
2
34
39
18
7
18
5
29
13
13
3
1
32
3
41
6
3
25
7
40
47
26
9
22
11
35
22
15
12
6
41
39
2
25
9
43
51
27
5
8
23
16
37
30
16
20
13
48
1
27
3
25
11
44
53
30
11
12
26
18
39
33
19
19
14
49
3
27
4
24
15
44
56
36
15
16
6
29
25
43
36
25
22
12
48
9
6
36
3
24
16
46
57
46
23
17
10
32
31
50
41
30
33
11
49
12
6
34
7
3
24
16
48
55
51
32
20
10
35
33
53
48
28
44
12
49
10
9
25
2
22
15
48
52
56
36
19
13
36
36
58
50
27
44
12
48
13
7
5
14
1
1
1
18
17
42
51
52
34
18
19
32
39
52
48
38
46
7
42
19
5
21
16
19
3
4
14
18
38
50
49
37
17
22
28
43
43
51
33
46
3
39
22
6
46
9
21
12
18
39
47
56
44
10
21
25
43
50
56
33
51
7
41
17
47
7
1
9
16
37
42
54
35
8
19
22
39
48
50
30
48
8
38
16
11
6
1
9
6
19
33
42
51
31
8
21
19
39
44
47
26
47
2
5
34
22
28
8
3
20
28
44
49
32
5
22
15
39
39
48
25
48
6
3
32
22
48
6
7
1
19
25
43
45
32
4
19
11
35
32
49
15
45
8
6
32
19
57
7
18
23
43
43
33
17
7
33
30
50
14
49
10
9
32
18
52
9
14
18
37
37
19
11
4
23
27
37
9
37
11
5
26
16
41
9
13
12
33
33
13
1
8
3
16
20
28
26
12
21
18
30
10
6
11
10
31
29
12
2
5
13
14
28
6
21
13
2
19
16
18
9
3
11
10
29
29
13
4
3
2
11
16
27
12
22
12
4
20
13
10
8
1
7
15
7
30
24
10
8
7
4
11
10
24
3
27
13
2
18
20
12
22
5
16
4
30
25
9
7
7
3
10
7
22
6
28
12
15
20
6
18
34
15
2
28
24
8
2
5
9
4
22
25
9
15
14
13
27
18
2
29
18
9
6
5
1
10
24
26
9
5
18
12
14
1
15
23
9
4
1
11
12
7
1
13
5
19
2
15
19
4
5
5
5
22
18
9
16
3
9
2
2
37
3
2
34
31
38
30
2
19
17
19
30
14
48
12
29
11
3
17
16
2
2
27
16
3
5
20
7
7
1
14
14
11
1
1
23
4
17
14
5
1
7
7
23
9
9
19
15
8
1
11
11
15
13
21
17
9
3
2
12
14
14
20
26
20
12
1
4
16
19
19
25
29
22
14
5
5
16
23
17
23
32
30
24
14
4
6
13
28
3
23
38
32
25
15
4
7
9
32
3
46
37
27
16
4
6
7
35
9
54
41
29
18
3
6
8
40
23
64
43
31
23
8
5
6
48
16
73
47
33
27
11
6
7
56
82
56
34
30
13
8
14
58
9
89
64
37
1
34
17
3
9
19
62
15
91
63
38
7
37
20
5
3
7
21
66
19
93
64
37
10
39
23
8
11
8
22
67
11
4
95
70
38
11
41
4
26
12
21
16
10
27
67
20
3
97
76
37
15
42
12
26
2
11
9
15
13
35
67
21
15
98
78
38
8
44
18
26
8
4
1
8
18
14
39
70
22
14
95
77
37
10
43
19
27
9
10
2
12
23
16
37
70
28
20
95
79
35
13
40
20
26
9
16
3
9
10
19
37
69
39
23
96
83
36
2
1
11
36
24
24
13
12
7
9
21
23
41
76
23
48
94
83
34
6
2
36
27
20
17
8
28
24
44
61
12
5
64
88
80
24
9
5
38
26
21
16
11
6
21
26
40
41
26
3
31
83
74
25
6
28
18
14
9
5
3
14
26
30
59
5
1
80
76
24
10
24
18
6
9
14
28
31
44
5
8
76
75
19
14
1
20
18
2
9
15
29
30
41
12
2
18
68
64
17
6
11
11
2
27
19
36
2
59
59
13
6
7
4
27
12
27
54
55
11
1
26
7
25
7
49
49
7
23
2
13
24
10
40
38
3
20
7
30
15
32
29
17
20
28
27
16
16
25
23
14
24
27
19
14
10
24
26
16
9
8
21
22
13
6
6
21
22
11
5
4
22
32
8
1
25
28
5
24
5
2
26
5
2
1
20
6
4
3
2
6
15
2
1
3
4
4
4
4
1
4
5
5
3
3
7
6
7
4
7
4
2
2
11
1
8
10
14
22
9
7
14
6
10
11
1
5
2
16
15
10
10
3
17
13
11
3
13
6
7
5
18
21
8
14
16
19
18
11
6
14
9
12
9
18
19
7
16
22
20
19
11
7
15
6
14
3
2
13
23
5
27
10
2
19
17
5
22
21
12
5
13
8
1
16
3
5
12
24
5
32
10
3
21
4
21
25
27
12
6
9
19
6
7
10
14
5
27
5
10
23
4
24
4
24
32
11
9
13
19
11
6
17
19
7
38
5
16
21
16
31
26
21
27
11
1
6
10
1
21
7
13
12
17
12
27
7
11
21
12
44
13
21
27
10
2
4
9
22
6
15
13
22
21
38
8
9
22
20
49
24
31
11
2
4
7
24
8
16
12
19
18
38
5
13
22
39
55
2
25
34
13
4
3
5
27
9
20
11
12
18
32
2
16
23
31
52
15
25
29
14
8
3
1
6
1
29
8
25
13
19
27
43
5
13
26
36
43
26
27
16
10
3
2
32
6
29
11
3
17
31
39
5
10
28
39
40
28
30
18
12
6
4
7
35
7
31
12
8
21
35
38
7
12
30
31
43
30
31
21
12
6
5
14
4
38
8
34
13
13
21
40
36
5
16
31
30
55
31
28
21
11
4
4
11
3
39
10
34
14
11
21
36
42
4
16
34
10
68
22
21
12
5
13
8
1
16
3
5
12
24
5
32
10
3
21
4
21
25
27
12
6
9
19
6
7
10
14
5
27
5
10
23
4
24
4
24
32
11
9
13
19
11
6
17
19
7
38
5
16
21
16
31
26
21
27
11
1
6
10
1
21
7
13
12
17
12
27
7
11
21
12
44
13
21
27
10
2
4
9
22
6
15
13
22
21
38
8
9
22
20
49
24
31
11
2
4
7
24
8
16
12
19
18
38
5
13
22
39
55
2
25
34
13
4
3
5
27
9
20
11
12
18
32
2
16
23
31
52
15
25
29
14
8
3
1
6
1
29
8
25
13
19
27
43
5
13
26
36
43
26
27
16
10
3
2
32
6
29
11
3
17
31
39
5
10
28
39
40
28
30
18
12
6
4
7
35
7
31
12
8
21
35
38
7
12
30
31
43
30
31
21
12
6
5
14
4
38
8
34
13
13
21
40
36
5
16
31
30
55
31
28
21
11
4
4
11
3
39
10
34
14
11
21
36
42
4
16
34
10
68
30
25
19
7
7
13
5
37
21
21
20
28
26
52
5
30
36
52
48
29
25
16
7
7
1
14
9
34
17
19
19
32
23
51
9
26
31
51
51
28
28
15
7
8
13
3
32
15
18
14
25
14
40
9
28
31
47
59
27
27
13
5
9
16
3
30
16
14
16
27
13
47
9
28
28
21
69
25
21
10
4
4
14
6
27
9
8
12
27
5
42
12
20
25
43
51
20
16
8
4
7
23
1
5
3
19
33
13
10
22
30
39
19
17
7
4
8
3
21
2
19
23
14
7
19
12
52
19
17
7
4
10
1
4
22
20
23
15
8
19
28
60
12
14
13
4
5
2
10
5
4
19
20
26
18
5
15
3
66
7
10
9
2
5
5
9
8
7
16
22
19
2
20
15
6
59
9
11
1
6
4
9
5
4
13
20
22
3
21
9
39
57
5
10
8
6
10
10
3
12
18
18
3
20
1
3
62
58
1
5
8
7
8
10
9
16
18
4
19
2
70
53
7
6
6
3
1
19
16
9
21
77
47
7
7
5
11
5
20
13
11
20
48
53
4
2
3
13
15
12
8
14
74
1
4
14
15
6
9
80
11
16
13
8
9
78
7
13
12
6
3
73
5
10
56
14
35
23
19
6
1
11
9
11
1
5
8
7
8
10
9
16
18
4
19
2
70
53
7
6
6
3
1
19
16
9
21
77
47
7
7
5
11
5
20
13
11
20
48
53
4
2
3
13
15
12
8
14
74
1
4
14
15
6
9
80
11
16
13
8
9
78
7
13
12
6
3
73
5
10
56
14
35
23
19
6
1
11
9
11
20
10
10
1
37
9
25
54
24
9
30
15
12
29
14
11
28
12
25
46
24
10
5
33
16
19
36
16
14
16
14
24
35
29
3
10
13
38
13
43
22
17
12
17
24
37
26
2
10
19
49
19
53
29
20
7
21
23
30
20
9
10
26
46
25
10
63
30
25
4
29
25
28
24
14
8
1
37
60
22
19
72
31
29
33
26
21
25
10
7
3
48
69
14
4
78
33
32
36
26
16
29
13
7
5
56
71
14
83
36
34
41
27
17
30
15
5
11
62
56
19
14
87
36
36
43
5
28
1
16
26
22
5
18
65
72
12
20
86
32
36
2
44
8
30
7
23
6
30
28
2
18
65
98
15
87
35
38
45
13
28
13
15
13
29
37
1
22
69
70
25
87
40
40
1
47
16
25
16
11
17
30
44
28
70
57
37
3
88
43
41
5
14
49
21
23
19
22
22
35
42
33
71
90
40
22
89
47
40
7
14
6
50
27
26
28
18
31
35
52
37
74
85
36
10
88
51
40
9
13
8
48
26
37
27
20
33
36
47
38
73
85
23
86
56
41
9
5
15
11
46
26
31
28
17
36
23
46
39
71
78
17
8
80
56
38
7
6
14
12
39
30
23
29
11
36
31
49
39
61
69
22
30
74
52
34
5
8
34
25
21
21
10
27
30
39
34
52
76
11
13
66
48
31
3
4
25
18
10
15
3
23
13
31
24
45
63
13
59
47
27
1
4
18
14
4
10
17
3
24
20
41
56
19
21
54
46
23
14
10
3
7
16
17
36
53
19
55
48
41
19
6
4
3
1
10
10
29
61
18
59
41
37
15
5
5
25
35
3
35
39
39
13
1
3
22
47
2
48
38
44
13
2
6
4
9
20
59
7
69
38
45
12
5
9
5
1
12
20
48
14
51
40
46
10
8
13
8
4
14
21
57
14
15
41
50
8
12
17
2
7
8
18
21
76
9
6
41
54
7
17
22
8
14
11
24
20
67
20
30
39
53
3
20
7
24
12
19
12
24
15
42
19
30
38
49
1
21
4
24
13
6
20
14
4
21
14
66
14
7
37
50
23
1
26
15
8
23
17
1
5
22
12
68
19
1
33
49
25
5
26
15
9
18
18
5
22
7
60
18
23
27
43
25
1
24
14
7
17
17
5
19
3
54
22
41
20
34
22
19
11
6
9
15
3
7
11
51
15
32
15
27
21
14
8
10
7
14
5
10
3
54
5
21
10
25
20
11
5
7
5
14
4
12
1
22
19
33
4
19
17
6
12
3
12
15
23
36
10
17
1
3
2
7
2
9
5
16
14
19
23
4
15
5
2
12
5
7
8
21
5
22
9
1
12
3
3
4
4
18
7
25
11
16
10
7
3
