51
1
37
31
33
32
48
45
49
9
44
5
36
21
35
18
27
37
28
26
1
8
43
34
35
22
33
42
44
47
6
43
8
38
20
30
14
28
34
27
25
32
6
54
4
24
31
27
34
45
47
50
10
59
10
37
25
33
19
29
36
29
32
1
2
42
5
62
9
40
37
30
36
47
46
49
20
60
14
36
23
32
19
27
5
39
30
39
7
5
61
10
42
40
32
33
45
42
45
6
56
15
30
17
28
11
25
4
38
28
37
3
5
57
6
33
34
30
31
44
43
45
11
49
8
36
18
30
10
28
34
27
37
4
12
27
13
69
11
40
36
19
37
43
49
50
20
67
19
48
25
34
21
37
4
34
29
52
7
12
38
17
71
18
42
37
30
37
47
49
50
15
67
19
44
25
36
23
38
7
38
30
47
1
16
17
69
13
38
40
28
36
46
43
48
18
66
16
46
23
36
22
42
6
37
29
48
3
26
21
74
13
39
38
24
34
43
43
46
20
69
22
43
23
33
18
40
6
34
27
53
13
24
30
18
72
16
43
39
28
35
42
43
46
18
64
19
41
23
31
19
38
8
36
27
48
6
16
51
10
64
12
39
42
27
37
43
43
48
13
64
21
43
23
34
22
41
6
38
28
47
10
7
4
63
6
42
50
32
43
41
42
41
66
20
43
24
29
14
34
3
40
28
58
88
4
70
5
38
39
27
42
41
45
42
4
81
28
52
29
30
21
39
1
37
28
66
140
1
69
4
40
42
27
42
37
44
38
66
18
38
28
24
19
30
35
27
59
199
9
2
67
42
50
31
44
38
47
39
1
63
17
37
29
24
21
27
37
27
60
304
15
11
66
11
36
45
22
50
40
54
46
6
74
33
48
44
30
34
36
3
37
30
63
414
2
61
7
35
42
25
45
40
53
46
6
68
37
39
43
28
41
30
1
37
29
51
536
1
57
3
32
42
23
46
38
59
46
57
26
32
46
24
47
16
35
27
37
631
19
1
51
4
27
42
21
49
40
64
53
1
50
25
30
56
29
59
18
35
30
25
703
11
48
6
27
48
23
53
42
68
57
44
34
26
58
30
58
17
38
33
16
719
49
5
27
47
19
53
41
71
57
44
35
24
62
31
60
17
36
32
12
663
44
27
44
20
48
41
68
57
44
18
23
55
32
54
19
34
30
13
485
44
6
30
47
21
49
42
66
56
44
19
26
48
33
46
21
35
30
13
223
17
57
40
40
30
49
48
65
59
56
27
38
50
41
44
37
39
33
25
75
16
60
40
46
28
48
48
61
55
62
16
44
45
42
33
42
1
41
32
37
19
57
43
40
26
46
45
59
52
65
18
41
40
39
29
41
37
29
43
24
58
53
35
32
43
47
56
53
62
19
43
37
40
26
41
39
30
49
9
10
64
6
34
47
29
46
50
54
54
71
12
48
36
43
23
46
3
42
32
57
3
62
6
34
44
29
45
50
54
54
76
7
44
36
42
20
45
4
41
32
61
60
41
43
31
39
48
49
48
61
3
33
27
37
12
34
1
38
28
53
73
29
36
26
40
48
50
50
74
13
49
30
39
17
41
1
36
29
65
32
8
72
7
39
41
27
44
47
54
52
79
12
54
32
39
18
44
8
39
32
72
3
9
70
8
39
45
31
45
50
52
52
76
16
46
34
40
18
43
8
39
32
70
14
77
6
43
39
30
44
50
48
51
77
11
52
34
40
18
42
8
36
31
75
8
76
4
48
42
32
41
49
52
50
84
25
48
32
39
22
40
8
36
31
74
30
4
74
5
46
44
41
40
52
47
52
84
22
47
31
41
20
44
7
39
31
78
8
3
80
5
47
47
35
45
53
50
53
89
13
62
32
45
17
50
7
39
33
89
2
8
84
3
48
39
28
41
51
52
52
96
23
63
33
44
21
51
6
37
31
84
1
10
3
76
44
33
36
38
50
47
49
84
4
53
29
40
15
45
1
37
30
81
14
23
75
45
33
36
39
52
50
52
91
17
59
33
45
20
53
1
39
31
90
9
3
23
78
45
39
39
41
54
50
52
83
23
57
35
44
22
50
5
42
33
85
15
6
80
43
36
37
40
52
50
49
84
16
54
34
41
21
44
3
40
31
82
16
13
75
43
37
32
37
48
47
46
91
12
50
31
36
18
37
1
38
28
83
6
8
12
73
51
37
36
40
49
48
48
77
14
50
36
37
20
40
4
39
30
83
20
10
21
2
76
38
38
35
44
52
52
52
93
12
55
39
42
26
47
4
40
33
90
36
14
3
74
2
31
49
32
44
49
50
48
91
10
48
32
38
21
43
3
39
31
86
37
15
6
73
43
35
32
41
48
53
47
83
29
48
37
37
22
43
36
29
82
48
20
73
38
36
32
43
48
54
49
85
10
50
37
38
23
44
37
30
81
42
14
23
78
48
44
36
46
50
48
50
83
19
50
38
40
24
44
5
42
32
80
46
9
4
85
48
36
34
45
50
53
51
99
34
58
39
42
26
49
7
41
32
91
67
12
79
46
42
29
44
45
52
47
88
16
51
36
36
19
43
1
38
30
89
73
9
77
50
38
33
42
46
48
46
86
19
52
33
37
19
41
39
30
86
76
20
72
48
44
34
45
47
48
47
88
13
50
32
37
17
41
42
31
81
78
69
37
44
32
46
48
49
48
84
19
41
35
38
20
41
41
32
81
104
6
68
38
33
32
42
48
49
47
85
20
50
33
38
22
42
37
30
82
111
4
67
42
43
28
41
43
45
44
84
8
55
28
33
14
37
39
29
79
103
18
69
43
48
34
43
44
43
44
89
1
44
25
34
9
38
1
43
30
82
130
79
51
34
39
42
49
46
47
90
11
50
29
39
16
41
7
45
31
90
144
1
85
46
36
26
43
44
49
46
99
10
54
32
36
18
42
8
41
31
93
159
83
48
40
27
43
41
46
43
88
1
48
27
32
13
38
7
41
28
85
181
21
1
87
52
39
32
40
46
47
48
92
24
54
29
39
19
47
13
45
30
90
191
20
90
58
44
34
42
48
48
48
98
16
54
29
41
18
49
16
47
32
89
216
85
66
41
35
40
47
48
46
83
7
49
26
36
14
41
15
45
30
86
219
76
47
38
30
38
46
48
45
93
12
50
25
36
14
40
8
40
30
86
234
23
77
42
39
33
40
49
42
49
99
9
55
27
42
14
47
5
40
31
91
260
20
80
57
38
37
39
53
45
51
92
7
56
22
44
16
49
8
42
33
93
265
81
49
32
35
37
53
46
50
100
59
18
44
16
49
5
40
32
90
281
76
51
30
36
33
52
41
48
90
56
17
43
10
48
1
39
30
88
290
75
47
41
32
34
51
40
47
92
5
52
16
42
10
44
4
41
30
90
295
9
1
87
53
35
36
35
54
40
49
100
5
57
19
44
14
46
10
44
32
98
312
93
61
32
39
34
53
39
46
89
3
55
17
43
11
45
12
44
31
96
307
91
54
31
36
31
52
39
45
98
6
56
16
43
13
47
10
41
29
95
304
89
57
31
39
30
53
39
47
105
2
58
16
44
16
48
13
43
30
97
308
14
3
90
57
36
41
34
54
39
48
103
9
56
18
44
18
47
15
45
32
101
297
4
87
52
30
41
32
56
40
48
101
55
19
44
20
48
13
44
31
102
298
83
51
32
39
30
52
38
46
97
55
17
41
17
44
11
42
29
94
294
82
52
31
42
30
52
39
47
97
8
52
19
41
19
45
10
43
30
96
273
5
87
52
30
41
32
57
43
52
100
4
63
23
48
22
55
10
44
31
105
256
83
50
35
38
34
57
44
52
107
5
57
22
48
21
58
6
42
32
109
259
4
74
48
31
42
32
55
44
49
92
1
53
20
44
18
49
1
39
30
95
239
6
81
52
30
35
35
52
48
51
102
9
68
25
44
22
53
5
39
30
104
212
10
34
86
68
37
42
35
54
40
51
105
10
54
23
44
28
54
13
44
31
106
190
11
15
85
56
37
45
35
57
44
53
97
5
59
25
48
30
58
9
43
32
108
180
9
97
45
36
32
37
52
49
54
114
11
68
31
48
33
63
8
39
31
117
167
19
91
62
32
33
35
49
45
52
113
19
60
32
45
34
55
12
40
30
116
151
20
49
82
56
36
37
38
50
46
52
103
11
61
31
46
32
56
12
43
32
114
120
16
47
92
2
60
46
33
41
48
46
51
105
62
28
44
28
60
18
44
32
111
87
25
3
97
61
39
32
37
47
46
48
113
20
62
29
43
26
58
18
42
29
124
71
28
3
97
56
36
30
35
45
45
48
111
24
58
29
42
29
58
16
40
29
121
43
31
42
92
57
41
30
41
45
46
49
111
11
58
32
42
24
57
14
41
30
114
36
29
50
90
53
43
30
42
45
48
51
112
23
59
32
42
28
59
13
43
31
120
28
22
9
83
48
39
28
41
44
48
49
107
6
58
27
41
31
58
7
39
30
119
8
23
74
41
38
25
38
41
47
46
101
54
27
37
25
54
36
29
106
2
22
28
77
41
40
25
39
42
46
48
102
10
55
27
39
26
58
2
39
30
112
18
39
86
49
37
29
41
44
48
49
104
19
55
32
40
31
58
9
43
32
117
8
94
56
34
31
37
43
48
47
106
11
51
28
38
26
54
12
42
30
120
10
93
62
34
35
34
42
47
44
108
4
54
23
38
20
54
12
41
28
119
15
21
92
64
41
28
36
43
44
48
115
8
63
28
42
28
61
16
43
30
119
2
45
103
72
41
30
38
46
46
51
122
14
65
30
46
31
65
22
45
31
130
103
81
28
39
36
50
47
50
115
15
65
29
46
25
62
22
45
31
124
4
89
55
40
28
34
45
42
47
118
5
63
23
44
21
61
16
41
29
121
8
10
88
54
38
33
35
47
44
47
118
9
60
24
45
21
60
12
41
30
125
8
50
93
68
30
38
36
51
46
53
116
11
66
29
50
29
65
13
43
32
124
1
6
86
54
37
31
38
49
47
52
119
69
30
49
27
67
10
42
32
127
80
53
36
30
36
46
45
48
105
5
57
25
43
20
56
7
40
31
111
79
50
29
33
32
48
44
50
98
7
59
24
46
23
58
1
38
30
110
4
23
84
54
32
35
33
51
45
53
115
2
65
26
50
23
65
6
42
33
126
9
4
90
54
34
39
34
52
44
52
118
6
61
26
49
27
61
10
44
34
118
3
86
52
29
36
31
50
44
51
104
1
59
25
48
22
60
8
41
31
117
83
50
32
35
30
51
43
52
104
54
26
48
18
61
7
39
30
116
36
93
57
34
40
32
54
44
54
120
10
70
27
52
27
67
13
42
33
128
24
98
66
32
43
34
56
48
56
126
17
77
27
55
31
72
18
45
34
140
3
91
62
34
42
33
55
49
52
117
9
66
27
51
28
64
14
43
31
125
85
57
33
40
31
54
43
52
112
8
68
24
51
26
63
11
40
30
120
3
30
87
57
30
41
32
55
43
54
116
68
26
53
26
67
9
41
32
123
4
34
90
67
30
45
34
57
46
54
114
5
68
28
53
24
66
10
43
34
122
86
65
30
42
32
54
42
50
106
5
64
23
48
18
62
9
42
32
120
84
43
33
35
32
50
42
47
113
61
21
45
16
57
4
39
30
120
18
86
54
36
39
36
49
40
47
110
57
22
43
16
56
6
41
31
114
46
84
60
37
45
36
51
40
47
102
19
58
27
43
22
55
9
46
32
115
81
51
37
34
34
50
41
46
109
17
66
27
44
26
59
11
44
31
121
77
52
43
29
36
44
37
42
106
2
58
23
38
17
52
8
41
28
112
27
81
54
39
36
34
45
37
44
109
13
60
23
40
16
56
12
43
29
119
46
89
60
37
35
39
47
42
49
116
12
65
30
45
25
64
17
45
32
129
3
8
91
61
48
34
40
43
41
44
115
5
56
28
37
23
55
18
46
30
124
19
89
61
44
30
39
38
42
40
104
10
50
27
31
20
48
16
44
28
121
22
12
87
59
47
26
42
35
45
39
98
9
49
28
29
19
45
16
43
28
116
9
51
96
63
48
31
43
40
42
45
124
15
56
31
35
25
56
20
46
30
126
2
21
100
66
46
35
43
42
46
46
119
22
56
35
36
29
57
22
46
31
131
6
95
2
63
44
28
43
38
50
43
114
18
57
35
34
27
56
18
43
29
125
20
4
92
62
47
25
42
36
47
44
122
15
59
33
34
25
58
15
42
28
130
23
44
92
63
41
33
44
40
51
48
120
20
59
37
38
27
59
16
45
31
131
25
25
90
63
41
34
45
42
52
47
120
8
63
38
39
30
60
16
46
32
129
27
89
58
45
29
42
38
49
42
113
6
60
33
36
23
56
15
44
29
125
28
88
61
43
30
38
38
46
41
118
15
59
29
36
19
56
16
44
27
126
41
18
88
74
48
34
38
39
45
43
109
6
59
28
36
19
57
20
48
28
120
37
9
92
68
44
35
39
42
47
45
112
14
60
31
39
25
61
22
50
30
122
28
93
55
46
30
37
40
45
42
124
6
53
31
37
23
57
19
48
28
124
27
93
66
44
28
34
36
42
38
110
3
56
30
33
18
51
22
48
25
123
28
10
91
65
36
30
35
37
45
43
118
9
68
29
37
22
59
25
51
27
122
32
21
95
69
47
34
35
39
44
43
118
5
59
26
37
25
58
25
53
28
124
31
94
72
44
40
34
40
45
41
114
13
61
28
38
24
57
26
52
27
123
37
92
1
70
40
38
33
42
49
45
121
10
70
28
43
23
66
25
48
27
126
43
1
103
77
43
37
34
47
46
51
138
11
81
33
51
32
77
27
49
29
144
32
9
104
1
85
39
49
35
50
50
54
134
10
78
37
52
36
74
31
52
31
141
36
101
1
78
39
45
34
51
53
54
131
8
79
37
53
36
77
26
49
30
138
47
102
69
36
41
33
51
52
55
138
17
79
39
54
39
81
20
44
29
149
47
104
72
35
45
34
52
54
57
132
28
78
41
55
39
80
20
45
30
141
46
27
101
70
39
43
37
54
55
60
136
22
83
44
59
43
87
20
48
32
147
45
97
1
66
48
39
39
50
52
55
128
25
74
40
52
40
77
19
47
31
139
38
95
63
43
35
37
46
50
50
122
29
68
40
45
43
70
16
44
29
129
26
13
88
60
36
36
37
46
48
49
123
24
62
40
44
41
67
16
43
29
133
11
45
89
60
51
38
42
46
45
48
119
12
61
37
43
32
63
17
47
31
133
5
14
94
62
47
33
41
47
46
49
121
34
71
39
45
36
71
18
46
30
139
7
91
66
41
32
35
44
42
45
106
26
61
32
40
33
63
15
43
28
127
1
86
55
47
33
37
43
39
42
108
3
57
28
37
21
57
9
43
27
120
19
87
48
47
34
38
46
39
45
127
25
64
30
41
25
63
9
45
30
128
87
64
37
39
37
49
40
47
121
25
61
33
43
30
63
13
47
31
130
81
55
40
37
36
46
41
43
113
16
59
29
39
24
58
9
44
28
121
79
52
41
33
35
43
38
41
105
18
57
29
37
25
56
8
42
27
119
17
84
57
41
36
38
46
37
45
116
19
59
31
39
28
59
10
45
30
123
3
86
54
47
36
40
46
42
45
111
20
58
33
39
30
58
9
46
31
124
80
53
44
32
39
44
42
43
103
21
52
35
35
33
53
9
43
29
119
6
73
53
44
34
39
42
43
42
103
23
46
34
32
32
49
6
42
28
115
8
6
81
56
46
35
41
43
44
44
104
22
50
34
33
28
53
9
44
30
119
6
22
87
1
56
50
26
45
43
48
48
110
18
57
39
36
32
61
17
46
32
125
7
85
57
56
27
45
39
47
43
112
18
45
38
31
31
53
16
46
29
127
14
84
59
48
29
43
39
46
41
111
25
41
40
30
31
50
14
44
28
125
4
86
63
50
28
45
41
48
45
115
19
58
41
34
36
57
18
45
29
126
1
97
1
72
51
34
46
43
48
47
125
20
70
40
39
39
64
25
49
31
134
3
104
74
51
37
40
46
47
47
127
36
66
36
42
33
66
26
50
30
132
104
74
47
39
36
46
44
45
126
15
68
30
41
28
66
25
48
28
132
4
97
74
35
41
36
48
45
48
127
25
71
33
46
32
69
23
47
29
136
4
99
80
42
43
36
52
44
51
129
25
74
31
49
30
72
27
51
30
137
8
98
1
83
46
42
36
50
43
48
121
6
71
27
47
25
70
25
50
30
136
10
93
56
40
35
36
48
48
48
124
10
65
31
45
29
65
16
43
29
133
9
89
58
37
37
36
48
47
50
122
17
61
31
44
29
61
14
43
29
127
81
62
44
37
39
49
43
52
113
15
63
31
46
28
62
15
46
31
128
85
54
46
30
42
48
50
53
119
13
65
34
45
30
63
14
45
32
128
84
59
36
33
34
47
45
50
110
14
55
28
43
24
58
12
43
30
117
78
53
39
31
34
47
45
49
105
8
52
27
41
23
54
9
43
29
112
10
82
59
40
32
37
48
45
50
112
9
58
28
44
26
57
12
45
32
116
86
64
41
35
36
50
43
50
112
5
57
25
45
24
56
16
46
32
123
86
67
36
36
34
50
42
48
107
54
23
42
17
48
15
44
29
116
79
59
37
36
29
50
40
50
119
6
57
21
45
16
54
14
43
29
119
83
64
35
42
29
54
39
53
114
13
60
20
48
20
54
14
46
31
126
13
88
71
24
46
31
57
42
55
112
10
63
24
52
24
53
15
47
32
118
36
78
57
31
43
28
56
41
55
110
5
54
21
50
21
55
8
44
31
111
31
73
59
27
42
27
54
39
52
102
56
21
48
19
52
5
42
30
109
20
80
58
32
35
30
55
41
55
116
4
65
25
51
23
59
10
44
31
119
4
80
60
32
44
33
57
42
56
107
14
58
30
50
25
56
10
47
33
112
74
55
34
39
33
54
40
52
102
8
54
24
46
22
50
7
46
30
107
68
50
39
36
30
49
37
47
97
1
48
18
41
17
46
3
43
27
104
77
61
38
38
33
49
37
47
93
50
25
41
21
47
7
46
28
102
3
83
69
42
39
37
50
38
47
103
9
54
26
42
18
49
14
49
30
105
72
48
45
38
36
48
38
43
105
21
51
27
37
18
42
10
48
28
107
73
56
39
36
34
45
38
39
106
15
50
27
34
23
39
12
46
26
112
71
61
49
37
34
43
29
37
100
14
