45
51
37
68
54
50
47
54
48
64
35
81
52
81
50
108
61
55
73
36
50
59
294
11
6
97
46
51
35
68
53
49
44
53
45
57
33
74
48
78
47
95
57
57
76
35
50
54
142
14
104
49
54
39
68
55
47
43
47
43
59
34
73
48
69
45
90
58
63
79
34
52
58
19
114
55
56
45
68
60
46
45
45
43
60
37
70
50
67
44
88
58
69
81
34
56
61
24
112
58
54
44
65
67
43
48
42
44
57
40
65
52
62
47
82
58
73
84
35
61
60
7
112
62
55
49
64
70
40
49
40
43
57
43
63
52
57
45
79
57
78
88
36
61
61
105
58
54
60
62
72
39
51
41
44
58
43
63
52
57
44
80
56
79
88
38
59
60
102
59
48
54
59
77
39
54
42
48
55
46
60
57
57
48
80
58
76
87
39
65
58
112
58
42
52
58
74
40
54
45
47
52
43
59
55
64
46
80
57
68
85
39
59
54
4
98
49
40
53
57
70
40
51
46
46
41
38
54
52
62
45
77
55
61
84
39
52
51
6
1
90
46
37
48
57
68
41
49
46
45
37
35
51
49
58
42
73
50
62
84
38
47
46
6
2
92
45
29
47
59
65
42
50
49
48
47
36
52
52
61
44
73
52
57
80
38
46
36
18
7
89
57
35
56
57
76
39
59
50
56
34
52
51
68
62
60
77
71
64
80
43
64
36
51
104
56
38
48
57
72
40
58
52
56
37
50
53
64
67
58
79
68
64
78
43
64
40
53
9
103
57
43
50
61
70
41
56
51
54
42
49
57
61
69
57
81
66
64
80
41
64
46
51
2
105
58
50
51
66
69
43
54
52
52
50
49
63
62
72
54
85
66
64
80
40
62
52
54
108
62
48
51
67
69
43
54
52
52
53
55
66
66
71
55
87
70
64
80
40
70
55
56
106
66
47
49
67
71
41
54
48
50
56
57
65
69
65
57
83
72
65
83
39
73
57
57
18
106
59
47
40
66
70
40
52
46
47
54
53
63
63
64
53
81
66
66
85
38
64
54
52
19
111
59
47
50
67
67
41
50
47
46
55
53
65
61
67
50
83
61
66
84
38
66
56
54
111
61
50
51
66
68
41
52
50
49
62
55
71
66
72
53
89
67
65
81
39
72
61
66
109
59
52
49
67
71
41
54
50
51
66
58
75
71
70
58
96
75
69
82
40
74
63
71
108
59
52
52
69
70
42
51
52
49
64
55
76
68
77
56
96
71
72
84
39
72
62
71
111
60
58
53
71
71
43
49
53
47
65
53
77
66
77
54
98
69
75
87
38
70
64
71
118
62
63
59
72
72
43
48
53
46
65
54
80
66
78
52
102
69
79
87
37
69
73
74
114
65
65
64
72
73
43
47
52
45
65
54
80
67
82
51
102
67
83
90
36
67
74
78
112
68
64
61
71
77
41
49
51
47
71
57
77
70
78
57
98
70
82
94
37
67
61
79
114
71
63
67
69
78
41
50
49
47
65
58
74
69
75
56
95
70
84
97
38
65
64
74
108
70
59
71
66
81
40
52
48
47
60
59
69
72
71
57
92
73
83
95
38
70
63
83
105
67
51
62
63
80
39
53
50
49
60
56
66
71
73
57
90
71
74
90
39
66
59
92
107
67
48
54
63
80
40
55
50
51
58
53
67
69
73
59
92
72
70
88
41
63
61
88
111
62
43
53
60
80
39
58
50
54
56
53
66
69
70
63
89
75
64
87
42
63
54
88
111
60
42
50
59
80
39
58
49
54
58
51
68
69
72
60
91
72
62
84
43
62
58
99
105
57
41
48
56
81
37
60
48
55
57
52
64
73
65
63
85
76
65
84
44
65
57
102
103
54
43
60
56
79
36
59
48
54
56
49
62
70
61
61
87
73
68
87
43
60
54
101
8
102
52
48
52
61
79
37
57
45
52
57
46
63
65
59
58
88
68
71
89
42
55
54
102
102
54
51
51
62
77
38
56
46
52
58
48
64
66
60
59
86
70
73
88
42
57
56
107
102
54
50
58
63
74
40
56
48
53
56
46
64
66
66
59
90
69
73
85
42
55
54
109
104
54
44
55
65
76
41
55
46
52
52
47
61
67
63
60
88
72
74
86
41
59
51
115
98
54
50
53
66
73
42
52
46
47
47
45
59
61
62
53
84
64
74
88
40
57
48
116
92
49
54
42
66
70
43
51
49
49
39
38
56
56
67
52
81
60
67
84
40
45
40
112
4
93
51
48
44
66
73
43
53
48
50
39
44
56
63
66
56
84
67
67
83
40
56
41
117
93
52
45
51
66
73
44
52
49
47
38
45
55
62
68
53
84
65
63
83
40
57
40
113
2
99
52
37
49
68
71
44
50
48
45
35
43
54
58
69
49
81
61
61
84
40
52
38
109
1
95
52
36
50
70
72
44
50
46
45
34
45
56
59
63
49
84
60
63
86
39
54
37
115
95
52
47
49
69
73
44
52
47
46
37
47
57
61
65
51
84
63
62
84
41
53
38
119
97
54
42
50
66
74
43
54
48
47
40
51
60
65
70
54
84
66
63
82
42
60
40
115
7
93
57
36
53
63
73
42
54
49
49
43
52
64
66
72
56
90
69
63
83
42
61
41
118
7
94
60
44
52
62
74
41
55
50
51
49
56
69
68
74
58
97
72
66
84
43
67
47
118
106
62
46
50
62
76
40
57
51
53
50
61
74
74
74
62
104
78
69
84
43
71
60
121
107
61
45
53
62
76
40
59
52
55
55
61
72
76
77
64
99
80
69
83
44
70
54
130
9
103
64
54
53
66
75
39
57
52
53
63
59
74
73
78
62
101
78
71
86
44
68
49
125
7
25
108
62
60
53
68
75
39
57
52
54
59
56
75
71
74
62
102
76
73
89
43
65
59
118
104
60
61
52
69
75
41
57
53
54
62
57
74
72
78
62
98
78
72
86
43
70
57
110
102
57
61
49
71
73
43
55
53
53
61
50
75
68
78
59
101
72
69
84
42
62
58
101
106
52
59
47
72
69
43
52
51
49
59
46
73
64
73
54
100
67
68
85
41
57
57
95
8
105
52
59
43
72
67
43
48
50
45
59
44
70
61
70
52
92
66
68
86
39
58
55
93
95
49
56
46
70
65
43
47
50
46
56
42
68
61
68
53
91
67
68
84
39
58
54
91
96
45
51
40
68
62
44
46
52
46
53
41
67
61
75
55
92
65
63
81
40
56
49
86
30
99
45
48
38
65
63
41
45
49
43
50
41
62
60
65
51
88
65
56
82
39
56
48
78
53
92
41
44
39
64
64
40
44
45
41
44
40
58
58
55
47
85
63
56
84
39
52
42
73
30
90
39
40
35
62
66
41
45
46
42
39
42
54
60
61
50
81
64
56
84
40
55
40
69
7
92
47
44
38
62
70
39
47
45
43
41
47
54
65
59
53
82
68
59
85
39
60
43
71
21
96
52
45
42
63
73
40
47
45
43
42
47
52
62
61
51
81
64
64
87
39
56
43
71
38
97
52
45
53
65
74
40
45
43
41
39
47
51
59
62
49
80
62
68
90
38
55
42
63
15
95
60
47
60
63
76
39
46
44
43
39
52
52
62
60
55
85
67
75
90
38
59
41
67
95
66
47
67
61
80
39
50
46
47
40
60
50
71
64
61
84
74
81
90
40
67
44
70
97
67
48
70
62
80
38
50
47
48
43
62
52
70
71
57
92
74
82
90
40
69
46
76
31
106
71
51
66
61
79
37
51
48
50
42
61
53
69
69
60
90
76
81
92
40
67
45
73
31
114
72
51
68
61
79
37
53
47
51
45
62
55
74
67
63
91
80
82
92
41
72
50
70
108
66
50
60
60
74
38
53
50
53
44
55
56
71
75
63
94
77
77
88
41
66
52
77
104
61
51
53
60
70
40
51
51
51
36
52
57
67
75
60
92
73
73
87
41
61
55
76
13
101
57
50
46
63
68
40
48
48
47
43
47
58
62
72
54
92
69
72
88
40
57
47
65
2
102
53
50
48
63
67
41
49
50
49
45
45
60
61
70
57
93
66
74
88
41
52
41
60
106
57
53
55
63
69
41
51
52
51
41
50
61
66
69
59
94
68
73
85
41
58
52
69
104
59
53
52
63
70
42
52
53
52
43
50
61
68
74
59
95
70
69
83
42
57
47
68
96
54
45
49
63
71
41
52
51
51
36
45
58
64
71
57
90
67
71
84
42
51
42
60
92
51
43
40
60
74
38
54
48
51
30
43
53
63
65
61
84
66
67
85
43
50
35
52
90
46
49
42
57
73
38
53
48
50
27
43
53
63
66
57
85
65
64
84
43
47
31
56
83
42
38
45
56
73
38
52
47
48
21
42
48
64
67
55
80
66
61
84
42
48
25
60
80
43
39
40
56
74
38
50
46
44
19
39
45
59
65
53
76
60
61
88
41
41
21
45
81
44
37
55
57
74
37
48
42
41
16
45
45
61
56
48
76
61
66
91
41
45
19
45
77
45
29
51
55
78
35
50
43
42
16
48
44
64
57
52
77
63
66
90
41
50
19
51
78
50
42
52
53
81
35
52
44
45
21
51
47
68
63
55
78
64
70
89
43
52
25
51
92
56
43
64
52
85
34
56
43
50
27
60
48
77
58
63
78
76
74
90
44
61
30
66
4
94
54
39
58
55
81
36
56
46
50
27
58
52
73
60
61
84
73
72
89
44
59
30
65
89
56
44
57
57
78
38
54
47
50
29
57
54
72
63
60
83
72
70
86
44
61
31
68
85
54
42
50
58
72
39
53
48
50
29
54
53
72
65
59
84
74
65
83
43
60
31
72
86
50
41
44
60
66
41
50
49
48
27
51
53
66
68
57
86
67
63
82
42
57
30
71
95
54
41
44
62
65
42
50
50
49
28
51
50
66
68
58
82
69
65
85
42
60
32
70
90
53
43
44
64
63
43
49
51
49
30
51
53
67
69
58
87
72
68
86
41
60
34
73
87
55
43
46
65
64
43
47
52
49
32
52
55
66
72
56
88
67
68
84
40
65
36
78
88
53
39
44
63
66
43
47
52
50
30
49
49
66
73
58
82
69
62
84
41
59
34
77
86
52
41
42
63
68
42
46
49
45
29
48
49
62
67
55
84
66
65
88
40
58
31
72
83
54
43
46
62
70
41
45
48
44
30
49
49
62
66
49
83
64
67
89
39
58
33
70
89
54
46
52
59
74
40
46
48
45
32
52
48
64
66
52
85
65
69
89
39
56
36
82
95
56
49
62
59
76
38
45
47
45
34
54
48
64
62
54
83
65
74
91
39
57
41
78
96
56
49
66
60
78
37
44
45
43
30
56
46
64
63
51
82
65
77
95
38
58
39
69
96
60
49
66
59
81
36
44
44
41
23
58
43
63
60
51
80
64
79
98
38
57
44
70
93
61
46
64
57
82
36
45
43
42
28
59
43
67
59
54
80
67
75
94
39
61
41
75
90
57
42
62
57
80
38
45
45
43
34
60
46
67
63
52
83
67
74
91
39
68
28
87
91
59
45
64
60
77
40
45
48
42
29
59
48
65
65
51
86
68
74
89
40
68
38
90
6
92
56
49
56
64
74
42
45
49
43
35
54
54
67
68
56
89
72
72
87
40
61
38
89
94
57
48
54
66
72
44
47
52
47
37
56
56
70
72
58
91
75
71
81
42
63
42
91
104
63
50
51
68
72
45
47
51
47
43
60
60
70
73
60
94
72
72
80
42
76
50
96
108
61
55
47
69
69
46
44
49
42
44
53
64
65
74
54
93
67
75
81
40
66
49
102
18
102
60
53
51
69
67
44
42
47
40
37
48
59
60
69
51
91
65
74
84
39
59
47
93
106
64
52
52
68
68
43
42
45
40
41
54
60
62
68
52
91
64
76
85
39
71
49
94
102
63
45
48
65
69
42
41
45
39
39
51
57
60
67
51
88
61
76
86
38
61
49
93
92
60
52
58
60
70
40
41
43
40
32
45
49
57
60
51
81
60
79
90
38
47
42
86
95
62
53
64
59
74
40
41
43
40
30
53
46
60
63
51
76
62
79
92
38
62
41
84
107
68
46
60
59
77
41
43
44
42
34
58
47
65
66
52
79
65
75
89
38
66
42
94
104
70
47
72
59
81
41
46
45
44
34
65
46
70
59
56
79
68
79
88
40
80
44
98
104
71
44
68
60
84
40
48
46
45
28
69
42
75
59
59
78
69
78
88
41
84
44
89
6
105
69
47
63
63
82
40
47
46
44
32
67
46
74
61
56
79
72
78
88
40
74
43
96
103
68
51
67
65
81
41
47
47
45
38
64
50
71
64
55
85
70
79
89
41
67
49
101
102
69
50
57
66
84
41
48
47
47
39
69
52
78
67
60
88
75
77
88
41
72
48
105
100
71
43
58
67
84
41
47
46
45
42
74
57
79
67
60
92
76
79
88
40
86
47
119
105
70
45
72
67
84
40
47
44
45
42
75
55
80
63
65
90
77
81
91
40
83
49
123
101
66
54
66
66
82
41
46
44
44
40
69
55
80
64
60
90
78
79
89
41
68
46
122
102
65
47
60
64
78
41
47
45
44
46
66
59
78
65
56
94
79
76
86
40
79
50
128
99
65
45
61
62
81
40
48
45
46
44
67
57
76
66
61
90
74
75
86
40
87
49
117
12
96
63
48
57
59
79
40
47
46
44
36
59
54
69
66
54
88
66
77
88
41
80
52
112
26
100
64
52
69
61
79
40
46
46
44
47
60
57
70
65
55
92
70
83
92
41
76
50
112
10
102
69
57
68
65
82
40
45
46
44
51
64
63
70
69
55
97
68
84
92
40
81
48
113
112
76
64
72
68
80
41
43
44
42
58
70
66
69
68
53
100
66
91
93
40
100
67
109
2
107
72
64
74
69
77
41
40
41
38
60
60
68
64
63
49
97
66
90
96
39
71
61
80
106
68
57
62
68
76
40
36
39
33
52
66
65
61
63
44
93
60
86
95
37
84
59
61
114
70
58
63
69
75
41
37
39
34
64
67
69
62
63
46
100
62
84
92
37
83
69
67
112
72
58
65
69
77
42
40
41
38
63
68
72
65
61
47
103
65
81
89
38
87
65
73
106
68
56
64
69
76
44
41
45
40
55
73
68
68
72
52
101
69
79
87
39
105
60
72
106
66
59
60
69
76
44
42
45
42
56
70
68
67
70
56
100
73
78
87
40
82
61
64
105
66
58
55
68
78
43
44
45
44
61
66
66
63
63
58
96
68
78
85
41
93
64
64
103
57
54
53
67
72
43
44
46
45
50
59
63
70
68
57
97
72
71
83
41
80
56
63
102
56
54
56
68
68
43
41
45
41
45
62
59
70
68
50
90
74
69
84
40
84
50
57
16
97
60
55
54
67
73
41
41
41
39
41
59
53
63
59
52
84
66
74
86
41
86
47
54
96
56
52
50
67
66
42
40
45
39
35
54
53
61
72
50
87
65
69
84
40
66
43
48
90
50
49
48
66
67
42
41
45
40
36
43
52
66
65
55
85
73
69
83
40
65
44
50
99
58
50
54
66
70
42
40
42
39
38
51
50
67
57
55
83
69
74
85
39
79
47
45
110
65
50
57
69
71
43
38
43
36
42
52
53
63
65
47
86
68
80
88
39
72
51
46
111
75
54
63
67
79
41
41
40
38
45
57
52
72
57
52
82
73
88
91
39
87
56
49
114
77
61
72
64
84
40
42
38
37
49
84
52
77
56
54
81
73
91
91
39
111
59
45
114
77
57
69
64
83
39
42
38
36
57
61
55
72
57
50
83
74
92
93
40
77
66
51
9
115
80
63
76
64
82
38
41
37
36
63
63
57
72
54
51
82
74
97
96
40
84
71
51
5
121
83
66
85
63
86
37
43
38
39
63
75
63
76
55
54
89
77
96
95
41
91
70
55
122
83
63
74
61
87
37
47
40
45
63
70
64
83
56
61
90
83
94
92
43
94
79
60
115
78
66
65
61
83
36
47
41
45
67
79
65
85
54
63
90
84
91
90
43
108
83
59
118
75
63
68
63
82
38
45
42
43
77
69
72
80
56
58
96
82
86
90
42
92
70
59
117
73
65
71
65
82
39
45
40
42
75
75
76
79
53
56
98
79
85
90
41
101
75
60
110
66
64
62
66
80
41
46
43
46
74
69
79
82
59
62
101
82
78
85
42
84
74
68
113
65
59
58
67
78
42
46
46
47
74
66
77
82
67
62
101
82
74
82
42
85
69
99
110
64
60
56
71
76
44
44
45
44
73
68
79
76
63
57
105
74
76
83
41
90
72
175
104
59
58
44
74
73
47
42
49
43
74
60
84
70
74
55
109
71
72
82
41
78
69
264
108
60
55
45
76
72
48
41
50
43
74
61
87
68
77
57
113
69
72
83
41
84
72
345
105
57
65
56
77
70
50
39
50
42
74
57
88
64
82
53
118
64
72
83
40
77
71
417
104
54
61
56
76
71
49
38
48
40
71
54
88
60
85
48
120
63
72
85
39
75
67
492
106
57
58
55
76
72
49
35
47
38
71
57
90
56
81
45
126
59
78
88
38
78
68
556
106
59
63
52
74
72
49
36
47
38
72
55
90
58
86
49
124
61
77
87
38
74
69
507
106
66
60
64
72
74
48
37
48
41
71
59
88
62
87
51
121
68
77
85
39
81
71
343
111
69
60
73
71
75
48
39
48
43
68
61
86
65
83
51
121
71
80
85
40
84
69
187
111
68
60
63
70
76
47
41
48
44
65
59
82
67
77
58
113
74
80
86
41
85
66
60
104
68
61
66
68
77
45
44
46
45
63
60
78
70
70
58
105
79
79
85
41
86
65
99
68
61
56
67
78
44
46
44
47
59
61
72
74
68
61
99
80
75
84
42
90
61
96
63
59
46
66
76
43
45
44
46
52
57
65
71
70
58
95
77
73
85
42
87
54
10
109
64
59
55
66
75
41
44
41
44
50
57
61
64
62
54
88
70
75
87
42
83
56
5
105
64
57
55
66
75
41
44
41
44
49
58
59
64
59
54
88
70
74
86
42
83
56
101
60
55
57
63
78
41
46
43
46
41
61
54
74
60
59
85
81
74
84
44
83
56
22
106
61
55
58
62
80
40
46
43
45
42
61
50
69
59
56
80
72
75
84
43
81
61
25
27
100
60
52
57
64
80
40
43
43
43
52
57
54
66
60
55
84
71
76
86
42
77
48
29
3
103
60
47
61
