49
18
87
195
6
56
46
15
90
12
195
59
45
11
95
19
1
201
3
61
50
16
87
9
1
193
26
64
49
15
85
14
3
194
27
67
54
17
88
6
4
199
77
56
19
95
4
5
206
78
54
18
99
24
6
208
22
75
56
18
97
24
9
202
15
78
55
21
92
12
5
199
1
78
53
17
92
28
4
204
5
80
52
14
102
18
9
207
16
97
5
56
18
90
9
14
196
2
21
100
10
58
17
95
11
14
196
22
99
8
57
18
92
8
10
192
3
7
92
7
53
15
84
1
12
186
4
3
93
12
54
14
83
17
11
185
5
17
95
21
54
14
81
9
14
181
7
25
97
28
56
14
78
10
17
179
9
13
98
21
58
14
76
10
15
182
12
16
102
20
57
15
72
15
179
12
30
99
15
56
18
72
14
170
14
26
97
25
53
16
74
3
17
173
10
12
101
27
52
10
75
18
21
2
180
8
19
93
11
54
15
67
4
17
170
7
42
99
28
53
15
73
1
20
1
169
1
52
100
28
54
16
68
4
20
2
167
37
99
36
49
14
69
12
20
2
169
32
89
24
50
15
61
20
1
159
4
32
93
20
48
10
67
4
19
2
160
38
95
37
43
11
67
8
16
2
156
30
85
24
47
14
55
9
18
2
149
19
85
27
43
11
62
15
18
3
153
2
35
86
41
40
11
56
5
17
4
144
6
41
86
30
40
11
55
18
6
140
6
30
80
27
39
13
51
14
4
137
6
7
78
20
38
12
49
9
14
3
136
7
11
70
32
10
51
6
12
3
126
12
21
63
2
35
13
45
9
10
2
119
18
11
60
2
35
16
46
16
4
7
115
25
58
7
28
13
43
10
1
12
3
114
36
57
14
27
11
42
16
2
22
4
114
34
9
51
1
29
16
1
32
8
2
22
100
25
10
56
7
23
8
3
11
40
16
9
30
4
2
105
6
52
16
24
10
4
14
5
39
9
10
34
5
2
103
53
6
29
12
1
13
6
26
19
9
22
5
98
15
3
64
16
23
7
3
17
12
39
16
9
19
12
4
2
101
91
65
10
26
11
1
15
14
33
2
14
7
3
1
99
97
68
19
25
10
1
13
8
28
15
4
10
8
2
101
101
70
38
25
10
1
11
8
39
14
3
8
11
3
105
97
9
73
29
28
13
10
8
35
12
4
8
11
3
106
61
17
80
38
30
5
9
3
14
11
48
31
11
20
14
5
3
112
56
72
36
33
13
3
14
9
48
27
11
18
10
3
2
111
37
69
34
29
14
4
12
6
43
9
8
16
7
2
2
110
33
76
51
26
10
5
16
14
51
25
10
2
22
6
10
3
6
109
29
6
74
46
25
12
6
17
13
41
20
13
16
10
5
7
99
15
67
32
23
1
11
7
17
15
35
2
10
3
10
5
6
4
8
93
23
63
38
24
12
7
1
17
15
32
16
12
5
10
4
7
4
9
91
16
73
47
26
6
11
9
6
21
20
34
27
18
10
18
7
11
6
12
93
18
15
77
43
26
3
10
1
8
9
21
23
38
25
1
14
16
21
16
13
8
14
93
12
5
70
44
24
12
11
9
9
21
21
32
21
2
12
13
13
10
12
7
14
87
2
61
46
24
11
12
7
5
15
16
22
10
5
6
7
11
6
12
76
8
60
41
21
1
10
6
7
14
16
17
9
4
8
1
2
10
6
12
73
67
44
20
5
9
2
8
10
18
20
19
16
1
17
13
5
8
9
7
14
71
62
44
18
18
9
2
7
9
15
16
14
13
2
12
9
5
1
13
8
12
66
66
56
18
26
5
9
8
14
16
18
18
13
13
5
14
4
5
17
11
14
72
65
53
21
20
8
9
6
12
14
15
12
9
5
10
10
18
11
13
64
2
68
53
19
24
5
12
6
14
15
16
9
5
5
7
12
4
22
13
15
60
12
69
53
19
22
5
12
4
12
10
11
5
2
12
7
23
14
13
56
6
62
54
17
32
5
10
4
11
7
10
1
9
7
23
13
12
50
66
76
18
29
3
11
3
11
6
8
2
4
7
25
13
12
49
7
63
61
18
19
2
13
1
12
3
5
4
9
4
28
15
11
44
14
69
67
14
33
2
14
3
13
4
8
9
4
14
7
28
15
13
42
7
70
78
17
39
4
9
3
9
1
4
3
6
3
3
26
13
10
39
63
63
17
38
2
12
3
10
2
3
7
5
4
27
14
9
36
18
65
67
17
26
2
13
2
11
2
7
8
4
28
16
11
32
23
61
67
16
21
4
10
2
9
3
2
2
2
26
14
10
24
53
49
18
17
9
7
5
25
11
5
16
55
56
11
39
3
13
2
10
5
2
5
31
15
10
18
66
65
14
51
20
3
15
3
17
4
9
32
18
13
27
9
65
73
18
44
3
17
12
15
11
7
31
16
9
18
6
65
80
13
40
1
18
13
1
18
21
2
10
36
17
10
18
63
65
14
24
16
11
19
16
5
6
32
15
7
13
55
75
12
42
3
15
10
18
17
5
8
30
14
7
5
3
51
79
12
46
3
16
11
21
7
18
8
7
30
15
8
2
61
72
10
41
1
20
1
12
26
22
12
7
32
15
8
14
3
65
83
9
42
23
1
15
2
33
2
21
12
15
4
34
16
9
30
7
56
93
10
44
2
20
10
32
16
7
32
15
6
32
8
62
93
11
49
1
21
9
38
26
7
5
35
17
7
43
1
61
93
12
48
2
22
10
43
6
27
5
8
4
35
17
6
58
61
93
8
62
2
23
2
11
47
31
7
9
2
34
16
6
68
65
98
11
59
1
22
2
9
49
2
31
16
8
9
35
16
6
73
63
100
10
54
2
21
1
8
50
31
12
8
12
37
14
6
81
66
101
10
53
1
22
1
7
55
4
33
7
8
9
33
14
5
91
64
97
11
47
2
18
3
51
27
3
2
6
30
12
2
93
61
82
9
49
1
19
4
54
27
1
3
9
37
14
2
100
71
99
8
69
24
6
65
9
30
8
6
3
14
39
17
5
116
69
106
9
66
22
3
64
32
6
3
11
38
16
3
121
68
116
9
54
22
3
66
31
4
2
11
36
16
2
126
71
130
9
62
21
68
30
9
37
14
136
2
73
124
8
67
1
21
72
37
1
14
40
15
146
9
73
124
4
68
22
75
35
2
16
39
15
1
150
11
72
122
5
71
25
3
81
40
5
1
19
43
17
3
162
74
119
9
73
28
5
85
43
8
23
43
18
3
172
1
75
122
7
62
1
25
82
34
4
20
41
16
174
8
80
134
72
32
6
94
43
8
7
27
47
21
5
193
3
7
81
132
1
88
32
7
98
54
10
29
48
20
5
203
73
128
2
86
30
3
94
47
6
25
45
19
3
202
4
2
72
130
78
34
7
97
45
8
26
46
22
5
206
14
4
4
74
133
81
33
7
101
47
11
32
48
21
3
214
12
8
6
78
157
88
34
7
106
47
7
30
45
20
4
226
26
7
71
143
85
33
7
103
41
10
29
39
19
4
224
27
4
70
128
87
33
7
103
36
10
29
43
19
4
229
10
12
79
149
91
38
12
112
61
14
33
44
21
8
247
8
13
70
147
82
35
10
107
54
13
31
41
19
7
246
20
67
142
76
33
9
103
45
11
29
38
18
7
245
16
64
127
84
34
13
1
107
49
16
36
37
18
10
251
12
1
62
135
89
34
12
110
45
11
30
36
18
9
260
27
4
62
143
95
38
14
112
54
14
30
37
19
11
269
23
3
47
122
80
38
16
4
108
48
18
32
35
20
12
265
20
50
119
65
37
16
3
106
43
14
26
32
19
12
264
23
55
134
94
37
19
7
108
46
17
30
33
19
15
271
23
1
48
144
89
39
20
4
10
108
44
17
31
31
20
16
275
30
3
44
128
72
36
18
4
8
103
46
14
24
28
19
15
273
21
21
38
119
88
33
16
1
6
101
46
12
23
26
16
14
273
9
30
39
119
78
36
17
3
8
104
42
14
25
28
19
15
279
15
26
38
112
80
36
20
6
12
103
40
18
28
31
20
17
282
20
28
32
104
78
32
15
2
5
97
35
10
17
25
18
14
279
14
31
37
131
74
39
1
21
7
10
103
41
14
21
27
21
19
286
23
30
1
28
123
74
31
17
5
7
94
34
12
21
25
18
16
278
12
29
24
108
77
30
15
4
5
93
35
10
16
25
18
15
279
14
20
33
118
77
39
1
23
10
12
102
45
17
23
32
23
20
293
23
13
24
108
69
31
16
2
5
94
35
11
17
26
18
15
288
3
30
20
117
69
33
17
3
6
97
39
11
16
28
20
15
290
5
25
1
20
114
84
33
16
2
5
99
38
11
17
29
21
15
294
12
19
29
109
91
36
17
2
6
102
40
12
20
31
22
15
302
12
25
27
108
86
39
20
4
8
105
41
15
21
32
23
16
308
19
24
22
112
77
38
17
1
6
102
41
13
19
33
23
15
308
16
25
23
121
70
39
18
3
8
105
44
15
23
33
23
16
313
14
25
19
112
84
39
19
4
9
108
38
14
24
33
23
16
320
14
23
19
113
84
43
21
5
10
111
40
18
24
35
26
17
326
27
19
23
119
91
44
20
3
8
113
47
17
27
37
26
16
334
20
14
20
113
92
46
20
2
8
114
43
16
26
39
28
16
338
7
3
15
109
87
46
20
1
9
112
53
17
27
39
29
15
335
11
16
101
94
45
16
3
116
53
12
23
43
29
13
346
19
6
20
114
93
48
18
4
119
51
16
27
39
29
12
354
30
14
18
124
92
48
17
5
121
55
17
30
36
28
12
356
17
12
19
128
92
53
21
3
9
129
60
20
34
40
30
15
370
21
5
22
138
109
59
27
8
17
136
68
30
44
40
30
17
380
33
17
124
114
63
32
12
23
142
70
38
53
40
31
19
389
39
18
125
115
67
1
37
21
28
153
80
40
57
41
34
25
404
53
21
130
106
66
1
36
21
28
155
87
40
58
38
32
22
409
49
17
130
106
68
3
40
27
35
159
87
8
51
7
68
37
32
25
414
54
5
10
126
104
70
5
42
28
36
162
89
9
51
3
67
34
31
26
420
62
14
6
115
107
70
5
43
30
38
164
93
10
55
5
74
32
31
26
427
71
18
3
108
114
69
7
42
31
38
167
88
11
54
7
74
31
30
26
433
66
23
3
122
111
69
8
43
31
38
168
90
9
54
7
74
29
30
27
437
59
34
133
120
70
10
45
35
42
169
101
15
58
8
78
27
30
29
437
63
31
120
115
69
10
42
34
40
171
98
10
55
10
74
27
29
28
444
60
27
116
109
69
10
43
33
39
170
96
1
54
10
73
27
29
29
450
62
20
120
108
66
11
41
35
38
165
94
14
52
8
72
21
27
28
443
52
14
119
114
64
11
41
33
38
166
88
11
50
2
66
19
25
29
446
45
7
110
108
64
10
40
32
36
164
84
9
47
63
21
26
28
445
46
116
104
68
12
43
35
40
169
90
12
52
2
69
19
27
30
453
38
110
106
65
10
43
33
38
170
94
6
51
64
18
25
30
457
21
97
112
66
10
44
32
39
167
87
2
51
63
18
25
30
454
24
113
112
74
11
48
35
43
173
85
55
70
23
29
33
466
29
110
109
72
9
47
34
40
171
90
4
51
5
63
24
29
32
467
35
6
114
117
69
9
47
33
41
169
97
6
53
65
20
27
31
464
46
105
112
67
7
44
28
36
166
90
48
58
19
25
28
465
37
98
109
68
5
45
27
36
164
85
2
48
55
17
27
29
464
35
120
116
75
10
53
36
46
173
94
10
60
6
70
21
31
34
473
36
4
117
119
76
9
54
35
43
173
92
10
57
7
66
25
32
34
477
45
6
116
128
79
8
56
35
45
175
93
11
60
5
68
27
34
36
479
56
9
105
119
81
7
58
34
46
176
103
10
63
68
26
33
35
481
49
11
112
109
83
5
59
33
46
180
107
3
66
75
27
33
36
487
45
120
113
82
5
58
30
43
180
99
4
63
2
73
28
33
34
490
40
120
128
83
8
60
36
45
181
105
17
64
8
69
30
34
36
492
55
118
124
85
10
62
37
49
182
105
16
70
8
76
28
34
37
494
59
118
120
85
9
61
34
47
184
108
14
66
9
74
27
33
36
500
56
128
131
88
8
62
35
47
189
112
12
65
12
73
35
37
37
508
49
123
125
83
6
58
32
43
183
101
22
63
16
72
32
34
33
506
46
124
121
84
7
58
34
45
184
104
24
64
16
72
32
35
34
507
57
126
128
86
7
59
33
44
188
104
20
62
10
68
36
38
36
510
53
121
126
83
6
56
30
41
182
101
20
59
12
67
34
36
33
505
61
120
131
89
10
63
37
49
189
106
25
67
19
78
34
38
38
513
66
112
139
89
8
61
35
46
190
102
26
65
18
76
35
37
36
518
58
115
137
91
9
61
35
46
193
105
27
65
19
75
37
39
36
522
61
132
134
95
11
65
39
50
198
106
30
69
25
82
37
42
38
527
69
114
134
88
8
59
33
45
191
103
24
65
19
79
36
39
34
523
64
94
133
87
9
57
34
45
189
113
28
65
20
77
35
39
33
522
60
115
127
87
9
56
34
45
190
104
29
65
23
80
34
38
33
526
61
16
123
123
87
9
57
34
47
191
105
23
66
23
80
37
38
33
528
67
14
106
120
87
9
57
35
48
187
107
21
67
24
82
37
39
34
524
71
119
129
84
8
56
34
48
189
105
24
66
22
80
33
37
33
526
71
6
118
123
80
7
52
30
45
189
105
18
63
17
79
30
34
30
526
83
18
118
128
83
6
54
30
47
192
106
15
66
13
85
33
36
32
533
81
25
123
136
90
6
60
34
52
201
116
18
72
21
92
36
40
35
547
94
12
110
123
86
7
57
34
50
197
114
22
71
21
92
32
36
33
546
80
4
113
133
87
6
58
36
52
203
117
25
75
26
97
32
36
34
552
58
6
120
140
87
7
57
34
50
206
114
25
69
30
91
33
36
33
559
46
6
113
135
89
13
61
42
57
208
118
40
75
46
95
32
37
38
563
21
6
92
123
82
12
60
46
59
203
121
41
76
52
94
26
31
36
559
9
93
114
80
15
59
47
59
198
106
35
74
60
86
21
29
35
556
14
123
123
87
9
57
34
47
191
105
23
66
23
80
37
38
33
528
67
14
106
120
87
9
57
35
48
187
107
21
67
24
82
37
39
34
524
71
119
129
84
8
56
34
48
189
105
24
66
22
80
33
37
33
526
71
6
118
123
80
7
52
30
45
189
105
18
63
17
79
30
34
30
526
83
18
118
128
83
6
54
30
47
192
106
15
66
13
85
33
36
32
533
81
25
123
136
90
6
60
34
52
201
116
18
72
21
92
36
40
35
547
94
12
110
123
86
7
57
34
50
197
114
22
71
21
92
32
36
33
546
80
4
113
133
87
6
58
36
52
203
117
25
75
26
97
32
36
34
552
58
6
120
140
87
7
57
34
50
206
114
25
69
30
91
33
36
33
559
46
6
113
135
89
13
61
42
57
208
118
40
75
46
95
32
37
38
563
21
6
92
123
82
12
60
46
59
203
121
41
76
52
94
26
31
36
559
9
93
114
80
15
59
47
59
198
106
35
74
60
86
21
29
35
556
14
122
139
101
20
80
52
72
220
147
46
102
49
117
28
35
45
583
132
4
19
129
137
100
19
78
46
68
220
140
38
100
41
116
27
35
44
582
122
10
129
142
99
15
75
42
64
221
137
32
99
41
116
28
34
41
586
112
124
146
97
14
74
39
62
223
146
33
99
39
114
29
33
39
588
94
119
144
103
16
77
40
63
227
5
145
34
100
33
118
33
36
41
593
97
2
118
144
102
12
77
37
62
227
155
31
101
33
118
34
36
40
595
89
3
127
140
100
12
74
34
59
227
159
25
99
31
115
34
36
39
596
74
8
130
142
100
10
73
30
54
229
155
20
93
23
109
37
37
37
596
81
9
125
142
100
5
72
27
54
228
156
16
95
17
115
39
38
36
596
83
6
114
159
100
5
72
25
53
228
152
16
94
17
112
40
39
37
595
71
10
109
153
101
4
71
24
51
227
152
17
90
19
106
40
40
37
594
68
16
112
142
96
2
66
18
45
222
148
8
85
9
103
38
37
32
589
66
18
126
158
101
70
19
50
227
154
5
91
8
107
41
41
35
594
73
14
122
149
105
73
21
52
230
154
6
93
6
109
46
44
37
594
72
13
117
151
102
73
18
50
227
155
2
92
7
105
46
44
37
589
59
14
130
153
107
78
22
55
231
161
7
98
4
110
44
46
40
595
57
13
124
142
106
77
21
54
230
153
98
110
44
46
39
597
59
18
119
152
108
81
23
58
230
156
103
110
44
46
42
596
62
28
13
125
153
109
1
84
27
62
232
162
1
104
2
112
45
47
45
597
57
40
6
119
158
109
84
26
63
231
159
106
115
43
47
44
596
52
46
108
157
110
86
26
65
228
155
110
119
41
47
44
593
50
44
113
148
113
87
27
65
233
162
109
118
44
49
45
597
61
36
113
153
111
86
26
65
233
168
109
119
43
48
46
598
62
40
112
150
117
1
94
34
74
238
174
121
129
45
50
51
606
66
42
126
158
101
70
19
50
227
154
5
91
8
107
41
41
35
594
73
14
122
149
105
73
21
52
230
154
6
93
6
109
46
44
37
594
72
13
117
151
102
73
18
50
227
155
2
92
7
105
46
44
37
589
59
14
130
153
107
78
22
55
231
161
7
98
4
110
44
46
40
595
57
13
124
142
106
77
21
54
230
153
98
110
44
46
39
597
59
18
119
152
108
81
23
58
230
156
103
110
44
46
42
596
62
28
13
125
153
109
1
84
27
62
232
162
1
104
2
112
45
47
45
597
57
40
6
119
158
109
84
26
63
231
159
106
115
43
47
44
596
52
46
108
157
110
86
26
65
228
155
110
119
41
47
44
593
50
44
113
148
113
87
27
65
233
162
109
118
44
49
45
597
61
36
113
153
111
86
26
65
233
168
109
119
43
48
46
598
62
40
112
150
117
1
94
34
74
238
174
121
129
45
50
51
606
66
42
116
154
119
5
95
37
74
249
171
117
133
34
45
54
616
61
9
117
155
118
5
93
37
72
246
176
116
135
33
44
53
615
71
8
117
140
112
5
87
35
68
239
168
110
132
28
42
51
608
58
8
1
105
142
109
8
86
38
68
