29
8
3
3
13
9
4
22
25
31
25
1
4
1
1
1
1
6
2
2
13
9
6
18
14
37
26
2
4
1
4
1
1
14
10
7
17
23
30
28
6
1
4
14
10
4
12
22
15
24
9
2
9
2
13
10
2
11
17
33
29
2
10
5
12
6
1
15
11
1
17
26
45
30
2
13
6
13
5
1
17
10
21
25
38
37
18
10
16
4
12
1
7
19
10
2
26
23
40
42
20
13
5
27
21
13
12
18
10
4
21
23
27
35
2
12
13
5
8
19
2
15
3
12
4
15
10
6
3
13
25
33
32
4
10
1
9
2
13
4
12
1
7
15
10
5
6
27
37
28
1
9
2
7
1
4
2
14
2
11
5
5
4
14
11
6
28
26
3
5
7
11
6
4
5
13
10
5
2
30
33
33
1
7
8
3
15
1
10
4
1
2
13
11
7
45
18
47
32
12
3
8
2
8
5
16
6
10
11
4
4
15
13
9
30
12
35
36
12
1
8
4
3
15
7
6
4
3
17
13
7
24
6
55
34
9
7
5
4
12
5
5
6
1
15
13
6
30
6
33
30
10
5
14
1
16
12
1
9
8
39
36
11
3
11
1
3
18
11
1
18
2
41
35
12
3
12
5
18
10
12
8
28
30
12
6
16
7
2
6
17
8
7
16
27
10
3
3
3
17
5
9
8
3
7
16
8
1
9
13
5
28
33
13
1
8
2
23
3
10
4
7
8
15
10
4
2
14
21
44
32
9
1
3
6
14
1
6
8
3
2
9
14
10
5
2
12
25
29
30
1
7
2
2
1
7
16
6
6
7
4
1
11
14
10
6
7
3
20
44
33
7
1
5
6
17
7
9
7
9
7
12
13
9
5
9
19
17
36
33
6
1
9
3
1
3
3
16
8
3
21
15
33
36
13
4
19
6
1
17
11
10
17
34
28
10
14
7
16
8
17
23
32
29
3
12
3
7
3
1
5
16
8
9
21
35
29
11
2
12
3
5
2
16
9
12
21
31
23
2
10
1
1
15
9
1
12
28
14
23
8
6
14
3
5
13
11
1
27
20
10
7
17
8
12
11
3
22
31
20
8
8
13
2
6
1
4
13
11
5
29
30
53
20
8
2
1
9
5
7
13
11
5
30
27
22
7
2
8
14
10
1
22
19
17
25
11
8
2
11
3
3
14
11
4
15
17
15
24
11
6
2
10
7
15
10
4
15
32
27
12
8
4
12
5
3
15
12
6
14
12
29
25
10
9
3
12
5
1
14
13
6
10
20
25
10
8
15
13
1
14
11
4
5
14
23
25
13
9
13
9
2
1
14
10
4
18
22
27
8
7
12
6
15
10
1
4
18
26
31
1
10
12
5
16
8
7
18
9
26
3
7
11
2
16
5
14
12
32
11
6
21
3
11
5
4
3
16
10
3
5
7
9
36
30
13
1
6
1
21
2
11
5
7
11
16
13
4
13
9
11
45
30
7
3
18
4
6
6
6
1
14
9
8
17
12
29
34
13
1
21
7
2
1
2
6
16
8
4
4
11
21
31
12
3
16
3
3
1
4
16
8
5
12
25
29
1
9
3
14
2
3
1
1
16
7
7
14
40
38
16
6
16
1
7
1
5
21
9
3
17
13
34
32
11
12
3
6
19
7
3
7
24
31
3
9
16
2
1
15
9
8
31
26
1
7
1
9
4
15
9
23
6
33
26
6
2
14
3
3
2
15
10
24
3
26
31
13
8
18
7
1
6
18
11
3
32
34
17
8
22
5
11
5
2
5
19
9
1
8
28
10
33
36
17
10
1
24
6
9
6
2
3
9
18
9
3
10
5
7
31
38
15
13
3
19
3
8
7
6
8
17
10
5
7
5
9
20
32
17
12
6
23
2
12
8
5
3
9
18
9
3
7
2
9
9
28
17
9
5
26
6
15
9
5
3
11
17
7
2
15
7
36
36
15
2
12
2
6
24
5
14
12
5
7
9
15
9
4
16
10
19
32
32
13
2
11
2
6
23
2
15
7
7
9
13
16
10
6
22
26
30
30
12
3
11
3
4
5
25
10
10
10
2
3
14
11
7
5
27
28
26
10
8
1
18
10
3
2
12
11
7
1
18
12
17
10
7
1
3
14
8
2
1
13
11
8
10
27
19
8
8
3
11
2
3
14
9
7
27
32
29
1
10
3
17
8
18
8
4
5
5
29
23
25
11
10
1
14
5
16
12
7
6
25
15
16
12
11
2
13
8
15
11
6
22
5
12
7
9
5
16
9
3
12
4
7
10
1
11
5
1
14
12
5
9
41
16
7
7
5
5
14
12
2
31
5
16
6
3
2
2
4
14
7
19
11
25
1
1
1
8
1
6
3
15
8
23
14
20
1
3
1
3
1
16
8
16
14
11
6
1
1
13
6
10
16
35
15
2
2
1
2
5
2
3
13
8
23
14
24
14
5
5
6
7
5
5
1
5
7
14
8
1
14
9
21
8
2
5
5
7
1
5
1
6
1
6
15
9
2
12
11
10
7
9
12
4
1
5
4
1
12
6
15
13
5
9
27
10
7
6
6
1
3
1
6
4
7
12
11
4
8
29
21
6
3
3
3
4
2
4
1
13
10
3
14
13
17
7
2
4
2
6
3
10
3
7
2
14
12
9
7
14
12
7
13
15
4
21
10
3
1
4
3
6
13
2
10
6
15
9
12
10
12
11
9
4
15
53
6
15
6
3
7
3
10
1
19
1
1
13
6
23
11
20
14
10
11
11
14
58
14
17
11
2
8
11
18
13
26
9
28
10
9
10
10
13
12
8
4
8
9
12
16
21
3
26
2
10
9
7
2
23
6
7
8
15
2
16
19
4
29
1
11
9
6
3
25
9
1
4
7
10
17
19
31
2
27
9
9
5
16
20
5
6
6
9
15
17
35
23
9
8
2
30
7
10
6
6
10
17
27
19
11
8
2
24
37
10
5
5
8
13
42
7
3
26
53
10
19
4
8
6
12
8
6
6
12
16
34
15
16
12
10
41
5
76
19
9
13
11
16
9
19
9
16
6
28
8
33
13
14
5
9
19
19
132
11
28
9
1
8
12
11
4
14
20
1
2
7
1
12
14
7
42
19
14
12
12
12
4
2
21
4
12
13
3
1
27
10
1
13
14
3
10
27
4
1
1
13
12
3
18
7
2
1
8
7
2
3
3
10
12
8
3
18
1
6
3
10
8
1
3
4
14
12
7
24
5
4
5
4
13
1
12
4
7
7
1
13
1
10
14
13
11
12
19
5
1
12
7
17
17
14
6
1
13
9
17
2
3
13
15
17
6
5
14
3
1
8
1
13
8
15
18
14
4
7
7
13
14
2
3
14
16
16
29
6
2
11
9
13
21
13
8
6
11
17
13
1
12
16
16
1
29
5
4
2
6
6
6
16
7
2
1
15
7
4
13
16
13
11
33
3
1
6
7
3
16
4
1
16
2
2
13
16
13
32
1
1
3
7
2
19
4
1
2
14
2
7
11
16
14
15
28
5
4
1
1
4
1
9
18
1
2
10
20
4
12
14
13
3
12
22
5
2
3
1
8
14
3
9
23
1
13
11
9
16
14
6
5
1
3
8
15
3
6
27
9
13
12
8
30
14
25
14
4
3
5
15
5
9
2
14
18
1
14
14
7
3
18
22
18
10
6
4
6
5
5
12
5
14
21
12
14
12
5
2
18
17
1
3
8
3
3
3
10
9
6
4
13
8
10
16
14
7
3
1
26
22
1
7
2
6
9
4
5
5
2
9
7
16
14
4
3
36
25
22
7
5
1
6
5
2
8
3
1
12
12
1
21
25
8
1
5
7
14
12
2
24
28
3
4
3
3
13
12
1
1
30
28
14
5
1
3
2
1
7
13
11
2
32
34
6
6
4
3
8
5
3
1
1
4
12
12
6
3
39
31
5
2
3
5
1
3
7
4
4
1
1
3
2
10
13
10
7
41
30
5
1
1
1
3
1
1
3
3
6
2
12
15
9
1
2
48
30
3
4
6
2
2
1
13
16
10
2
40
22
5
9
2
13
16
9
22
26
6
5
7
9
4
4
3
13
16
12
1
31
27
6
4
13
14
9
3
3
16
12
6
5
17
18
14
7
46
20
7
9
14
22
2
13
7
5
16
13
2
8
5
16
19
17
5
43
20
9
10
9
19
5
12
10
5
14
5
19
11
9
8
12
17
16
5
47
22
9
12
12
17
2
10
10
3
20
1
20
7
8
2
10
13
15
13
12
69
26
1
1
10
16
4
7
9
15
16
9
5
3
5
13
16
13
9
70
25
5
3
12
6
3
8
11
5
11
13
2
5
5
14
16
12
67
23
1
6
9
14
4
2
9
14
1
11
10
6
4
14
14
11
5
71
29
13
5
7
10
3
1
7
15
1
14
10
5
10
12
9
14
78
28
6
2
6
1
6
2
6
14
4
8
13
6
2
12
12
6
12
90
30
6
6
5
2
11
6
11
14
5
11
16
1
12
3
11
15
10
9
83
34
2
5
8
13
3
9
20
2
15
12
3
9
7
12
15
9
7
99
30
10
12
12
14
2
8
21
4
18
13
5
12
12
13
13
8
16
117
31
13
13
13
2
14
4
11
22
8
17
18
7
14
10
13
11
8
20
113
34
14
14
15
2
16
4
8
18
10
12
16
4
16
9
15
11
7
13
126
30
14
8
7
1
5
3
5
7
15
7
12
12
1
18
6
14
10
6
17
127
37
9
10
7
1
5
2
20
8
6
8
10
4
14
9
2
19
125
48
11
1
6
3
9
7
1
7
14
8
9
133
49
1
1
4
8
16
8
7
140
43
32
12
7
15
3
17
12
1
10
2
144
31
19
14
2
7
10
8
14
8
6
8
122
36
7
10
7
1
3
14
6
6
132
47
17
13
4
139
33
3
1
14
10
4
21
132
28
46
16
8
3
6
10
4
11
15
15
9
3
15
148
31
9
4
6
2
9
9
6
5
11
11
11
8
9
6
133
25
10
6
4
1
5
4
1
9
14
7
7
11
5
9
2
13
12
11
19
135
29
17
11
4
1
3
4
10
14
5
5
10
13
3
13
11
10
17
151
33
4
3
7
7
1
6
8
3
4
9
3
13
12
7
4
132
26
3
3
9
9
12
4
2
14
12
4
109
25
2
5
8
7
1
3
11
13
11
3
1
108
35
4
9
7
13
10
2
3
108
40
1
6
9
1
14
11
1
2
78
36
2
8
12
1
12
8
4
14
14
4
1
58
25
15
7
9
12
1
15
11
5
2
14
17
5
11
65
20
2
9
6
7
10
4
1
2
16
13
1
11
43
31
11
11
25
14
3
5
6
4
16
11
2
9
33
30
10
10
4
14
8
2
11
20
14
16
23
7
9
12
12
11
7
15
37
18
4
12
12
3
11
9
2
13
20
12
17
30
6
9
13
11
9
18
21
15
4
7
8
8
25
17
7
10
14
8
3
22
25
21
6
1
6
2
14
9
5
6
6
13
10
6
16
11
30
45
10
6
7
2
1
3
12
1
12
7
7
9
1
12
13
7
1
10
34
14
2
2
5
1
1
12
10
27
1
8
2
2
11
2
13
11
5
31
15
9
6
13
8
14
8
10
32
1
8
6
1
11
6
1
13
6
15
28
16
7
4
1
20
9
1
3
6
14
7
18
35
7
10
9
23
1
16
8
10
30
1
11
7
14
1
16
9
10
30
1
8
5
1
10
15
8
1
10
36
6
6
2
6
4
5
15
10
7
29
3
1
3
3
14
8
5
29
5
2
13
8
32
9
10
1
29
7
10
1
25
9
10
2
21
10
10
2
24
12
10
28
2
13
7
28
1
2
13
9
5
18
1
2
1
1
2
12
11
6
25
13
12
2
1
32
10
9
29
1
7
11
9
1
34
3
1
2
1
4
1
4
9
6
8
8
12
12
5
2
6
34
7
7
3
5
1
10
9
11
12
11
1
2
1
34
15
3
4
7
1
9
2
12
13
8
7
3
37
11
3
1
2
10
5
11
6
5
12
14
6
12
36
14
5
5
18
6
16
9
18
20
21
16
8
15
36
7
7
9
2
17
7
16
1
14
19
25
16
10
1
11
24
34
9
13
1
4
5
22
9
24
10
16
11
28
14
12
6
16
5
27
3
3
9
3
3
7
15
3
17
5
15
14
20
12
10
6
17
34
2
2
1
1
10
7
10
8
4
1
9
12
10
5
10
4
37
1
1
6
3
2
7
1
7
10
10
4
34
2
8
9
2
34
1
3
1
1
6
7
10
4
38
1
2
1
9
12
5
43
9
12
5
35
2
1
3
1
1
1
4
7
10
6
32
2
3
3
7
1
10
9
10
8
3
40
3
5
5
4
7
2
4
3
1
10
11
10
3
47
3
2
3
2
3
1
10
11
9
57
2
1
2
10
11
7
60
4
3
2
2
9
12
10
56
2
2
7
5
2
7
13
14
44
5
10
9
3
10
5
4
15
16
46
4
9
7
7
12
9
5
14
14
5
42
3
6
6
7
12
4
6
13
12
7
38
3
4
7
1
7
1
9
2
16
7
6
12
10
1
42
1
2
2
7
10
6
8
9
12
7
6
41
7
10
9
1
40
2
3
8
1
3
17
2
7
8
7
3
15
37
5
3
1
2
4
4
3
9
13
9
8
10
3
9
40
5
3
1
6
6
10
17
12
9
10
3
27
36
5
6
5
7
4
5
9
2
20
9
18
18
10
10
6
7
33
3
2
9
3
10
18
19
6
9
3
8
34
8
6
3
5
6
1
12
12
13
12
19
5
9
5
13
13
32
2
5
4
2
6
1
5
4
10
16
14
18
9
12
7
8
38
4
7
4
2
6
1
6
8
9
12
14
10
8
12
7
9
39
2
2
5
7
5
5
10
2
14
6
17
15
15
10
28
10
10
7
19
7
38
3
8
14
4
10
11
6
19
4
23
12
23
7
29
11
10
8
18
1
41
3
3
13
7
10
16
7
16
21
9
19
15
23
9
12
12
9
33
2
2
11
8
9
11
5
16
4
19
9
18
8
22
10
13
13
12
33
3
4
1
12
6
8
9
2
13
2
16
6
14
5
10
9
13
12
20
38
3
1
6
3
4
5
12
17
1
11
17
8
9
8
14
47
4
2
8
5
4
4
19
19
3
9
9
11
10
10
8
51
2
4
10
7
5
6
19
1
16
4
8
7
11
12
11
12
55
2
7
3
1
9
4
11
2
3
6
10
12
8
10
50
2
8
12
10
1
5
9
12
5
7
43
3
8
4
3
5
7
10
11
1
12
52
4
7
4
1
12
12
2
5
54
3
4
8
5
3
9
15
4
1
62
2
5
15
5
59
6
14
5
51
2
7
14
5
51
2
2
6
14
7
41
3
2
3
1
5
15
10
42
3
6
7
2
4
8
7
13
12
5
37
2
7
10
6
11
4
5
1
1
13
2
10
15
15
10
32
3
5
8
5
12
5
5
4
14
10
16
13
3
46
4
3
3
2
5
1
8
14
9
10
47
10
5
9
11
10
4
4
4
8
12
4
6
18
15
2
47
14
5
4
8
4
11
5
9
18
3
10
2
7
16
13
1
50
1
2
10
1
3
3
2
7
1
5
10
6
9
13
8
10
52
9
4
3
12
4
7
10
7
8
4
9
9
13
9
11
9
13
11
15
57
1
1
8
2
5
6
5
12
3
12
2
12
5
18
8
11
9
17
46
1
1
12
1
6
5
13
12
11
5
18
9
13
10
12
43
2
4
11
4
8
2
7
16
3
13
16
3
18
9
12
12
16
44
6
2
13
1
7
6
15
3
14
16
1
23
11
12
8
24
29
3
9
1
4
3
15
18
13
14
9
12
6
15
33
2
1
12
15
13
1
22
7
12
5
21
39
2
2
7
2
12
17
12
21
9
13
6
16
34
3
4
7
5
3
17
4
21
7
14
23
7
11
5
16
38
3
2
8
4
5
14
5
18
9
14
16
27
6
9
2
30
13
43
5
3
8
4
6
18
11
21
14
18
14
29
8
7
1
26
33
40
7
5
7
2
12
4
18
16
18
20
22
34
25
6
7
3
29
69
37
8
8
9
5
16
8
12
19
18
25
23
35
20
6
8
6
20
33
54
5
1
6
1
10
5
5
16
12
20
19
11
27
6
6
3
7
62
6
7
9
1
18
4
31
11
33
7
5
5
3
63
5
10
14
7
2
14
5
21
14
54
13
6
10
8
63
7
1
14
3
19
9
7
15
6
20
12
35
13
4
13
13
2
5
45
8
4
14
16
5
1
22
4
31
8
35
3
4
11
10
3
39
3
7
10
4
14
9
4
10
9
10
13
27
10
4
13
11
2
45
5
8
13
2
16
6
11
7
10
19
4
12
6
5
14
12
5
58
1
2
9
6
2
9
4
11
1
12
6
7
7
16
8
13
9
16
61
2
3
8
9
4
13
8
9
4
9
9
8
13
9
6
11
10
14
50
7
5
11
11
7
16
10
11
9
13
15
6
12
2
7
10
12
10
3
42
3
5
12
11
10
15
14
12
5
17
8
11
7
10
8
13
17
17
25
35
1
4
13
10
8
9
10
12
4
8
9
3
5
8
13
16
10
6
41
7
1
12
3
7
5
9
7
10
13
12
10
46
7
3
5
5
9
4
7
14
13
12
41
4
1
10
4
4
2
7
7
17
13
6
42
4
4
5
2
2
1
6
18
13
41
4
1
2
5
17
13
48
3
4
2
2
3
1
6
17
13
4
50
1
4
5
3
3
4
1
2
8
15
12
5
40
6
1
9
7
7
8
9
7
5
2
10
14
14
9
14
39
2
3
6
10
7
14
10
11
4
12
7
8
12
12
13
18
44
1
2
8
11
8
16
11
12
9
9
16
13
2
11
6
9
10
16
14
40
4
7
9
16
12
20
18
25
12
19
23
23
19
23
7
12
15
32
45
36
6
3
11
11
19
12
24
20
1
24
15
18
23
25
20
22
6
15
17
26
45
37
2
8
9
16
9
22
16
20
7
19
21
23
25
26
6
13
12
23
47
37
5
6
8
14
6
20
13
18
10
19
23
22
20
25
6
13
10
30
39
38
6
5
8
13
4
18
11
15
9
17
18
19
5
18
7
14
12
24
33
40
4
5
4
12
3
16
10
22
7
18
19
16
9
17
8
14
12
21
32
50
4
7
11
5
18
12
20
7
19
15
18
15
22
7
12
12
30
49
52
5
2
16
12
12
22
