4800
4799
4799
4999
4800
4999
4999
4999
4800
4799
4799
4800
4799
4999
4800
4999
4800
4841
4799
4800
4799
4799
4874
4870
4793
4794
4793
4793
4999
4793
4999
4998
4999
4793
4793
4793
4794
4793
4999
4793
4992
4794
4947
4793
4794
4793
4793
4867
4863
4806
4806
4805
4805
4999
4805
4966
4826
4877
4808
4808
4805
4805
4807
4764
4805
4779
4827
4999
4809
4807
4804
4806
4861
4857
4942
4942
4941
4941
4983
4941
4830
4677
4770
4947
4948
4939
4939
4946
4521
4938
4579
4969
4994
4949
4945
4936
4943
314
4854
4851
4991
4992
4991
4991
4962
4992
4721
4356
4595
4991
4990
4992
4992
4990
4096
4992
4175
4987
4994
4990
4991
4992
4991
1134
4848
4844
4980
4980
4979
4980
4840
4980
4609
4301
4506
4980
4980
4979
4980
4980
4089
4980
4150
4985
4985
4981
4980
4978
4980
643
4841
4837
4984
4984
4983
4983
4671
4984
4443
4144
4343
4983
4983
4983
4984
4983
3936
4984
3998
4982
4979
4983
4983
4983
4983
815
4835
4831
4968
4969
4968
4968
4540
4969
4319
4015
4223
4969
4968
4968
4969
4968
3809
4969
3868
4970
4973
4968
4969
4968
4968
759
4829
4825
4968
4968
4968
4968
4394
4968
4183
3898
4094
4968
4968
4968
4968
4968
3710
4968
3764
4969
4965
4968
4968
4967
4968
692
4822
4818
4958
4958
4957
4958
4259
4958
4054
3765
3967
4958
4957
4958
4958
4958
3576
4958
3630
4958
4956
4958
4958
4957
4958
747
4816
4812
4953
4953
4952
4952
4129
4953
3932
3661
3852
4953
4953
4952
4953
4952
3487
4953
3535
4954
4888
4953
4953
4952
4952
640
4809
4805
4946
4947
4946
4946
3999
4947
3808
3536
3729
4947
4940
4946
4947
4946
3366
4947
3412
4946
4726
4946
4947
4946
4946
688
4803
4799
60
59
59
56
56
5
3
3
9
10
11
16
16
16
8
7
7
2
2
2
2
2
2
1
1
1
338
339
340
333
89
313
81
74
77
282
195
318
319
301
57
317
57
187
143
193
275
358
226
10
367
343
79
79
77
81
160
88
155
144
154
105
131
94
92
100
141
96
147
139
156
142
113
86
130
33
86
95
125
125
123
124
152
126
145
134
143
133
142
129
126
130
127
128
130
143
150
144
133
122
138
28
75
126
73
72
71
72
58
70
55
50
54
70
63
72
71
70
45
72
47
63
62
66
69
74
65
9
67
74
14
14
13
12
10
10
13
11
10
12
2
8
16
3
16
9
9
7
7
25
9
23
21
24
13
16
10
8
10
20
10
22
18
21
20
12
7
14
5
9
21
20
19
19
24
19
23
21
23
23
21
22
20
21
19
21
21
22
24
25
21
21
21
5
21
13
13
11
11
10
11
9
8
9
13
9
13
11
12
6
12
8
10
10
12
10
14
10
2
13
1
1
1
3
3
1
1
1
3
3
1
2
3
2
1
4
1
3
4
4
2
2
6
3
5
5
7
5
3
5
3
4
4
4
6
4
6
7
3
5
3
2
4
1
5
5
3
3
5
4
5
4
6
6
4
6
4
5
4
6
5
5
6
7
5
7
4
2
6
1
1
1
1
1
1
1
1
5
5
2
2
3
3
3
2
3
4
2
5
2
3
2
4
3
3
3
5
3
6
2
1
4
2
2
3
2
1
3
3
1
3
1
2
1
2
3
1
2
4
2
4
1
2
3
3
2
1
1
1
3
3
3
1
2
3
2
1
2
4
2
4
1
3
4
4
1
1
4
2
3
3
4
4
2
4
1
3
2
3
4
2
3
5
2
5
1
2
3
3
3
2
1
1
1
3
3
3
1
3
1
3
3
1
2
4
2
4
1
3
4
4
1
1
3
2
2
2
4
4
2
4
2
3
2
3
3
3
3
5
3
5
1
1
4
3
3
3
1
2
2
3
3
1
3
1
2
1
3
2
2
2
4
1
5
1
2
3
4
1
1
4
2
2
2
4
4
2
4
2
3
2
3
3
3
3
5
2
5
1
2
3
3
4
3
2
2
2
4
3
2
4
2
3
2
3
3
2
3
5
2
5
1
2
3
4
5
1
1
4
2
2
2
4
4
1
4
2
3
2
4
3
2
3
5
2
6
1
2
3
4
5
1
4
2
3
2
4
4
2
5
2
3
2
4
4
3
3
5
2
6
1
2
4
4
4
4
2
2
2
4
4
2
4
2
3
2
4
3
2
3
5
3
7
1
2
4
3
4
5
1
4
2
3
3
4
4
2
5
3
3
2
4
4
3
3
6
3
7
1
2
3
4
5
1
1
4
3
3
2
4
4
2
5
3
3
2
4
4
3
3
6
3
6
1
2
3
5
5
1
1
4
2
3
2
5
4
2
5
3
4
2
4
4
3
3
6
3
7
1
2
19
3
4
5
1
1
4
3
2
2
5
4
3
5
3
4
2
4
4
3
3
6
2
7
1
2
61
4
5
5
1
1
4
3
3
2
5
4
2
5
3
4
2
4
4
3
3
6
3
7
1
2
43
3
5
5
1
4
3
2
3
5
4
2
5
3
4
3
4
4
3
4
6
3
7
1
2
13
4
5
5
1
1
4
2
3
2
5
5
3
5
3
4
3
5
5
3
4
6
3
7
1
2
50
4
5
6
1
1
5
3
3
2
6
5
3
5
3
4
3
5
5
3
4
6
3
8
1
2
76
4
5
6
1
1
5
3
3
2
6
5
3
5
3
4
3
5
5
4
4
6
3
8
1
2
72
4
5
6
1
1
5
3
3
2
6
5
3
5
3
5
3
5
5
4
4
6
3
8
1
3
29
4
6
6
1
1
5
3
3
3
6
5
3
5
3
5
3
5
5
4
4
6
3
8
1
3
52
4
6
6
1
1
5
3
3
3
6
5
3
6
3
5
3
5
5
4
4
6
3
8
1
2
117
4
5
7
1
1
5
3
3
3
6
5
3
6
3
5
3
5
5
4
5
7
4
9
2
3
80
4
5
7
1
1
5
3
3
3
6
5
3
6
3
5
3
5
5
4
4
7
3
9
1
3
54
4
6
7
1
1
6
3
3
3
6
5
3
6
4
5
3
5
5
4
4
6
3
9
1
2
98
4
6
7
1
1
5
3
3
3
6
5
3
6
4
5
3
5
6
4
4
7
4
10
1
3
131
5
6
7
1
1
6
4
4
3
7
5
3
6
4
5
3
5
6
5
5
7
4
9
1
3
129
5
6
7
2
1
6
4
4
3
7
5
4
6
4
5
3
5
5
4
4
7
4
9
1
3
106
4
6
7
1
1
6
4
4
3
7
5
3
6
4
6
4
6
6
4
5
7
4
10
1
3
115
4
6
7
1
1
6
4
4
3
7
6
4
7
4
6
4
6
6
5
5
8
4
10
2
3
160
5
7
7
2
1
6
4
4
3
7
5
4
6
4
5
4
5
6
5
4
7
4
10
1
3
180
5
6
7
2
1
6
4
4
3
7
6
4
6
4
6
4
6
6
5
5
7
4
10
1
3
144
4
6
8
2
1
6
4
4
3
7
6
5
7
5
6
4
6
7
5
5
8
5
11
2
4
142
5
7
8
1
1
6
4
4
3
7
6
4
7
4
6
4
6
6
5
5
8
4
10
1
3
183
5
7
9
2
2
7
5
5
3
7
6
4
7
4
6
4
6
6
5
5
8
4
10
1
3
211
4
7
9
2
1
6
4
4
4
8
6
4
7
4
6
4
6
6
5
5
8
4
11
2
3
185
5
7
8
1
1
7
4
4
3
8
6
5
7
5
6
4
6
7
5
5
8
4
11
2
3
171
5
7
9
2
2
7
5
5
4
8
6
5
7
5
6
4
6
7
5
5
8
4
11
2
3
216
5
7
9
2
1
7
4
4
4
8
6
5
7
5
6
4
7
7
5
5
8
4
11
1
4
234
5
7
8
2
1
7
5
5
3
8
6
5
7
5
7
4
7
7
6
5
9
5
12
1
4
199
5
8
9
2
1
7
5
5
4
8
6
5
7
5
7
5
7
7
6
5
9
4
12
2
4
182
5
8
9
2
2
7
5
5
4
8
7
5
8
5
7
5
7
7
6
6
9
5
12
2
3
232
5
7
9
2
2
7
5
4
4
9
7
5
8
5
7
5
7
7
7
5
9
5
12
1
4
261
5
8
9
2
2
8
5
5
4
9
7
5
7
5
7
5
7
7
6
6
9
5
12
2
4
234
5
8
9
2
2
8
5
5
3
9
7
5
8
5
7
5
7
7
6
6
9
5
12
2
4
207
5
8
9
2
2
8
5
5
4
9
7
5
8
5
7
5
7
7
7
6
9
5
12
2
5
220
5
8
9
2
1
7
5
5
4
9
7
5
8
5
7
5
7
8
6
6
9
5
13
2
4
278
5
8
10
2
2
8
5
5
4
9
7
5
8
6
7
5
7
7
6
6
9
5
12
1
4
260
5
8
10
2
2
8
5
5
4
9
7
5
8
6
8
5
7
7
6
6
9
6
13
2
5
198
5
9
10
2
1
8
5
5
4
9
7
6
8
6
8
5
8
8
7
6
9
5
13
2
4
203
5
8
10
3
2
8
6
5
4
10
8
6
8
6
8
5
8
8
7
6
9
5
13
2
4
238
5
8
10
2
2
8
6
5
4
9
7
6
9
6
8
6
7
8
7
6
9
5
13
2
4
238
5
9
10
2
2
9
6
6
4
10
7
6
9
6
8
6
8
8
7
6
10
6
13
2
4
171
5
9
10
3
2
9
6
6
5
10
8
6
9
6
8
6
8
8
7
7
10
6
14
3
4
180
5
9
10
3
2
8
6
6
5
10
8
6
9
6
8
6
8
8
7
7
9
6
14
2
4
246
5
9
11
2
2
9
6
6
4
10
8
7
9
7
9
6
8
8
7
7
10
6
14
2
5
249
5
9
11
2
2
9
6
6
4
10
8
6
9
6
9
6
8
8
7
6
10
6
14
3
5
204
6
9
11
3
2
9
7
6
5
10
8
6
9
6
8
6
8
8
7
6
10
6
14
2
4
188
5
9
11
3
2
9
6
6
5
10
8
7
9
6
8
6
8
8
8
7
10
6
14
2
4
220
5
9
11
3
2
9
7
5
5
11
8
7
9
7
9
6
9
9
8
7
10
7
14
2
5
205
6
9
11
3
2
9
7
6
5
11
8
7
9
7
9
6
8
9
8
7
10
6
14
2
5
145
5
10
11
3
2
9
7
6
5
11
8
7
9
7
9
6
9
9
7
7
10
6
14
2
5
104
5
10
11
3
2
9
6
6
5
11
8
7
9
7
9
7
10
9
8
7
10
6
14
3
5
125
6
10
12
3
2
10
7
6
5
10
8
7
10
6
9
7
9
9
8
7
10
6
15
3
5
145
6
10
12
3
2
10
7
6
5
11
8
7
10
7
9
7
9
9
8
7
10
6
15
2
5
97
5
10
11
2
2
9
7
6
5
11
8
7
9
7
9
7
9
9
8
7
11
6
15
3
5
90
6
10
12
3
2
10
7
6
5
11
9
7
9
7
9
7
9
9
8
7
11
7
15
3
5
136
6
10
12
3
2
10
7
7
5
11
9
7
10
7
9
7
9
9
8
7
10
6
15
2
5
182
6
10
12
3
2
10
8
7
5
11
9
7
10
7
10
7
9
9
8
7
11
7
15
3
5
172
6
10
12
3
2
10
7
7
5
11
9
7
10
7
10
7
10
10
9
7
11
7
15
3
5
123
6
10
12
3
2
10
7
7
5
12
9
7
10
7
9
7
9
9
8
7
11
6
15
3
5
136
5
11
12
3
2
10
7
7
5
12
9
7
10
7
9
7
9
9
8
7
11
7
16
2
5
165
5
10
12
3
2
10
7
7
5
12
9
8
10
8
10
7
9
10
9
8
11
7
16
3
5
123
6
11
12
3
2
11
8
7
5
12
9
8
10
7
10
8
10
10
9
8
12
7
15
3
5
28
5
11
12
3
2
10
8
7
5
12
9
8
11
7
10
7
9
10
9
8
12
7
16
3
5
5
5
11
13
3
2
11
8
7
5
12
9
8
10
8
10
7
10
10
9
8
12
8
16
3
5
42
6
11
13
3
2
11
8
7
5
12
9
8
10
8
10
8
10
10
9
8
12
7
16
3
6
9
6
11
13
3
3
11
8
7
6
12
9
8
11
8
10
8
10
10
9
8
12
7
16
2
5
6
11
13
3
2
11
8
7
5
12
9
8
11
8
10
8
10
10
9
8
12
7
16
3
5
6
11
13
3
3
11
8
7
6
12
9
8
10
8
10
8
10
10
9
8
12
7
17
2
6
50
6
11
13
3
2
11
8
7
6
12
10
9
11
7
10
7
10
10
9
8
12
7
16
2
6
91
6
11
14
3
2
11
8
8
6
13
10
9
11
8
11
8
10
10
9
8
12
7
16
3
6
66
6
11
14
3
2
11
8
7
6
13
9
8
11
8
11
8
10
10
10
8
12
8
17
3
7
89
6
11
14
3
2
11
8
7
6
13
9
8
11
8
10
8
10
10
9
8
12
8
17
3
6
155
6
12
14
4
3
12
8
7
6
13
9
9
11
8
10
8
10
11
9
8
12
8
17
3
6
163
6
12
14
3
2
11
8
8
6
13
9
9
11
9
11
9
11
11
10
8
12
8
17
3
6
117
6
12
14
4
2
12
9
8
6
13
10
9
11
9
11
8
11
11
10
9
13
8
17
3
6
57
6
12
14
3
3
12
9
8
6
13
10
9
11
9
11
8
11
11
10
8
12
8
17
3
5
60
6
12
14
3
3
12
9
8
6
14
10
9
11
9
11
8
10
11
10
8
12
8
17
3
5
46
6
12
15
3
2
12
9
8
6
14
10
9
11
9
11
8
11
11
10
9
13
8
18
3
6
6
12
14
4
3
12
9
8
6
14
10
9
12
9
11
8
11
11
10
9
12
8
17
3
6
6
12
14
4
3
12
9
8
6
14
10
9
12
9
11
8
11
11
10
9
13
8
17
3
6
6
12
15
4
2
12
9
8
6
14
10
9
12
9
11
9
11
11
10
9
14
8
18
3
6
6
12
15
4
3
12
9
8
7
14
10
9
12
9
11
9
11
11
11
9
13
8
18
3
6
6
12
15
4
3
12
9
8
6
14
10
10
12
9
11
8
11
11
10
9
13
8
17
3
6
6
12
15
3
3
12
9
8
6
14
10
10
12
9
12
9
12
11
11
9
13
8
18
3
7
6
13
15
3
3
12
9
8
6
14
10
10
12
9
11
9
11
12
11
9
13
8
18
3
6
6
12
15
4
3
13
9
8
6
14
10
9
12
9
12
9
11
11
10
9
13
8
18
3
6
6
13
16
4
3
13
9
9
7
14
10
10
12
9
12
9
12
12
11
9
13
8
18
3
7
6
13
15
4
3
13
9
8
6
15
11
10
12
10
12
9
12
12
11
10
14
9
18
3
7
7
13
15
4
3
13
10
9
7
15
11
10
13
9
12
9
12
12
11
9
13
9
18
3
6
30
6
13
16
4
3
13
10
9
7
15
11
10
12
9
12
9
12
12
11
9
13
8
18
3
7
54
6
13
15
4
3
13
10
9
6
15
11
10
13
9
12
9
12
12
11
10
14
9
19
4
7
34
6
13
16
4
3
13
10
9
6
15
11
10
13
10
12
9
12
12
11
10
14
9
19
3
7
56
6
14
16
4
3
13
10
9
7
15
11
10
13
9
12
9
12
12
11
10
13
8
19
3
6
131
6
13
16
4
3
14
10
9
6
15
11
11
13
10
12
10
12
13
11
10
14
9
19
4
7
139
6
13
16
4
3
14
10
9
7
15
11
11
13
10
13
10
12
13
12
10
14
9
19
3
7
98
6
13
17
4
3
14
10
9
7
15
11
10
14
10
12
10
12
12
12
10
14
9
19
3
7
106
6
13
16
4
3
14
10
9
7
15
11
10
13
10
13
10
12
12
11
10
14
9
19
3
7
161
6
14
16
4
3
14
10
9
7
16
11
11
13
10
13
10
12
13
12
10
14
9
20
4
7
158
6
14
17
4
3
14
10
9
7
16
11
11
13
10
13
9
12
13
12
10
14
9
19
3
7
115
6
14
17
4
3
14
10
9
7
16
11
10
13
10
13
10
13
13
11
10
14
9
19
3
7
101
6
14
17
4
3
14
10
9
7
16
11
11
13
10
13
10
12
13
12
10
14
10
20
4
7
144
6
14
17
4
3
14
10
9
7
16
11
10
13
10
13
10
12
13
12
10
14
9
19
3
7
197
6
14
17
4
3
14
10
9
7
16
11
11
13
10
13
10
12
12
12
10
14
9
19
3
7
154
6
15
17
4
3
14
10
9
7
16
12
11
14
10
14
10
13
13
12
10
15
9
19
4
7
112
6
14
17
4
3
14
10
10
7
16
12
11
13
10
14
10
13
13
12
10
15
9
20
4
7
182
7
14
17
4
4
14
11
10
7
17
12
11
14
10
13
10
13
13
12
10
15
9
19
3
7
207
6
15
18
4
3
15
11
10
7
17
12
11
14
11
14
10
13
13
13
10
15
10
20
4
8
143
6
15
17
4
3
14
10
10
7
16
12
11
14
11
14
10
13
13
12
10
15
10
20
4
8
89
7
15
18
4
3
14
11
10
7
17
12
12
14
11
14
10
13
13
12
10
15
10
19
4
7
110
6
15
18
5
3
15
11
10
7
16
12
12
14
10
14
10
13
13
12
10
15
9
20
3
7
177
6
14
18
4
3
15
11
10
7
17
12
12
14
11
14
10
13
13
13
11
15
10
20
4
8
138
6
15
18
5
4
15
11
10
7
17
12
12
14
11
14
10
13
13
13
10
15
10
20
4
8
88
6
15
18
5
4
15
11
10
7
17
12
12
14
10
14
10
13
13
12
10
15
9
20
4
7
124
6
15
18
5
3
15
11
10
8
17
12
12
15
11
14
10
13
14
13
11
16
10
20
4
8
168
6
15
18
4
3
15
11
10
7
17
12
12
14
11
14
10
14
14
13
10
16
10
20
4
8
166
6
15
19
4
4
15
11
10
8
17
12
12
15
11
14
11
13
14
13
10
15
10
20
4
7
158
6
15
18
5
4
15
11
10
8
18
13
12
15
12
14
11
13
14
13
11
16
10
20
4
8
177
6
15
18
4
3
15
11
10
8
18
13
12
15
12
14
11
13
14
13
11
16
10
21
4
8
221
7
15
19
5
4
15
12
10
8
17
13
12
15
11
14
11
14
14
13
11
16
10
20
4
8
226
6
16
19
4
3
15
12
10
8
18
13
12
15
11
14
11
13
14
13
11
16
10
20
4
8
213
6
16
19
4
3
15
12
10
7
18
13
12
15
11
15
11
14
14
13
11
16
11
21
4
9
218
6
16
19
5
4
16
12
10
8
18
13
12
15
11
14
11
14
14
13
11
16
10
21
4
8
238
6
16
19
4
3
16
