1662
4291
4734
4992
4201
4971
4971
541
4040
4130
703
1959
4732
4834
4830
1619
1378
4244
4711
4999
4144
4968
4967
445
3935
4069
578
1622
4769
4827
4823
1821
1550
4162
4782
4999
4048
4961
4961
504
3797
3966
658
1834
4785
4821
4817
1570
1334
4111
4735
4999
3986
4953
4952
430
3693
3901
562
1583
4723
4814
4810
1640
1394
4042
4960
4999
3906
4949
4948
451
3571
3814
591
1657
4780
4808
4804
1540
1308
3985
4977
4999
3838
4940
4939
421
3465
3742
554
1561
4727
4802
4798
1487
1263
3928
4999
4999
3770
4935
4934
406
3359
3670
536
1511
4837
4795
4791
1475
1252
3869
4998
4999
3701
4927
4927
402
3253
3595
532
1502
4961
4789
4785
1385
1174
3817
4999
4999
3640
4921
4921
375
3155
3529
499
1414
4999
4783
4779
1381
1171
3749
4975
4977
3567
4906
4907
375
3056
3460
500
1415
4996
4776
4772
933
791
2399
2700
2708
2320
2839
2844
256
2067
2302
346
983
2796
3025
3028
83
209
60
18
13
202
112
75
42
87
1369
467
1036
924
356
110
70
930
8
8
764
518
293
627
1459
7
7
1432
493
1080
977
375
116
73
982
805
546
309
660
1529
1512
521
1140
1033
398
123
77
1038
853
579
328
700
1613
1585
541
1195
1074
413
128
80
1080
1
886
600
340
726
1692
2
2
1650
569
1244
1129
435
135
85
1134
932
631
358
765
1763
1724
589
1299
1169
450
139
87
1174
2
965
653
370
792
1842
2
2
1785
613
1343
1217
469
145
90
1222
1004
680
385
823
1908
1852
635
1395
1259
485
150
94
1264
1
1038
703
398
852
1979
1
1
1911
655
1438
1300
501
155
97
1305
1072
726
411
880
2044
1971
675
1483
1341
517
159
99
1346
1106
749
424
908
2109
2030
694
1526
1379
531
164
102
1384
1136
769
435
933
2171
2084
714
1567
1418
546
169
105
1423
1169
791
448
959
2231
2139
731
1608
1453
560
173
108
1458
1198
810
459
984
2291
2191
749
1646
1489
574
177
110
1494
1227
830
470
1008
2346
2242
766
1684
1523
587
181
113
1528
1255
848
481
1030
2402
2290
783
1720
1555
600
185
116
1561
1282
867
491
1052
2455
2338
799
1755
1588
612
188
118
1593
1308
884
501
1074
2506
2384
814
1789
1619
624
192
120
1623
1333
900
510
1094
2556
2428
829
1821
1648
636
195
122
1653
1358
917
520
1115
2605
2471
843
1853
1677
647
199
124
1682
1381
932
529
1134
2651
2513
858
1884
1705
658
202
126
1709
1404
948
538
1153
2696
2553
871
1913
1732
668
205
129
1736
1426
962
547
1172
2740
2593
885
1943
1759
680
210
131
1763
1448
978
556
1190
2783
2632
898
1972
1786
691
214
135
1790
1470
993
565
1208
2825
2669
912
1999
1811
701
218
137
1815
1491
1007
573
1226
2866
2705
925
2027
1836
711
222
140
1839
1511
1021
581
1242
2906
2741
937
2052
1860
722
226
143
1863
1531
1034
589
1259
2943
2774
949
2077
1882
731
229
145
1885
1549
1046
597
1275
2980
2806
960
2100
1904
739
232
148
1907
1567
1059
604
1290
3016
2838
971
2123
1925
748
235
149
1928
1584
1070
611
1304
3050
2868
982
2146
1945
757
238
152
1948
1601
1081
618
1317
3083
2897
992
2168
1965
765
241
154
1968
1617
1093
625
1331
3115
2926
1002
2189
1985
773
245
157
1987
1633
1104
632
1345
3146
2954
1013
2209
2004
782
248
159
2006
1649
1114
638
1358
3176
2980
1022
2229
2022
789
251
161
2023
1663
1124
643
1370
3206
3005
1029
2246
2038
795
252
162
2039
1677
1133
649
1381
3233
3028
1037
2263
2053
801
253
162
2054
1689
1140
653
1391
3258
3051
1044
2279
2068
807
255
163
2069
1701
1148
657
1401
3284
3073
1052
2295
2083
812
257
165
2084
1714
1157
662
1411
3309
3094
1059
2310
2097
818
258
166
2098
1725
1164
666
1420
3332
3115
1066
2326
2111
824
260
166
2112
1736
1172
670
1430
3355
3135
1072
2340
2124
829
261
168
2125
1747
1179
675
1438
3377
3154
1078
2353
2137
833
263
168
2137
1757
1185
679
1447
3399
3173
1085
2367
2149
839
265
169
2149
1766
1192
683
1455
3419
3191
1090
2379
2161
843
266
170
2161
1777
1198
686
1463
3439
3208
1096
2392
2172
847
267
171
2172
1786
1204
690
1471
3458
3224
1102
2404
2183
852
268
172
2183
1794
1210
692
1478
3476
3240
1107
2415
2193
856
270
173
2193
1803
1215
696
1485
3494
3255
1112
2426
2203
860
270
174
2203
1811
1221
699
1492
3511
3269
1116
2436
2213
864
272
174
2212
1819
1226
702
1499
3527
3284
1121
2446
2222
867
272
174
2221
1826
1231
704
1504
3543
3297
1126
2456
2231
871
274
175
2230
1833
1235
708
1511
3559
3310
1129
2465
2239
874
275
175
2238
1840
1239
710
1517
3573
3323
1133
2474
2248
878
275
176
2246
1847
1243
712
1522
3587
3334
1137
2482
2255
880
276
177
2254
1852
1248
715
1527
3600
3346
1141
2490
2263
883
277
178
2261
1858
1252
717
1532
3614
3357
1145
2498
2270
886
278
178
2268
1865
1255
719
1537
3626
3367
1148
2505
2277
889
279
178
2275
1870
1259
721
1541
3638
3377
1151
2512
2284
892
280
179
2282
1875
1263
724
1546
3649
3387
1154
2519
2290
894
280
179
2287
1880
1266
725
1550
3661
3397
1157
2525
2296
896
281
180
2293
1885
1269
727
1554
3671
3405
1160
2531
2301
899
281
180
2299
1890
1271
729
1558
3681
3414
1163
2537
2307
901
282
181
2304
1894
1275
730
1562
3690
3422
1166
2543
2312
903
283
181
2309
1898
1277
732
1565
3699
3429
1167
2548
2317
905
283
181
2314
1902
1279
733
1568
3708
3437
1170
2552
2322
906
283
182
2319
1906
1282
735
1572
3717
3443
1172
2557
2326
908
284
182
2323
1909
1284
736
1574
3724
3450
1174
2562
2330
910
284
182
2327
1913
1286
737
1577
3732
3456
1176
2566
2334
912
285
182
2331
1916
1288
739
1580
3740
3462
1178
2570
2338
914
285
183
2335
1919
1290
740
1582
3746
3468
1180
2574
2342
915
285
183
2338
1922
1292
740
1585
3753
3473
1181
2578
2345
916
286
183
2341
1924
1293
742
1587
3759
3478
1183
2581
2348
917
286
184
2344
1927
1295
743
1589
3765
3482
1184
2584
2351
919
287
184
2347
1929
1296
744
1591
3770
3487
1186
2587
2354
920
287
184
2350
1931
1298
744
1593
3775
3491
1187
2589
2357
921
287
184
2352
1933
1300
745
1595
3780
3495
1188
2592
2359
921
287
184
2355
1935
1300
745
1596
3785
3498
1189
2594
2361
923
288
184
2357
1937
1301
746
1597
3789
3502
1190
2596
2363
923
288
185
2359
1939
1302
747
1600
3793
3505
1191
2598
2365
924
288
185
2360
1940
1303
747
1600
3797
3508
1192
2601
2367
925
288
184
2362
1941
1304
747
1601
3801
3511
1192
2602
2369
925
288
185
2364
1943
1305
748
1603
3804
3513
1194
2603
2370
926
289
185
2365
1944
1306
749
1604
3807
3516
1194
2605
2372
927
289
185
2367
1945
1306
749
1605
3810
3518
1194
2606
2373
928
289
185
2368
1946
1306
749
1605
3813
3519
1195
2607
2374
928
289
185
2369
1947
1307
750
1606
3815
3521
1196
2608
2375
928
289
185
2369
1947
1308
750
1607
3817
3523
1196
2609
2376
929
289
185
2370
1948
1308
750
1607
3819
3524
1196
2610
2376
929
289
185
2371
1949
1308
750
1608
3821
3525
1197
2610
2377
929
289
185
2371
1949
1308
750
1608
3822
3526
1197
2611
2377
929
290
185
2372
1949
1308
751
1609
3824
3527
1197
2611
2378
929
289
185
2372
1950
1309
751
1609
3825
3527
1197
2611
2378
930
289
186
2372
1950
1309
751
1609
3826
3528
1197
2612
2379
930
289
185
2373
1950
1308
750
1609
3827
3528
1197
2611
2378
930
289
185
2372
1950
1308
751
1609
3827
3528
1197
2611
2378
930
289
186
2373
1950
1309
751
1609
3828
3529
1197
2611
2379
930
289
185
2372
1950
1308
750
1609
3829
3528
1197
2611
2378
930
289
185
2371
1949
1307
750
1609
3829
3528
1197
2610
2378
930
289
185
2372
1949
1308
751
1609
3829
3528
1196
2610
2378
930
289
185
2371
1949
1308
750
1608
3829
3527
1196
2609
2377
930
289
185
2370
1948
1307
750
1608
3828
3526
1196
2608
2376
929
289
185
2370
1948
1307
750
1608
3828
3526
1195
2608
2376
929
289
185
2369
1947
1306
749
1607
3827
3525
1195
2607
2375
929
289
185
2368
1946
1306
749
1607
3826
3524
1195
2606
2375
928
288
185
2368
1946
1305
749
1606
3826
3523
1194
2605
2374
928
288
185
2367
1945
1305
749
1606
3825
3522
1194
2604
2373
928
288
185
2366
1944
1304
748
1605
3824
3521
1193
2603
2372
928
288
184
2365
1944
1303
748
1605
3823
3519
1193
2602
2371
927
288
185
2364
1943
1303
748
1604
3822
3518
1192
2601
2369
927
287
184
2363
1942
1302
747
1603
3820
3517
1192
2599
2369
926
287
184
2361
1941
1301
747
1602
3819
3514
1191
2597
2368
926
287
184
2360
1939
1301
747
1601
3818
3513
1190
2596
2366
926
287
184
2359
1939
1300
746
1601
3816
3511
1190
2595
2365
925
287
184
2358
1937
1299
745
1600
3814
3509
1189
2593
2363
924
286
184
2356
1937
1298
745
1598
3812
3507
1188
2592
2362
924
287
183
2355
1936
1298
745
1598
3810
3505
1188
2590
2361
923
287
183
2353
1934
1297
744
1597
3808
3503
1187
2588
2359
923
286
183
2352
1932
1295
744
1595
3806
3501
1186
2586
2358
922
286
183
2350
1932
1295
744
1595
3805
3499
1185
2585
2356
922
286
183
2348
1930
1294
743
1593
3802
3497
1185
2583
2355
921
286
183
2347
1929
1292
742
1593
3799
3494
1183
2581
2353
920
285
183
2345
1927
1292
741
1592
3797
3491
1182
2579
2351
920
285
183
2343
1926
1291
741
1590
3795
3489
1182
2577
2349
919
285
182
2342
1924
1290
740
1589
3792
3486
1181
2575
2347
918
284
183
2340
1923
1289
740
1588
3790
3484
1180
2573
2345
918
284
182
2338
1921
1288
739
1586
3787
3481
1178
2571
2344
917
284
182
2336
1920
1286
738
1585
3784
3478
1177
2568
2342
916
284
182
2334
1918
1285
738
1584
3781
3475
1177
2566
2340
915
284
182
2332
1916
1285
738
1583
3779
3473
1176
2564
2337
915
283
182
2330
1915
1283
737
1581
3776
3470
1175
2562
2336
914
283
181
2328
1913
1282
736
1580
3772
3467
1174
2559
2334
913
283
181
2326
1912
1281
735
1579
3770
3464
1172
2557
2332
912
282
181
2324
1910
1279
735
1577
3767
3461
1172
2555
2329
912
282
181
2322
1908
1278
734
1576
3763
3458
1170
2553
2327
911
282
181
2320
1906
1277
733
1574
3760
3455
1169
2550
2325
910
282
180
2317
1904
1276
733
1573
3757
3451
1168
2548
2323
909
281
180
2315
1903
1275
732
1571
3753
3449
1167
2546
2321
908
281
180
2313
1900
1273
731
1570
3750
3445
1166
2543
2319
907
281
180
2311
1899
1273
731
1568
3747
3442
1165
2541
2316
907
281
180
2308
1897
1271
729
1566
3743
3439
1164
2538
2315
906
281
180
2306
1895
1269
729
1565
3740
3436
1162
2535
2312
904
280
180
2304
1893
1268
728
1564
3736
3432
1161
2532
2310
904
280
179
2301
1891
1267
728
1562
3733
3429
1161
2530
2307
903
280
179
2299
1889
1266
727
1560
3730
3425
1159
2527
2305
902
279
179
2297
1887
1264
726
1558
3726
3422
1158
2525
2303
901
279
179
2294
1886
1263
725
1557
3722
3419
1157
2523
2301
901
279
179
2292
1883
1261
724
1556
3719
3416
1156
2520
2298
900
278
179
2289
1881
1260
724
1554
3715
3411
1154
2517
2296
898
278
178
2287
1880
1259
724
1553
3712
3408
1153
2514
2293
897
278
178
2285
1877
1257
722
1551
3708
3404
1152
2512
2291
896
278
178
2283
1875
1256
721
1549
3703
3401
1151
2509
2288
895
277
178
2280
1873
1255
721
1547
3700
3397
1149
2505
2285
894
276
177
2277
1871
1253
720
1546
3696
3394
1148
2503
2283
894
276
177
2275
1869
1252
719
1544
3692
3390
1147
2501
2281
893
276
177
2272
1867
1250
718
1542
3688
3386
1145
2498
2278
892
276
177
2270
1865
1249
717
1541
3685
3383
1145
2496
2276
891
276
177
2267
1863
1247
717
1539
3681
3379
1143
2492
2273
890
276
176
2265
1861
1246
716
1537
3677
3375
1141
2489
2270
888
275
176
2262
1859
1245
715
1535
3673
3372
1140
2487
2268
888
274
176
2260
1856
1243
714
1534
3669
3368
1139
2484
2265
887
274
176
2257
1855
1242
713
1532
3665
3364
1138
2481
2263
886
274
176
2254
1853
1241
713
1530
3661
3360
1136
2478
2260
885
273
176
2252
1850
1239
712
1529
3657
3356
1135
2475
2258
883
273
175
2249
1849
1237
710
1527
3653
3352
1133
2472
2255
883
273
175
2247
1846
1236
710
1525
3649
3349
1132
2470
2252
882
273
175
2244
1844
1235
709
1524
3645
3345
1131
2467
2250
881
272
174
2241
1842
1233
708
1521
3640
3341
1130
2464
2247
880
272
174
2239
1840
1232
707
1520
3637
3337
1129
2461
2244
878
272
174
2236
1837
1231
707
1518
3633
3333
1127
2458
2242
878
272
174
2233
1835
1230
706
1517
3628
3330
1126
2455
2240
876
271
174
2231
1833
1228
705
1515
3624
3325
1124
2452
2237
876
271
174
2228
1831
1226
704
1513
3620
3321
1123
2449
2234
874
271
173
2225
1829
1225
703
1511
3616
3317
1122
2446
2231
873
270
173
2223
1827
1223
702
1509
3611
3313
1120
2444
2229
872
270
173
2220
1825
1221
702
1508
3607
3310
1119
2440
2226
871
269
173
2217
1822
1220
701
1506
3603
3306
1118
2437
2223
870
269
172
2215
1820
1219
700
1503
3598
3302
1116
2435
2221
869
269
172
2212
1818
1217
699
1502
3594
3298
1115
2431
2218
868
268
172
2209
1816
1216
698
1500
3590
3294
1114
2428
2215
867
268
172
2207
1814
1214
697
1498
3585
3290
1112
2426
2213
866
268
172
2204
1811
1213
697
1496
3582
3286
1111
2422
2210
865
267
171
2201
1809
1211
696
1495
3577
3282
1109
2419
2207
864
267
171
2199
1807
1210
695
1493
3573
3278
1108
2417
2205
863
267
171
2196
1805
1208
694
1491
3569
3274
1107
2413
2202
862
267
171
2193
1803
1206
693
1489
3565
3270
1106
2410
2199
861
266
171
2191
1800
1206
693
1488
3561
3266
1104
2408
2197
860
266
170
2188
1798
1204
691
1485
3556
3262
1103
2405
2194
859
266
170
2185
1795
1202
691
1484
3551
3258
1101
2401
2191
858
265
170
2182
1794
1201
690
1482
3547
3254
1100
2398
2188
857
265
170
2180
1791
1199
689
1480
3543
3250
1098
2395
2186
856
265
169
2177
1789
1198
688
1478
3538
3246
1097
2393
2183
855
264
169
2174
1787
1196
687
1476
3534
3290
1112
2426
2213
866
268
172
2204
1811
1213
697
1496
3582
3286
1111
2422
2210
865
267
171
2201
1809
1211
696
1495
3577
3282
1109
2419
2207
864
267
171
2199
1807
1210
695
1493
3573
3278
1108
2417
2205
863
267
171
2196
1805
1208
694
1491
3569
3274
1107
2413
2202
862
267
171
2193
1803
1206
693
1489
3565
3270
1106
2410
2199
861
266
171
2191
1800
1206
693
1488
3561
3266
1104
2408
2197
860
266
170
2188
1798
1204
691
1485
3556
3262
1103
2405
2194
859
266
170
2185
1795
1202
691
1484
3551
3258
1101
2401
2191
858
265
170
2182
1794
1201
690
1482
3547
3254
1100
2398
2188
857
265
170
2180
1791
1199
689
1480
3543
3250
1098
2395
2186
856
265
169
2177
1789
1198
688
1478
3538
3246
1097
2393
2183
855
264
169
2174
1787
1196
687
1476
3534
3197
1085
2358
2151
846
265
172
2144
1762
1181
681
1457
3480
3192
1083
2354
2149
845
265
172
2141
1760
1181
680
1455
3475
3188
1082
2352
2146
844
265
171
2138
1758
1179
679
1454
3471
3184
1080
2349
2143
843
265
172
2135
1755
1178
678
1452
3466
3173
1079
2346
2140
842
264
171
2133
1754
1176
678
1450
3462
2142
773
1682
1536
606
191
124
1539
1271
855
493
1057
2344
39
33
44
45
337
326
7
58
34
9
22
349
344
63
54
75
89
86
90
19
154
106
27
73
119
93
191
88
197
180
72
24
15
180
149
101
59
126
193
62
53
72
83
124
125
17
135
91
23
61
146
123
101
42
96
87
35
12
7
85
70
47
27
59
101
24
20
27
31
72
72
6
49
31
9
22
75
73
3197
1085
2358
2151
846
265
172
2144
1762
1181
681
1457
3480
3192
1083
2354
2149
845
265
172
2141
1760
1181
680
1455
3475
3188
1082
2352
2146
844
265
171
2138
1758
1179
679
1454
3471
3184
1080
2349
2143
843
265
172
2135
1755
1178
678
1452
3466
3173
1079
2346
2140
842
264
171
2133
1754
1176
678
1450
3462
2142
773
1682
1536
606
191
124
1539
1271
855
493
1057
2344
39
33
44
45
337
326
7
58
34
9
22
349
344
63
54
75
89
86
90
19
154
106
27
73
119
93
191
88
197
180
72
24
15
180
149
101
59
126
193
62
53
72
83
124
125
17
135
91
23
61
146
123
101
42
96
87
35
12
7
85
70
47
27
59
101
24
20
27
31
72
72
6
49
31
9
22
75
73
1
1
2
1
3
3
3
3
1
2
1
2
2
4
1
4
16
2
2
1
1
1
2
2
2
3
3
1
2
1
1
2
2
1
22
2
2
2
2
1
1
3
3
1
1
1
1
1
1
1
2
2
2
2
2
2
1
1
3
3
2
1
1
2
1
1
1
2
2
3
2
2
1
3
3
1
1
1
1
3
3
2
2
2
1
2
1
1
2
2
1
1
10
1
2
3
1
3
2
1
4
3
2
1
1
2
1
1
1
2
1
3
1
2
7
3
3
1
1
1
3
3
2
3
3
1
2
1
2
3
2
1
1
1
2
3
1
2
1
1
4
3
2
1
2
2
1
1
2
2
2
3
2
1
3
2
3
1
2
1
1
3
3
2
1
2
3
1
1
2
2
1
3
2
1
27
3
3
1
2
2
1
4
3
2
1
2
2
1
1
2
2
2
3
2
1
31
3
3
1
3
2
1
4
3
2
1
2
3
2
1
3
2
2
4
3
1
2
1
3
3
1
1
2
1
1
4
3
2
1
2
3
2
1
2
2
2
3
3
1
1
3
3
1
1
3
2
1
4
3
2
1
2
3
1
1
2
2
2
4
2
2
3
4
1
3
2
1
4
3
2
2
3
3
2
1
3
2
2
4
1
2
1
2
34
1
3
4
1
2
2
1
5
3
3
2
3
3
2
1
3
3
3
4
2
1
2
1
3
4
1
1
3
2
1
4
4
3
2
2
3
2
1
3
2
2
4
2
2
3
4
1
3
2
1
5
3
3
2
3
3
2
1
3
2
2
4
1
2
1
2
15
1
3
4
2
3
2
1
4
4
3
2
3
3
2
1
3
3
2
4
1
2
1
3
49
1
4
5
2
3
2
1
5
3
3
2
3
3
2
1
3
3
2
4
3
1
2
33
1
3
5
1
2
3
3
2
5
4
3
2
3
3
2
2
3
3
2
4
1
2
1
2
1
4
5
2
3
2
2
5
4
3
2
3
3
3
2
3
3
3
4
1
3
1
3
19
1
4
4
1
2
3
2
2
5
4
3
2
3
4
3
2
3
3
3
4
3
1
2
44
1
4
5
1
2
3
3
2
5
4
3
2
3
4
2
2
3
3
2
5
1
2
2
20
1
4
5
1
2
3
2
2
5
4
3
2
3
4
3
2
4
3
3
5
1
3
1
2
1
3
3
1
1
3
2
1
4
3
2
1
2
3
1
1
2
2
2
4
2
2
3
4
1
3
2
1
4
3
2
2
3
3
2
1
3
2
2
4
1
2
1
2
34
1
3
4
1
2
2
1
5
3
3
2
3
3
2
1
3
3
3
4
2
1
2
1
3
4
1
1
3
2
1
4
4
3
2
2
3
2
1
3
2
2
4
2
2
3
4
1
3
2
1
5
3
3
2
3
3
2
1
3
2
2
4
1
2
1
2
15
1
3
4
2
3
2
1
4
4
3
2
3
3
2
1
3
3
2
4
1
2
1
3
49
1
4
5
2
3
2
1
5
3
3
2
3
3
2
1
3
3
2
4
3
1
2
33
1
3
5
1
2
3
3
2
5
4
3
2
3
3
2
2
3
3
2
4
1
2
1
2
1
4
5
2
3
2
2
5
4
3
2
3
3
3
2
3
3
3
4
1
3
1
3
19
1
4
4
1
2
3
2
2
5
4
3
2
3
4
3
2
3
3
3
4
3
1
2
44
1
4
5
1
2
3
3
2
5
4
3
2
3
4
2
2
3
3
2
5
1
2
2
20
1
4
5
1
2
3
2
2
5
4
3
2
3
4
3
2
4
3
3
5
1
3
1
2
1
5
7
1
3
4
3
3
7
5
4
3
4
5
3
3
5
4
4
6
2
4
1
3
29
1
6
7
1
4
5
3
2
7
5
5
4
5
6
4
3
5
5
4
6
2
4
1
3
51
1
5
7
1
4
5
3
3
7
5
5
4
5
5
3
3
5
5
3
6
2
3
1
3
89
1
6
7
1
4
4
3
3
7
6
5
4
5
5
4
3
5
5
4
6
2
3
1
3
44
1
5
7
1
4
5
4
3
8
6
5
4
5
6
4
3
6
5
4
6
3
4
2
4
1
6
7
1
5
5
4
3
8
6
5
4
5
