19
9
11
1
9
1
4
5
8
21
4
7
6
5
3
3
33
10
28
8
16
10
10
2
9
2
3
4
8
17
4
5
3
7
3
2
31
6
11
18
13
10
10
2
8
2
2
5
10
18
5
4
3
9
2
2
26
13
15
16
11
11
2
9
2
2
4
10
20
6
5
3
10
3
2
31
12
14
15
13
12
2
7
1
1
3
7
18
4
5
3
9
4
2
29
10
8
18
12
13
9
2
5
1
4
3
15
4
4
4
11
3
2
26
10
9
14
15
9
5
8
2
1
2
5
17
5
4
2
11
4
1
35
7
19
16
14
11
6
8
4
3
3
11
17
8
5
3
1
6
3
2
29
10
12
19
18
7
10
3
8
3
3
1
6
11
18
6
5
5
9
3
3
31
11
3
19
22
17
13
5
8
3
2
4
10
20
5
7
6
13
4
2
40
10
13
23
14
14
2
9
2
3
5
10
20
5
9
9
1
8
3
2
37
8
10
15
7
10
1
9
1
2
1
4
6
17
2
7
7
5
2
1
34
5
42
1
9
6
9
11
5
4
6
23
13
16
7
7
5
5
7
9
2
2
3
6
23
9
6
13
6
6
3
5
1
8
1
2
7
22
9
13
2
4
2
4
7
4
6
21
9
1
4
6
4
2
4
2
7
3
5
6
22
30
14
8
7
7
3
6
5
10
4
2
3
5
7
30
2
40
10
13
9
9
1
7
2
11
2
3
4
8
7
29
5
15
9
9
13
5
1
5
4
8
4
6
5
23
8
12
5
8
5
2
5
4
10
1
1
5
6
25
5
1
6
10
8
7
1
6
2
12
2
7
7
28
1
13
13
15
6
4
5
10
2
1
7
7
27
6
7
9
13
9
8
1
2
4
11
3
1
1
6
7
27
9
4
14
7
3
3
2
1
3
5
2
5
6
25
6
1
15
5
11
2
3
1
4
3
4
8
16
7
2
9
4
9
5
3
1
4
4
1
9
9
17
6
5
7
5
6
4
1
2
7
9
22
1
22
8
8
7
3
2
2
2
7
18
19
12
13
14
1
4
3
5
8
21
24
7
9
12
5
2
5
7
6
10
18
13
8
8
6
4
2
6
8
9
20
3
1
4
11
15
1
2
2
4
5
7
23
2
2
9
7
12
1
1
1
5
5
7
16
2
1
9
12
7
5
2
2
2
4
7
1
6
7
23
6
14
17
8
8
5
3
4
7
7
2
1
1
5
7
27
8
6
20
12
13
7
3
5
7
9
3
2
1
2
9
7
26
12
12
19
10
16
9
3
8
8
13
4
5
5
2
11
8
27
15
20
14
9
10
10
3
9
1
1
6
14
3
8
9
1
15
8
32
6
16
11
17
8
10
3
8
5
12
3
5
5
2
10
8
31
3
7
13
14
9
12
3
8
6
12
2
5
2
10
8
28
9
13
14
13
13
1
9
2
6
18
2
9
7
12
9
38
4
19
7
12
23
14
13
1
11
3
5
9
23
5
12
10
6
3
8
9
38
8
23
13
20
11
18
1
12
4
6
8
24
5
15
13
5
5
12
8
33
6
11
11
18
12
18
13
3
4
7
23
5
13
10
8
2
13
8
38
8
12
11
13
16
16
15
3
7
23
3
14
9
3
1
13
10
34
11
4
19
16
15
15
19
14
3
1
7
25
2
14
9
2
12
10
30
4
22
11
16
26
13
15
3
11
9
23
4
10
6
3
11
9
35
10
31
14
19
12
15
4
9
10
20
5
9
4
5
13
9
37
12
5
19
15
11
14
3
9
10
18
6
9
6
6
12
9
29
10
13
12
14
11
14
3
10
6
17
5
10
7
4
13
10
29
3
9
13
18
14
15
1
11
7
18
4
10
7
2
9
10
32
3
6
12
16
12
14
1
12
1
4
18
3
9
5
3
6
10
28
4
3
12
11
6
12
12
1
1
16
1
8
5
3
10
8
26
9
4
14
14
10
12
10
1
3
16
1
9
6
1
8
8
27
10
8
10
12
12
10
3
15
1
7
6
8
8
25
2
52
9
10
12
11
1
9
4
15
5
9
7
8
8
7
22
58
13
5
12
1
8
2
3
2
14
4
9
8
8
8
6
34
1
13
3
12
10
12
9
2
3
5
18
4
9
9
6
1
10
6
35
10
16
13
14
10
10
2
9
1
1
4
19
4
10
9
9
1
8
7
27
4
10
8
16
3
11
10
1
1
3
19
4
11
10
9
3
7
6
36
12
18
3
14
12
2
1
3
19
5
12
9
7
2
2
5
33
1
6
15
13
12
4
5
1
17
2
11
11
3
3
1
5
31
1
12
6
11
12
5
5
4
19
3
13
13
8
4
4
6
34
13
7
11
11
3
1
5
19
6
12
9
12
3
3
5
29
1
10
7
7
11
11
5
4
7
18
9
13
12
14
6
3
4
31
5
16
3
10
11
1
4
3
6
8
18
9
12
12
15
5
4
4
1
33
5
9
15
3
13
10
2
3
5
24
8
13
9
10
6
8
6
35
18
14
21
6
15
1
11
3
4
7
23
9
14
12
13
7
7
7
1
36
7
65
17
15
8
13
3
11
1
3
1
5
10
19
10
13
11
16
5
7
5
36
14
84
4
13
23
12
16
3
11
1
4
1
5
10
24
10
14
11
15
5
9
6
40
6
60
7
4
19
10
15
2
11
4
3
11
22
9
14
11
15
5
10
7
36
3
2
16
6
14
1
10
3
2
8
20
7
13
10
15
6
9
7
41
2
15
13
6
12
1
10
4
3
3
17
5
12
11
9
5
4
6
34
4
5
11
13
9
11
1
12
4
2
1
18
2
13
12
3
6
5
6
28
7
36
1
8
12
7
14
11
1
1
3
18
5
11
8
10
3
3
7
33
3
33
15
14
9
17
1
10
1
2
6
22
5
12
9
10
3
8
8
37
5
20
12
18
7
16
1
12
2
2
6
24
5
15
12
7
6
9
7
36
6
7
20
14
11
2
3
2
23
5
14
11
10
5
6
6
33
4
9
17
5
15
10
2
4
4
24
3
13
11
7
5
10
6
34
3
3
7
16
8
10
2
9
3
3
5
23
4
13
11
9
3
7
5
34
4
1
14
4
13
8
3
3
20
12
10
7
1
3
5
36
7
12
7
16
10
3
1
19
11
9
7
1
6
5
33
13
6
14
12
12
10
2
1
18
3
12
8
12
2
5
6
27
11
4
14
11
13
11
3
1
2
18
2
13
10
7
4
6
7
31
1
2
11
11
13
12
4
3
3
21
2
13
11
6
4
8
7
36
3
11
10
11
14
12
4
4
6
21
3
15
13
8
6
7
8
35
5
8
15
3
14
1
12
3
2
5
19
3
12
11
7
3
6
7
32
2
4
8
10
5
13
3
12
2
5
19
3
11
8
6
1
3
8
26
2
1
9
12
9
15
1
12
1
6
19
3
11
7
5
1
6
8
27
5
18
4
13
7
14
11
3
18
1
9
5
6
7
8
22
1
15
11
8
4
12
2
10
1
15
1
9
6
3
2
8
25
1
5
12
6
12
9
16
2
8
4
4
4
7
28
3
4
11
7
12
7
3
17
2
7
3
7
4
6
23
9
7
5
8
1
5
3
11
4
5
3
11
1
6
29
1
52
10
8
8
9
1
5
4
12
6
5
3
15
6
24
4
134
7
5
12
7
2
7
4
12
8
4
3
17
1
6
26
2
234
5
13
9
10
1
8
1
5
14
9
5
4
19
2
5
25
299
3
10
3
9
1
9
1
4
15
6
6
3
16
2
5
20
306
7
1
6
8
2
14
4
6
5
12
2
4
23
1
166
6
11
6
11
8
3
1
16
3
9
8
10
2
5
23
6
3
6
2
8
8
3
15
8
8
4
5
26
14
6
2
7
8
2
13
7
7
4
3
18
5
4
6
7
7
2
11
6
5
7
4
12
3
4
4
6
6
10
4
2
6
1
6
20
7
8
7
9
8
10
5
2
1
6
22
7
3
9
8
1
11
6
5
5
4
16
11
5
2
7
7
2
11
7
6
4
3
20
3
6
4
4
7
5
1
9
5
5
8
4
17
4
17
1
4
3
7
1
8
4
15
3
1
6
4
13
1
1
1
1
3
5
5
14
8
4
3
3
7
5
15
5
1
6
4
8
5
11
5
2
5
22
12
2
8
2
7
5
10
4
2
4
5
16
13
7
8
5
13
5
1
4
16
19
9
5
7
6
3
10
1
4
5
3
21
17
2
3
9
1
1
4
9
2
3
7
5
25
11
2
2
1
3
9
1
4
1
5
4
22
27
1
2
5
4
1
1
1
10
1
4
5
2
26
13
5
6
1
1
1
2
12
3
5
2
8
1
24
2
9
5
1
3
2
3
12
4
5
3
8
2
19
2
6
3
2
3
2
1
12
2
5
3
6
24
3
1
2
3
10
5
3
7
21
12
6
1
3
8
3
1
4
1
18
18
1
5
6
1
16
22
2
5
5
2
19
18
2
2
3
1
2
20
22
2
2
3
13
24
4
3
3
16
3
21
1
3
6
1
3
22
8
2
8
2
1
3
1
21
5
1
1
10
3
4
9
23
14
5
1
2
7
25
22
4
7
22
21
7
1
1
21
5
17
3
6
1
19
2
28
4
7
2
19
29
2
6
3
1
21
31
12
3
6
1
1
16
41
4
8
1
3
22
28
5
4
10
3
1
5
32
17
5
3
5
3
1
14
2
8
5
8
26
34
4
1
3
5
4
2
13
3
8
7
10
1
31
61
2
2
4
5
4
2
13
8
7
6
28
78
6
2
4
6
4
1
14
9
6
2
1
28
95
2
1
6
5
3
12
8
5
3
27
56
3
4
2
1
13
6
3
5
27
25
5
2
2
1
12
1
5
3
6
27
53
15
1
4
4
3
1
13
6
6
5
26
41
1
6
1
3
5
3
1
16
8
7
1
27
34
8
1
3
2
10
5
5
2
25
73
6
1
1
1
1
11
5
3
6
26
70
3
1
1
11
3
5
22
87
3
9
3
2
21
52
4
1
2
10
3
1
25
17
1
7
2
3
28
27
15
2
4
9
3
1
7
28
94
16
6
1
9
4
1
8
27
65
18
1
8
2
2
2
4
26
26
19
4
3
7
2
2
2
2
27
1
61
14
1
7
2
3
3
3
27
101
9
8
2
2
2
5
27
86
3
1
7
1
1
1
5
24
86
5
7
1
5
21
99
3
6
3
22
102
5
6
2
6
25
80
18
1
1
2
6
4
10
20
69
21
1
1
2
4
4
10
26
64
28
1
3
3
2
10
27
61
25
2
1
1
7
19
43
22
9
1
1
3
22
29
16
14
1
2
1
4
19
15
21
12
4
1
5
16
28
10
4
3
13
8
17
4
7
18
3
23
1
4
1
6
20
4
22
3
8
18
4
18
3
9
20
1
12
2
5
2
6
18
1
6
1
5
5
19
1
1
7
3
5
9
19
2
6
3
5
10
18
6
1
5
7
2
4
11
24
1
1
2
3
1
9
2
1
3
13
28
1
3
5
8
2
3
5
12
29
2
1
2
5
2
10
3
5
8
14
35
2
1
1
2
1
3
3
11
5
7
9
14
1
34
6
5
2
1
1
4
3
9
5
6
9
14
2
28
3
3
2
3
1
2
4
3
9
3
5
8
12
1
28
5
4
4
4
1
3
1
9
2
5
8
11
27
2
5
7
3
3
12
3
7
9
13
27
15
1
4
7
4
3
10
1
8
11
9
26
3
2
6
4
3
7
7
12
8
21
15
2
3
4
1
4
7
1
6
10
14
22
24
2
2
3
5
1
4
9
13
21
22
1
2
2
4
1
4
9
11
22
20
2
1
3
5
1
4
10
10
20
18
1
1
3
1
4
8
1
7
11
12
22
16
2
3
3
4
1
4
11
1
10
12
12
4
32
4
6
2
5
5
4
3
2
1
13
2
11
11
11
3
28
1
2
5
3
1
1
13
2
7
8
14
28
5
4
12
6
6
11
32
3
4
9
5
4
4
25
1
4
7
4
3
10
1
8
11
9
26
3
2
6
4
3
7
7
12
8
21
15
2
3
4
1
4
7
1
6
10
14
22
24
2
2
3
5
1
4
9
13
21
22
1
2
2
4
1
4
9
11
22
20
2
1
3
5
1
4
10
10
20
18
1
1
3
1
4
8
1
7
11
12
22
16
2
3
3
4
1
4
11
1
10
12
12
4
32
4
6
2
5
5
4
3
2
1
13
2
11
11
11
3
28
1
2
5
3
1
1
13
2
7
8
14
28
5
4
12
6
6
11
32
3
4
9
5
4
4
25
3
7
22
30
1
8
26
13
1
3
7
21
12
1
1
4
1
8
21
4
3
1
2
1
3
3
6
22
2
1
1
4
2
2
10
20
18
5
13
16
10
9
16
10
1
6
18
7
9
6
18
1
9
16
15
1
9
19
12
1
9
17
1
1
10
14
7
1
2
1
7
22
3
4
6
5
3
10
21
29
2
1
6
7
4
11
26
26
3
6
6
4
10
24
37
3
5
4
3
10
20
20
11
3
5
1
9
19
13
5
9
1
3
4
10
23
1
7
1
2
3
11
25
2
6
2
11
18
1
1
5
2
13
20
1
6
2
14
21
7
2
7
2
2
1
11
24
6
2
2
7
1
3
2
11
27
1
7
2
2
10
26
5
1
1
3
17
2
2
22
2
1
2
2
7
20
6
17
2
6
23
1
10
18
1
2
15
22
28
3
1
4
3
2
18
21
39
1
6
2
14
21
7
2
7
2
2
1
11
24
6
2
2
7
1
3
2
11
27
1
7
2
2
10
26
5
1
1
3
17
2
2
22
2
1
2
2
7
20
6
17
2
6
23
1
10
18
1
2
15
22
28
3
1
4
3
2
18
21
39
8
5
2
1
7
4
4
1
1
18
24
5
40
2
4
3
7
4
6
2
1
3
19
29
47
5
6
3
8
7
6
3
4
17
27
1
34
1
3
3
4
8
3
3
6
13
22
22
1
3
5
1
1
3
14
22
10
3
2
4
13
32
6
2
1
1
16
25
1
1
7
3
2
18
28
32
6
1
14
24
11
1
2
5
3
16
21
6
1
15
32
1
5
6
10
26
2
10
9
22
1
9
9
17
10
10
13
12
8
8
21
6
1
1
7
21
2
10
17
8
6
6
21
14
1
4
15
14
11
20
12
27
7
12
25
7
14
4
22
2
3
1
1
5
15
34
1
8
4
2
5
24
25
28
1
1
7
3
1
6
19
26
34
7
2
1
6
21
35
28
2
7
16
41
25
6
13
37
30
4
4
16
4
34
1
3
5
16
34
3
2
3
21
25
7
13
19
10
10
21
18
5
14
23
24
6
10
19
27
4
6
1
1
4
4
2
2
1
9
21
17
34
1
1
2
1
3
5
1
3
3
11
24
18
30
2
2
1
2
2
2
10
21
6
24
7
6
12
26
1
5
5
24
3
5
22
5
3
27
2
5
25
3
5
6
23
2
12
4
24
7
12
14
23
6
10
19
27
4
6
1
1
4
4
2
2
1
9
21
17
34
1
1
2
1
3
5
1
3
3
11
24
18
30
2
2
1
2
2
2
10
21
6
24
7
6
12
26
1
5
5
24
3
5
22
5
3
27
2
5
25
3
5
6
23
2
12
4
24
7
12
14
23
6
15
21
8
11
16
1
11
11
21
1
3
11
15
23
6
1
5
15
17
21
8
6
8
21
16
60
2
5
3
7
16
19
126
2
4
5
3
7
16
21
244
7
7
2
10
1
23
12
325
1
8
4
11
2
25
10
350
1
8
3
11
1
26
22
320
7
1
8
23
15
177
26
1
2
11
14
56
2
11
15
55
3
16
10
40
1
10
17
35
1
1
9
14
21
2
4
2
5
17
15
16
6
7
5
3
5
15
18
8
5
10
4
2
4
13
13
17
1
2
1
9
1
7
17
16
52
1
1
7
2
7
18
20
26
3
3
2
1
6
4
7
20
18
32
6
6
3
8
1
8
19
17
1
28
4
6
2
3
1
7
1
7
1
16
12
21
12
7
2
9
4
9
16
15
32
4
6
5
10
5
11
1
18
18
25
6
1
7
6
12
4
12
1
20
16
1
15
7
4
3
8
9
21
13
22
5
2
1
7
4
8
2
19
18
14
11
7
3
10
10
11
5
20
21
3
10
5
4
3
2
8
9
10
7
1
18
4
16
5
11
3
6
2
2
1
4
7
7
7
1
16
17
13
6
1
1
1
6
8
5
6
1
13
19
31
4
4
4
1
8
9
7
5
14
17
45
7
1
8
7
6
4
17
16
43
3
2
7
7
5
7
3
17
16
47
5
7
9
7
8
2
19
17
33
3
5
1
7
7
8
6
1
20
15
35
7
5
7
5
1
21
16
16
1
5
5
5
3
17
14
1
4
2
5
1
16
9
1
3
5
19
9
7
3
1
2
6
3
7
19
10
21
1
2
5
3
8
3
2
2
21
17
27
1
1
4
7
9
5
1
2
24
17
63
9
5
5
1
8
6
8
4
1
22
12
73
2
1
6
2
6
1
20
12
63
4
1
4
5
6
2
19
12
62
9
8
3
10
3
27
10
45
18
2
1
8
4
10
2
1
25
12
28
25
3
4
10
5
10
3
1
2
26
13
55
25
4
2
1
2
10
4
13
6
1
27
12
1
104
21
7
2
1
1
8
4
11
4
27
11
124
19
2
1
1
6
2
11
5
31
17
120
18
11
2
3
1
7
2
9
1
23
18
115
16
11
4
2
7
7
4
5
3
2
17
11
129
19
11
1
1
2
3
3
18
9
69
29
7
1
1
3
2
15
8
36
2
2
2
4
4
17
10
58
28
2
7
3
6
6
20
16
134
15
5
7
5
6
4
18
17
127
13
5
5
6
5
4
23
12
120
16
8
5
5
6
6
5
22
12
126
9
3
1
6
3
5
3
4
19
10
135
5
4
5
4
4
21
16
140
2
5
7
7
5
3
22
12
114
6
1
1
1
9
9
9
6
1
4
27
13
56
2
3
2
8
7
8
5
5
23
22
105
3
7
5
7
4
3
24
12
141
5
1
3
9
3
7
3
1
3
24
4
140
2
9
4
8
3
1
3
24
11
2
160
2
3
1
1
1
1
10
8
9
5
3
26
12
2
127
9
1
4
1
8
6
8
3
1
22
11
130
1
3
6
6
22
8
123
4
8
6
6
18
94
2
8
8
1
24
10
107
2
2
10
1
7
