9
17
11
33
7
8
1
25
54
3
6
1
6
1
14
6
18
12
19
7
13
18
5
9
6
30
7
5
20
1
5
4
14
5
3
34
9
21
14
13
13
30
9
3
9
6
1
4
14
5
4
17
12
7
18
2
13
34
7
8
55
3
25
3
9
2
3
14
5
27
10
16
15
13
19
12
32
2
6
6
8
3
12
3
10
13
9
16
22
12
1
30
5
5
30
1
3
3
12
3
4
25
8
11
24
3
12
29
3
2
11
2
2
12
1
1
13
61
17
15
16
6
9
5
31
11
7
2
66
2
19
4
8
9
6
16
6
12
20
56
16
17
11
12
8
11
33
15
8
3
33
6
15
33
7
12
5
8
17
7
5
17
25
10
16
21
13
10
4
29
5
1
1
5
14
2
5
18
10
15
19
7
11
9
30
8
4
16
11
3
2
5
14
4
8
26
12
13
19
7
13
6
31
8
3
23
10
5
4
14
2
9
10
21
15
11
23
12
3
31
12
7
1
9
25
7
6
8
10
16
8
2
12
2
10
7
46
41
55
18
15
27
14
29
6
1
3
15
3
2
4
14
2
10
9
38
50
41
12
21
27
13
12
3
24
14
6
10
8
7
56
61
17
22
19
17
8
12
28
11
3
9
10
9
5
8
8
14
4
7
11
60
68
23
19
19
18
9
8
30
11
7
27
14
6
5
9
4
7
14
2
25
83
47
57
21
21
19
6
10
3
31
8
5
40
59
28
9
6
6
13
1
18
13
68
54
37
17
20
25
13
5
29
7
11
58
24
20
3
4
10
1
2
19
62
55
14
14
24
2
13
1
28
5
2
4
1
7
5
4
11
1
9
49
79
17
14
20
5
12
2
30
10
5
19
7
3
6
4
9
5
12
2
18
5
30
38
73
23
23
19
11
9
8
29
10
3
38
4
6
4
3
8
2
8
13
2
5
21
58
38
58
16
22
19
20
9
18
28
13
1
12
7
2
5
1
9
14
4
13
11
19
49
63
13
17
24
22
10
22
25
14
4
1
7
13
3
3
6
33
44
90
19
17
18
9
11
9
31
14
7
1
30
21
10
7
8
9
2
5
14
5
1
17
54
35
95
22
19
19
12
32
10
8
3
37
34
21
25
10
9
9
7
6
12
3
12
23
36
64
18
20
25
9
10
6
27
9
1
16
32
15
3
2
3
7
11
1
8
13
36
64
13
20
23
13
11
10
28
10
2
14
22
16
3
1
2
3
5
12
3
4
16
8
18
88
14
19
19
29
11
12
30
12
4
23
23
6
5
3
3
2
8
13
3
15
116
17
83
20
21
19
17
11
11
31
15
5
10
14
12
6
7
5
10
7
13
3
18
37
35
53
18
17
25
4
12
10
28
11
1
6
13
4
1
3
11
2
14
24
45
44
13
17
22
31
10
21
27
13
2
8
1
7
12
3
4
37
59
19
22
20
9
4
30
12
7
1
9
103
1
3
7
8
14
5
12
4
14
10
35
65
25
20
19
13
34
9
11
3
48
25
19
12
7
16
13
2
11
4
23
31
51
35
17
21
19
15
12
12
31
14
5
8
11
10
23
5
8
2
6
6
14
4
13
6
49
7
14
19
22
3
13
8
29
9
2
17
41
10
2
2
1
3
6
4
11
3
8
7
28
45
14
20
19
22
11
11
7
30
10
4
14
18
7
7
2
5
11
3
7
26
44
43
14
21
19
20
17
10
11
31
15
6
1
16
9
14
6
10
14
10
7
14
4
12
21
35
40
15
22
18
17
12
13
31
13
5
11
21
7
4
18
2
7
13
4
12
3
2
43
13
21
21
24
12
20
29
13
9
15
17
2
3
7
12
4
1
59
14
16
25
2
13
10
29
12
2
18
21
14
2
6
16
3
11
3
17
13
58
7
22
19
21
12
6
32
15
7
1
49
30
12
6
10
9
4
12
5
22
21
51
25
23
15
12
8
13
33
20
9
4
21
17
3
15
8
15
7
16
8
16
8
3
22
47
17
24
21
13
10
10
29
10
3
6
38
1
3
5
10
8
12
4
10
9
43
38
16
20
22
17
12
10
29
11
4
9
8
1
2
5
9
6
12
4
13
14
9
41
24
14
17
22
19
13
10
31
12
4
20
20
2
7
2
5
5
12
2
16
34
13
20
20
19
17
10
13
32
16
8
1
38
14
22
7
10
6
16
7
15
5
7
16
28
22
25
17
29
7
20
30
17
5
1
21
2
8
4
10
15
7
12
16
26
17
20
20
32
10
18
28
12
33
8
17
1
8
13
4
11
15
12
14
21
20
20
13
1
33
12
10
3
11
74
14
9
9
8
16
3
12
5
17
17
7
21
25
24
15
32
9
6
51
14
9
2
3
10
2
17
17
3
16
16
26
13
10
18
29
16
2
8
9
1
6
3
5
12
5
12
12
15
18
21
20
12
11
15
31
15
7
1
11
32
14
3
4
9
3
14
7
13
7
10
6
4
21
26
16
16
12
12
34
16
7
1
50
10
23
23
8
11
6
7
14
6
6
21
69
13
21
16
16
12
10
14
34
21
11
7
4
34
20
9
17
11
10
6
15
7
17
19
67
19
21
21
14
12
17
31
16
5
7
27
2
7
2
12
7
13
6
6
12
14
20
21
18
17
11
19
33
16
7
30
17
16
5
8
5
4
7
14
8
9
17
15
18
24
18
15
11
10
33
15
10
3
16
11
8
9
7
7
13
6
26
18
30
17
16
22
29
12
18
32
16
5
33
17
11
7
7
7
13
4
7
19
7
22
14
15
15
9
21
34
22
10
5
39
43
12
8
13
8
11
8
16
10
6
12
21
26
18
1
10
18
33
19
9
1
10
7
5
3
11
6
1
7
13
9
20
19
20
21
19
19
11
14
33
14
9
23
9
16
23
8
7
6
7
13
6
7
16
61
4
22
19
19
15
12
4
33
12
9
2
2
23
10
16
9
7
7
9
6
12
4
3
16
57
20
20
21
7
13
11
33
15
8
2
7
8
25
5
10
4
10
6
13
5
17
11
26
18
21
18
17
10
18
32
16
6
29
10
19
4
7
3
9
7
14
7
22
11
17
19
19
27
11
17
31
14
6
29
25
10
7
4
6
9
13
6
5
18
16
15
23
4
15
6
34
14
9
1
6
32
42
21
14
10
3
2
4
11
4
12
15
25
25
20
18
10
14
32
17
8
2
29
5
12
5
1
7
14
6
20
24
19
28
14
49
6
27
30
17
6
5
15
7
4
3
14
17
7
9
16
9
15
21
16
18
12
16
34
16
10
3
29
5
3
6
9
1
10
6
14
8
8
3
23
19
19
14
8
36
18
12
7
1
38
6
23
9
15
9
6
3
13
7
20
17
24
21
20
1
11
11
36
18
12
7
56
36
32
16
14
15
10
12
6
14
7
22
25
1
20
24
21
17
9
20
30
18
7
2
6
24
4
10
4
10
9
2
9
15
8
15
14
18
22
21
16
10
22
31
18
6
38
34
5
4
3
8
9
7
14
7
6
17
21
19
15
16
10
24
36
24
13
7
34
17
7
11
17
12
8
7
17
10
12
21
1
4
23
23
18
14
12
15
34
19
10
4
9
16
16
10
11
4
8
15
7
22
20
5
23
30
19
23
9
16
31
16
7
11
12
36
5
9
3
10
14
7
10
15
17
18
19
20
12
18
34
17
9
4
7
11
10
6
13
2
9
7
14
8
8
11
8
8
18
18
22
19
13
15
34
17
10
3
15
14
22
17
10
11
1
7
13
6
3
16
28
25
23
15
13
10
16
36
21
14
7
42
53
20
21
14
15
11
22
8
16
9
25
17
13
25
26
17
16
9
22
35
22
12
8
31
4
8
8
16
10
7
9
17
11
31
23
20
25
21
24
9
21
31
17
7
1
1
13
1
11
10
14
8
10
19
17
19
17
24
3
14
9
33
13
10
19
77
22
24
10
7
4
6
5
12
6
11
19
20
30
22
23
15
18
10
19
36
23
14
9
64
9
36
11
18
12
1
10
17
11
11
25
57
24
23
26
14
26
9
26
36
24
14
8
10
6
27
10
18
10
11
11
18
12
28
19
10
7
19
24
21
26
12
23
34
17
9
23
14
7
6
9
3
4
9
14
9
14
12
7
20
21
28
16
26
10
18
34
19
12
5
8
23
10
11
8
13
7
5
11
14
10
5
19
33
38
26
19
19
14
8
39
19
19
11
62
22
19
17
17
13
19
4
14
10
24
18
6
17
19
16
21
14
15
16
37
18
11
5
12
30
13
11
3
7
6
14
9
10
17
3
19
24
18
37
12
25
34
19
9
13
3
15
17
7
7
11
15
10
8
20
36
21
23
16
31
11
26
36
23
15
8
29
34
10
17
13
12
9
16
12
21
9
66
22
20
23
7
13
10
35
17
14
7
18
11
3
13
12
16
4
7
13
7
9
16
62
61
24
22
22
16
13
21
35
21
10
4
3
36
9
9
12
3
8
15
8
12
15
57
2
41
21
25
14
18
10
31
37
26
14
7
73
25
5
12
18
8
6
10
17
14
14
26
20
8
50
22
24
16
13
11
15
38
20
18
11
16
19
15
20
14
20
19
20
9
15
12
18
24
14
76
24
23
19
24
14
13
37
18
13
7
8
43
2
39
11
17
10
8
9
14
9
23
14
16
59
25
21
21
5
16
12
37
16
12
4
25
27
19
14
9
1
6
13
8
14
28
9
23
21
23
22
20
13
17
36
17
11
4
27
19
18
10
11
11
8
14
9
22
21
1
9
41
19
30
17
23
10
20
37
21
15
8
37
81
12
25
12
17
11
11
11
15
13
14
14
36
9
70
22
20
19
7
14
12
39
21
18
12
14
46
6
14
15
19
15
13
7
14
11
24
22
25
14
61
25
21
18
20
13
16
37
21
16
10
14
14
26
13
18
14
5
9
15
9
30
21
25
34
21
31
20
23
11
20
35
19
11
4
2
31
23
28
10
14
4
11
14
9
6
20
41
32
22
21
21
20
13
22
35
19
13
3
20
18
28
9
13
6
5
7
13
9
12
22
31
49
26
19
17
14
12
18
38
21
17
9
37
12
8
5
13
16
17
17
7
15
11
19
23
35
19
46
24
22
17
19
13
18
37
20
14
8
25
17
21
7
14
14
9
8
9
15
9
9
24
21
25
15
24
25
17
16
14
19
38
20
17
9
19
16
24
14
17
14
13
8
16
10
33
15
41
25
1
18
24
20
15
15
14
37
16
14
5
33
13
14
11
12
12
13
7
13
9
17
9
11
31
31
23
18
21
14
15
16
37
19
15
6
38
18
22
16
14
13
12
6
13
9
4
26
40
57
27
17
20
16
14
22
39
24
18
12
19
18
17
19
13
6
7
16
11
22
32
29
39
19
20
19
41
14
33
37
25
12
5
12
10
13
2
10
17
11
12
17
6
30
19
27
20
27
12
25
37
21
14
7
8
14
10
32
10
15
11
8
9
16
12
24
11
67
23
21
22
15
9
39
19
19
12
61
36
24
33
16
19
16
10
5
13
11
16
27
86
25
19
15
30
14
20
41
24
22
14
9
30
5
21
21
14
8
9
17
12
11
20
63
22
22
19
30
15
20
39
20
17
9
21
11
18
15
14
9
9
16
11
19
13
4
42
23
28
20
2
16
14
38
19
16
8
7
111
25
10
15
18
5
7
14
12
19
21
6
57
20
21
22
1
19
7
40
16
18
9
60
21
20
15
16
15
14
5
13
11
22
13
42
85
27
21
17
16
15
15
43
22
22
14
50
30
24
23
20
22
17
7
17
13
23
28
91
88
30
29
15
25
9
26
41
28
23
18
52
30
12
31
18
26
21
26
12
20
16
26
31
22
56
21
29
20
21
12
22
39
22
18
11
17
25
16
19
13
17
8
9
10
16
13
19
16
25
57
22
25
20
8
15
17
40
22
19
10
25
46
22
33
16
17
13
7
16
13
21
28
79
28
24
18
16
14
18
42
27
23
18
26
10
21
32
21
29
17
25
7
17
14
23
24
56
28
23
17
18
14
16
40
21
20
12
3
9
14
17
14
17
6
8
17
12
32
22
25
19
22
24
20
16
16
37
16
14
5
9
18
16
12
10
8
7
14
9
10
18
22
22
22
21
14
16
18
40
22
20
13
16
24
18
16
22
12
26
6
15
13
13
22
44
24
16
14
27
14
27
43
29
24
17
36
2
37
17
22
23
19
16
9
19
16
33
28
33
25
23
19
21
14
22
40
24
20
13
14
41
19
20
19
19
14
8
18
12
18
21
13
22
23
24
1
15
16
39
21
18
12
34
42
6
22
14
20
16
19
5
16
12
31
21
20
21
22
20
22
15
22
39
23
18
11
40
28
26
12
15
20
13
16
9
16
13
12
29
13
9
26
22
15
21
15
24
41
27
22
15
4
21
12
19
21
17
2
8
18
15
18
27
92
1
14
26
21
17
20
14
18
41
24
22
16
14
7
14
37
20
23
17
24
7
18
13
27
10
46
5
27
29
16
37
10
24
37
22
18
11
44
7
21
12
18
19
10
12
18
12
26
20
9
14
17
23
19
34
13
31
37
25
15
9
16
24
11
21
10
12
9
17
13
13
17
23
25
21
23
16
5
38
17
19
11
6
90
19
5
17
17
15
6
4
13
10
22
23
24
29
23
19
2
17
6
40
18
20
13
17
47
19
10
18
16
17
2
6
16
10
28
26
20
22
24
15
27
15
22
39
24
17
12
2
21
16
41
16
20
16
14
10
18
12
10
14
19
25
28
19
17
12
19
37
21
18
11
39
18
7
27
13
18
24
8
10
16
12
28
26
52
14
23
25
19
28
14
20
38
22
19
12
24
27
18
15
20
8
6
10
17
11
22
26
123
4
20
21
21
17
15
14
37
20
18
11
16
14
18
14
18
4
9
7
16
10
17
20
102
25
21
23
20
14
20
36
21
15
9
15
26
11
16
9
4
9
17
10
19
17
33
22
24
15
38
11
33
37
27
17
11
21
10
37
13
22
8
7
12
20
14
22
20
24
25
23
9
16
14
36
17
15
6
49
49
23
9
14
13
13
13
7
14
9
35
29
30
21
19
6
14
15
39
21
19
13
51
38
31
1
18
19
16
12
7
17
11
32
30
73
27
25
14
27
11
28
39
27
18
14
13
14
21
10
10
12
20
15
29
19
94
23
24
21
22
14
19
36
19
15
9
43
22
23
36
12
17
10
12
10
16
11
15
19
15
25
27
19
21
13
14
38
18
19
13
12
20
28
14
18
16
14
9
17
11
23
26
58
25
29
18
20
13
14
37
20
17
11
6
27
1
11
13
17
20
8
10
17
10
17
20
50
25
22
18
13
14
15
39
23
19
15
32
69
23
32
17
24
17
14
8
17
12
19
27
26
26
21
20
14
23
36
21
15
9
13
16
10
18
5
3
10
17
12
26
27
23
27
21
19
15
21
36
20
14
7
21
50
15
26
10
15
5
12
10
16
11
19
18
8
27
23
18
16
13
15
38
22
20
14
31
40
24
27
17
21
16
16
10
18
12
26
16
14
28
23
21
22
13
15
37
20
17
11
2
25
8
15
17
12
10
17
10
18
29
19
25
25
24
25
15
18
35
18
14
8
18
8
3
10
14
8
15
10
16
9
20
18
85
21
25
23
27
13
19
33
18
11
5
22
1
17
4
14
5
9
10
16
10
26
12
76
9
25
22
18
14
14
16
38
22
17
12
28
16
23
34
14
20
13
21
8
17
12
26
27
40
21
31
27
18
4
13
11
38
21
19
14
61
33
15
21
17
19
19
10
9
18
11
31
33
64
22
26
22
20
12
20
33
19
11
5
18
10
12
20
8
13
8
10
16
9
25
26
134
20
25
19
29
12
28
34
24
13
8
12
2
54
6
21
9
8
11
18
13
18
9
203
27
28
24
18
15
11
34
16
12
5
12
21
13
16
8
15
6
4
9
15
8
24
23
205
29
29
20
25
13
15
36
18
14
7
56
12
27
14
12
11
6
11
17
9
23
26
271
27
19
16
27
11
27
37
24
16
10
36
17
1
15
17
15
11
20
13
18
25
262
22
28
20
28
13
23
34
20
12
7
1
8
7
16
11
7
11
17
11
29
20
213
10
26
24
19
5
13
11
38
19
20
13
11
79
25
36
16
20
21
22
8
16
12
21
20
170
26
29
19
21
6
14
6
36
16
18
11
22
8
12
14
16
17
5
7
15
8
23
27
20
49
25
28
23
27
13
19
32
19
11
5
10
22
8
9
6
14
4
12
16
8
15
15
55
27
28
19
16
11
16
36
20
16
11
43
38
27
28
12
20
9
15
11
17
12
25
27
72
27
26
18
21
9
16
34
19
16
10
17
5
1
13
9
16
13
11
12
17
11
23
36
85
25
19
23
16
14
13
34
19
14
9
24
9
21
11
18
10
11
9
16
8
27
16
84
26
25
22
14
15
13
35
18
14
10
9
14
26
12
18
6
14
9
16
7
21
13
72
27
34
17
32
10
25
34
20
13
6
54
8
4
14
9
12
9
13
19
11
14
22
57
27
23
17
32
9
26
33
23
15
10
35
16
14
32
9
21
11
10
13
18
12
36
26
36
3
23
20
25
6
14
6
33
16
12
8
39
14
20
9
16
5
12
8
14
6
19
21
21
25
21
18
27
11
20
34
21
13
7
61
21
6
12
16
6
10
11
18
9
20
21
15
23
28
17
34
10
25
31
21
10
5
8
5
28
6
17
6
12
14
17
9
30
20
33
7
20
25
24
15
4
32
12
11
4
56
4
27
7
13
7
1
7
13
6
22
19
50
11
32
22
20
20
17
12
13
32
18
12
7
70
16
24
9
17
10
3
10
16
8
23
27
62
13
27
28
26
15
33
8
23
33
23
14
11
27
19
25
13
20
13
9
14
19
10
27
19
65
14
13
27
27
22
26
9
14
30
13
9
3
63
4
4
8
8
13
16
6
20
21
23
8
20
22
23
25
6
12
12
31
16
10
4
21
80
16
15
6
15
5
2
8
13
8
22
25
8
40
25
24
17
14
12
19
34
22
16
11
18
3
33
8
16
22
12
8
10
17
10
24
23
10
48
29
26
19
23
10
11
31
16
14
9
51
32
4
10
15
16
4
12
16
7
21
29
38
26
25
21
17
11
12
31
16
12
6
2
9
21
9
14
13
16
11
15
8
32
20
18
1
42
22
24
22
25
11
16
30
14
10
4
37
6
15
