21
23
34
27
24
26
30
32
30
52
48
5
20
194
22
13
19
18
30
21
13
12
3
28
20
43
36
5
16
188
20
22
19
18
28
20
3
7
25
20
38
37
7
19
185
5
20
22
20
30
23
8
11
20
28
25
42
41
7
21
167
12
16
13
23
16
6
18
2
22
15
34
34
7
18
180
17
15
26
19
14
7
22
19
34
37
6
19
188
31
18
10
23
15
15
18
16
27
37
7
18
173
20
1
18
17
18
30
18
9
25
16
35
32
7
22
162
11
38
14
27
30
21
4
7
24
20
37
27
7
25
151
13
10
10
22
17
4
5
34
15
20
32
47
6
18
146
2
15
19
33
25
14
22
25
24
41
48
6
24
157
4
2
23
20
28
44
33
15
13
34
31
52
54
7
29
175
14
22
27
35
28
40
28
38
33
33
50
51
7
23
147
16
26
26
41
31
17
29
24
39
32
56
53
7
25
142
10
2
25
23
40
28
20
20
36
26
52
43
7
25
151
12
15
27
24
40
28
27
26
21
37
28
51
47
7
27
168
12
32
11
25
23
22
39
26
22
23
4
36
22
48
39
7
26
139
18
13
12
41
18
20
30
22
13
3
24
23
42
36
7
24
156
10
42
19
17
29
23
14
13
25
26
48
50
7
23
154
12
21
18
25
20
41
30
39
26
21
39
28
55
56
7
25
152
9
67
25
24
41
32
16
31
27
37
33
51
55
7
27
153
45
19
25
28
41
31
4
23
16
36
30
49
54
7
29
153
18
22
21
40
27
10
27
35
27
48
47
7
26
169
5
28
14
7
28
16
17
22
15
34
39
7
17
159
12
37
4
16
16
22
30
21
8
27
5
27
23
46
45
7
21
162
23
26
2
6
19
25
37
27
33
41
16
36
30
60
51
7
23
178
21
21
12
12
24
15
6
6
25
20
16
33
34
7
14
156
19
11
20
6
15
16
13
14
10
11
14
25
30
7
12
152
37
10
20
2
18
19
15
1
18
10
15
16
35
32
6
10
171
43
6
21
25
19
8
14
26
21
21
37
33
6
12
157
5
10
11
23
28
22
7
12
4
24
21
39
41
6
16
165
6
18
8
20
20
17
7
13
17
17
34
30
5
12
155
16
26
8
15
16
15
2
11
13
14
32
24
6
11
152
1
31
12
7
12
22
14
5
19
9
30
27
5
11
146
8
11
15
21
16
15
15
19
16
36
30
5
12
118
21
17
10
5
7
11
6
1
2
9
4
25
15
6
7
125
2
10
8
18
9
9
4
6
3
18
14
5
4
139
19
5
11
3
24
14
23
25
40
25
16
44
39
5
9
157
1
13
5
10
13
4
33
24
6
6
148
13
13
4
3
17
7
16
6
30
23
6
6
129
5
7
9
22
10
28
26
1
23
11
41
35
5
7
136
18
5
32
3
12
1
7
7
14
4
30
29
5
3
128
21
4
4
15
2
12
6
15
3
32
19
5
5
118
8
7
12
22
13
26
16
21
18
41
36
6
13
135
9
3
8
12
8
5
17
10
14
30
35
6
11
134
1
9
7
9
3
1
2
7
7
22
23
6
10
115
2
4
10
14
6
2
10
8
21
23
7
14
118
5
7
4
92
13
8
6
71
17
4
3
10
9
6
21
7
5
8
20
15
5
9
102
8
15
14
13
4
7
9
14
23
22
5
10
119
7
4
3
21
19
18
5
12
13
19
28
25
5
13
104
7
14
3
23
17
17
25
9
1
11
19
24
24
5
13
108
1
18
10
4
20
18
17
10
16
19
26
5
15
114
2
38
7
18
19
18
16
12
19
21
27
6
16
101
15
16
4
9
12
10
4
5
10
13
17
7
11
105
31
16
13
27
19
9
14
6
25
17
30
27
7
16
103
43
32
19
10
29
16
6
15
5
27
12
32
24
7
17
87
40
33
15
16
5
23
12
4
20
5
26
19
6
16
93
25
2
20
20
10
28
18
16
11
26
16
38
30
6
19
104
21
33
17
7
26
13
16
13
2
24
9
33
26
5
16
101
31
38
9
18
14
26
16
20
23
10
25
17
38
33
5
19
132
26
69
11
14
17
21
13
9
18
14
30
27
6
20
135
12
39
6
9
11
9
18
10
8
15
1
16
9
28
26
6
17
129
21
23
5
3
11
4
6
5
8
3
24
23
6
8
146
29
46
8
7
6
2
13
9
6
6
125
33
50
1
4
3
11
4
19
4
9
6
22
24
6
10
131
27
18
8
10
18
12
11
7
16
14
31
33
5
11
151
24
12
22
25
22
14
10
28
21
27
35
39
5
14
147
22
14
12
13
13
26
24
25
5
16
18
28
32
39
5
15
137
12
53
25
13
31
28
30
5
19
14
23
29
39
36
5
19
131
8
41
35
11
37
27
32
7
19
26
20
36
38
43
5
21
144
1
12
3
23
42
39
40
21
37
33
45
50
59
6
30
157
20
19
31
33
31
7
8
27
26
34
39
44
6
24
141
4
41
11
14
20
19
17
7
10
14
18
23
24
6
18
116
9
12
15
17
13
2
9
11
14
16
23
26
6
16
99
13
18
26
18
18
25
18
23
21
34
38
6
16
122
3
8
12
9
23
10
7
8
3
22
10
26
24
7
14
112
21
7
48
3
4
10
1
9
13
6
6
10
77
19
13
6
5
7
7
3
6
4
6
18
23
5
9
97
7
16
13
6
19
11
11
19
17
17
14
30
33
5
11
130
3
1
10
20
8
26
19
14
19
8
31
27
5
8
113
28
10
16
7
15
2
12
13
12
13
7
28
22
5
7
103
30
12
10
6
15
10
14
5
14
3
30
22
6
9
110
15
12
3
9
12
10
10
25
21
6
5
105
39
3
10
14
15
14
28
12
7
6
87
42
21
7
6
12
10
16
28
17
6
7
78
34
45
7
3
3
7
6
5
17
16
6
7
68
12
25
1
9
6
13
6
25
21
15
14
9
27
26
6
13
80
22
2
12
14
20
13
7
17
13
19
16
34
28
6
17
88
52
7
7
7
17
15
13
8
2
9
10
16
21
24
7
16
58
53
38
8
22
17
17
16
10
20
19
33
7
18
64
6
20
19
9
30
20
23
6
16
15
27
29
38
7
22
81
14
40
9
32
25
25
8
18
3
19
28
31
35
7
23
71
17
46
5
32
17
23
8
8
28
23
35
7
20
66
9
39
3
4
33
12
35
21
28
29
15
34
23
37
7
24
69
30
6
7
18
33
24
28
13
18
18
19
31
29
36
7
28
73
4
25
36
37
35
9
10
31
30
32
38
39
48
7
31
92
14
15
8
22
23
29
23
6
13
25
23
27
33
7
25
91
48
16
25
17
8
20
11
18
9
12
18
12
25
28
6
19
72
47
13
21
8
31
14
11
16
16
31
16
36
35
6
20
82
7
4
7
13
20
1
3
25
8
21
4
32
26
6
11
85
7
22
1
3
7
4
20
15
5
1
81
5
17
37
4
13
20
5
106
3
9
11
37
9
1
18
22
5
158
12
8
14
4
1
10
4
16
2
12
2
27
20
5
7
271
15
10
5
18
1
35
27
12
19
6
36
31
6
12
462
8
3
6
9
16
16
10
2
31
17
5
7
607
24
6
7
9
9
26
5
5
5
554
7
10
1
10
29
6
5
386
14
14
6
164
15
7
3
6
6
21
5
5
12
8
4
15
4
18
12
7
26
21
4
4
31
3
13
13
10
2
4
9
13
21
5
8
38
12
6
17
18
16
15
8
17
17
26
6
11
27
11
8
17
20
15
9
6
7
12
13
20
23
7
14
35
8
5
9
19
22
17
16
11
14
16
17
22
31
5
16
17
9
13
17
11
12
12
14
22
27
4
13
9
9
13
11
21
11
7
14
5
18
10
27
22
4
14
1
25
27
26
41
28
4
30
20
38
28
50
48
6
26
1
10
27
26
19
34
22
22
25
11
34
21
44
44
5
23
54
2
13
26
22
37
25
35
38
21
36
25
45
45
4
24
68
11
14
26
27
39
27
23
34
32
38
30
48
44
6
24
62
4
13
14
12
23
12
16
20
19
23
17
34
36
5
12
66
13
7
5
5
6
18
7
7
1
19
19
17
14
31
40
5
5
76
6
5
5
8
16
18
12
11
3
30
30
4
61
6
3
28
14
3
5
24
22
4
63
5
33
7
20
12
5
25
20
4
74
8
21
15
11
9
10
3
27
22
4
4
86
13
5
6
9
25
11
21
16
29
19
18
35
41
4
13
97
5
7
12
22
11
18
14
21
15
18
30
39
5
14
90
1
10
10
11
22
10
10
9
9
16
14
26
31
6
15
85
1
24
17
10
10
21
10
9
2
14
13
13
21
31
6
15
71
9
41
13
8
9
19
9
1
1
12
10
19
22
7
12
91
12
8
21
8
17
23
16
1
7
16
18
23
28
6
11
112
7
18
2
12
18
12
7
13
12
21
26
5
6
86
9
8
10
3
7
19
11
10
9
16
10
26
20
5
7
92
10
26
7
10
22
25
22
23
9
21
18
26
26
33
5
15
68
12
2
7
19
19
18
2
11
19
17
26
5
14
80
1
7
5
18
12
12
2
5
11
15
13
5
13
92
4
2
7
18
13
11
8
5
9
12
16
11
5
14
76
10
1
9
19
14
13
7
8
6
12
15
21
20
5
17
92
10
6
8
17
11
8
3
6
7
9
12
20
12
5
16
84
50
9
17
19
9
1
9
19
10
25
10
5
17
101
1
6
14
21
22
16
18
23
18
21
18
34
30
5
20
97
7
3
4
9
1
11
17
20
11
18
23
9
19
16
33
24
5
18
85
7
4
3
18
7
12
15
5
9
21
1
16
10
30
20
4
14
97
1
9
7
5
14
1
3
17
11
15
6
28
18
5
13
101
10
23
1
4
5
10
5
16
12
5
7
95
42
3
8
6
5
81
24
10
4
81
10
22
1
20
6
3
90
8
2
18
6
5
17
9
3
81
8
3
3
11
7
4
83
11
3
11
10
7
10
19
19
4
1
101
11
32
1
8
3
4
10
5
5
3
87
14
16
5
7
8
20
1
3
7
7
14
5
7
103
11
10
10
10
20
12
6
23
11
18
16
32
6
12
126
5
38
5
21
19
15
5
17
12
20
6
14
111
2
10
28
28
27
6
7
36
17
33
24
42
5
17
131
3
19
6
26
25
25
7
30
10
31
9
40
5
13
122
18
32
11
1
24
17
18
8
1
21
1
24
5
12
121
13
12
41
37
37
8
9
36
25
41
33
47
5
25
156
3
19
11
43
38
37
17
8
30
26
40
32
42
5
25
145
11
14
44
42
41
35
9
22
38
34
45
45
52
5
26
163
17
8
37
34
32
14
7
17
29
27
38
44
47
5
20
148
32
4
28
24
21
17
18
17
23
27
41
37
4
16
150
19
9
26
28
21
22
24
21
28
30
47
39
3
16
165
7
6
15
22
14
17
20
10
21
19
40
37
4
11
168
1
6
9
14
22
12
10
5
24
26
22
18
39
35
3
11
147
13
4
7
10
9
16
21
10
3
17
18
21
18
36
26
4
10
136
25
12
5
18
1
18
11
4
23
5
35
19
5
7
158
1
9
16
4
2
4
10
18
11
23
5
2
135
2
20
1
8
13
6
23
5
125
15
30
3
2
5
3
10
24
3
4
139
6
8
10
22
5
24
9
3
2
148
27
7
13
1
24
9
2
138
45
4
6
1
16
2
2
116
45
28
5
27
16
6
24
20
3
123
26
28
9
1
5
4
4
21
17
3
145
12
5
8
6
15
12
4
139
11
4
9
6
7
4
19
16
5
1
123
7
12
10
5
6
6
10
17
25
5
3
127
2
3
18
21
20
20
9
24
13
22
21
32
4
9
137
8
4
11
27
33
31
11
12
14
25
22
33
29
39
3
16
143
14
2
12
8
26
30
29
5
6
21
17
28
21
35
3
16
125
30
3
1
24
5
23
20
22
18
13
7
21
12
24
3
15
112
32
26
13
12
25
27
28
11
27
13
30
16
38
3
21
128
16
33
17
22
28
26
3
20
16
25
18
33
4
23
114
3
21
25
19
23
28
24
3
6
6
18
21
19
26
5
25
104
21
22
29
26
13
18
32
22
28
27
41
5
25
135
40
10
13
14
11
8
3
10
9
13
14
19
5
17
124
21
1
6
8
11
13
5
1
7
5
10
13
5
14
93
11
2
7
8
10
1
7
4
13
13
5
9
95
13
1
4
22
7
1
7
11
4
7
15
6
4
4
93
7
30
3
15
12
21
6
19
26
14
23
12
33
28
4
10
103
10
4
24
2
2
7
14
6
10
18
10
4
2
84
1
3
5
13
7
3
74
7
6
13
1
15
20
16
9
27
19
4
8
81
3
16
2
1
3
10
3
5
3
56
5
3
7
3
4
1
6
12
9
4
5
63
8
21
34
1
8
4
54
10
6
11
9
3
60
12
1
2
13
13
11
25
18
10
28
31
3
88
20
1
6
8
11
13
5
1
7
5
10
13
5
14
93
11
2
7
8
10
1
7
4
13
13
5
9
95
13
1
4
22
7
1
7
11
4
7
15
6
4
4
93
7
30
3
15
12
21
6
19
26
14
23
12
33
28
4
10
103
10
4
24
2
2
7
14
6
10
18
10
4
2
84
1
3
5
13
7
3
74
7
6
13
1
15
20
16
9
27
19
4
8
81
3
16
2
1
3
10
3
5
3
56
5
3
7
3
4
1
6
12
9
4
5
63
8
21
34
1
8
4
54
10
6
11
9
3
60
12
1
2
13
13
11
25
18
10
28
31
3
88
20
1
3
18
7
21
6
6
3
17
4
20
16
4
19
81
7
10
16
7
16
4
9
2
10
10
3
17
72
32
17
4
14
2
1
3
8
1
8
12
4
14
83
10
18
7
18
2
7
10
9
10
5
16
90
16
10
23
22
25
13
5
17
14
20
19
6
24
84
7
4
13
20
24
21
11
14
14
11
13
6
22
80
2
10
21
16
23
13
5
8
22
17
17
15
25
6
21
91
3
12
26
23
31
19
12
20
25
25
24
28
34
5
21
100
39
6
18
21
28
29
21
20
10
13
8
23
26
28
39
5
21
96
26
25
5
20
29
30
26
11
30
23
40
27
35
37
45
4
18
107
17
17
4
13
29
23
24
16
15
13
39
19
36
30
44
3
12
10
1
127
5
29
13
18
14
29
27
24
30
22
23
34
24
34
39
46
1
3
12
14
119
17
14
5
5
9
32
26
14
37
29
30
41
29
43
45
29
43
50
52
9
3
13
18
16
112
12
12
4
17
15
2
39
4
30
19
23
34
19
28
32
17
33
39
44
4
2
6
10
8
102
2
6
3
4
65
2
29
20
21
36
8
29
18
20
30
41
35
2
4
11
103
12
24
11
6
1
26
20
23
45
12
34
44
20
34
47
49
7
1
2
12
36
133
41
24
15
23
4
25
26
25
29
25
32
44
25
31
50
53
6
2
4
19
11
129
52
2
7
36
16
7
30
29
27
39
7
29
29
25
32
45
45
3
9
12
9
124
2
2
13
11
14
31
34
30
38
20
38
40
31
36
53
50
2
13
20
9
123
8
5
22
14
32
34
30
35
10
40
30
31
35
51
49
3
15
19
14
133
11
7
1
5
19
12
16
28
17
37
26
16
27
18
41
31
3
10
2
14
105
9
26
11
4
3
15
4
28
11
3
13
8
30
20
3
4
90
2
27
11
14
11
3
86
5
6
9
2
24
10
26
6
3
2
77
21
4
10
2
18
3
2
90
46
13
1
3
7
3
59
3
5
26
9
1
13
3
3
48
7
3
3
3
4
64
7
33
6
4
1
5
4
12
66
9
29
9
15
13
11
9
1
7
14
6
5
19
59
22
18
15
7
10
1
10
7
1
14
11
5
20
50
4
12
20
22
25
15
12
18
13
14
12
16
21
22
6
28
65
3
7
13
30
30
28
21
25
16
32
26
26
32
36
6
31
7
88
32
22
15
27
30
28
23
4
12
14
27
25
28
32
44
6
27
82
13
1
1
16
29
40
37
37
34
19
44
41
36
42
50
60
5
30
18
85
2
21
30
1
25
39
38
38
45
13
29
31
34
42
46
57
5
25
23
15
82
18
14
16
12
18
41
34
38
27
15
29
41
28
43
42
53
5
20
14
17
76
22
5
14
16
19
15
50
38
47
42
45
42
63
31
58
52
67
4
19
14
16
90
2
19
3
6
23
14
15
10
43
32
40
35
30
25
43
24
48
43
59
4
13
6
16
81
8
16
27
9
46
34
42
25
29
33
45
25
51
44
54
5
14
12
4
76
14
6
38
39
25
33
15
23
18
37
15
42
34
54
5
9
11
12
68
10
16
2
28
24
21
21
7
4
11
21
14
25
30
38
4
2
82
23
1
12
18
23
17
14
6
15
27
17
25
36
32
3
1
77
5
4
17
3
4
1
3
8
8
15
24
2
49
9
1
27
1
11
19
14
9
3
24
15
3
80
10
10
2
16
26
22
17
33
17
3
5
80
10
51
4
7
4
17
5
2
57
8
27
6
9
21
8
13
25
6
3
86
18
14
16
12
18
41
34
38
27
15
29
41
28
43
42
53
5
20
14
17
76
22
5
14
16
19
15
50
38
47
42
45
42
63
31
58
52
67
4
19
14
16
90
2
19
3
6
23
14
15
10
43
32
40
35
30
25
43
24
48
43
59
4
13
6
16
81
8
16
27
9
46
34
42
25
29
33
45
25
51
44
54
5
14
12
4
76
14
6
38
39
25
33
15
23
18
37
15
42
34
54
5
9
11
12
68
10
16
2
28
24
21
21
7
4
11
21
14
25
30
38
4
2
82
23
1
12
18
23
17
14
6
15
27
17
25
36
32
3
1
77
5
4
17
3
4
1
3
8
8
15
24
2
49
9
1
27
1
11
19
14
9
3
24
15
3
80
10
10
2
16
26
22
17
33
17
3
5
80
10
51
4
7
4
17
5
2
57
8
27
6
9
21
8
13
25
6
3
86
18
30
27
25
20
12
23
34
24
33
33
43
3
18
104
4
18
20
30
27
25
25
8
27
25
26
30
32
39
4
21
8
77
2
5
35
26
38
37
32
27
22
35
23
34
37
42
47
5
28
7
99
9
7
41
22
37
34
30
10
8
18
8
29
33
37
36
5
26
3
97
3
14
26
19
21
27
25
22
13
19
45
23
31
42
51
5
19
9
89
4
1
20
8
14
18
