13
20
26
15
40
27
45
29
24
15
22
38
28
13
36
46
28
45
25
18
10
11
19
28
18
44
28
47
32
25
18
19
38
31
2
16
36
46
29
49
26
22
12
13
18
27
18
42
28
44
30
19
18
8
36
31
15
36
43
24
46
29
4
24
25
22
27
18
39
24
40
23
22
4
18
30
35
18
18
40
40
19
5
45
22
27
32
23
23
18
33
19
34
16
33
9
14
23
29
20
16
40
34
14
9
50
25
34
41
28
25
18
33
19
36
15
37
16
19
15
28
23
19
44
33
14
17
60
24
27
30
19
14
7
20
7
29
7
29
10
7
19
18
15
6
15
34
24
4
5
49
19
23
30
17
11
14
19
14
33
11
30
11
15
25
24
22
26
35
26
8
6
47
23
23
31
21
16
18
23
22
37
19
27
14
18
27
27
29
29
39
33
14
11
59
23
18
28
23
21
21
26
26
36
19
31
10
20
27
27
30
16
41
40
18
6
60
41
27
36
32
28
30
32
35
39
24
36
17
26
28
35
33
10
26
50
50
22
14
58
43
24
26
28
23
25
22
30
31
18
25
12
4
21
21
26
1
23
45
44
11
4
49
31
1
12
10
8
2
23
12
3
12
23
11
1
12
5
90
4
15
9
11
1
25
11
14
3
18
27
11
9
16
10
4
72
1
16
8
20
1
9
19
22
3
18
15
11
7
52
11
2
13
9
17
5
2
12
19
9
21
17
4
28
3
3
12
2
6
11
14
9
6
4
6
20
9
23
22
4
1
14
22
17
17
10
18
4
18
26
13
12
14
24
11
23
37
34
3
15
30
34
29
27
25
26
22
22
3
38
14
21
30
27
23
4
16
49
46
15
12
8
30
37
27
23
19
24
29
20
8
27
18
15
28
26
29
4
20
48
42
16
8
22
6
31
42
23
18
32
21
40
22
14
27
27
3
28
26
40
25
50
39
16
22
62
36
53
27
5
20
39
24
42
25
18
26
24
14
45
25
37
27
56
42
19
25
69
3
37
56
31
14
25
44
29
47
30
22
25
37
21
41
28
39
28
61
46
25
28
57
19
35
52
30
13
24
50
29
50
32
25
28
42
11
34
26
44
1
20
59
46
27
37
72
15
32
48
26
7
22
44
28
48
37
32
27
33
10
44
28
42
4
32
57
48
29
27
81
5
34
45
28
1
24
39
27
50
43
39
27
33
9
48
30
47
35
57
52
33
29
2
69
7
42
52
38
21
30
50
30
54
50
47
39
33
27
48
28
47
7
39
68
62
37
32
13
89
7
35
45
34
28
40
26
46
48
43
36
29
21
33
28
42
26
61
59
32
27
8
83
12
34
45
34
28
28
24
37
44
39
34
13
15
34
25
39
12
58
58
29
21
10
79
11
44
54
41
4
36
33
30
36
47
40
36
31
22
40
29
40
12
24
65
60
31
22
12
95
16
46
53
39
33
26
29
30
41
30
30
31
18
25
30
31
8
21
58
50
24
19
12
87
24
43
51
30
23
24
23
20
34
18
41
10
24
21
29
20
9
52
39
17
9
14
83
30
42
50
27
22
14
27
22
35
17
33
18
30
23
33
23
3
14
48
38
20
13
12
94
29
39
43
27
23
5
28
19
31
9
32
15
16
19
31
23
8
19
46
39
19
19
12
96
32
41
48
34
33
24
37
23
39
12
41
25
20
31
37
20
23
53
49
27
22
17
90
39
41
45
33
36
19
40
21
41
10
34
21
21
27
42
19
5
18
52
52
27
13
16
94
43
12
33
37
26
25
12
27
6
25
33
12
12
15
28
9
10
43
43
10
9
5
89
40
3
28
37
28
26
13
25
2
21
28
10
29
12
30
2
1
10
44
43
4
6
86
29
31
41
34
32
12
29
7
23
27
16
24
11
35
13
18
50
47
6
8
4
101
30
27
40
34
30
19
29
11
23
21
15
14
24
34
14
15
53
46
5
10
98
31
24
38
31
29
19
30
12
26
22
19
22
34
8
1
7
51
41
6
4
98
33
33
48
28
26
22
30
15
27
34
15
27
24
30
15
6
10
51
38
8
11
4
106
34
26
37
17
17
19
23
14
21
21
25
16
23
26
10
2
3
41
32
6
4
96
40
35
49
25
26
32
32
31
30
8
30
31
31
25
32
25
1
16
51
46
23
9
11
115
45
42
59
30
8
30
41
37
42
37
20
43
36
18
33
37
43
8
27
59
61
38
29
16
126
33
30
43
15
16
23
22
25
23
8
28
22
5
41
23
25
15
46
51
30
10
110
33
38
50
20
18
29
23
34
29
16
29
26
16
28
24
25
18
50
56
37
10
9
120
36
39
48
23
20
32
28
43
40
28
31
27
8
37
30
40
22
49
58
45
13
13
128
32
30
36
12
9
25
19
39
39
26
23
18
6
36
24
36
24
36
45
39
7
6
132
38
33
41
15
12
32
22
44
43
33
29
30
10
34
29
39
26
38
44
41
20
12
147
31
38
44
19
16
29
24
41
44
33
30
25
22
36
33
37
16
24
38
39
39
11
20
147
40
43
48
23
20
25
24
35
39
26
26
21
15
27
30
29
5
22
39
35
33
10
25
153
51
57
63
38
5
32
34
33
39
41
27
39
27
30
30
35
38
4
26
55
47
37
9
28
163
47
51
59
32
25
23
26
30
33
18
28
28
21
40
27
33
3
21
53
46
29
10
20
167
49
55
61
33
28
27
30
31
34
17
38
32
16
34
25
33
19
57
54
29
21
29
173
50
55
64
32
14
30
39
32
34
37
19
41
16
16
25
29
32
15
61
62
30
6
23
170
58
37
50
23
3
23
32
25
29
35
17
31
13
20
30
22
28
12
52
56
22
1
11
173
58
36
47
26
28
33
29
34
39
23
41
29
17
25
24
39
8
53
57
23
11
13
180
58
34
47
26
10
28
45
29
37
44
28
33
41
13
41
29
30
15
54
54
22
4
14
199
55
32
44
24
2
28
36
29
34
43
26
31
30
22
38
33
33
1
22
49
45
17
13
212
54
28
42
20
24
26
26
26
38
19
30
18
13
31
35
27
14
43
33
9
8
7
210
61
5
24
44
14
18
26
23
23
35
16
22
35
12
32
29
24
23
39
26
7
9
1
213
55
25
43
10
12
18
17
17
30
10
20
26
5
18
22
23
6
35
21
3
5
1
203
48
42
58
16
14
29
22
26
37
16
24
40
3
31
25
23
24
44
30
12
18
14
212
45
49
69
18
11
12
41
24
33
43
19
19
42
33
29
31
27
48
35
18
15
18
219
52
5
50
71
16
17
8
36
24
32
45
19
29
34
16
35
34
29
3
18
47
38
19
8
22
216
60
7
49
63
12
2
5
31
25
33
45
18
37
38
25
26
34
25
10
43
40
19
24
201
54
36
47
6
2
29
22
27
46
15
26
13
9
15
36
25
34
35
17
12
189
50
9
36
49
10
4
11
31
26
31
48
18
29
2
18
25
37
30
4
37
38
17
17
190
49
30
32
43
11
15
23
23
24
38
10
24
27
16
23
36
11
2
5
34
34
11
17
182
50
30
30
43
13
18
27
19
24
29
6
26
16
15
15
34
15
2
6
36
37
9
10
179
46
8
33
48
19
3
25
29
23
29
25
8
25
17
21
25
31
22
6
43
45
14
10
170
40
4
34
49
20
28
32
28
35
29
14
27
40
19
26
34
26
11
43
49
22
13
175
37
35
49
68
23
9
30
40
33
42
36
22
47
38
32
34
38
37
14
21
48
53
31
2
31
185
42
48
48
63
14
19
26
25
30
30
16
42
44
24
30
29
23
3
8
41
44
26
33
161
39
29
44
56
12
15
25
19
27
27
15
36
26
21
22
21
19
7
43
41
23
28
152
37
16
63
78
30
9
26
35
28
36
37
23
49
47
27
34
31
27
12
61
52
31
6
50
153
34
32
74
87
39
16
32
40
33
39
38
24
51
53
22
30
35
33
3
16
70
55
34
5
56
137
28
41
73
86
42
15
34
36
34
34
31
17
40
45
13
29
31
26
13
69
52
31
4
50
126
37
24
90
102
64
23
56
43
53
40
43
29
65
64
39
39
45
33
13
24
85
66
44
17
66
138
30
25
89
102
65
22
60
36
55
35
42
27
66
54
52
32
41
35
9
20
83
64
43
13
64
133
29
29
74
90
47
3
42
19
38
19
29
12
45
42
17
22
22
23
4
66
50
30
50
104
34
36
75
95
43
6
40
22
39
20
37
19
45
48
22
26
31
23
2
21
66
53
34
52
103
20
15
67
83
27
25
14
29
12
34
15
33
37
24
17
25
21
12
52
45
29
41
99
33
73
84
21
17
19
25
15
40
20
42
38
10
23
28
23
12
50
45
29
49
97
42
58
74
6
2
16
14
14
38
18
33
31
13
34
27
21
17
39
34
21
45
95
36
49
64
15
5
15
32
11
30
27
7
27
22
23
12
30
27
13
24
95
30
58
75
1
7
26
9
22
35
13
42
46
25
34
26
26
22
37
31
16
31
92
38
39
58
10
10
20
29
37
14
26
14
16
13
21
14
24
77
45
54
71
10
5
7
24
8
17
25
43
26
6
25
22
18
20
38
25
4
34
88
42
61
79
23
24
16
30
10
15
20
43
28
16
24
16
13
4
15
47
31
3
43
83
48
66
81
33
5
20
26
12
11
16
50
69
19
36
12
9
20
20
54
37
2
57
75
47
84
92
57
21
38
43
26
23
28
70
78
30
44
31
21
29
76
58
13
5
75
88
52
75
88
54
18
35
36
22
15
20
54
49
29
23
19
19
23
74
55
4
50
82
66
84
100
60
25
43
46
32
23
27
59
63
34
21
29
18
13
19
81
62
11
55
77
69
80
93
54
22
40
44
31
28
24
62
56
32
37
31
23
7
20
75
59
12
58
78
59
74
90
44
8
37
36
34
33
28
9
50
62
32
44
35
36
2
31
66
54
18
50
80
63
68
81
28
4
25
35
31
31
28
7
43
56
23
48
39
23
3
19
54
42
16
43
77
73
52
66
3
5
26
17
26
16
30
42
13
27
24
21
18
32
22
3
32
74
65
62
77
7
3
10
36
24
38
26
13
40
54
16
35
31
33
22
37
30
16
45
75
51
64
77
11
16
14
42
28
39
29
15
37
49
13
47
34
32
2
9
41
35
20
44
70
43
78
95
35
45
38
64
48
56
47
34
49
64
39
45
46
48
16
34
64
57
39
2
58
84
39
3
90
103
53
39
53
65
55
59
52
39
68
66
43
52
49
52
10
36
76
70
47
2
69
84
54
19
70
81
39
20
38
39
36
35
27
17
48
42
11
31
25
30
7
59
55
28
49
59
60
7
81
95
61
38
60
57
54
52
44
34
65
66
28
34
39
43
7
25
78
77
49
64
84
40
75
88
58
17
57
42
50
46
42
32
64
61
32
44
33
42
2
20
73
72
47
58
86
42
1
70
83
53
18
52
41
48
42
41
31
58
49
38
34
32
36
2
26
70
67
46
53
91
46
16
60
75
47
10
46
35
43
38
41
28
45
46
32
27
33
31
18
65
61
43
42
83
45
2
48
64
34
35
24
33
29
34
20
28
30
18
16
28
23
54
50
32
23
72
43
48
66
32
5
34
32
36
36
42
26
28
41
12
22
32
29
14
53
52
36
25
88
43
43
59
22
2
26
30
32
35
44
26
20
39
8
19
33
28
7
47
48
32
18
85
60
23
43
61
18
7
21
35
27
36
45
27
22
41
11
22
35
26
12
46
48
31
17
84
49
22
38
61
15
16
30
20
33
42
26
21
49
9
30
28
26
14
43
44
26
19
83
37
5
43
58
16
15
28
16
29
40
22
13
47
27
26
24
16
43
44
20
18
87
57
55
69
27
10
22
40
19
35
48
30
27
57
6
36
30
32
24
53
53
26
32
103
65
11
58
78
35
21
27
49
21
43
50
34
45
68
14
58
30
44
30
61
57
29
45
113
56
6
54
73
24
30
15
44
7
30
36
18
35
45
7
31
19
32
7
24
51
40
12
26
101
55
64
83
27
35
17
49
10
35
38
18
48
55
15
37
28
43
8
28
52
37
12
38
108
58
53
72
9
20
17
25
49
78
5
30
14
19
23
28
15
34
101
78
54
72
4
5
27
18
25
44
58
22
28
19
14
5
21
26
12
30
97
91
1
73
95
23
34
18
51
25
43
44
16
65
73
51
49
44
43
19
30
48
36
19
59
112
80
62
82
9
2
5
27
13
28
27
60
50
27
41
29
24
11
13
35
24
6
49
98
83
55
73
2
7
30
8
21
18
48
35
19
27
25
14
4
34
24
1
43
85
88
67
75
11
11
35
18
26
27
62
60
42
16
29
20
12
12
45
36
11
54
89
92
65
73
11
5
9
33
18
18
21
55
28
33
32
31
17
6
44
34
9
50
79
95
65
75
11
11
14
17
12
17
41
36
28
15
25
11
7
44
33
8
52
78
99
74
80
24
1
23
23
25
19
21
55
61
31
23
29
17
11
15
51
42
17
59
89
99
4
95
108
52
44
44
56
45
39
36
16
82
69
42
52
46
36
19
30
75
62
38
1
77
107
96
30
88
96
43
14
36
36
35
31
24
11
62
71
36
38
33
34
10
22
66
50
31
66
92
102
12
80
88
41
33
34
30
24
21
8
58
64
32
40
22
25
5
21
59
45
29
59
89
91
6
91
99
53
29
47
52
45
39
38
25
72
64
40
50
31
33
7
34
72
59
44
71
106
84
26
74
79
43
7
36
37
37
31
33
20
58
58
20
28
27
34
22
57
47
35
57
93
86
28
60
70
30
10
25
43
30
24
29
16
44
42
15
17
22
25
14
48
40
28
41
87
71
16
52
58
20
14
37
21
22
24
15
36
31
17
19
16
29
13
38
32
23
32
81
62
9
55
58
18
15
48
24
34
33
25
45
21
15
18
24
41
11
26
39
36
27
40
83
54
12
44
52
7
9
7
20
30
37
27
36
31
24
41
30
34
11
27
28
25
21
31
91
56
31
36
39
1
6
14
19
31
23
28
40
20
40
26
39
28
16
15
12
24
82
57
22
27
30
1
18
8
21
26
19
18
6
15
21
34
21
14
13
8
16
70
46
37
47
12
15
17
27
36
27
39
43
15
42
33
45
1
30
23
20
17
26
77
43
9
41
50
8
12
27
14
23
33
20
39
48
18
29
28
30
5
29
29
21
14
26
76
48
16
26
45
7
1
3
21
2
15
20
5
22
9
1
18
17
10
8
27
13
2
9
61
39
9
54
68
28
12
24
45
19
36
34
20
42
52
20
30
31
32
3
25
50
33
19
28
64
34
5
43
57
23
9
15
34
6
23
20
3
24
37
6
16
18
14
12
43
23
4
18
53
37
44
63
31
17
24
26
15
22
29
11
36
55
17
38
28
26
18
50
30
10
20
66
40
19
47
60
33
27
35
20
32
33
15
40
53
19
24
31
30
4
23
50
33
14
18
71
42
19
41
53
27
21
29
17
35
30
12
32
31
10
22
28
30
1
17
45
30
12
17
74
32
33
46
16
15
15
17
19
29
7
19
37
20
30
32
17
13
34
22
9
9
77
35
42
46
18
18
21
25
19
36
9
29
25
25
20
35
13
1
10
32
23
14
22
82
37
4
53
53
20
21
22
31
22
43
16
48
37
25
25
41
20
6
7
35
27
20
35
94
36
10
48
48
12
12
14
26
11
39
9
39
29
17
5
36
13
5
27
21
14
28
92
24
48
47
11
10
14
23
9
37
7
38
28
19
7
32
9
3
25
20
14
29
90
21
57
55
20
16
14
27
11
42
11
44
41
33
18
34
11
24
32
27
19
40
97
21
3
66
69
31
4
26
26
34
22
50
21
51
40
25
9
39
23
12
10
45
38
28
50
99
16
16
63
74
28
5
23
29
30
25
50
26
48
51
24
22
35
22
8
47
38
29
44
89
18
70
79
32
14
29
49
35
40
60
42
53
64
36
42
40
30
16
10
54
46
40
51
83
18
71
83
28
20
27
66
34
48
61
45
56
63
34
32
34
35
29
23
55
47
43
52
91
30
48
65
5
18
13
30
39
26
35
36
9
27
10
22
1
12
31
25
24
31
76
32
7
63
85
4
50
10
47
27
45
47
37
43
38
14
43
25
36
19
49
38
37
48
76
32
3
78
95
13
32
20
70
41
62
61
52
58
100
28
54
38
52
8
44
60
50
51
8
60
94
32
59
72
21
17
31
36
22
29
63
5
27
16
21
13
30
20
25
37
78
34
62
80
10
32
20
33
32
12
27
36
5
25
21
23
7
37
22
24
42
81
37
65
82
6
5
31
24
40
31
12
41
57
12
28
25
37
10
12
40
24
24
46
92
30
73
89
17
9
12
41
24
41
28
12
46
55
21
22
24
31
5
24
46
27
24
52
85
25
74
94
29
12
23
42
33
47
36
24
42
62
25
47
31
37
12
26
52
34
32
48
83
24
59
81
19
14
32
24
37
31
20
33
43
30
24
33
12
40
26
24
34
76
32
6
69
90
26
5
19
30
29
30
34
21
40
35
14
34
30
21
11
44
28
27
52
72
41
5
79
94
32
5
25
41
35
36
37
25
48
51
27
32
35
33
9
48
36
32
62
70
52
84
97
35
18
27
43
35
38
38
27
56
53
12
26
38
40
21
52
38
32
5
71
86
60
1
89
104
38
33
29
37
34
40
43
34
58
59
29
52
41
43
13
36
56
38
32
5
76
74
62
6
80
94
25
28
16
45
23
35
40
30
41
54
19
38
34
36
29
45
27
21
61
56
56
5
64
84
6
20
6
14
24
13
35
43
10
24
22
20
6
25
3
50
38
51
73
89
7
19
4
18
26
15
45
66
9
15
22
23
1
14
24
3
64
27
57
2
62
69
7
4
22
7
33
30
5
10
16
17
6
18
1
55
28
52
26
61
68
8
1
29
5
6
31
12
34
28
15
18
24
20
6
6
30
14
56
28
51
42
67
76
10
1
2
28
5
15
31
11
36
31
16
17
23
19
8
35
18
57
21
55
29
70
76
6
3
6
22
46
38
10
33
15
12
20
30
9
61
25
49
20
83
88
24
10
47
11
20
31
6
58
76
20
28
24
22
3
25
46
25
1
83
37
39
32
93
100
37
15
20
32
15
30
32
8
68
61
22
35
24
30
47
22
61
36
8
90
39
39
32
84
92
29
8
12
12
4
16
16
60
60
12
