10
2
7
14
14
21
11
17
65
19
29
10
4
8
7
7
11
8
142
9
36
4
16
32
3
6
12
14
20
10
20
4
19
24
20
7
17
3
7
5
10
16
148
14
54
2
10
20
9
5
12
14
18
11
17
5
1
23
2
13
20
30
8
6
24
12
157
18
31
26
10
2
11
15
18
15
16
7
13
19
20
5
3
8
6
24
9
160
24
31
32
10
11
8
16
9
9
16
4
1
7
8
7
1
9
5
16
9
169
29
55
4
20
9
16
7
14
4
5
12
11
33
27
3
11
2
9
10
5
24
7
162
25
43
17
12
19
12
6
10
12
9
5
17
14
11
37
7
10
12
8
5
27
14
160
30
22
13
20
9
5
10
14
7
4
18
9
28
11
8
6
12
7
8
5
24
13
171
29
21
15
12
32
8
9
10
12
12
3
16
9
16
13
16
15
9
5
25
11
187
31
13
10
4
4
9
9
9
11
13
14
7
17
7
2
7
9
13
8
5
24
13
199
37
38
4
10
31
8
7
9
16
12
14
17
16
12
51
8
16
3
21
8
7
27
9
177
32
19
17
23
37
10
9
11
16
15
14
21
15
5
26
8
13
17
15
7
7
26
12
177
27
3
7
19
16
27
8
4
10
12
15
7
24
26
26
10
10
3
23
12
7
6
38
16
103
8
21
25
6
10
8
14
10
7
12
12
4
25
1
11
15
21
6
6
39
8
95
10
28
9
9
13
11
9
11
13
7
35
7
10
9
20
6
5
32
8
69
1
5
6
46
10
4
9
12
7
7
15
20
21
10
7
17
8
5
30
10
51
19
1
10
30
17
8
10
13
9
7
10
13
14
2
5
7
5
31
11
65
7
2
14
12
1
9
12
14
7
11
10
23
10
19
4
13
5
5
24
5
76
29
3
19
2
2
8
14
9
9
14
12
15
19
8
14
11
9
3
6
28
2
59
10
45
17
39
11
3
11
16
14
13
16
22
9
13
12
14
6
5
3
4
7
36
10
42
15
42
12
35
7
7
11
17
20
17
19
19
14
21
22
18
16
3
7
33
15
37
11
35
14
34
6
10
11
16
19
12
21
20
39
20
14
16
3
3
7
36
14
49
11
19
4
35
10
4
14
15
23
9
21
19
26
35
29
3
19
5
7
28
13
48
3
10
1
29
6
13
16
25
14
18
19
5
13
22
14
24
27
3
8
18
9
40
13
22
9
5
12
16
17
14
18
21
13
9
9
23
27
4
8
40
12
55
21
1
18
8
5
12
16
18
13
19
11
49
22
18
12
14
10
2
8
53
11
47
2
3
5
28
8
8
12
14
18
12
17
16
6
32
20
11
14
16
3
8
37
5
49
4
25
10
8
2
12
13
14
10
8
8
6
5
2
3
5
7
21
26
3
29
10
11
15
15
17
17
12
1
5
2
8
12
20
4
29
11
13
14
18
14
4
9
2
5
5
7
35
2
9
28
2
36
2
21
21
20
6
10
14
18
11
8
6
25
2
19
8
4
2
8
24
14
46
48
5
15
2
16
2
9
10
9
9
5
31
8
3
10
7
5
16
5
27
47
22
23
19
2
10
9
8
14
8
10
9
11
18
9
4
20
1
27
24
18
30
24
2
6
8
13
13
7
18
5
10
9
2
5
6
11
4
57
42
10
21
4
13
8
2
9
13
15
8
10
1
31
5
11
6
9
7
6
20
2
40
64
15
36
7
1
8
12
11
5
10
7
19
7
13
7
5
27
5
25
46
13
26
15
2
8
10
8
3
7
20
5
1
8
5
17
2
27
17
19
17
2
9
10
13
3
26
13
9
5
11
32
15
4
2
7
1
9
13
15
9
2
10
2
6
7
6
22
12
49
10
16
8
8
9
12
10
7
13
8
9
5
22
16
60
4
11
13
30
13
8
6
10
12
8
7
3
2
11
3
25
10
43
13
42
3
1
18
14
14
7
7
14
5
5
4
12
11
7
9
5
22
7
37
23
41
1
24
14
6
9
15
12
9
8
8
12
3
5
9
6
13
41
28
59
14
16
10
3
9
14
14
7
3
1
31
14
4
6
19
10
6
7
40
26
63
9
30
5
8
9
15
14
13
3
7
13
6
11
9
7
3
28
30
35
6
14
47
38
4
5
8
15
14
13
1
5
12
10
13
6
5
7
6
9
3
30
32
25
6
25
8
38
11
2
7
13
9
6
7
4
4
19
1
2
7
3
10
5
25
4
42
27
65
2
28
11
4
8
14
9
8
4
8
1
13
10
6
9
62
25
69
19
13
2
9
13
9
7
1
5
12
6
3
12
5
6
23
35
33
22
19
5
7
11
3
1
4
1
2
15
14
4
19
37
48
36
23
20
10
5
6
13
6
3
1
4
10
1
2
12
5
12
48
58
68
19
27
30
5
4
6
15
7
9
4
6
9
5
10
22
57
86
20
28
14
22
11
3
8
13
9
8
43
1
7
8
6
2
25
50
64
12
6
6
12
10
1
7
12
4
4
1
4
15
9
5
9
2
23
44
33
14
5
1
5
14
1
3
5
1
28
8
5
7
26
44
34
2
15
8
3
7
12
4
2
22
7
5
5
40
42
46
2
28
9
2
7
11
7
1
2
1
19
14
5
1
8
5
21
3
35
47
31
4
35
7
8
14
13
7
6
23
18
10
8
5
6
7
6
17
23
54
11
8
24
11
9
13
10
5
6
6
9
7
4
5
7
6
15
1
41
54
18
10
18
22
10
6
9
13
10
2
4
4
6
9
2
10
5
13
3
26
50
59
5
9
7
1
10
13
16
6
7
4
1
15
3
18
4
1
10
6
14
34
22
36
15
14
1
10
12
11
6
11
17
10
9
3
9
6
19
7
33
7
11
14
37
16
2
9
11
8
2
9
4
15
5
10
5
14
3
37
8
36
16
28
10
5
8
12
7
1
5
3
7
7
11
9
5
12
56
4
20
20
23
7
8
10
13
12
10
28
6
7
6
31
9
10
7
13
5
3
8
14
11
10
7
10
3
7
6
7
17
13
12
7
34
6
9
4
13
2
5
1
9
6
8
6
16
22
10
14
19
12
9
12
13
9
7
31
6
14
7
7
7
1
39
7
12
21
14
10
9
14
11
9
4
14
2
5
2
26
6
7
12
31
25
12
4
19
7
3
8
17
12
14
2
5
22
9
5
4
8
12
10
8
9
3
42
6
10
14
15
8
5
7
23
11
15
1
5
23
5
7
14
4
27
10
11
38
6
4
8
14
7
5
12
5
21
1
7
6
15
9
39
13
8
25
6
4
9
16
16
11
8
7
10
9
6
7
9
3
31
34
30
13
28
8
9
9
13
11
10
6
2
7
7
7
8
5
20
3
26
11
2
7
7
29
9
6
8
14
10
3
12
10
2
8
6
17
7
28
9
43
12
2
10
18
16
10
6
8
3
7
8
2
7
8
10
5
19
2
1
19
17
8
7
9
17
13
7
8
6
6
26
10
3
6
7
30
9
44
17
3
6
16
6
5
9
19
15
16
3
5
1
3
5
3
3
9
16
2
24
4
4
33
13
5
9
16
11
10
3
1
11
2
3
7
7
4
3
13
5
16
5
8
7
16
10
9
5
3
37
3
6
7
7
8
5
30
12
15
28
5
3
7
18
4
11
9
7
16
33
9
21
6
7
11
4
36
20
1
26
23
7
2
7
16
6
6
9
8
13
11
4
25
7
6
11
11
30
1
4
12
7
26
7
8
7
16
10
5
1
9
1
23
2
7
7
7
7
6
7
27
1
4
14
32
13
9
7
17
6
5
11
13
24
7
9
8
6
18
13
38
8
5
3
15
25
9
5
9
19
16
12
17
12
14
11
9
17
6
8
15
13
44
8
18
18
13
3
11
18
21
10
12
5
33
18
21
5
10
1
7
7
15
3
34
7
13
22
10
10
9
16
15
6
14
14
26
18
24
1
16
21
9
7
17
8
37
10
22
10
11
8
19
14
11
10
12
17
13
11
4
20
7
7
4
28
14
13
19
7
9
19
14
11
9
1
17
10
7
1
7
7
1
7
40
14
28
41
25
41
10
6
8
19
14
12
9
6
19
10
7
7
4
12
5
7
7
22
9
44
8
30
4
31
23
7
13
6
18
12
8
7
3
2
4
3
8
6
8
4
21
13
13
9
20
11
11
7
16
8
4
10
8
21
10
5
10
10
26
22
13
32
33
49
13
5
7
15
5
18
18
13
34
4
6
4
11
4
26
19
46
18
27
8
19
2
47
6
12
6
17
8
7
13
6
9
6
2
8
6
11
9
32
22
38
5
4
38
7
13
5
19
5
12
7
8
17
5
6
6
7
5
9
24
8
8
12
24
11
3
7
17
8
8
12
17
43
4
3
13
6
6
14
12
27
23
6
1
41
8
3
8
16
15
7
9
6
8
10
1
24
5
6
3
5
32
24
24
1
9
14
34
8
5
6
16
10
4
12
6
34
2
7
5
6
9
36
22
46
25
7
7
3
7
17
13
8
9
8
23
5
6
15
7
5
15
6
34
27
20
3
14
18
7
7
16
8
2
6
3
7
1
1
1
9
4
2
18
37
16
2
1
47
13
4
7
16
11
4
13
11
16
40
3
5
3
8
5
10
6
37
44
53
9
10
36
5
5
8
16
17
6
13
5
6
23
15
3
12
1
5
5
25
7
44
41
72
14
13
5
9
15
18
4
14
4
26
1
15
8
5
5
12
8
39
31
47
3
8
16
7
4
9
16
19
9
13
9
19
12
10
3
7
13
5
6
17
11
23
36
20
2
27
22
27
9
1
9
16
18
7
19
4
8
15
8
10
14
5
6
13
13
32
39
34
14
12
28
14
3
10
16
17
5
12
4
15
3
16
5
6
5
7
11
47
34
58
9
10
8
8
16
14
6
6
1
5
10
2
5
6
5
8
9
32
34
46
10
8
3
8
16
13
5
12
2
24
8
10
30
7
5
5
12
34
31
22
28
5
5
6
17
13
8
3
21
8
2
5
6
7
2
32
34
36
10
9
34
6
2
7
20
16
14
4
1
22
12
4
6
1
7
3
36
32
65
22
23
20
7
7
19
11
11
11
20
6
10
3
6
10
37
27
45
4
9
8
8
4
6
16
7
7
9
18
5
8
7
4
6
31
26
2
5
8
3
22
15
9
15
12
5
19
2
7
6
1
11
8
5
25
16
43
22
6
25
36
13
9
17
12
10
21
2
5
3
7
6
9
20
43
19
40
3
2
11
13
13
6
8
17
12
8
12
50
2
5
11
6
7
5
2
7
34
12
50
11
31
17
13
13
10
5
15
8
3
15
2
20
12
2
1
5
1
10
3
19
13
25
6
16
5
17
21
49
6
1
7
15
13
5
19
9
5
30
8
24
5
8
5
13
17
23
3
6
14
14
27
16
10
16
16
6
14
12
28
3
11
3
20
12
8
5
16
11
39
10
45
11
23
11
6
7
15
9
3
15
10
25
14
6
10
4
18
11
49
5
45
2
6
28
7
2
9
16
18
7
21
11
36
26
12
7
5
16
17
48
3
5
34
21
11
5
8
17
17
9
22
8
8
3
18
13
1
6
6
7
18
46
23
14
20
5
5
7
19
18
11
17
10
19
3
16
2
18
6
6
7
7
12
59
12
10
7
9
29
11
9
19
20
15
16
6
28
6
8
10
13
4
8
22
12
49
30
1
7
1
22
11
2
8
17
17
9
13
5
35
3
5
31
6
7
21
11
52
2
3
3
21
10
1
9
17
22
10
17
7
37
14
21
6
6
8
13
11
67
11
2
30
12
10
19
22
14
19
3
3
12
14
1
9
3
6
9
9
14
62
5
5
18
10
12
5
8
20
19
13
17
9
27
9
3
16
7
5
8
16
18
83
25
32
9
13
2
4
8
23
20
22
21
8
3
7
16
4
15
1
10
20
18
65
35
13
36
4
2
11
23
27
23
16
8
20
19
16
9
13
1
10
12
13
46
12
24
14
24
32
12
3
12
19
22
12
22
11
42
26
15
1
17
6
8
16
17
67
19
8
2
16
17
6
11
17
20
9
20
6
9
32
12
13
6
9
7
15
15
80
18
11
14
5
41
14
3
12
16
23
9
24
11
13
13
23
32
2
8
7
19
19
84
16
25
28
29
39
9
4
12
18
26
12
25
20
27
23
25
4
21
9
5
6
8
22
25
82
7
14
40
23
24
9
4
12
19
26
12
26
15
23
21
33
4
20
12
5
8
26
27
81
2
25
26
13
43
8
2
10
19
19
10
32
14
17
10
10
2
23
25
5
7
27
29
86
9
25
12
28
9
31
8
5
7
19
14
10
25
17
24
18
7
4
14
11
5
7
22
20
67
9
9
5
15
14
16
14
4
7
19
12
10
19
7
15
6
8
11
19
2
4
7
23
10
37
11
14
5
34
14
7
5
20
8
10
18
5
16
2
7
7
7
6
5
14
17
23
14
14
9
17
34
7
7
20
10
10
28
22
38
9
8
15
7
7
4
6
33
27
57
9
7
21
35
27
29
7
8
19
14
13
28
17
23
33
11
7
8
17
4
7
27
26
66
7
20
11
28
20
26
13
4
7
17
14
11
23
6
16
13
12
6
1
7
6
18
25
21
8
5
9
17
11
10
17
23
14
26
7
37
11
23
20
38
6
5
6
16
26
27
7
8
14
15
11
6
9
18
24
15
18
1
18
9
18
1
15
9
3
7
6
16
29
14
16
26
30
22
10
8
18
19
15
20
13
5
3
9
4
8
5
4
7
21
11
22
19
29
27
14
23
8
9
18
20
14
25
13
18
10
3
12
18
5
7
18
20
25
16
4
24
5
18
11
3
9
18
21
10
23
9
33
8
4
17
6
6
7
28
27
24
15
16
16
19
4
11
17
25
9
26
7
52
10
17
19
15
6
6
26
23
34
14
21
1
36
5
27
13
3
10
17
24
8
24
10
11
9
25
14
8
7
6
14
24
33
11
38
3
38
36
26
10
4
8
17
16
7
26
10
8
10
6
2
4
23
6
5
16
23
32
10
12
24
25
18
32
13
1
8
18
16
8
22
7
5
3
9
10
2
6
5
21
18
19
15
3
33
6
14
47
18
8
18
16
8
20
14
31
9
3
10
12
7
5
28
21
32
16
29
19
41
19
18
5
8
18
12
6
27
10
38
41
7
5
3
11
8
4
16
26
24
15
46
20
44
50
36
13
4
7
18
11
5
27
22
15
8
19
5
13
1
8
4
23
29
20
15
28
27
40
27
45
17
1
9
17
16
4
31
23
21
36
5
12
5
8
4
21
30
55
17
5
13
32
20
30
15
5
6
19
9
7
33
18
24
41
6
5
36
8
9
5
26
28
101
15
21
3
30
17
43
12
8
3
20
4
7
32
25
30
2
16
8
14
9
4
45
27
133
16
60
23
6
10
41
14
9
6
19
12
7
27
16
11
10
20
19
8
7
5
25
26
137
17
49
23
42
26
41
14
10
5
19
6
7
23
19
22
21
1
12
45
10
8
4
32
23
97
29
20
9
38
33
25
12
8
6
19
14
8
19
14
55
18
7
3
1
6
7
5
24
21
4
38
34
4
10
1
11
10
6
7
20
18
11
14
4
24
18
18
7
15
25
1
6
5
3
14
32
59
25
2
2
24
12
5
7
19
15
8
14
8
9
22
10
3
17
9
6
5
5
9
28
42
7
20
25
6
11
5
19
12
8
17
6
18
9
5
10
10
4
5
16
10
37
12
8
32
9
3
5
20
10
10
16
17
7
29
2
6
11
21
3
6
24
13
44
23
26
37
23
45
13
1
7
21
15
9
23
28
21
29
12
3
10
15
11
3
7
29
23
43
57
20
32
20
35
12
11
8
21
19
12
26
17
22
29
14
11
8
29
2
5
6
25
20
31
61
1
18
46
17
7
11
21
22
13
27
22
7
30
16
10
19
14
1
6
7
22
16
28
25
8
35
47
8
7
11
23
25
16
24
23
12
21
14
21
2
1
8
27
21
30
12
10
31
29
39
7
4
12
24
34
19
27
17
12
22
30
16
26
35
9
36
24
27
34
20
43
21
44
11
6
11
20
27
13
31
24
13
23
23
3
27
37
5
3
8
35
23
29
38
8
24
20
30
7
10
8
20
21
10
20
21
19
29
19
9
21
17
5
1
7
21
19
20
5
15
7
30
10
6
10
21
23
12
18
14
23
43
20
7
18
13
1
7
22
11
27
19
5
32
9
4
10
22
22
15
16
12
43
21
1
12
7
12
11
45
16
21
5
27
11
5
9
20
17
10
10
12
12
37
15
13
16
1
6
9
9
41
13
38
2
25
14
4
8
18
18
8
10
13
5
13
8
20
44
2
5
19
49
16
12
10
8
10
9
21
20
14
11
3
8
4
13
2
1
7
10
4
63
13
18
4
22
8
7
22
15
14
17
11
34
1
13
3
6
25
7
15
15
58
16
21
15
38
20
25
2
1
5
24
12
17
15
9
15
34
12
13
9
13
7
24
13
58
16
44
8
13
35
2
1
6
23
11
18
12
8
56
1
20
1
21
7
13
10
58
15
12
16
6
39
2
7
22
15
16
17
16
28
9
11
12
9
7
21
6
63
25
15
15
4
26
1
4
7
23
15
15
18
13
1
38
4
15
22
8
17
14
54
28
6
13
14
36
5
4
7
20
13
12
23
19
25
7
10
15
50
6
22
16
66
31
48
17
35
9
4
7
18
15
10
25
18
11
10
29
4
15
23
5
32
15
76
24
40
5
6
32
6
5
8
19
16
12
21
8
19
24
21
13
20
20
6
15
17
62
19
17
3
29
22
5
5
10
19
23
14
26
17
49
5
19
10
32
29
1
8
20
20
85
22
21
9
29
2
8
12
18
25
14
25
14
30
30
27
7
8
23
18
90
19
45
1
26
9
14
18
30
16
20
13
16
36
26
19
8
9
17
16
84
16
32
2
12
15
23
8
13
19
29
15
17
14
31
22
5
22
9
1
9
10
12
68
12
7
12
19
10
12
21
24
15
13
4
24
13
7
17
15
8
8
4
62
5
1
19
8
1
10
20
21
13
20
2
24
36
11
4
23
8
8
17
18
77
11
4
36
30
10
8
10
19
19
10
21
7
23
21
3
15
7
10
20
65
13
11
20
8
25
14
4
10
18
19
11
26
13
6
24
15
7
17
5
2
7
16
17
68
2
27
8
18
8
10
16
19
9
25
13
49
16
3
20
41
1
5
23
26
