4994
4993
4365
4994
4994
4994
4994
4994
4993
4994
4994
4994
4993
4993
4993
4993
4993
4993
4993
4993
4993
4931
4850
4843
4978
4979
4978
4360
4978
4978
4978
4977
4978
4978
4978
4978
4978
4978
4979
4978
4979
4979
4978
4979
4978
4978
4629
4843
4837
4984
4984
4984
4249
4984
4984
4984
4983
4984
4983
4984
4984
4984
4984
4984
4983
4984
4984
4984
4984
4984
4983
4832
4837
4830
4969
4969
4968
4156
4969
4969
4968
4968
4969
4968
4968
4969
4968
4968
4969
4968
4969
4968
4968
4969
4968
4968
4734
4830
4824
4968
4968
4967
4085
4968
4968
4968
4967
4967
4967
4967
4968
4967
4968
4968
4967
4968
4968
4968
4968
4968
4967
4747
4824
4818
4958
4959
4958
3988
4958
4959
4958
4958
4959
4958
4958
4959
4958
4958
4958
4958
4958
4958
4958
4958
4958
4958
4766
4817
4811
4952
4953
4952
3924
4952
4952
4952
4951
4952
4952
4952
4952
4952
4952
4952
4952
4952
4952
4952
4952
4952
4952
4714
4811
4805
4947
4947
4946
3836
4947
4947
4947
4946
4947
4946
4947
4947
4946
4947
4947
4946
4947
4947
4946
4947
4946
4946
4757
4805
4799
4938
4939
4938
3767
4938
4938
4938
4938
4938
4938
4938
4938
4938
4938
4938
4938
4938
4938
4938
4938
4938
4938
4710
4798
4792
4934
4934
4933
3692
4934
4934
4933
4933
4933
4933
4933
4934
4933
4934
4934
4933
4934
4934
4933
4934
4933
4933
4730
4792
4786
4926
4926
4925
3622
4926
4926
4925
4925
4925
4925
4925
4926
4925
4926
4926
4925
4926
4926
4925
4926
4925
4925
4712
4786
4779
4920
4920
4920
3556
4920
4920
4920
4919
4920
4919
4920
4920
4920
4920
4920
4920
4920
4920
4920
4920
4920
4920
4707
4779
4773
430
16
16
16
16
440
16
16
16
16
16
16
16
16
16
16
16
16
16
16
16
16
16
16
16
16
484
8
8
8
8
509
8
8
8
8
8
8
8
8
8
8
8
8
8
8
8
8
8
7
7
7
537
570
1
1
1
1
592
1
1
1
1
1
1
1
1
1
1
1
1
1
1
1
2
2
2
2
2
624
2
2
2
2
646
2
2
2
2
2
2
2
2
2
2
2
2
2
2
2
2
2
2
2
2
669
1
1
1
693
1
1
1
1
1
1
1
1
1
1
1
1
1
1
1
1
1
1
1
1
717
740
762
783
804
825
844
863
881
899
914
929
943
958
973
988
1002
1017
1029
1042
1055
1067
1078
1090
1101
1113
1123
1132
1141
1150
1158
1165
1173
1181
1188
1194
1201
1207
1212
1217
1224
1229
1233
1238
1242
1
1247
45
1251
188
1255
337
1258
463
1262
602
1266
726
1268
853
1271
972
1274
1089
1277
1203
1281
1312
1282
1420
1284
1522
1286
1623
1289
1719
1291
1813
1292
1905
1294
1993
1296
2079
1298
2162
1299
2242
1300
2319
1302
2395
1303
2469
1304
2539
1305
2608
1306
2675
1307
2740
1307
2801
1308
2861
1309
2921
1309
2977
1310
3031
1310
3085
1311
3136
1311
3186
1310
3234
1311
3280
1311
3325
1311
3369
1310
3410
1311
3451
1312
3491
1310
3529
1310
3565
1310
3601
1310
3635
1309
3669
1308
3700
1309
3731
1308
3762
1307
3790
1306
3818
1306
3845
1305
3871
1305
3896
1304
3919
1304
3943
1303
3965
1301
3986
1301
4007
1300
4027
1299
4047
1298
4066
1297
4082
1297
4100
1296
4116
1295
4132
1294
4147
1293
4161
1292
4176
1291
4189
1289
4202
1288
4214
1288
4226
1287
4237
1284
4248
1283
4258
1283
4268
1281
4277
1280
4287
1280
4295
1278
4302
1276
4311
1275
4317
1274
4324
1273
4331
1271
4338
1270
4343
1269
4349
1268
4354
1266
4359
1265
4363
1263
4367
1262
4371
1261
4375
1259
4378
1258
4381
1257
4384
1255
4387
1254
4389
1253
4391
1251
4393
1250
4395
1248
4396
1247
4397
1246
4398
1243
4400
1242
4399
1241
4400
1240
4401
1238
4401
1236
4401
1235
4400
1234
4400
1232
4400
1231
4399
1229
4398
1228
4397
1227
4396
1225
4395
1223
4393
1222
4392
1221
4390
1219
4389
1217
4386
1216
4385
1215
4382
1213
4380
1212
4378
1210
4376
1209
4373
1207
4371
1205
4368
1204
4365
1202
4362
1219
4389
1217
4386
1216
4385
1215
4382
1213
4380
1212
4378
1210
4376
1209
4373
1207
4371
1205
4368
1204
4365
1202
4362
1188
4312
1186
4307
1184
4301
1183
4295
1182
4289
1181
4284
1179
4278
1178
4272
845
2761
356
366
378
52
352
360
348
364
368
357
356
346
353
350
370
345
340
351
332
340
328
329
387
344
71
68
67
92
77
76
79
77
77
81
80
84
82
83
78
87
89
89
95
92
96
98
99
95
100
159
121
120
119
88
123
122
123
123
123
125
123
124
122
123
121
124
125
125
127
125
126
127
131
125
49
98
73
74
75
33
74
75
73
76
76
75
74
73
73
73
74
74
73
75
73
73
72
73
100
74
9
46
14
17
17
15
6
16
14
18
17
18
16
15
15
14
18
14
15
16
14
14
13
13
35
15
6
6
5
13
8
7
7
8
7
9
7
8
7
6
6
8
8
9
10
8
9
9
46
8
14
14
33
19
20
20
12
21
21
19
22
21
22
21
21
20
20
21
20
21
23
22
21
20
21
36
21
9
16
19
12
13
12
4
13
13
12
15
14
15
13
13
12
12
13
13
13
14
14
12
11
12
75
12
3
7
28
2
3
3
4
3
4
2
5
5
5
4
3
3
2
4
3
3
5
4
3
2
2
19
3
3
4
3
2
4
5
3
6
5
5
4
4
4
3
5
4
4
5
5
3
3
3
10
3
4
1
1
1
1
3
23
4
5
5
2
6
1
6
5
7
7
7
6
6
5
5
6
5
6
6
7
5
4
5
11
5
1
3
2
1
1
1
1
2
4
3
4
3
5
2
5
2
6
5
6
5
3
4
3
5
4
4
6
5
4
3
3
22
4
1
2
1
2
2
2
1
4
3
4
2
2
2
1
3
2
3
3
3
1
1
1
1
53
1
2
3
2
3
3
3
2
5
4
5
3
3
3
2
4
3
3
4
3
2
2
1
69
2
3
3
2
4
2
4
3
5
5
5
3
3
3
3
5
4
3
5
4
3
2
2
23
3
1
3
1
3
2
3
1
5
4
4
3
3
3
1
4
3
3
4
3
2
1
1
15
2
2
4
2
4
3
4
2
6
5
6
4
4
4
3
5
3
4
4
4
3
2
3
28
3
2
3
2
3
3
2
2
5
4
4
2
3
3
2
4
3
2
4
4
2
1
1
49
1
3
4
2
4
2
3
2
5
5
5
4
3
3
2
5
4
4
5
4
3
1
2
50
3
3
4
3
2
4
5
3
6
5
5
4
4
4
3
5
4
4
5
5
3
3
3
10
3
4
1
1
1
1
3
23
4
5
5
2
6
1
6
5
7
7
7
6
6
5
5
6
5
6
6
7
5
4
5
11
5
1
3
2
1
1
1
1
2
4
3
4
3
5
2
5
2
6
5
6
5
3
4
3
5
4
4
6
5
4
3
3
22
4
1
2
1
2
2
2
1
4
3
4
2
2
2
1
3
2
3
3
3
1
1
1
1
53
1
2
3
2
3
3
3
2
5
4
5
3
3
3
2
4
3
3
4
3
2
2
1
69
2
3
3
2
4
2
4
3
5
5
5
3
3
3
3
5
4
3
5
4
3
2
2
23
3
1
3
1
3
2
3
1
5
4
4
3
3
3
1
4
3
3
4
3
2
1
1
15
2
2
4
2
4
3
4
2
6
5
6
4
4
4
3
5
3
4
4
4
3
2
3
28
3
2
3
2
3
3
2
2
5
4
4
2
3
3
2
4
3
2
4
4
2
1
1
49
1
3
4
2
4
2
3
2
5
5
5
4
3
3
2
5
4
4
5
4
3
1
2
50
3
5
5
3
6
4
5
3
7
7
6
5
4
5
4
7
5
5
6
6
4
2
2
1
27
3
4
6
3
6
4
4
3
7
6
6
6
5
5
3
7
5
5
6
6
4
1
2
45
3
3
6
2
6
4
5
3
7
6
6
5
4
5
4
7
5
5
5
6
4
2
2
63
2
4
6
2
5
4
5
3
8
6
7
5
5
5
4
7
5
6
6
6
4
2
1
86
3
5
5
2
6
4
5
3
7
6
7
5
5
5
5
7
6
6
6
6
4
3
2
1
44
3
5
6
3
6
4
5
3
8
7
7
6
5
5
5
8
6
5
6
6
4
2
2
32
4
4
6
2
6
4
5
3
8
6
7
6
5
6
4
7
5
6
6
6
4
2
2
74
3
5
7
3
6
4
5
3
8
6
7
6
5
6
4
8
6
6
6
7
4
3
2
1
61
3
5
6
3
7
5
5
3
8
7
7
6
5
6
5
8
7
6
6
7
4
3
2
1
17
3
5
7
3
7
4
5
3
8
7
7
6
5
6
5
8
6
6
7
6
4
2
2
1
3
5
7
3
7
4
6
3
9
7
7
6
5
6
5
8
6
6
7
7
5
2
2
22
3
5
7
2
6
5
5
3
9
7
7
6
5
6
5
8
6
7
7
7
4
3
2
1
23
3
5
5
3
6
4
5
3
7
7
6
5
4
5
4
7
5
5
6
6
4
2
2
1
27
3
4
6
3
6
4
4
3
7
6
6
6
5
5
3
7
5
5
6
6
4
1
2
45
3
3
6
2
6
4
5
3
7
6
6
5
4
5
4
7
5
5
5
6
4
2
2
63
2
4
6
2
5
4
5
3
8
6
7
5
5
5
4
7
5
6
6
6
4
2
1
86
3
5
5
2
6
4
5
3
7
6
7
5
5
5
5
7
6
6
6
6
4
3
2
1
44
3
5
6
3
6
4
5
3
8
7
7
6
5
5
5
8
6
5
6
6
4
2
2
32
4
4
6
2
6
4
5
3
8
6
7
6
5
6
4
7
5
6
6
6
4
2
2
74
3
5
7
3
6
4
5
3
8
6
7
6
5
6
4
8
6
6
6
7
4
3
2
1
61
3
5
6
3
7
5
5
3
8
7
7
6
5
6
5
8
7
6
6
7
4
3
2
1
17
3
5
7
3
7
4
5
3
8
7
7
6
5
6
5
8
6
6
7
6
4
2
2
1
3
5
7
3
7
4
6
3
9
7
7
6
5
6
5
8
6
6
7
7
5
2
2
22
3
5
7
2
6
5
5
3
9
7
7
6
5
6
5
8
6
7
7
7
4
3
2
1
23
3
5
7
3
7
5
5
4
9
7
7
6
5
6
5
8
6
6
7
7
5
3
2
1
14
3
5
7
3
7
5
6
4
9
7
7
7
5
6
5
8
6
6
7
7
5
3
2
13
3
4
7
3
7
5
6
3
10
7
8
7
5
7
5
9
7
7
7
7
5
3
3
1
7
4
6
8
3
7
5
5
4
10
7
8
6
6
6
5
8
7
7
7
7
5
3
2
1
39
3
6
8
4
8
5
6
4
9
7
8
7
6
7
6
8
7
7
7
7
5
3
2
1
32
3
5
8
3
8
5
6
4
9
8
8
7
6
7
5
9
7
7
8
7
5
3
2
1
4
5
8
3
8
5
6
4
10
7
8
7
6
7
5
9
6
7
7
8
5
3
2
1
24
4
6
8
3
1
8
5
6
4
10
8
8
7
6
7
5
9
7
7
7
8
5
3
2
1
31
3
6
8
3
8
5
6
4
10
8
8
7
6
7
6
9
7
7
8
7
5
3
2
1
10
4
6
9
3
8
5
7
4
10
7
8
8
6
7
6
10
7
7
8
8
6
3
3
2
4
6
9
3
8
5
7
4
10
8
8
8
6
7
6
10
7
7
8
8
5
3
2
1
15
3
6
9
3
8
6
6
4
10
8
9
7
7
8
6
9
8
7
8
8
6
3
2
1
45
4
6
8
3
8
6
6
5
10
8
9
8
6
8
6
10
8
7
8
8
6
3
2
2
39
4
6
9
4
9
5
7
4
11
9
9
8
6
7
6
10
7
7
8
8
5
3
2
1
19
4
6
9
3
9
6
7
4
11
8
9
8
6
8
6
10
7
8
7
8
6
3
3
1
19
4
7
9
3
8
6
6
5
11
9
9
8
7
7
7
10
8
8
8
9
6
3
3
2
38
4
7
9
4
9
6
7
5
11
9
9
8
7
8
7
10
8
8
8
8
6
3
2
2
21
4
7
9
4
9
6
7
5
11
9
9
8
7
8
7
10
8
8
9
8
6
3
2
1
15
3
6
10
3
9
6
7
4
11
8
9
8
7
8
7
10
8
8
8
9
6
3
3
1
16
3
7
9
3
9
6
7
4
11
8
9
8
7
8
7
10
8
8
8
9
6
4
2
2
41
4
7
9
3
9
6
7
5
11
9
9
8
7
7
7
10
8
8
9
8
5
3
2
2
82
4
7
10
4
9
6
7
5
12
9
9
9
7
8
7
11
8
9
9
9
7
3
2
1
56
4
7
10
3
9
6
7
5
12
9
9
9
7
9
7
11
8
9
8
9
7
3
3
1
26
4
7
10
3
1
9
7
7
5
12
9
10
9
7
8
7
11
8
9
8
9
6
3
3
2
46
4
7
10
4
1
10
7
7
5
12
9
9
9
7
8
7
11
9
8
9
9
6
3
2
2
50
4
7
10
4
10
6
7
5
12
9
9
9
7
9
7
11
9
9
9
9
7
3
3
2
36
4
7
11
4
10
6
7
5
12
9
10
9
8
9
7
11
9
9
9
9
7
4
3
2
24
4
8
11
4
1
10
7
7
5
12
9
10
9
8
9
7
11
9
9
9
9
6
3
2
1
55
3
8
10
4
10
7
7
5
12
10
10
9
8
9
8
11
9
9
9
10
7
4
3
3
64
4
8
10
4
10
6
7
5
12
10
9
9
7
9
7
12
10
9
9
9
7
4
2
2
49
5
8
11
4
10
7
8
5
12
9
10
9
8
9
7
12
9
9
9
9
7
3
3
2
48
3
8
11
3
1
10
7
8
5
13
9
10
9
8
9
8
12
9
10
9
10
7
4
2
2
76
3
8
11
4
1
10
7
7
5
12
9
10
9
8
9
8
12
10
10
9
10
7
4
2
2
66
4
9
11
4
11
7
8
5
12
10
10
9
7
10
8
12
10
9
10
10
7
3
3
3
70
4
8
11
4
1
11
7
9
5
13
10
10
10
8
10
8
12
9
10
10
10
7
3
3
2
52
4
9
11
4
1
10
7
8
5
13
9
11
9
8
10
8
13
10
10
10
10
7
4
3
2
48
4
10
13
4
12
8
9
6
14
11
11
11
9
11
9
13
11
10
11
11
8
4
3
3
18
4
9
13
4
12
8
9
6
14
11
11
11
9
11
9
14
11
11
11
11
8
4
3
3
29
4
10
14
4
1
12
8
9
7
15
11
12
10
9
11
9
14
10
11
10
12
8
4
3
3
44
4
10
13
4
1
12
8
9
7
15
11
12
11
9
11
9
14
11
11
11
11
8
5
3
3
55
4
10
13
5
12
7
9
6
15
11
11
11
9
11
9
13
11
11
10
11
8
4
3
4
104
4
10
14
5
1
12
8
9
6
15
11
11
11
9
11
9
14
11
11
10
11
8
4
3
3
104
4
10
14
5
1
12
9
10
7
15
11
12
11
9
11
9
14
11
11
11
11
7
4
3
3
95
3
10
13
4
1
12
9
9
7
15
11
12
11
10
11
10
14
12
12
11
12
8
5
3
4
94
4
10
13
5
1
13
8
9
6
15
11
12
11
9
11
9
14
12
11
11
11
8
5
3
4
67
4
10
14
5
1
13
9
10
6
16
11
12
12
9
11
9
14
11
11
11
11
9
4
3
3
114
4
10
14
4
1
13
9
9
6
16
11
12
11
9
12
10
14
11
12
11
12
8
5
3
4
57
4
10
14
4
1
13
9
9
6
15
11
12
11
10
11
10
14
12
12
11
12
9
5
3
4
12
4
10
13
4
12
8
9
6
14
11
11
11
9
11
9
13
11
10
11
11
8
4
3
3
18
4
9
13
4
12
8
9
6
14
11
11
11
9
11
9
14
11
11
11
11
8
4
3
3
29
4
10
14
4
1
12
8
9
7
15
11
12
10
9
11
9
14
10
11
10
12
8
4
3
3
44
4
10
13
4
1
12
8
9
7
15
11
12
11
9
11
9
14
11
11
11
11
8
5
3
3
55
4
10
13
5
12
7
9
6
15
11
11
11
9
11
9
13
11
11
10
11
8
4
3
4
104
4
10
14
5
1
12
8
9
6
15
11
11
11
9
11
9
14
11
11
10
11
8
4
3
3
104
4
10
14
5
1
12
9
10
7
15
11
12
11
9
11
9
14
11
11
11
11
7
4
3
3
95
3
10
13
4
1
12
9
9
7
15
11
12
11
10
11
10
14
12
12
11
12
8
5
3
4
94
4
10
13
5
1
13
8
9
6
15
11
12
11
9
11
9
14
12
11
11
11
8
5
3
4
67
4
10
14
5
1
13
9
10
6
16
11
12
12
9
11
9
14
11
11
11
11
9
4
3
3
114
4
10
14
4
1
13
9
9
6
16
11
12
11
9
12
10
14
11
12
11
12
8
5
3
4
57
4
10
14
4
1
13
9
9
6
15
11
12
11
10
11
10
14
12
12
11
12
9
5
3
4
12
4
11
14
5
1
13
9
10
7
16
12
12
12
9
11
10
14
12
11
11
12
9
4
2
4
75
4
11
14
5
1
14
9
10
7
16
12
12
12
9
12
9
14
11
11
11
12
8
4
2
3
54
3
11
14
4
1
13
9
10
7
16
11
12
11
10
12
9
14
12
12
11
12
8
5
3
4
65
3
11
15
4
1
14
10
10
7
16
12
12
12
10
11
9
14
11
12
11
12
8
4
2
4
45
3
12
14
5
1
14
9
10
7
16
12
12
12
10
11
10
14
11
11
11
12
8
4
2
4
13
3
11
15
5
14
9
10
7
16
12
12
12
10
12
10
15
12
12
12
12
8
4
3
4
32
4
11
15
5
1
13
9
10
7
16
11
12
12
10
12
9
15
12
12
11
12
9
4
3
4
29
4
11
15
5
1
14
9
9
7
16
12
13
12
10
12
10
15
12
12
11
12
8
4
2
4
3
12
15
5
14
9
10
7
16
12
12
12
10
12
10
15
12
12
12
13
9
5
3
5
4
11
15
5
14
9
10
7
16
12
13
13
10
13
10
15
13
13
12
13
9
5
3
4
14
4
12
15
4
1
14
9
10
7
16
12
12
12
10
12
10
15
12
13
12
12
9
5
3
4
16
3
12
15
5
1
14
10
10
8
16
12
12
12
10
12
10
15
13
12
12
13
9
5
3
5
3
13
16
5
1
15
10
11
8
17
13
13
13
11
13
11
16
14
13
12
14
9
5
3
6
11
4
12
16
5
15
10
11
8
18
13
14
14
11
14
11
16
14
13
13
14
10
5
3
5
34
4
12
16
4
1
15
10
11
8
18
13
14
13
11
14
11
17
13
14
12
13
10
5
3
5
53
3
13
17
5
2
15
10
11
7
18
13
14
13
12
13
11
16
13
14
12
14
9
5
2
5
36
3
13
16
4
1
15
11
11
8
18
13
14
14
12
14
12
16
14
14
13
14
10
6
3
6
14
4
13
17
5
15
10
11
8
18
14
14
14
11
14
11
16
14
14
