12
6
26
19
7
14
10
11
34
21
59
14
9
4
23
17
5
19
9
5
27
16
119
17
9
2
2
21
8
3
20
9
3
30
18
70
19
10
20
7
1
2
1
6
2
33
18
1
13
4
13
3
7
3
23
12
30
6
6
1
4
16
9
103
7
2
5
5
6
14
8
74
8
5
6
6
6
12
5
3
4
4
4
3
3
2
2
84
3
11
8
5
4
3
82
9
2
7
7
1
10
14
6
3
9
9
3
19
8
12
5
11
6
7
4
3
4
7
6
2
12
74
4
19
2
14
12
1
8
11
10
5
15
90
3
17
6
21
21
6
2
13
7
6
13
17
9
11
12
1
5
2
21
19
3
11
7
4
17
11
16
16
13
4
14
10
5
7
1
10
8
16
19
72
1
16
14
12
7
2
7
4
3
12
13
9
15
12
108
8
5
16
7
19
20
14
5
9
15
23
16
17
21
23
39
12
8
5
9
18
22
20
11
7
17
29
14
18
29
28
2
6
2
1
3
11
15
14
5
3
7
19
10
9
26
26
66
9
1
4
13
5
9
13
21
14
5
8
10
6
29
32
123
3
20
3
14
17
16
18
25
37
27
11
25
8
18
1
13
14
44
36
76
5
24
17
8
18
20
28
43
31
13
29
15
13
2
11
17
46
42
21
19
14
2
14
13
22
40
35
12
29
17
23
7
10
42
43
75
3
20
14
12
14
8
19
44
39
9
33
16
70
9
5
50
35
147
10
29
3
22
17
21
10
26
54
49
12
47
12
100
5
11
11
55
37
107
11
34
27
6
26
10
29
58
59
9
60
9
113
7
10
15
49
26
36
3
28
21
19
17
51
54
49
97
3
8
7
40
15
66
19
11
3
8
6
36
34
23
39
7
31
27
129
3
21
1
9
11
5
5
29
16
6
9
9
4
7
1
32
19
89
7
24
10
1
2
3
31
11
7
3
5
5
5
3
37
19
14
18
8
1
3
29
20
3
12
3
3
1
26
18
30
8
1
18
15
3
1
13
7
101
8
3
8
16
10
9
3
14
10
92
13
3
18
1
4
1
18
3
19
10
8
9
18
10
4
15
9
4
9
16
9
1
86
1
5
1
5
7
90
2
1
4
1
5
28
5
7
3
1
2
2
7
1
11
1
10
60
3
9
5
5
92
3
10
3
1
8
2
2
1
7
5
26
1
7
5
11
4
3
11
12
5
1
8
8
7
54
4
12
7
4
10
6
6
8
106
6
16
1
14
11
3
16
13
4
6
9
13
45
4
7
3
18
17
8
1
15
4
7
10
2
9
16
16
1
14
14
9
3
13
1
8
5
2
16
21
42
4
13
14
13
5
3
14
1
9
12
2
14
26
110
4
8
21
5
22
21
10
6
19
10
14
14
2
4
8
23
33
74
9
2
4
14
11
28
31
19
1
12
21
19
13
10
3
3
15
27
31
4
5
3
1
8
11
26
32
16
15
18
23
10
35
1
13
26
32
5
43
1
4
18
13
24
29
18
20
18
23
19
37
1
11
32
44
5
126
1
8
9
8
28
24
34
42
27
5
29
24
36
20
31
3
7
20
37
44
9
105
5
16
6
16
23
32
41
52
39
10
42
29
46
25
25
5
7
29
45
45
16
35
8
13
1
12
13
27
38
47
34
9
32
26
40
28
48
3
3
25
47
56
18
49
1
11
11
4
10
17
26
33
44
1
33
7
31
23
38
24
49
2
3
19
51
57
19
133
4
14
1
17
11
18
27
32
36
48
6
42
11
43
28
47
32
61
5
7
23
58
58
26
134
7
19
6
25
7
25
23
38
43
57
9
48
14
42
31
53
29
65
8
9
32
66
63
29
59
2
14
25
28
14
41
41
56
2
52
7
50
26
53
26
47
5
8
33
65
61
19
56
3
16
2
21
19
36
37
50
36
2
41
25
45
28
34
7
29
49
60
15
124
2
17
9
23
33
39
38
52
35
2
39
28
47
24
47
10
31
48
66
15
135
6
23
5
29
31
43
43
57
43
41
30
52
25
50
3
11
39
52
62
14
58
3
22
28
21
42
42
57
37
42
27
55
15
58
1
9
40
50
47
9
37
17
25
21
42
37
53
36
49
22
61
9
97
9
35
40
45
111
15
22
35
38
39
53
28
39
24
52
10
69
11
33
32
40
134
20
23
34
37
44
55
27
27
29
39
14
13
36
38
44
2
59
24
28
22
39
45
57
38
39
26
50
8
27
1
14
37
45
47
1
26
17
19
18
32
39
48
26
30
23
38
7
21
11
30
35
48
82
15
19
29
32
34
43
22
29
18
32
14
27
25
45
128
20
24
30
37
39
49
27
31
22
45
5
43
2
16
32
28
45
68
21
24
18
36
37
46
26
27
18
37
3
13
3
13
32
27
29
5
15
19
9
30
28
37
20
31
10
30
1
11
25
17
13
54
7
10
17
23
22
29
9
16
8
23
17
12
18
12
15
113
12
11
20
20
21
27
13
13
7
21
9
4
14
19
16
10
68
15
12
11
19
23
30
15
17
11
25
4
15
6
12
20
18
11
1
7
3
3
10
15
22
5
6
6
17
27
3
8
13
12
8
31
4
12
6
8
15
2
8
4
12
2
16
1
8
8
6
6
104
9
5
19
9
11
18
11
12
9
17
4
12
5
12
12
13
10
81
1
16
10
12
11
14
21
18
15
10
19
2
10
9
13
16
22
11
2
10
10
5
3
8
12
18
13
13
10
17
10
13
6
9
11
16
11
21
2
9
5
9
13
7
10
9
11
10
10
2
7
5
12
11
100
5
2
2
21
9
14
18
12
14
16
16
13
18
6
8
8
17
19
99
6
8
10
2
4
17
9
19
23
19
1
12
23
22
18
32
10
6
12
25
19
11
19
8
10
7
7
5
16
19
19
3
14
21
18
20
27
8
1
7
28
18
14
14
7
4
1
11
12
13
8
3
10
21
13
20
23
3
23
23
12
96
10
8
1
13
26
2
17
17
8
14
12
14
28
17
24
24
4
2
28
32
21
117
18
18
9
7
16
30
10
29
29
18
28
23
25
38
30
37
36
8
11
41
4
41
31
49
18
18
10
7
12
23
10
31
31
21
30
28
28
42
32
45
42
5
12
44
6
54
35
27
17
15
7
2
15
25
7
25
25
24
27
28
29
41
26
42
30
7
41
11
69
36
103
16
14
8
5
23
39
12
28
26
25
27
31
34
43
29
48
30
1
10
42
9
99
36
144
20
22
15
15
26
8
41
19
33
34
33
38
39
38
48
38
53
53
5
18
52
12
134
48
75
30
31
19
20
21
13
28
22
32
34
41
44
42
42
45
41
56
55
6
19
60
23
159
55
37
23
23
13
15
18
9
23
18
24
24
36
36
36
39
39
30
52
40
1
14
52
21
222
48
98
19
18
11
13
24
10
32
19
20
21
35
33
33
38
34
28
45
34
1
13
44
18
282
45
144
22
23
14
21
23
18
32
24
24
27
35
37
34
39
32
36
49
61
5
3
20
47
16
301
45
86
18
21
12
27
11
24
17
27
24
33
25
43
26
47
22
45
37
64
7
5
24
43
8
266
34
28
11
15
5
20
4
17
4
18
7
13
20
29
17
38
7
22
24
8
3
4
16
27
6
205
28
63
10
13
3
16
8
10
10
9
18
15
12
15
3
14
14
1
5
9
22
7
90
24
118
12
18
5
23
8
17
13
16
2
12
15
20
7
16
15
20
5
10
15
25
4
18
74
13
21
4
27
20
1
16
1
10
9
21
14
6
4
6
11
17
24
14
7
15
22
16
14
7
15
11
7
3
2
8
12
16
30
10
17
12
13
4
7
9
3
7
1
7
5
6
99
10
19
25
17
9
15
1
10
15
11
8
9
5
8
6
14
81
20
32
2
34
23
3
20
8
21
27
18
19
20
10
6
8
25
11
19
32
30
19
17
9
20
25
18
17
16
9
1
4
22
26
15
27
25
14
3
14
6
16
19
17
12
9
5
1
15
105
15
28
26
15
13
16
8
17
17
13
11
10
8
4
3
12
96
21
34
29
19
10
20
13
22
22
16
4
18
10
12
6
11
19
18
20
33
23
14
16
7
15
18
12
10
9
5
10
12
9
14
25
12
5
2
9
5
6
5
4
5
4
79
16
24
13
5
16
10
1
4
7
8
7
6
9
6
90
18
26
16
8
12
11
5
7
6
7
5
9
10
12
9
13
23
15
6
1
8
5
8
6
1
7
8
9
12
21
27
7
3
2
6
4
59
20
21
1
11
5
4
92
13
16
3
1
13
3
13
7
6
3
11
32
35
6
5
3
30
9
2
9
9
31
27
2
4
12
42
10
7
3
11
6
3
8
89
24
25
4
5
14
7
6
7
2
2
13
44
40
41
9
5
4
4
17
3
21
8
9
5
4
15
14
8
32
28
5
1
5
4
1
10
4
3
1
12
19
31
26
22
2
5
11
9
1
49
1
2
7
16
96
32
35
7
1
6
14
3
5
3
5
9
3
8
7
6
11
8
18
68
40
44
12
9
1
2
7
14
3
6
6
3
4
19
12
5
1
19
13
21
4
37
40
7
7
4
13
5
1
17
8
3
16
13
20
1
34
32
36
4
5
12
12
7
3
12
10
23
110
32
39
7
12
3
7
20
13
3
9
9
7
18
7
28
89
35
45
11
21
3
1
30
21
1
6
1
9
12
7
25
7
30
1
14
37
46
11
20
2
2
31
20
6
24
10
2
29
13
30
2
31
40
46
10
17
4
26
18
16
8
32
20
41
1
119
43
48
13
23
2
3
2
5
33
22
5
14
11
3
33
20
46
3
115
39
49
15
31
1
12
1
5
3
9
5
43
29
14
6
6
14
4
1
37
12
42
5
39
30
41
10
30
13
8
6
12
3
44
39
16
6
10
2
2
35
6
53
4
34
34
43
7
27
9
5
1
8
7
49
42
13
8
5
7
43
14
54
8
119
46
54
13
29
8
8
9
4
2
12
18
47
3
25
1
19
9
67
9
50
27
61
20
132
42
49
15
33
6
16
6
12
11
22
16
48
7
38
6
28
10
55
11
3
3
47
18
62
19
52
34
42
11
30
13
9
15
25
13
42
9
23
8
21
15
36
7
1
4
46
9
60
17
25
30
38
5
24
8
1
5
11
20
11
41
5
23
5
16
12
41
3
46
11
69
15
99
30
38
5
25
9
11
14
10
14
23
10
42
7
34
6
20
11
25
4
3
48
9
70
13
143
33
40
10
30
11
15
17
15
24
32
12
43
10
27
11
29
17
45
6
5
8
48
9
72
19
68
28
36
7
29
2
17
6
16
25
35
8
46
8
34
10
30
18
37
5
4
9
49
1
75
15
26
22
29
1
21
1
9
3
10
20
29
4
36
5
25
6
21
17
25
1
3
3
43
1
77
10
85
20
28
18
8
7
15
11
18
29
3
37
5
29
7
23
18
29
4
2
42
1
85
10
139
21
28
3
21
8
12
16
15
20
32
3
38
6
30
9
29
21
33
3
6
7
43
81
11
81
17
25
2
23
13
4
17
19
34
37
3
29
5
36
7
60
4
6
10
36
63
6
13
10
18
16
6
9
12
25
29
23
3
23
10
34
4
3
33
61
62
7
14
10
5
3
9
16
3
2
18
5
25
62
117
9
19
18
1
6
9
6
5
16
24
10
2
10
10
4
9
3
27
61
74
9
22
21
10
9
5
15
28
14
1
11
8
6
10
7
31
51
7
8
12
4
3
6
16
4
1
1
8
3
16
45
28
2
6
1
7
10
9
8
31
98
11
10
2
1
12
3
12
1
16
33
76
13
15
7
3
14
1
6
13
6
18
27
7
11
3
4
2
10
2
12
30
8
2
5
10
9
5
38
83
9
10
2
1
5
13
7
22
77
1
15
18
9
8
10
16
5
12
15
10
15
7
4
7
12
2
9
21
8
10
3
2
4
10
8
22
74
1
14
15
7
8
8
13
13
29
95
4
19
23
13
1
14
13
15
4
17
28
17
7
22
25
14
16
14
12
2
20
20
11
23
23
11
15
12
9
21
19
71
11
23
26
13
18
4
13
13
18
20
108
14
27
33
21
6
24
9
17
16
5
19
12
36
12
30
37
24
10
2
34
16
6
15
18
15
9
34
19
3
13
28
31
18
7
1
26
14
5
3
25
15
12
2
30
29
71
10
21
26
15
1
5
2
16
7
1
8
4
13
12
15
22
109
19
30
1
36
25
4
15
1
14
34
22
20
6
32
19
15
7
35
37
2
69
28
39
5
39
26
14
6
17
4
36
2
21
3
18
15
25
21
13
8
39
44
8
12
14
28
30
19
8
6
22
11
3
16
10
3
21
18
46
19
28
30
19
10
7
27
22
14
21
16
10
26
22
124
31
35
5
31
1
19
5
10
1
11
6
25
15
11
7
13
19
11
3
23
7
31
10
71
30
39
4
34
23
16
5
18
1
26
20
21
25
20
12
9
24
19
3
6
32
36
3
30
21
16
4
18
4
27
25
24
3
31
18
11
4
24
9
22
6
44
34
36
1
24
14
9
10
3
17
15
13
18
16
10
14
16
21
4
109
32
36
3
24
15
6
12
2
13
11
8
9
6
19
14
2
9
9
24
1
80
40
39
9
27
18
14
6
18
8
15
9
12
2
21
13
7
13
19
22
9
2
43
42
8
21
12
7
6
6
12
11
3
17
9
1
10
27
21
5
18
31
28
1
9
2
12
8
18
3
84
30
24
4
6
4
12
12
20
68
36
30
11
9
1
7
15
9
27
14
5
34
27
10
3
2
11
4
30
28
18
6
7
3
29
37
29
18
8
9
4
31
50
33
24
13
1
12
7
32
31
19
14
4
10
2
35
22
9
8
4
33
4
21
7
8
3
1
33
39
30
14
16
7
8
2
40
36
21
20
14
9
50
31
15
15
12
5
50
28
7
17
15
2
53
36
38
18
25
4
23
7
62
41
21
28
26
7
65
36
13
24
26
3
67
35
12
22
2
25
4
68
43
41
19
28
5
28
8
70
3
45
25
32
33
11
72
1
45
24
30
35
9
77
2
45
22
28
1
34
9
79
3
43
50
30
32
6
37
4
14
79
6
28
56
38
37
3
4
41
10
17
80
12
53
35
33
2
42
14
14
81
10
53
34
30
3
40
6
1
13
86
2
12
48
57
40
34
3
11
42
9
11
15
87
16
52
61
45
38
9
11
45
18
4
1
18
86
19
58
42
36
7
5
44
15
2
17
86
19
50
33
29
9
39
11
8
10
83
13
41
50
32
30
14
5
37
10
10
10
80
12
61
50
36
33
3
13
3
36
16
2
14
74
8
45
29
31
7
32
18
5
10
69
45
24
28
1
31
1
11
8
76
3
21
49
27
33
10
37
5
8
84
9
54
51
29
38
12
38
11
10
80
6
49
26
37
3
37
6
2
9
79
9
44
17
33
3
38
9
3
82
7
39
12
31
10
37
5
1
80
7
43
45
18
36
12
1
39
8
6
82
10
46
20
36
5
37
8
5
79
9
38
11
29
2
35
6
79
8
36
11
26
8
32
5
77
1
59
40
15
32
13
5
39
12
4
79
16
17
42
16
35
9
42
15
3
16
5
79
19
36
11
29
3
36
9
2
74
10
31
6
24
7
32
5
72
7
47
32
9
25
11
6
30
1
2
68
2
24
35
15
27
5
32
6
5
68
10
32
13
22
29
1
5
4
68
5
28
9
18
28
2
68
3
50
32
13
22
5
32
1
6
69
10
46
37
19
27
3
37
6
10
71
18
35
16
26
39
8
8
73
19
30
9
20
36
5
4
72
14
25
30
10
22
9
2
38
9
4
72
16
47
34
14
27
9
1
43
14
9
1
73
21
35
15
27
3
45
15
7
76
24
30
10
23
5
44
15
3
78
21
25
31
10
23
14
10
46
18
5
79
23
62
37
18
28
17
14
52
26
2
8
82
30
40
22
30
11
6
51
26
5
1
9
83
31
35
14
23
9
4
48
22
3
5
4
84
28
18
34
14
23
17
15
47
20
2
3
4
85
24
72
41
20
28
18
16
49
23
4
5
11
9
1
84
26
17
41
20
29
12
6
48
22
4
1
18
10
83
26
36
13
25
8
45
17
7
82
22
39
12
26
15
8
49
18
4
87
27
62
48
21
33
19
11
53
21
10
92
33
19
48
25
34
12
49
17
12
86
30
46
22
32
4
47
10
10
86
24
47
18
32
8
47
8
8
90
25
55
50
22
39
14
53
10
10
90
31
27
57
32
43
9
54
12
14
91
30
55
27
42
5
55
14
11
93
35
50
21
38
9
53
12
8
92
32
50
52
24
41
15
53
14
10
90
28
57
56
29
47
14
57
18
4
12
92
37
58
30
44
9
57
20
7
9
96
41
52
24
37
11
54
19
11
4
95
38
60
49
21
37
19
12
54
20
3
15
5
91
36
65
51
27
39
17
10
5
54
22
7
11
6
88
40
47
22
35
9
1
9
4
47
16
8
23
2
4
84
30
39
11
30
8
2
5
44
13
5
17
84
27
35
44
20
30
15
13
3
43
15
4
6
1
82
26
68
47
22
33
14
14
10
5
42
13
7
23
6
83
21
1
45
21
31
5
1
9
5
37
9
3
3
7
3
77
19
46
24
23
1
1
30
1
5
73
10
10
40
15
21
7
6
27
3
2
75
4
55
46
23
26
8
10
3
27
9
7
5
73
4
2
56
35
27
2
1
7
6
25
11
5
8
74
1
48
23
22
1
22
5
1
3
73
48
24
20
4
4
18
5
2
1
71
50
56
32
26
8
10
3
22
8
6
6
74
5
14
61
35
30
6
4
3
9
9
28
10
6
10
81
39
4
63
39
29
2
2
28
9
2
4
83
57
1
56
32
24
6
24
5
2
78
111
53
58
34
28
11
9
27
9
5
80
182
22
66
43
33
7
1
1
30
1
12
4
1
84
216
63
38
31
2
33
3
9
1
85
216
6
60
35
28
5
31
1
8
87
162
1
27
58
34
30
11
4
30
3
10
10
1
82
46
21
61
41
34
8
32
7
8
14
1
82
4
64
46
33
1
1
32
4
3
15
85
3
60
41
28
1
29
12
85
32
59
42
29
8
29
13
83
50
62
48
32
4
5
28
4
17
2
80
3
62
49
29
3
28
17
81
5
56
43
22
23
13
78
33
53
40
20
21
5
13
2
75
69
57
47
23
5
24
15
17
4
74
2
1
