26
19
17
16
11
25
16
3
18
1
14
15
16
6
10
12
22
17
18
16
22
7
18
13
28
22
4
5
31
16
23
4
20
9
22
20
19
5
21
14
9
26
19
3
12
7
47
13
21
15
8
20
18
2
2
15
20
15
18
17
32
28
18
16
3
35
16
31
8
23
8
22
22
14
23
2
21
16
37
34
1
10
10
42
23
35
15
25
6
21
25
19
8
22
9
18
17
34
34
1
20
7
38
17
36
6
23
7
21
23
6
12
25
4
17
17
33
36
12
8
6
41
16
38
10
31
6
21
22
16
4
5
27
4
21
11
13
19
28
33
17
22
12
41
10
38
9
35
11
21
21
17
9
13
36
3
15
20
32
11
24
28
34
15
42
9
47
10
39
7
33
14
23
19
3
13
14
27
28
7
20
23
10
25
26
36
20
31
13
53
9
43
14
41
14
23
18
3
27
6
18
28
34
5
1
20
3
10
23
25
35
29
27
17
57
10
43
22
44
13
23
17
16
34
10
25
10
43
10
8
21
20
8
21
22
32
26
35
18
52
10
38
22
38
13
24
16
17
34
14
25
21
37
13
12
22
20
7
20
18
32
32
31
19
51
7
38
18
40
14
22
15
13
50
13
22
19
43
9
15
23
20
6
20
19
31
31
50
19
48
10
36
19
42
15
23
15
11
37
4
26
21
47
2
4
20
18
10
24
26
40
35
40
28
50
16
46
37
56
15
24
18
18
44
28
38
39
42
9
10
19
18
9
22
25
39
40
39
17
66
15
43
37
49
15
24
16
24
35
30
34
31
38
9
7
23
15
7
15
20
28
38
38
38
47
12
33
29
36
14
22
11
19
28
22
17
20
38
10
7
23
15
9
17
24
32
32
32
36
40
14
38
33
49
15
22
11
13
38
25
35
8
42
15
12
24
18
7
14
23
29
34
40
21
46
13
35
30
42
18
21
7
20
33
17
20
33
39
12
2
24
3
8
9
22
25
35
28
32
42
17
30
31
38
15
19
4
23
41
19
14
38
39
15
6
24
6
7
3
19
18
28
34
20
39
16
19
22
20
16
18
7
27
11
16
12
32
11
2
27
3
10
21
16
29
24
25
34
18
18
25
22
15
16
8
45
12
17
22
32
7
4
27
12
22
14
23
24
16
17
16
13
21
39
14
17
5
36
4
3
12
15
14
27
11
17
5
22
8
14
8
13
13
12
15
7
15
9
11
26
9
15
3
21
9
5
10
9
9
15
6
13
3
20
3
23
8
11
12
5
9
16
1
16
23
9
14
2
7
6
17
1
16
7
22
8
12
4
3
5
8
17
2
12
6
21
7
10
4
2
4
8
17
3
7
3
18
8
12
3
5
7
17
7
2
13
19
6
8
12
1
7
18
6
2
20
12
16
4
4
6
3
11
5
5
19
11
20
21
20
14
1
20
10
8
7
8
13
16
7
8
7
20
13
5
19
7
22
16
13
9
22
16
18
11
7
15
17
13
2
3
10
21
15
21
1
6
21
12
13
11
21
18
19
16
7
31
11
19
9
14
11
22
17
16
10
23
13
8
21
19
2
10
7
30
7
18
5
15
9
21
18
7
17
6
4
23
10
15
13
25
22
13
14
10
32
12
24
5
20
12
21
20
29
22
7
23
15
16
14
28
25
21
17
21
40
15
28
16
22
15
21
22
11
6
2
20
36
6
3
25
13
16
15
30
29
25
15
16
39
15
30
13
26
13
21
23
10
11
30
45
9
13
23
14
15
15
30
29
29
34
16
41
16
32
11
27
16
20
22
11
6
19
35
8
8
24
15
18
18
36
36
23
30
21
47
23
38
21
36
13
20
24
12
9
18
12
32
10
4
26
12
18
15
35
35
28
23
19
44
21
36
20
32
11
20
24
7
2
9
26
39
10
7
23
12
15
14
31
31
23
26
18
27
16
34
16
28
13
20
23
14
3
10
25
41
10
10
22
12
13
13
28
29
25
24
15
31
14
34
13
36
15
22
21
16
2
14
9
37
6
10
19
12
12
14
27
27
18
24
10
55
13
33
12
37
14
22
18
6
13
8
38
11
3
20
8
10
11
25
24
24
29
14
36
14
30
17
34
13
22
12
19
4
7
28
45
12
7
19
6
7
7
20
20
31
20
14
31
11
24
16
18
16
21
7
30
5
51
52
10
6
17
4
3
5
15
17
32
20
8
28
5
20
8
13
16
21
2
26
15
4
38
43
16
11
19
6
1
3
13
14
30
22
11
23
5
17
11
17
19
20
27
93
1
28
53
18
10
19
6
1
4
14
15
18
19
7
26
5
17
10
12
20
19
31
205
2
46
62
11
12
19
10
5
9
18
19
32
34
28
6
21
12
20
21
18
39
322
8
47
63
8
18
20
12
8
9
20
18
28
34
11
28
8
19
14
15
22
18
1
43
412
33
54
11
4
22
3
9
3
21
16
24
9
13
15
10
13
18
1
16
17
2
31
457
33
50
11
1
22
13
4
27
17
22
12
3
24
16
14
15
10
14
17
6
28
395
31
54
17
6
23
2
14
4
25
14
16
24
6
24
13
11
13
14
18
8
30
205
27
49
2
3
22
1
14
1
23
12
16
14
15
10
7
6
12
19
9
23
49
19
41
8
22
1
15
26
11
12
18
16
3
5
6
12
18
9
20
12
36
13
3
24
4
10
17
5
9
12
3
6
11
18
4
8
3
48
20
26
12
19
7
13
10
2
27
9
5
6
10
16
5
28
53
11
7
24
1
17
1
25
14
10
24
8
23
18
10
9
10
13
18
10
5
27
48
13
21
13
16
5
23
14
23
29
3
26
16
12
1
11
15
19
12
27
14
44
8
10
25
4
17
3
23
12
20
26
9
26
19
10
7
10
13
18
12
10
39
45
23
4
26
1
16
4
22
15
15
21
10
25
15
13
9
9
13
16
14
3
10
40
16
11
27
6
15
6
21
17
20
23
8
28
13
18
1
14
15
16
14
14
1
37
36
7
24
9
17
10
23
18
20
27
12
31
16
20
8
12
15
18
16
19
33
42
11
3
23
5
14
7
21
15
22
22
12
26
16
16
7
13
13
18
15
19
10
43
14
3
23
6
13
9
23
17
11
18
9
29
16
20
4
17
13
18
15
5
6
34
9
9
24
9
13
10
25
19
12
29
12
30
15
22
8
14
17
18
16
11
45
7
13
19
15
14
13
29
22
26
29
9
31
16
24
9
18
17
20
19
16
38
56
2
12
18
21
16
19
33
31
32
32
4
37
19
34
14
30
15
21
23
28
6
5
26
43
11
5
22
11
16
16
32
31
25
21
10
28
19
32
16
24
14
21
22
24
3
13
25
43
17
11
17
27
12
20
31
35
18
26
4
47
15
38
7
27
14
23
22
4
7
16
20
41
4
11
17
13
12
20
30
36
32
37
12
59
14
41
16
38
16
24
23
16
21
16
27
42
4
17
1
14
17
31
35
38
26
25
47
17
38
23
38
13
23
22
28
15
11
21
18
37
9
9
15
19
8
15
25
30
14
22
5
48
10
33
17
22
14
23
17
16
4
8
34
8
8
18
7
5
10
21
26
30
19
13
47
6
30
16
26
16
22
12
19
24
5
11
19
45
11
19
17
21
3
12
19
25
35
35
9
50
3
30
7
34
20
22
9
32
27
15
28
34
6
12
15
16
3
13
21
28
25
25
7
48
6
34
15
34
18
21
9
20
33
5
22
38
31
1
10
15
12
3
14
24
33
25
13
15
44
7
38
17
42
17
21
9
17
41
12
22
16
42
6
10
16
14
15
19
28
30
30
8
52
3
32
11
37
19
20
8
17
36
2
19
24
34
9
3
18
8
2
14
22
31
31
19
13
39
7
33
20
29
15
19
7
23
44
16
15
20
29
13
6
17
14
15
19
30
23
14
7
44
4
33
11
19
17
19
3
11
32
3
12
16
31
5
8
18
11
1
15
23
32
27
26
7
35
8
33
15
39
17
19
3
14
45
4
7
30
27
9
4
20
10
2
12
23
29
39
10
12
22
10
29
22
32
16
18
1
21
52
12
5
17
35
10
4
20
12
3
15
22
28
31
11
4
35
8
30
18
27
17
18
2
16
41
1
15
16
38
9
26
10
12
29
31
36
16
14
27
19
32
22
45
14
16
3
17
51
12
17
14
27
19
4
29
5
10
5
25
19
36
14
21
31
17
22
18
26
14
16
10
53
6
11
3
27
15
30
2
16
1
29
16
29
16
17
30
21
18
20
25
13
15
1
5
55
9
9
22
29
13
34
22
33
13
40
6
31
20
29
12
25
20
10
14
3
26
60
21
5
21
17
10
33
25
36
11
38
6
28
25
35
11
27
19
9
14
5
19
58
15
1
12
19
13
33
25
35
14
34
12
25
25
30
14
22
26
8
14
7
10
57
13
7
21
25
10
32
26
35
14
38
10
28
28
31
14
21
23
7
15
9
19
53
8
6
8
18
30
28
1
40
16
30
11
23
29
39
14
28
26
6
15
12
9
68
1
11
2
18
8
3
30
4
24
4
33
16
27
17
23
30
28
14
22
16
9
15
13
5
72
2
11
19
11
3
30
18
25
9
33
20
29
17
21
30
26
17
15
13
15
17
7
65
2
19
25
9
31
11
30
14
44
30
25
12
23
29
36
25
20
28
12
14
22
6
77
7
23
23
9
3
30
29
15
43
30
29
18
21
41
33
28
22
31
11
14
23
7
87
7
14
14
10
8
29
17
25
15
36
25
33
22
17
33
25
23
15
14
14
15
21
4
89
1
12
19
10
27
6
26
16
40
28
12
6
17
30
29
27
21
21
9
17
24
97
1
2
13
4
27
6
23
17
36
27
8
7
10
33
24
26
15
15
8
17
23
96
5
19
1
23
14
18
17
26
23
19
15
8
34
10
25
3
23
9
18
23
3
94
5
10
26
19
11
20
19
30
29
17
20
8
34
13
31
5
25
8
21
25
110
9
17
9
16
22
18
21
31
31
17
16
2
27
14
32
9
23
10
22
25
118
2
6
23
3
16
20
16
21
29
32
22
21
43
12
35
10
25
8
23
24
7
122
11
20
19
10
21
22
34
36
21
28
8
47
19
39
19
33
6
23
26
152
1
21
4
22
19
13
20
23
34
38
18
12
12
44
19
40
23
33
7
23
26
2
153
6
21
6
24
20
1
23
8
18
18
32
35
22
23
15
54
19
38
24
34
8
21
21
156
9
23
28
19
11
21
16
14
21
30
37
13
37
8
48
16
42
22
39
12
21
19
171
8
25
2
31
1
15
18
20
11
24
29
39
47
35
18
54
16
45
27
41
15
23
18
17
182
10
26
43
34
11
19
18
12
24
33
39
49
32
24
55
22
46
35
51
14
23
18
42
188
19
36
28
32
10
19
19
9
23
29
39
28
31
11
49
15
45
29
49
13
22
16
19
170
23
31
24
28
3
8
20
14
5
17
21
27
45
27
14
49
10
34
25
35
14
21
11
29
190
14
28
22
30
2
19
14
3
16
21
26
27
24
25
40
9
32
22
34
11
20
9
9
178
11
28
12
29
6
5
18
14
2
14
18
24
29
23
13
38
4
30
18
34
11
20
7
7
158
5
19
11
22
1
2
18
11
3
12
19
23
25
18
14
32
5
26
16
21
10
19
6
8
166
1
9
13
5
1
19
12
5
12
20
20
22
6
13
33
6
22
14
6
8
19
7
136
7
13
6
1
21
12
10
13
27
22
22
7
10
23
12
23
18
28
9
18
10
137
3
14
7
23
4
15
12
31
26
12
12
16
20
18
26
20
36
7
17
11
117
3
10
11
11
25
3
16
9
30
23
25
6
14
38
19
22
16
13
8
16
10
95
1
7
7
9
28
20
7
35
25
20
1
15
23
23
22
18
21
6
15
12
84
8
29
22
5
33
21
20
3
19
22
22
18
18
13
6
14
12
59
1
18
12
29
25
7
39
25
24
6
22
29
32
23
24
23
7
15
15
1
63
3
4
7
9
31
1
25
4
37
22
18
8
18
20
29
20
19
21
6
14
15
45
5
4
7
30
12
25
5
35
20
20
10
18
10
27
17
15
10
8
15
16
2
17
15
7
6
29
2
27
9
40
25
27
4
18
24
31
22
21
14
5
15
19
9
9
22
5
30
29
7
42
27
29
16
30
33
24
23
20
5
14
21
5
16
9
9
12
7
28
3
28
10
41
27
22
6
19
17
31
23
17
13
6
16
22
1
1
1
4
15
9
28
3
26
11
38
27
25
1
19
28
28
24
16
10
7
16
21
15
8
28
24
12
37
30
24
15
13
26
26
29
16
24
9
16
20
1
10
8
12
3
24
7
22
12
35
29
14
14
12
23
24
29
14
21
9
17
19
9
1
26
13
23
14
37
31
20
14
22
26
31
14
23
7
17
20
5
2
18
25
5
23
14
36
31
17
15
12
26
23
32
13
23
9
17
20
6
7
3
18
13
26
21
10
33
26
27
15
14
45
21
29
16
25
11
16
18
6
27
18
13
3
27
14
21
13
32
26
32
7
17
33
19
29
13
30
13
17
19
14
1
13
19
30
10
10
26
14
21
17
34
31
25
26
15
48
19
35
17
30
16
17
19
5
20
10
31
17
13
26
15
18
16
30
30
25
21
17
45
16
36
22
28
16
17
17
9
14
21
15
10
24
17
13
15
25
27
28
24
13
42
11
34
16
34
16
18
14
4
3
22
9
25
15
11
21
16
7
13
19
21
35
38
7
48
3
31
13
35
18
19
10
8
21
42
29
1
12
17
18
7
19
25
30
33
37
11
48
5
40
14
44
19
20
11
20
9
7
27
25
30
1
12
15
14
5
20
24
29
35
30
10
53
4
40
13
40
19
21
10
21
2
10
35
17
38
15
11
17
24
1
18
19
21
26
34
11
48
1
34
17
26
18
21
7
14
10
28
15
20
5
5
18
15
1
20
24
29
20
25
15
50
6
41
24
61
15
20
8
21
18
35
12
33
16
2
20
13
5
23
30
34
32
19
18
51
13
45
25
63
15
20
11
8
16
35
19
38
2
4
18
21
9
30
35
40
44
30
27
54
19
49
35
55
15
22
17
27
14
21
35
27
28
10
17
20
10
27
33
37
34
32
18
47
17
42
27
50
13
23
19
40
12
13
32
14
25
5
3
19
14
11
21
32
32
25
19
14
30
18
35
24
27
9
22
18
7
4
3
23
13
18
11
11
19
28
29
22
13
16
24
14
31
24
34
8
22
19
3
4
3
16
14
2
3
20
12
15
18
31
29
16
15
12
26
17
28
17
25
7
20
20
14
13
1
23
7
21
15
34
29
20
13
13
32
23
26
18
17
6
18
22
9
8
9
2
26
5
24
13
35
28
19
5
16
19
25
23
15
19
4
16
23
4
11
9
30
28
9
37
26
23
5
18
22
28
19
18
17
2
15
23
5
2
5
32
31
6
39
26
22
4
23
15
31
17
21
11
13
23
2
3
6
32
30
3
38
23
18
5
19
10
31
13
17
2
13
21
2
6
31
27
33
17
19
13
14
25
8
10
4
14
19
4
3
33
6
27
2
30
15
17
16
6
21
8
3
4
1
14
19
8
1
2
30
19
27
11
35
22
9
14
6
25
15
12
3
1
15
22
1
30
29
8
39
27
24
21
34
30
22
21
14
2
13
22
6
4
8
4
33
25
2
34
23
29
8
18
30
24
17
16
15
5
12
16
2
2
8
9
8
31
8
23
9
34
26
22
1
18
22
23
21
16
17
6
13
15
5
7
29
2
21
8
32
26
19
7
15
26
20
22
10
13
7
13
15
21
10
28
8
20
11
33
26
19
9
11
24
21
23
15
19
7
15
16
11
9
28
19
10
32
27
23
7
16
27
19
25
15
28
6
14
16
16
7
13
4
3
27
9
19
13
31
28
23
15
19
39
16
27
9
26
7
16
17
6
7
19
27
9
21
15
36
31
25
18
16
39
20
31
16
28
8
17
19
7
10
18
8
25
8
21
19
38
34
32
18
16
34
19
36
15
34
9
17
19
20
13
22
10
5
21
17
17
26
33
32
34
21
9
24
10
36
6
25
11
19
18
10
4
14
10
23
10
7
22
9
15
9
31
27
38
18
9
48
11
28
6
26
14
19
15
7
18
11
34
10
17
18
22
14
17
32
30
24
34
11
64
9
36
10
33
18
21
18
7
32
20
38
6
18
15
25
9
25
28
31
21
41
4
42
5
39
3
33
20
23
17
12
32
21
35
13
25
16
23
7
15
28
29
22
33
3
43
6
34
8
45
22
22
13
11
18
5
30
17
17
15
26
4
20
23
25
17
37
5
45
3
34
9
32
22
21
11
1
18
12
31
14
13
16
21
1
14
19
19
25
19
5
39
1
28
7
34
21
21
8
6
28
26
42
19
13
28
14
15
16
23
25
2
42
24
10
29
22
22
7
15
19
12
35
4
17
12
13
7
8
9
19
42
43
17
20
20
21
4
3
13
8
32
2
15
12
13
5
6
8
12
29
30
12
17
17
20
6
1
6
20
14
10
3
5
16
13
2
23
13
15
11
21
11
2
15
3
17
6
17
11
7
4
17
3
8
3
8
9
18
11
4
15
19
10
18
11
6
2
8
3
6
2
7
17
12
9
2
20
14
25
12
2
2
4
10
4
3
1
4
17
14
3
8
22
18
28
13
7
3
16
3
3
3
15
15
7
9
22
20
28
12
8
6
16
1
4
6
15
16
2
12
18
5
25
18
24
7
18
5
14
6
14
13
6
6
12
25
23
29
10
9
6
20
1
4
16
15
10
9
26
22
26
7
9
8
18
1
5
16
15
14
22
7
26
22
24
7
15
7
15
8
16
16
3
12
18
4
27
26
32
15
15
6
22
3
1
7
16
22
17
32
24
8
28
26
2
32
14
26
7
22
2
4
8
16
23
18
29
29
4
26
3
28
12
34
21
19
17
1
25
12
12
9
17
26
23
17
27
9
27
24
7
30
19
22
13
19
18
11
7
10
16
23
14
27
34
9
24
20
4
25
17
22
3
1
19
10
11
14
16
19
18
19
31
12
10
22
10
17
8
22
16
11
6
10
7
13
16
16
15
18
15
15
37
21
13
22
9
15
8
20
15
9
12
32
3
14
3
19
15
15
9
27
50
6
13
20
14
15
14
21
19
25
21
30
4
22
21
21
16
17
19
1
32
53
2
22
19
18
13
15
19
18
22
30
37
2
23
17
