4884
4883
4883
4883
4788
4762
4792
4999
4999
2225
4883
4884
4999
4999
4999
4883
4883
4884
4883
4883
4880
4881
4880
4880
4880
4784
4763
4788
4999
4999
2175
4880
4881
4999
4999
4999
4880
4880
4880
4880
4881
4870
4870
4869
4870
4870
4771
4747
4776
4999
4999
2108
4870
4870
4999
4999
4999
4870
4869
4870
4869
4870
4867
4867
4866
4867
4867
4772
4750
4776
4999
4999
2033
4867
4867
4999
4999
4999
4867
4866
4867
4866
4867
4858
4858
4858
4858
4858
4760
4737
4764
4999
4999
1983
4858
4858
4999
4999
4999
4858
4858
4858
4859
4858
4853
4853
4853
4853
4853
4757
4734
4761
4999
4999
1910
4853
4853
4999
4999
4999
4853
4852
4853
4888
4853
4846
4846
4846
4846
4846
4749
4727
4753
4999
4999
1863
4846
4846
4999
4999
4999
4846
4846
4846
4983
4846
4839
4840
4839
4839
4839
4743
4720
4747
4999
4999
1803
4839
4840
4999
4999
4999
4839
4839
4839
4996
4839
4834
4834
4833
4841
4833
4738
4715
4742
4999
4999
1752
4833
4834
4999
4999
4999
4833
4833
4833
4999
4834
4827
4827
4826
4905
4826
4730
4707
4734
4999
4999
1698
4826
4827
4999
4999
4999
4826
4826
4826
4999
4827
4821
4821
4820
4996
4821
4725
4702
4729
4999
4999
1646
4821
4821
4999
4999
4999
4820
4820
4821
4999
4856
4814
4814
4813
4994
4814
4718
4695
4722
4999
4999
1601
4814
4814
4999
4999
4999
4814
4813
4814
4999
4967
4808
4808
4807
4999
4808
4712
4678
4716
4999
4997
1549
4808
4808
4999
4999
4999
4807
4807
4808
4999
4997
4801
4814
4801
4999
4803
4706
4581
4710
4999
4997
1500
4831
4812
4999
4999
4999
4801
4801
4801
4999
4967
4795
4897
4794
4999
4840
4699
4425
4703
4998
4999
1451
4943
4894
4999
4999
4999
4795
4794
4795
4999
4997
4844
4976
4844
4902
4960
775
623
740
4915
4902
799
4998
4996
4896
4906
4908
4841
4841
4836
4859
4920
4983
4952
4983
4584
44
4971
3513
3382
3435
4570
4513
4992
4990
4479
4534
4530
4981
4981
4977
1797
4307
4657
1218
1734
4983
4945
4982
4390
41
4945
4889
4932
4903
4390
4326
4973
4992
4291
4340
4344
4983
4983
4984
2344
4051
4486
1578
2274
4984
4783
4984
4328
11
4804
4868
4906
4855
4384
4325
4950
4958
4292
4339
4350
4984
4983
4983
1485
4058
4405
999
1434
4978
4647
4977
4168
37
4659
4934
4991
4935
4262
4194
4830
4870
4158
4211
4226
4978
4978
4978
2051
3880
4253
1381
1989
4968
4529
4954
4068
15
4546
4922
4999
4996
4201
4132
4663
4699
4098
4149
4171
4968
4967
4967
1641
3803
4148
1101
1588
4966
4389
4857
3943
26
4404
4938
4999
4997
4119
4047
4553
4582
4010
4064
4090
4966
4966
4966
1770
3686
4024
1188
1715
4955
4277
4696
3832
18
4293
4905
4999
4999
4043
3968
4403
4442
3930
3985
4018
4955
4954
4955
1679
3583
3912
1126
1629
4946
4148
4574
3726
17
4166
4921
4999
4999
3977
3900
4286
4315
3862
3918
3955
4952
4951
4951
1584
3494
3804
1061
1536
4871
4037
4439
3614
18
4053
4899
4999
4999
3898
3818
4157
4193
3779
3837
3879
4943
4943
4943
1633
3386
3692
1093
1585
4719
3922
4312
3517
12
3939
4901
4999
4999
3837
3755
4036
4067
3715
3775
3821
4937
4937
4937
1489
3304
3592
995
1445
4586
3810
4190
3412
14
3826
4892
4999
4999
3765
3680
3922
3954
3639
3701
3751
4931
4931
4931
1527
3204
3487
1020
1483
4458
3704
4067
3317
9
3722
4883
4999
4999
3703
3615
3804
3835
3575
3637
3692
4924
4923
4923
1434
3121
3390
955
1391
4327
3598
3953
3221
9
3615
4881
4999
4999
3639
3549
3696
3727
3508
3571
3630
4918
4918
4918
1417
3034
3293
944
1376
4206
3499
3838
3129
7
3516
4870
4999
4999
3577
3485
3585
3618
3443
3508
3571
4911
4910
4911
1375
2950
3200
915
1337
4066
3390
3717
3036
5
3409
4849
4982
4984
3514
3420
3481
3511
3382
3448
3515
4905
4904
4904
1327
2870
3110
881
1289
2513
2193
2351
2027
3
2217
2820
2718
2725
2301
2255
2269
2287
2246
2283
2322
2881
2886
2892
959
1992
2115
642
942
64
12
209
233
124
118
346
384
36
35
38
39
48
125
15
12
7
18
222
272
172
94
493
557
81
96
388
462
179
58
609
695
167
59
583
680
194
76
695
802
231
5
227
760
878
230
9
334
803
930
273
491
898
1036
277
16
591
930
1076
307
730
1012
1168
323
8
839
1056
1221
341
956
1117
1291
363
1069
1173
1355
376
1
1174
1221
1411
397
1283
1278
1475
412
2
1381
1322
1527
429
1482
1374
1586
444
1
1576
1418
1638
460
1669
1463
1690
473
1760
1507
1741
487
1847
1549
1789
502
1933
1591
1837
515
2015
1630
1883
528
2096
1669
1928
541
2174
1706
1971
554
2249
1743
2013
565
2323
1778
2053
577
2394
1812
2092
588
2463
1845
2131
599
2531
1877
2168
610
2596
1908
2204
620
2658
1938
2238
630
2720
1967
2272
640
2779
1994
2304
649
2836
2022
2335
657
2892
2048
2366
666
2946
2073
2395
675
2998
2098
2423
683
3049
2122
2451
691
3099
2145
2478
698
3146
2167
2503
706
3192
2189
2528
713
3238
2209
2552
720
3281
2229
2576
727
3323
2249
2598
733
3363
2267
2620
739
3403
2286
2641
745
3441
2304
2661
752
3478
2320
2681
757
3514
2337
2699
763
3549
2352
2718
768
3582
2368
2735
773
3615
2383
2752
778
3646
2397
2769
782
3676
2410
2784
787
3706
2424
2800
792
3735
2436
2815
796
3762
2448
2829
801
3789
2461
2843
805
3814
2472
2856
808
3839
2482
2869
812
3863
2493
2881
815
3886
2503
2893
819
3908
2513
2904
822
3930
2523
2915
825
3951
2531
2925
829
3971
2540
2936
832
3990
2548
2945
835
4009
2556
2954
837
4027
2564
2963
840
4045
2571
2972
843
4061
2578
2980
845
4077
2584
2988
848
4092
2591
2995
850
4107
2597
3002
851
4122
2603
3009
854
4136
2609
3016
856
4149
2614
3022
858
4161
2619
3028
859
4174
2624
3033
861
4185
2628
3038
863
4197
2633
3044
864
4208
2637
3049
866
4218
2641
3053
868
4227
2645
3058
868
4237
2648
3062
870
4246
2651
3065
871
4254
2655
3069
872
4263
2658
3072
873
4271
2661
3076
874
4278
2663
3079
875
4285
2666
3081
876
4292
2667
3084
877
4298
2670
3086
878
4304
2672
3089
878
4310
2673
3091
879
4316
2675
3093
880
4320
2676
3094
880
4325
2678
3096
881
4330
2679
3097
881
4334
2680
3098
882
4338
2680
3100
883
4342
2681
3100
883
4345
2682
3101
883
4348
2683
3102
883
4351
2683
3102
883
4354
2683
3103
884
4356
2684
3103
884
4358
2684
3103
884
4360
2684
3103
884
4362
2684
3103
884
4363
2683
3103
884
4365
2683
3103
884
4366
2683
3102
884
4367
2682
3102
884
4368
2682
3101
884
4369
2681
3100
884
4368
2680
3099
884
4369
2680
3099
883
4369
2679
3098
883
4369
2678
3096
883
4369
2677
3095
882
4368
2676
3095
883
4368
2674
3093
882
4368
2673
3092
882
4367
2672
3090
881
4365
2671
3089
881
4365
2669
3087
881
4364
2668
3085
880
4362
2666
3084
880
4361
2665
3081
879
4359
2663
3080
879
4358
2661
3078
879
4356
2660
3076
878
4354
2658
3074
877
4352
2656
3072
877
4350
2655
3070
876
4348
2653
3068
875
4346
2651
3065
875
4343
2648
3063
874
4341
2646
3061
874
4338
2644
3058
874
4336
2642
3056
873
4334
2640
3054
872
4331
2639
3051
871
4327
2636
3048
870
4324
2634
3046
870
4322
2631
3043
869
4318
2629
3040
868
4315
2626
3038
868
4312
2624
3035
867
4309
2622
3032
867
4306
2619
3030
866
4302
2617
3027
864
4298
2615
3024
864
4295
2612
3021
863
4292
2610
3018
862
4288
2607
3015
862
4284
2605
3012
861
4281
2602
3009
860
4277
2599
3006
859
4273
2597
3003
858
4269
2594
3000
857
4265
2592
2997
856
4261
2589
2993
856
4257
2586
2991
855
4253
2583
2987
853
4249
2580
2984
853
4245
2578
2981
852
4241
2575
2978
851
4237
2572
2975
850
4233
2570
2972
850
4229
2567
2969
849
4225
2563
2965
848
4220
2561
2962
847
4216
2558
2959
846
4212
2556
2955
845
4207
2552
2952
844
4203
2550
2949
843
4198
2547
2946
842
4194
2544
2942
841
4190
2541
2939
841
4185
2538
2935
839
4180
2535
2932
838
4176
2532
2929
838
4171
2529
2926
836
4167
2526
2922
835
4162
2524
2918
834
4157
2520
2915
834
4153
2518
2911
832
4148
2515
2908
831
4144
2512
2904
831
4138
2509
2901
829
4134
2506
2898
828
4129
2502
2895
828
4125
2499
2890
826
4120
2497
2887
826
4115
2494
2884
825
4110
2490
2880
823
4106
2488
2877
823
4101
2484
2873
822
4095
2482
2870
821
4091
2478
2867
820
4086
2476
2863
819
4084
2475
2862
820
4081
2474
2861
822
4075
2470
2856
820
4069
2467
2853
820
4064
2464
2849
818
4059
2460
2845
817
4053
2457
2842
816
4048
2454
2837
815
4043
2451
2834
814
4037
2448
2830
813
4032
2445
2826
812
4026
2441
2823
811
4021
2438
2819
810
4016
2435
2815
809
3999
2432
2810
808
2565
1750
1976
584
192
96
133
82
86
46
46
74
77
41
38
35
306
303
324
21
44
49
9
14
129
159
149
142
1
164
99
102
175
176
104
101
97
101
101
98
69
145
167
49
72
158
206
211
68
144
155
150
137
2
154
90
93
156
159
92
88
85
127
128
128
59
124
140
40
58
97
98
106
32
65
59
61
52
1
57
34
34
57
58
33
32
29
70
69
73
20
42
50
13
19
43
17
23
5
10
7
3
10
10
13
18
25
21
22
24
15
14
25
27
15
14
13
8
9
10
9
20
25
6
9
1
15
26
28
8
22
24
22
21
23
14
14
23
25
14
13
12
19
20
21
8
18
22
5
9
16
15
17
5
10
10
8
8
1
8
5
5
7
9
5
4
4
10
10
13
2
6
7
1
2
1
5
2
4
1
3
4
1
3
4
6
4
4
1
4
3
2
4
6
3
2
2
1
2
4
1
3
5
1
2
1
3
5
6
1
4
5
3
5
1
3
3
2
4
6
3
3
1
3
4
5
1
3
4
1
1
1
3
3
4
1
3
3
1
2
1
1
1
1
2
1
1
3
1
1
2
4
1
2
1
1
1
2
1
1
1
1
1
2
2
1
1
2
1
1
2
1
1
1
1
2
2
1
1
2
1
1
3
2
2
3
1
3
1
1
1
1
1
1
1
1
3
1
1
1
3
1
2
1
1
1
2
1
1
1
2
3
1
1
1
2
1
2
1
1
1
2
3
1
2
1
1
1
1
2
1
1
1
3
2
1
1
1
3
1
3
1
1
1
2
1
1
1
1
1
2
2
1
2
1
2
2
1
2
2
1
2
1
2
2
2
2
1
2
1
1
2
2
1
1
2
2
1
1
1
2
2
1
1
1
3
1
1
1
3
1
2
1
1
2
2
2
1
2
1
2
2
1
1
1
3
1
1
1
3
2
2
3
1
2
1
2
1
1
2
2
1
1
1
3
1
1
1
3
2
1
1
2
2
1
2
1
2
1
1
2
2
1
1
1
3
2
1
1
3
1
2
1
1
2
2
2
1
2
2
2
2
1
1
1
3
2
1
1
2
3
1
2
2
2
1
2
1
2
1
2
1
2
1
1
1
2
2
1
1
3
3
1
1
2
2
1
2
1
2
1
1
2
2
2
1
1
2
3
2
1
1
1
3
1
2
1
1
2
2
2
1
2
1
2
2
2
1
1
1
4
2
1
1
2
3
1
1
2
1
1
2
3
2
2
2
1
2
2
2
1
2
1
4
2
1
1
2
3
1
3
1
1
2
3
1
2
2
2
1
1
2
2
2
1
1
1
3
2
1
1
1
3
1
3
1
1
2
3
2
1
2
1
2
2
2
1
2
1
4
2
1
1
2
4
1
1
3
1
1
2
3
2
2
2
1
1
2
2
2
1
2
2
4
3
1
1
2
4
1
3
1
1
3
3
1
3
2
2
1
1
2
2
2
1
1
2
3
3
1
1
3
1
3
1
1
2
2
1
2
2
2
1
2
2
2
1
2
2
4
3
1
1
1
2
4
1
2
3
1
1
2
2
1
2
1
3
1
2
2
2
1
2
2
3
3
1
1
1
1
4
1
1
4
1
1
3
3
1
3
2
3
1
2
2
3
1
1
2
3
2
2
1
1
2
3
1
1
3
1
1
3
3
1
3
2
3
1
1
2
2
2
1
2
2
4
3
2
1
1
2
3
1
2
3
2
1
3
3
1
3
2
2
1
1
2
2
2
1
2
2
4
2
2
1
1
3
4
2
3
2
1
2
3
1
2
2
2
1
1
2
3
2
1
2
2
4
3
1
1
1
2
4
2
3
2
1
3
3
1
2
3
3
1
2
2
2
2
1
3
2
4
3
1
1
2
4
2
3
1
1
3
3
1
3
2
2
1
1
2
2
3
1
3
2
4
3
2
1
1
2
4
1
2
4
2
1
3
3
1
3
2
3
1
2
3
3
1
2
2
5
3
2
1
1
2
4
1
2
4
2
1
3
3
1
3
2
3
1
1
3
2
3
1
2
2
4
3
2
1
1
2
4
1
1
3
2
1
3
3
1
3
2
3
1
1
3
3
3
1
3
2
4
3
2
1
1
3
4
1
2
3
2
1
3
3
1
3
2
2
1
1
2
3
3
1
3
2
5
3
2
2
1
3
5
1
3
4
2
1
3
3
1
3
3
3
1
1
2
3
2
1
3
2
5
3
1
1
2
5
2
4
2
1
3
3
1
3
3
3
1
1
3
3
3
1
3
2
5
4
1
1
1
2
4
1
2
4
2
2
3
3
1
2
3
3
2
3
3
3
1
3
2
5
4
2
1
1
3
4
1
3
4
2
1
3
3
1
3
3
3
1
2
3
3
3
3
2
4
4
2
1
1
3
4
1
2
4
2
2
3
4
2
3
3
3
1
1
3
3
3
1
3
2
4
4
1
1
1
3
4
1
2
4
2
2
4
3
1
3
2
3
1
1
3
3
3
1
3
3
5
4
2
1
1
3
5
1
3
4
2
1
4
3
1
3
3
3
1
1
3
3
3
1
3
2
5
4
2
2
1
3
5
1
3
4
2
1
4
4
2
4
3
3
1
2
3
3
3
1
3
3
5
4
2
2
1
3
5
1
2
4
2
2
4
3
1
3
3
3
1
2
3
3
4
1
3
3
5
4
2
1
2
3
5
1
3
4
2
1
4
3
1
3
3
3
1
1
4
2
3
1
3
3
5
3
2
1
1
3
5
1
3
4
2
1
4
3
1
4
3
4
1
1
4
2
3
1
3
3
5
4
3
1
1
3
4
1
2
4
2
1
4
3
1
4
3
4
1
1
4
3
3
1
3
3
5
4
3
1
1
3
5
1
3
4
3
2
3
4
1
4
3
3
1
1
4
3
3
1
3
3
5
4
3
2
1
3
5
1
3
5
3
2
4
3
2
4
3
4
1
2
4
3
3
1
3
3
5
4
2
2
1
3
5
1
3
4
3
2
4
4
2
4
3
4
1
2
3
3
4
1
4
3
5
5
3
1
1
3
5
1
3
5
2
3
4
4
1
3
3
3
1
1
3
3
3
1
3
3
5
5
2
2
1
3
5
1
3
5
2
2
3
3
1
3
3
4
1
3
3
3
1
3
3
5
5
2
2
2
3
5
1
3
5
2
2
4
4
2
4
3
4
1
2
4
3
4
1
4
3
6
4
2
2
2
3
5
1
3
5
3
2
4
4
2
3
3
4
1
2
4
3
4
1
4
3
6
5
3
2
1
3
5
1
4
5
3
2
4
4
2
3
4
4
1
2
4
3
4
1
4
3
5
5
3
2
2
3
5
2
3
5
2
2
5
3
3
4
3
4
1
2
4
3
4
1
4
4
5
5
2
2
2
3
5
2
3
5
3
2
4
4
2
4
3
4
2
4
3
4
1
4
3
5
5
3
2
1
3
6
2
3
5
3
2
4
4
2
3
3
4
2
4
3
4
1
4
4
6
5
3
2
2
4
6
2
3
5
3
3
4
4
2
4
4
4
1
2
3
3
4
1
4
3
6
5
3
2
1
4
6
1
4
5
3
3
4
4
2
4
4
5
1
3
4
3
4
1
4
3
6
5
3
2
1
4
6
2
3
5
3
3
4
4
2
3
4
4
1
2
4
3
4
1
4
4
6
5
3
2
2
4
5
3
3
6
3
2
4
4
2
4
4
4
1
2
4
3
4
1
4
3
6
5
3
2
1
3
6
1
4
5
3
2
5
5
2
4
4
5
1
3
4
3
4
1
4
3
6
5
3
2
1
4
6
1
4
5
3
3
5
4
2
4
4
5
1
2
4
3
4
1
4
4
6
5
3
2
2
4
6
1
4
5
3
2
4
5
2
4
4
5
1
2
4
4
5
1
5
4
6
6
3
2
2
4
7
2
4
6
3
3
5
5
2
4
4
5
1
3
4
4
4
1
5
3
6
6
3
2
1
4
6
2
4
6
3
3
5
5
3
4
4
4
1
3
4
4
4
2
5
3
7
5
3
2
2
4
7
2
4
6
3
3
5
4
2
5
4
5
1
2
5
3
4
2
4
4
6
6
3
2
2
5
6
2
4
6
3
3
5
4
2
5
4
5
1
3
4
3
4
2
4
4
7
6
3
3
1
4
6
2
4
5
4
3
5
5
3
5
5
5
1
3
5
4
5
1
5
4
6
6
3
3
2
4
6
1
4
6
3
3
5
4
3
5
4
5
1
3
5
3
5
2
5
5
6
6
4
3
2
5
6
2
4
6
3
3
5
4
2
4
4
5
1
3
4
4
4
1
5
4
7
6
3
3
2
4
6
2
5
6
3
3
5
5
3
5
4
5
1
3
5
4
4
1
5
4
6
5
3
2
2
4
6
2
4
5
3
3
5
5
2
5
4
5
1
3
5
4
5
2
5
4
7
6
3
3
2
4
7
2
4
5
3
3
5
5
3
5
5
5
1
3
4
4
5
2
5
4
7
6
3
3
2
5
7
2
4
6
3
3
5
5
3
5
5
5
1
3
4
4
5
1
5
4
7
6
3
3
2
5
7
2
4
6
3
4
5
5
3
5
4
5
1
3
5
4
4
2
5
4
7
6
4
3
2
5
7
2
4
6
3
3
5
4
2
5
4
5
1
2
5
4
5
2
5
5
7
6
4
3
2
5
7
2
5
6
3
3
5
5
3
4
5
5
1
3
5
4
5
2
5
4
7
6
3
3
2
4
7
2
4
6
3
3
5
5
3
5
5
6
1
4
5
3
5
2
5
4
7
6
4
3
2
4
7
2
4
6
3
3
5
5
2
5
5
5
1
3
5
4
5
1
5
5
7
6
4
3
2
5
7
3
5
6
4
3
5
5
3
4
5
5
1
3
5
4
5
1
6
5
7
6
4
3
2
5
7
3
5
7
4
3
5
5
3
5
5
6
1
3
5
4
5
1
6
5
7
6
4
3
2
5
7
2
5
6
4
4
5
5
3
5
5
6
1
3
5
4
5
1
5
5
7
7
4
3
2
5
7
2
5
7
4
3
6
5
3
5
5
6
1
4
5
3
6
2
6
5
7
7
4
3
3
5
7
3
4
7
3
3
6
5
3
5
5
6
1
4
5
4
6
2
5
5
7
7
4
3
3
5
7
3
4
6
4
3
5
5
3
5
5
6
2
3
5
4
5
2
6
5
7
7
4
3
2
5
7
2
4
7
4
3
5
5
2
5
5
5
1
3
5
4
5
2
6
5
8
7
4
4
2
5
7
3
5
7
4
4
5
5
3
5
5
6
1
3
5
4
5
2
6
5
7
7
4
3
3
5
7
3
5
7
4
4
6
6
3
5
5
6
1
3
6
4
5
2
6
5
7
7
4
3
3
5
7
3
4
7
4
4
6
5
3
5
5
6
1
3
6
4
5
2
6
5
7
7
5
3
3
5
7
3
5
7
4
3
6
5
3
5
5
6
1
4
6
4
5
2
6
5
7
7
4
3
3
5
7
3
5
7
4
3
6
5
3
5
5
6
1
4
6
4
5
2
6
5
7
7
4
3
2
5
7
3
5
7
4
4
7
5
3
5
5
6
1
4
6
4
6
2
6
