99
2
104
2
106
1
3
103
2
4
100
2
3
4
103
1
2
3
104
1
96
92
4
4
2
3
5
3
107
2
7
6
3
2
3
2
2
5
5
5
111
1
101
2
1
5
1
107
2
1
104
1
1
1
107
1
106
3
104
3
111
1
1
110
1
1
110
3
110
2
110
1
112
1
28
111
2
93
109
2
175
108
1
309
113
485
109
2
1
644
105
4
1
782
107
796
93
478
99
3
4
1
3
5
5
6
4
111
3
99
2
100
1
1
2
1
97
1
95
3
100
2
99
1
1
103
1
101
3
104
2
105
1
102
1
104
3
103
2
106
1
2
108
1
110
1
2
109
1
2
107
1
1
110
105
98
2
1
105
6
6
3
9
8
1
5
2
4
8
5
9
3
7
6
7
120
1
1
1
2
107
1
2
2
108
2
1
1
3
3
113
1
2
2
106
2
3
1
1
1
2
1
4
108
1
1
3
109
2
3
2
111
1
1
2
2
113
2
2
1
2
113
2
1
1
110
2
3
1
112
3
1
2
2
113
2
1
5
4
1
1
4
2
2
113
1
2
1
1
1
1
112
2
3
1
2
113
2
1
3
2
2
112
1
3
2
1
2
2
2
4
11
108
1
1
5
110
5
102
3
2
1
1
2
3
3
4
20
111
8
7
1
10
9
4
9
9
10
9
7
12
4
16
7
5
10
1
23
124
1
3
1
2
4
4
19
110
1
3
5
3
1
3
4
3
2
1
4
24
114
1
3
3
3
2
2
2
3
25
115
1
3
2
4
1
2
3
1
1
4
36
115
1
4
6
4
5
4
5
7
5
1
6
34
118
3
4
6
3
5
5
3
3
1
5
28
115
6
6
2
5
3
5
7
8
2
1
2
4
1
33
117
1
4
5
2
5
2
3
5
7
3
4
3
47
119
1
3
6
3
6
2
5
6
7
1
6
1
5
1
54
120
1
5
3
7
1
6
7
2
6
1
3
9
4
51
119
3
6
4
8
1
7
8
4
7
3
6
11
5
2
57
121
3
7
6
1
9
1
7
8
5
9
4
6
14
1
5
3
61
123
4
8
7
2
10
2
9
7
6
10
7
9
18
3
6
4
71
124
5
7
7
1
10
2
9
9
7
11
6
7
12
3
2
6
4
71
125
6
9
6
10
2
9
10
8
12
6
7
8
5
5
6
1
66
126
7
9
6
1
11
2
9
9
9
12
9
10
11
2
2
5
7
2
66
128
9
12
4
8
3
11
3
10
10
12
13
9
9
15
1
5
6
8
4
65
133
7
12
7
1
10
2
10
10
11
12
7
11
12
3
5
6
2
67
129
6
6
3
8
6
8
4
7
6
7
2
2
64
123
5
2
1
7
1
4
3
6
50
121
17
19
8
16
9
9
10
11
17
20
21
23
7
12
13
20
14
11
3
9
16
12
62
139
15
16
5
13
6
9
8
12
17
16
19
15
5
11
9
25
14
11
2
8
12
10
50
133
7
8
5
8
1
7
10
5
9
3
6
11
4
4
2
3
2
42
125
12
13
1
9
3
8
5
9
15
11
12
8
7
6
5
6
5
1
6
9
6
57
131
9
9
6
3
8
4
8
11
5
8
4
7
1
12
1
4
4
1
49
125
9
9
7
3
7
5
7
14
8
8
4
6
4
5
1
4
5
4
3
40
129
7
9
5
8
4
9
15
5
7
1
7
3
3
2
5
4
2
35
124
9
9
4
1
8
3
8
12
6
6
3
5
1
9
2
4
3
3
34
126
9
8
6
3
7
4
7
12
7
6
4
4
3
11
2
5
2
3
23
127
7
5
4
1
8
3
7
12
3
4
3
6
3
14
2
1
4
1
23
121
6
3
4
7
4
7
14
4
3
1
3
5
7
4
1
4
29
123
5
3
2
7
3
6
12
3
1
3
5
1
3
1
1
3
20
122
6
5
2
1
7
2
4
8
1
3
2
5
2
2
15
121
5
4
3
2
7
4
5
9
4
4
7
4
1
3
12
119
5
1
2
7
3
5
10
1
5
1
5
3
6
118
5
2
2
7
3
3
8
2
3
3
3
2
3
119
6
3
1
6
1
3
1
1
3
1
119
6
5
2
2
7
2
3
1
1
4
1
121
1
7
2
4
1
2
5
1
119
3
7
1
3
7
1
118
3
1
6
1
1
6
116
7
1
109
7
108
10
4
6
7
9
11
6
10
6
15
9
9
13
10
3
4
8
5
125
3
2
9
5
2
5
4
1
4
117
1
9
2
4
1
1
111
1
2
9
5
1
1
1
8
10
3
115
9
2
3
1
1
112
9
3
6
1
2
113
1
10
2
6
1
2
113
1
10
3
5
3
112
9
5
1
113
10
2
3
2
111
1
10
2
3
2
113
12
3
1
5
1
5
112
11
1
2
5
2
4
108
12
3
1
4
5
108
12
3
2
5
108
12
2
2
3
2
6
107
11
2
97
10
95
12
6
5
4
8
5
4
1
9
113
12
6
4
5
1
3
10
112
9
4
99
9
2
2
2
7
102
7
5
101
8
2
1
7
103
7
2
6
101
7
1
5
101
6
4
103
5
5
104
6
3
6
103
5
2
5
104
5
3
5
106
5
4
7
107
4
5
7
109
4
2
5
108
6
4
6
106
5
4
6
107
7
1
3
6
107
6
1
3
4
107
4
99
5
3
3
108
1
2
1
7
6
9
13
9
12
4
11
6
127
6
3
6
4
1
113
5
3
5
3
114
5
3
4
4
115
5
1
2
2
116
3
1
4
1
118
3
2
114
3
3
2
118
3
2
1
1
118
3
1
1
4
117
3
3
9
116
3
3
115
2
119
1
118
1
118
1
117
119
113
110
2
2
1
7
14
2
6
124
2
1
3
4
1
3
121
1
111
1
114
1
1
116
3
1
4
113
4
1
3
112
3
113
5
2
4
3
112
6
1
6
12
110
7
3
3
8
16
113
7
2
1
7
8
113
7
3
1
7
2
115
6
2
5
2
120
6
3
6
4
120
7
1
3
7
5
119
7
1
4
9
7
121
7
7
11
119
6
6
110
6
7
6
2
120
1
2
8
8
5
16
22
16
4
20
3
3
4
135
7
1
4
11
12
120
9
4
7
12
16
123
9
4
5
13
15
122
8
3
1
10
1
118
9
4
3
11
2
121
9
4
3
10
9
122
10
7
1
6
14
13
2
124
10
7
4
14
11
2
1
115
11
7
5
13
9
3
2
121
11
7
7
16
12
1
2
121
13
10
1
9
18
14
3
3
118
12
9
2
8
18
14
4
3
120
12
11
4
7
19
20
3
3
120
12
9
4
8
18
20
3
3
124
12
8
1
7
19
1
22
8
3
124
2
11
5
17
15
113
11
3
1
16
21
115
11
5
11
9
11
1
25
22
11
31
21
7
1
135
10
4
8
9
3
11
18
12
19
20
6
131
10
5
2
7
16
2
24
8
1
126
11
9
6
3
13
20
5
32
11
4
130
10
4
3
6
15
6
25
12
3
125
10
2
7
7
8
15
9
23
16
5
129
11
7
5
7
16
6
23
14
4
6
129
11
8
5
8
17
8
27
16
4
127
12
1
8
7
7
16
8
20
12
6
125
12
6
2
1
8
18
2
25
10
4
1
127
11
8
2
1
9
18
1
27
13
5
126
10
9
3
7
13
22
8
4
123
11
9
2
1
9
17
24
7
4
124
12
11
4
6
14
1
16
5
6
126
12
10
3
2
8
14
1
15
3
5
131
12
12
5
7
16
17
5
5
122
11
9
3
13
10
4
3
118
5
10
3
8
7
112
12
2
12
10
14
16
3
25
6
8
120
13
8
19
18
10
22
23
10
32
19
12
129
12
3
13
13
1
14
7
13
15
8
115
11
5
11
13
7
14
10
19
16
9
124
10
5
8
12
5
12
10
15
14
7
123
7
3
5
9
3
9
10
12
16
4
122
9
3
7
9
6
15
12
20
18
5
123
9
1
6
5
5
15
6
22
9
2
120
10
3
9
8
8
17
8
27
14
6
122
9
3
9
9
4
14
9
18
14
5
122
9
2
10
8
5
15
5
18
12
4
122
11
3
12
10
5
18
7
21
12
7
120
12
3
12
9
6
18
6
20
9
7
121
11
2
13
9
7
17
5
23
10
7
121
12
2
14
9
6
17
5
24
10
7
120
13
1
14
8
8
19
2
25
6
7
119
12
14
6
5
16
17
5
7
117
2
11
10
2
13
12
3
109
12
10
15
19
1
107
14
3
20
9
8
26
27
4
35
12
11
11
126
15
2
18
10
3
14
24
6
31
11
10
9
124
14
15
5
7
18
17
7
6
15
118
13
17
7
3
12
19
19
10
7
12
123
13
13
4
8
18
17
5
5
3
123
13
13
5
3
10
17
15
5
6
7
124
13
14
7
2
10
18
19
6
6
124
12
12
7
2
9
16
19
8
4
4
123
11
13
7
2
1
9
16
2
19
10
5
11
123
11
12
6
1
7
15
21
7
5
123
11
11
6
2
2
9
15
1
24
10
5
124
12
13
8
1
6
14
2
19
14
6
122
11
1
13
10
2
7
14
4
21
16
7
120
11
12
8
1
1
8
15
2
28
11
6
122
12
2
12
11
3
4
8
12
4
21
12
8
13
129
10
11
10
2
3
7
10
2
17
11
7
12
125
11
12
9
3
4
7
13
17
9
6
2
125
11
11
8
2
11
1
14
6
6
121
4
9
6
3
4
9
2
115
10
10
6
1
2
10
11
18
5
4
123
5
2
12
4
21
14
18
12
26
2
19
3
31
12
11
5
5
13
135
10
13
7
4
5
5
10
15
3
6
126
11
14
7
6
6
8
11
17
3
7
127
11
16
5
8
5
9
12
19
3
7
129
11
14
3
5
3
8
12
21
5
125
11
15
4
8
5
9
12
24
6
128
10
13
2
6
5
6
9
18
5
129
11
17
7
5
8
8
10
19
4
8
1
123
10
17
6
4
7
7
11
19
4
6
125
10
16
6
4
9
5
9
10
5
6
2
125
10
1
14
7
4
9
4
6
12
5
7
1
123
9
13
5
4
8
5
7
19
5
6
126
7
11
6
5
9
4
5
13
4
5
2
125
7
1
11
7
4
11
2
1
4
10
9
5
3
124
1
6
8
4
4
12
2
2
12
7
3
4
125
3
1
7
7
3
6
13
1
2
1
10
9
4
4
127
5
4
4
6
116
4
2
4
1
116
10
10
4
6
5
6
8
11
11
16
21
18
9
6
9
14
14
2
9
12
8
4
136
4
5
1
3
3
6
7
9
8
11
16
8
5
3
6
11
12
8
7
3
23
131
6
2
5
5
3
11
1
6
9
4
1
67
123
4
4
7
5
8
9
9
13
7
5
5
4
16
11
6
7
1
139
130
7
3
6
7
4
11
2
2
3
1
14
7
5
1
218
123
2
1
8
6
8
10
7
12
5
5
4
7
16
15
8
3
371
128
1
7
4
8
8
6
9
5
3
5
3
18
10
6
557
129
1
9
4
9
9
6
9
6
2
8
21
7
6
710
125
2
9
3
10
7
8
8
8
11
28
5
6
839
130
1
10
5
11
8
7
6
10
13
1
33
4
7
788
129
1
10
8
12
12
8
9
9
5
11
6
27
13
9
398
127
2
2
9
9
10
13
7
12
6
7
8
7
16
12
9
2
128
2
2
1
2
9
10
10
15
8
14
5
10
7
11
12
14
10
3
130
2
5
2
4
10
12
12
17
7
16
6
12
8
13
18
18
11
5
126
5
6
2
3
10
13
13
19
6
16
7
12
10
15
21
19
12
5
123
5
3
2
9
10
11
16
8
16
7
11
9
12
20
20
9
4
126
5
1
1
8
9
9
14
9
14
7
10
7
9
18
16
8
6
126
2
1
7
8
5
13
5
13
8
3
9
13
14
7
3
124
3
6
1
3
7
7
5
120
7
6
7
6
5
9
8
12
12
8
5
5
24
13
4
6
1
127
17
17
7
8
4
7
11
10
16
25
21
24
14
11
10
28
19
3
3
9
13
13
140
5
4
5
1
1
4
9
11
5
1
3
14
5
2
4
1
128
9
6
2
1
6
2
2
3
14
11
12
1
6
27
3
3
5
4
132
7
5
6
1
3
4
13
8
10
6
23
2
2
129
6
4
5
2
3
9
8
6
3
9
4
1
126
6
4
5
1
2
11
8
7
1
7
2
1
130
4
2
6
1
1
10
4
8
4
16
2
127
6
2
6
2
12
3
9
4
16
1
2
127
6
7
2
10
2
7
4
8
1
1
126
4
2
7
3
10
2
7
4
7
2
126
3
7
4
2
9
1
7
3
3
4
124
3
8
1
4
3
8
1
8
5
9
4
121
3
8
1
5
2
9
2
8
4
13
4
122
3
7
3
1
9
2
8
5
14
2
122
5
8
2
4
2
9
2
9
5
12
5
123
3
9
5
5
5
7
4
7
5
1
9
1
6
118
7
1
2
1
3
1
2
6
2
116
2
7
114
9
8
2
3
3
8
11
7
10
14
13
20
9
6
5
14
11
10
3
4
5
129
9
10
3
5
4
9
14
11
14
17
15
19
10
9
6
21
11
12
5
5
6
130
8
6
3
6
3
7
4
2
1
8
5
118
6
5
2
7
9
5
8
12
13
12
8
4
1
12
8
1
7
3
1
125
3
4
1
1
8
9
4
7
7
11
6
7
1
1
6
7
7
1
122
4
4
2
2
8
10
5
9
9
12
10
7
3
3
14
6
8
123
2
3
1
6
10
4
9
9
11
8
6
2
14
2
7
9
119
4
2
1
7
12
5
12
7
11
6
8
2
3
9
5
1
8
22
118
4
5
4
3
6
12
4
10
9
14
7
9
5
5
11
1
8
2
13
123
5
4
2
2
6
12
3
10
9
12
7
8
4
9
9
8
124
5
6
4
1
5
11
4
11
10
12
6
7
3
4
6
7
2
8
124
5
6
3
4
8
1
7
10
12
5
3
1
4
2
1
5
124
3
2
1
1
5
10
2
9
9
11
4
4
1
7
2
121
3
2
1
3
6
12
3
11
8
8
5
4
1
1
5
9
6
120
3
5
9
2
8
6
6
4
1
2
1
7
9
118
2
5
8
2
7
6
5
4
6
9
119
1
6
9
3
9
5
3
2
4
1
7
16
117
5
4
3
2
17
107
3
24
107
10
9
1
6
4
5
13
6
14
13
11
16
6
1
1
1
4
4
10
5
36
126
5
7
5
3
5
11
2
10
9
9
4
3
1
3
7
1
31
121
1
5
4
3
1
3
27
116
3
3
3
5
7
1
7
5
6
3
2
5
29
117
6
4
4
3
1
3
34
108
3
4
2
7
6
2
6
3
5
5
1
4
34
115
5
3
3
6
7
1
7
2
5
4
42
116
5
5
3
6
8
3
9
2
6
1
6
46
116
7
5
3
6
7
4
10
5
5
1
5
40
116
5
5
2
8
6
4
9
4
5
1
1
4
56
114
5
6
1
3
8
5
3
7
3
7
1
7
5
63
114
7
3
3
9
6
4
9
4
5
4
6
1
61
115
7
2
2
8
7
4
11
5
3
5
1
54
117
8
8
3
8
6
3
9
4
5
5
1
46
115
9
6
2
3
6
3
1
3
5
3
2
2
52
115
9
5
2
3
7
4
2
6
5
4
1
1
1
4
2
46
115
7
7
1
5
3
1
6
3
2
2
1
54
112
2
1
4
1
44
106
1
4
30
102
16
14
9
8
3
6
8
3
10
11
9
12
2
1
3
4
7
1
5
1
8
54
121
19
16
11
10
1
4
7
3
9
16
10
11
2
2
5
9
1
5
1
11
48
123
9
6
2
4
3
2
1
1
2
39
113
15
11
6
5
4
3
1
5
10
4
4
5
1
8
37
119
12
9
4
2
4
7
2
2
2
5
25
117
10
8
3
3
4
2
6
1
2
2
4
17
115
10
8
3
1
4
1
8
3
2
1
4
20
114
9
5
3
1
3
7
1
4
20
117
11
7
6
4
3
1
7
3
1
2
5
12
117
10
7
5
2
2
7
2
1
2
4
5
114
9
5
3
3
2
7
3
1
2
4
4
115
8
5
4
2
3
7
2
1
1
4
3
114
7
5
5
1
2
1
7
1
1
3
2
115
6
5
5
4
2
8
3
3
3
116
5
3
3
1
2
8
1
1
3
1
115
7
6
4
1
1
8
2
1
1
2
113
4
2
1
1
3
110
2
1
107
13
11
10
7
1
2
3
16
9
17
3
5
10
120
15
9
10
7
1
3
3
19
10
13
7
6
1
1
13
124
4
1
3
7
2
2
117
10
10
9
5
1
1
16
9
8
2
1
9
125
6
7
3
2
11
8
3
5
121
8
8
4
3
2
2
5
12
10
5
1
1
1
7
121
6
7
3
3
3
2
4
12
10
5
1
5
119
8
10
7
4
2
1
2
12
13
4
2
3
3
6
121
7
10
8
3
2
1
12
12
6
2
2
5
6
120
4
5
5
2
4
1
2
13
10
9
1
1
7
4
119
6
7
7
3
3
1
1
3
12
12
8
2
2
1
2
5
120
5
8
7
2
4
1
1
2
11
10
7
1
1
2
3
121
3
6
6
3
2
12
7
7
1
1
2
121
3
3
3
4
1
3
9
8
7
1
2
118
2
3
1
1
4
6
6
4
1
1
1
115
6
3
8
6
6
5
118
1
6
2
7
5
5
1
116
6
1
1
6
6
1
114
1
1
109
104
3
7
9
3
2
3
3
3
4
12
9
15
1
1
2
3
1
2
4
123
3
5
1
2
3
4
6
9
6
7
1
1
119
1
106
3
1
1
3
111
106
1
108
1
108
1
106
2
1
2
3
3
1
109
2
1
107
1
3
1
112
2
108
3
2
2
1
103
1
1
107
2
1
106
1
1
1
107
2
106
95
102
5
5
9
10
2
9
12
14
12
10
4
2
5
6
119
4
2
1
1
7
2
111
2
1
7
2
111
2
3
3
5
9
6
116
2
2
1
7
4
111
5
1
4
4
4
12
7
1
2
1
116
3
1
2
2
4
11
6
4
117
2
2
3
4
12
1
8
11
116
1
3
1
3
4
5
13
9
1
1
1
116
5
2
4
4
5
14
3
9
2
1
117
1
5
2
4
4
5
15
4
11
3
3
5
2
116
1
2
2
4
4
12
2
10
2
6
1
115
1
3
3
3
1
5
6
16
4
12
5
5
2
3
5
118
2
5
