21
12
3
12
6
3
4
1
7
8
3
1
9
4
11
28
7
17
15
1
10
3
3
4
6
5
7
26
3
12
21
7
1
1
1
3
10
3
24
2
11
16
6
2
2
4
2
7
3
13
19
3
13
8
9
4
3
6
1
2
4
10
13
7
2
2
4
5
3
5
18
3
8
6
14
3
3
7
22
13
9
7
3
7
3
3
3
16
14
9
5
3
6
1
3
2
6
3
14
21
8
3
2
2
4
7
5
2
3
14
20
6
4
3
3
5
8
4
5
42
9
15
4
16
5
6
1
2
4
2
1
9
10
5
49
12
18
6
10
6
10
3
2
5
6
4
3
11
7
7
1
8
13
3
14
3
9
2
9
9
3
9
5
10
22
2
8
7
14
1
13
7
5
7
12
16
2
9
7
11
2
16
7
31
7
15
10
2
11
2
1
3
3
6
6
6
16
5
1
8
15
13
2
12
2
1
4
3
5
6
6
12
1
7
12
17
1
10
1
1
2
1
5
11
4
3
3
26
7
11
13
2
8
3
1
1
4
5
5
10
4
7
58
11
14
3
7
4
10
2
5
4
7
1
8
8
5
1
6
5
7
24
12
14
5
8
5
10
1
4
4
7
7
7
6
2
7
6
6
5
10
11
2
13
3
7
1
2
4
1
5
11
4
20
5
9
9
2
9
3
5
1
1
1
3
1
4
12
3
27
54
10
11
4
4
6
3
1
4
5
3
2
4
7
3
27
40
12
14
7
1
5
9
1
4
6
5
1
3
7
7
4
18
10
11
6
10
5
8
1
1
8
14
2
13
12
11
11
6
10
6
8
8
14
1
7
62
17
17
11
5
9
12
6
1
6
5
4
1
13
11
7
56
19
21
14
3
10
14
2
8
5
9
1
6
4
4
1
15
10
11
7
16
18
10
7
9
12
3
1
5
3
12
13
7
10
14
14
6
9
8
9
1
1
1
2
1
11
14
7
1
63
14
16
7
8
9
1
3
4
1
5
2
6
5
2
10
9
9
63
13
16
8
7
8
7
6
3
8
9
6
6
8
6
9
77
11
13
14
7
8
7
7
4
7
9
4
5
7
9
5
210
2
9
8
3
7
4
7
1
5
7
2
4
4
12
354
47
7
4
2
5
3
10
6
10
5
8
2
8
1
506
66
7
6
2
5
5
14
2
3
9
14
9
12
1
4
3
533
19
5
4
2
4
10
2
5
10
8
7
5
2
341
5
2
1
3
1
6
2
1
6
6
9
2
110
33
41
8
6
1
3
1
7
3
2
6
9
1
3
8
2
38
75
12
13
5
3
9
2
7
1
2
5
1
7
10
4
4
7
4
1
4
37
29
15
16
7
4
12
2
5
4
2
5
1
6
7
3
4
9
7
7
36
4
13
12
4
3
10
4
1
2
6
2
7
12
5
38
46
13
11
5
2
13
5
4
1
8
3
7
12
6
35
84
15
16
8
5
15
5
4
4
5
5
5
5
12
3
6
8
8
10
31
47
15
15
8
6
17
5
4
1
5
4
5
4
5
11
3
8
8
8
9
21
2
12
10
5
3
12
3
1
5
1
6
13
5
17
30
11
10
4
2
8
1
2
6
1
6
12
4
21
62
13
11
6
3
10
1
2
4
3
1
4
9
1
5
7
7
6
12
33
15
12
9
3
11
2
5
1
4
4
7
2
5
8
7
7
8
15
11
9
3
10
1
4
2
2
4
1
2
10
12
5
18
8
16
11
8
4
10
2
4
2
3
6
2
11
13
7
29
53
18
14
10
5
10
1
4
1
7
2
5
1
6
10
4
4
11
8
9
27
48
17
15
10
4
11
5
1
7
3
7
1
7
9
6
7
10
6
9
14
11
10
5
1
8
1
1
3
5
3
6
9
6
13
6
4
6
3
2
11
1
7
26
9
7
3
1
9
1
1
1
7
1
4
8
2
22
11
11
5
3
11
1
1
2
1
4
3
7
2
6
7
6
5
12
10
5
3
13
1
1
3
2
2
3
8
11
4
11
9
5
3
2
12
2
1
1
8
15
2
14
10
7
4
13
2
2
3
4
1
4
3
2
9
12
4
9
15
17
14
10
6
14
6
9
3
9
1
8
6
8
6
10
8
9
3
16
14
10
5
12
5
8
1
8
8
2
7
3
10
11
8
14
10
7
4
9
2
4
4
5
1
3
10
15
5
14
8
7
3
7
4
4
4
7
3
5
2
9
12
6
27
15
10
10
5
8
7
9
1
9
10
5
11
5
9
8
7
15
9
10
4
8
4
7
7
7
1
8
2
8
9
4
11
3
5
2
5
2
5
14
4
10
1
4
1
4
1
6
14
10
26
12
5
8
1
7
1
1
3
3
8
10
11
5
6
1
8
2
1
8
9
7
2
4
5
13
5
6
7
2
3
6
14
25
25
8
1
3
4
6
7
55
15
9
2
5
4
1
6
5
80
7
2
1
4
9
95
6
1
3
10
119
30
10
2
6
1
4
3
2
2
4
3
3
5
6
145
16
14
6
10
2
7
5
5
5
7
5
6
1
8
5
1
164
16
7
11
3
9
3
6
5
6
2
6
1
10
10
2
171
12
15
8
10
3
7
1
5
5
5
3
5
1
11
12
3
174
27
9
17
13
11
4
9
4
8
4
9
1
9
7
9
7
12
8
6
189
18
11
19
16
13
5
11
7
1
11
5
12
1
11
8
12
8
13
4
7
187
8
14
12
10
3
6
4
5
8
7
2
7
10
7
2
173
10
11
6
5
1
1
1
2
4
7
9
159
16
10
4
3
3
2
2
4
1
1
5
4
1
154
24
12
8
7
1
4
3
3
5
6
2
5
7
1
2
146
1
14
8
8
1
2
4
3
2
5
6
3
10
4
1
127
20
12
3
6
1
2
2
1
3
8
9
1
108
35
13
4
7
2
4
3
1
2
6
2
9
8
3
96
35
12
14
6
9
2
7
4
3
5
8
3
5
8
2
6
91
29
14
5
9
2
7
4
2
4
7
3
8
2
5
68
30
15
4
9
1
6
4
1
2
7
1
9
6
5
45
36
17
16
5
9
2
7
5
2
3
7
3
3
10
6
5
37
32
54
18
10
12
3
10
6
7
8
11
8
8
13
1
6
2
27
19
17
19
10
13
4
11
7
8
9
12
8
9
2
13
7
3
20
19
19
11
13
5
10
6
6
8
11
7
7
1
14
5
7
3
4
30
21
14
14
6
12
7
8
1
9
13
10
10
4
16
6
8
6
34
40
25
19
18
9
2
16
7
14
7
15
17
16
15
10
19
2
9
11
25
26
29
25
21
12
5
1
18
7
17
11
18
1
20
16
17
14
22
2
9
16
26
27
22
18
11
3
1
15
6
14
7
14
17
11
13
9
21
8
7
13
33
15
25
19
17
9
2
13
6
11
5
11
14
12
10
7
20
9
6
11
24
66
28
22
20
9
5
14
6
14
7
13
2
16
16
13
11
22
5
6
14
14
49
30
24
23
11
8
15
6
17
9
16
2
17
17
15
12
24
3
6
15
12
27
21
20
9
9
10
4
12
5
11
12
11
9
7
23
8
2
11
15
22
15
16
7
6
6
1
6
6
7
8
3
1
20
10
5
22
47
22
15
16
7
5
6
1
7
1
6
8
9
4
2
18
6
1
6
20
49
23
18
18
8
6
7
1
9
3
9
10
7
6
2
18
3
7
16
21
15
15
8
6
3
5
2
5
6
3
2
17
7
4
23
18
13
11
5
4
1
2
2
4
1
15
10
3
30
48
19
16
12
6
7
3
5
2
6
7
5
3
1
16
7
5
22
57
22
22
16
8
11
5
10
7
10
10
8
8
5
19
3
11
5
10
25
25
18
1
10
11
6
11
10
12
11
7
9
4
22
6
14
26
25
17
8
10
10
5
11
10
12
11
6
9
7
24
10
14
43
28
28
19
4
11
11
7
2
13
13
14
3
14
10
12
7
25
9
17
3
69
32
34
24
14
14
10
2
18
18
18
5
16
13
15
11
30
5
20
1
6
11
32
34
25
7
15
17
8
17
18
17
4
15
9
14
12
31
7
21
1
10
26
27
18
12
12
15
5
10
12
11
1
11
5
8
4
27
11
16
19
10
22
24
13
7
10
15
4
7
10
8
3
9
6
6
3
23
10
13
19
30
21
25
13
9
15
5
7
12
8
3
10
8
7
5
22
4
15
3
19
25
12
7
15
4
6
13
7
1
8
6
6
5
19
5
15
15
20
7
4
6
13
1
7
2
4
1
16
10
10
11
15
3
1
3
9
5
2
12
8
6
24
12
18
5
5
11
3
9
4
1
6
6
2
5
12
3
10
11
14
20
6
6
12
3
3
11
6
7
5
4
7
13
2
11
11
16
3
1
4
9
8
2
4
3
11
6
8
3
11
15
3
2
5
9
6
3
5
1
11
7
9
10
41
14
20
6
8
9
5
5
10
9
2
9
7
6
4
14
2
13
12
19
18
24
10
10
12
9
2
9
16
14
5
13
10
11
13
16
1
2
17
8
17
22
8
3
9
10
6
3
6
15
10
5
11
7
9
9
15
4
2
18
1
16
21
5
7
7
9
5
3
4
15
8
6
10
7
7
9
13
6
2
19
40
18
25
8
9
11
7
2
7
19
12
8
12
10
10
12
15
2
2
22
34
21
30
11
1
9
13
9
3
11
24
14
10
14
12
13
15
18
3
26
18
29
8
10
7
14
5
3
7
22
9
9
9
9
8
14
18
3
2
24
14
25
3
9
3
11
1
2
1
18
3
8
4
7
1
10
15
5
1
20
11
14
25
3
1
3
12
4
3
3
20
5
10
6
10
5
13
15
2
2
21
14
14
27
4
2
13
5
5
5
21
8
10
9
12
9
14
14
3
23
14
14
25
2
2
12
3
3
3
19
5
7
7
9
7
9
13
1
20
21
3
11
20
1
8
1
2
14
1
5
4
5
2
7
12
4
16
25
7
10
19
7
2
2
12
2
6
4
7
3
7
12
2
15
27
15
13
21
3
1
8
3
2
2
14
5
8
6
11
6
11
12
16
26
13
19
3
1
7
2
2
1
12
5
5
6
8
5
8
11
14
17
11
16
1
5
8
1
2
3
5
1
3
10
4
11
9
10
17
1
1
6
1
2
2
10
3
7
5
9
3
7
10
4
13
2
34
15
21
5
4
11
2
6
3
6
17
8
10
10
13
9
13
14
1
19
4
8
17
22
7
6
14
2
7
4
8
19
10
10
11
14
10
16
14
2
1
21
14
18
4
5
13
3
3
3
4
17
6
9
7
11
7
14
12
6
19
10
14
17
3
5
12
3
3
3
4
16
6
11
9
12
7
15
11
7
1
19
21
39
16
23
6
7
15
3
9
5
9
22
12
15
13
18
13
21
12
2
3
24
15
25
18
26
7
7
17
3
11
5
10
25
13
15
15
18
15
22
14
1
3
27
12
16
26
4
6
15
3
8
3
6
23
10
13
12
14
11
19
13
6
1
26
15
16
29
3
5
16
5
9
3
5
25
8
16
12
16
10
19
16
6
1
28
7
57
18
34
4
5
18
5
10
5
8
29
11
20
15
21
14
24
18
1
3
33
49
19
38
5
5
21
5
10
5
11
32
14
20
15
21
16
27
19
3
35
21
36
4
7
6
18
5
8
4
9
28
11
17
12
16
13
23
21
4
2
32
17
30
1
6
3
15
6
4
3
5
23
6
15
8
14
8
19
17
6
1
27
27
15
28
1
2
14
5
5
4
6
22
7
17
9
18
10
20
15
1
2
25
1
21
19
30
4
5
15
5
9
5
11
24
13
17
14
19
17
23
16
3
27
94
18
25
3
5
13
5
9
5
12
20
13
13
14
15
16
19
14
3
2
24
228
13
17
4
7
5
8
5
8
12
11
10
14
15
16
15
8
4
2
16
376
10
11
13
3
5
4
12
6
7
11
13
11
16
19
19
16
4
1
3
13
527
23
10
14
3
6
3
14
7
8
11
14
11
18
20
21
19
2
4
11
557
7
12
6
3
10
7
3
10
9
9
14
18
16
19
3
10
378
5
11
6
4
6
6
10
4
10
8
17
8
20
3
1
11
148
21
12
9
14
8
6
7
6
1
15
5
16
9
21
10
26
1
1
1
16
5
38
31
12
20
1
12
5
8
6
7
20
9
17
12
23
13
27
6
2
21
37
13
24
1
1
14
5
7
5
6
21
8
14
9
19
11
19
9
1
23
39
11
20
12
7
1
4
18
1
12
4
16
3
17
8
4
20
43
8
18
12
7
5
16
13
3
16
3
15
7
2
18
40
15
10
23
15
5
2
5
2
18
3
13
5
17
7
17
9
21
32
10
23
13
4
1
5
1
16
2
9
5
13
6
13
9
19
22
5
15
8
3
4
8
4
7
5
5
2
12
14
12
6
2
3
5
3
6
5
2
2
8
3
21
12
5
4
6
3
1
8
6
1
9
8
1
1
12
6
1
4
7
3
3
8
3
8
1
2
10
16
10
5
4
4
1
1
5
7
2
8
20
1
9
3
1
5
5
4
2
6
7
1
1
3
10
28
3
4
13
5
5
7
11
7
5
11
6
13
2
6
14
15
5
15
6
6
8
13
3
8
7
12
7
15
1
6
17
4
3
11
4
3
7
12
7
5
10
4
13
5
15
9
8
4
2
2
7
10
9
2
11
1
13
2
4
13
12
5
3
12
7
4
4
7
14
1
12
5
15
4
17
3
15
12
5
16
10
5
4
7
17
3
12
5
16
6
18
1
3
18
8
1
15
9
5
5
13
8
2
12
2
13
1
14
19
10
6
5
2
9
6
8
8
2
10
27
12
9
5
1
9
7
9
7
10
20
16
2
19
14
4
13
8
10
11
4
14
23
3
19
15
5
14
7
8
10
6
2
14
41
2
17
16
6
11
7
4
7
7
8
12
44
3
18
16
6
10
9
7
9
9
5
11
34
9
5
15
6
6
8
13
3
8
7
12
7
15
1
6
17
4
3
11
4
3
7
12
7
5
10
4
13
5
15
9
8
4
2
2
7
10
9
2
11
1
13
2
4
13
12
5
3
12
7
4
4
7
14
1
12
5
15
4
17
3
15
12
5
16
10
5
4
7
17
3
12
5
16
6
18
1
3
18
8
1
15
9
5
5
13
8
2
12
2
13
1
14
19
10
6
5
2
9
6
8
8
2
10
27
12
9
5
1
9
7
9
7
10
20
16
2
19
14
4
13
8
10
11
4
14
23
3
19
15
5
14
7
8
10
6
2
14
41
2
17
16
6
11
7
4
7
7
8
12
44
3
18
16
6
10
9
7
9
9
5
11
34
9
2
13
8
5
4
2
10
3
9
8
14
10
13
3
12
143
3
10
10
9
3
4
1
7
3
5
7
11
9
9
9
157
1
7
6
1
3
1
5
2
4
1
4
156
14
3
4
1
3
4
155
31
10
4
6
1
2
1
5
2
1
3
168
18
19
8
9
1
6
1
6
2
3
6
170
8
6
9
1
3
2
3
4
159
2
7
2
1
7
1
148
8
2
7
3
6
3
1
139
20
6
11
3
1
4
2
2
9
2
5
3
139
10
14
4
1
6
2
2
8
6
2
4
124
11
14
5
1
2
6
4
3
9
7
1
6
6
107
9
1
14
14
5
5
4
8
1
5
6
13
4
10
4
3
2
9
101
9
36
5
18
15
4
9
5
12
5
6
10
17
9
15
6
3
13
88
17
6
19
11
3
6
4
11
3
4
8
13
7
12
7
3
13
72
27
3
16
9
2
2
6
2
8
7
6
4
9
50
25
12
1
13
9
3
1
4
8
6
5
4
6
33
12
44
12
9
1
3
8
3
3
5
27
1
6
8
3
1
9
1
4
6
10
2
5
20
20
4
25
8
1
2
30
9
3
1
6
32
9
5
5
8
23
21
5
13
5
1
5
4
10
7
3
6
18
10
12
15
5
2
11
6
13
12
2
11
1
13
2
14
5
2
11
5
11
11
6
1
12
14
5
11
5
2
4
11
8
1
14
14
1
7
1
14
22
3
18
1
10
5
6
6
17
12
6
21
5
20
3
3
4
19
27
6
20
13
5
8
7
19
3
12
8
23
10
23
4
4
21
3
15
2
10
5
6
6
14
9
6
17
5
19
3
3
17
5
8
2
5
4
2
3
7
4
1
13
13
7
1
11
20
20
4
3
2
1
2
5
2
13
13
3
9
23
25
2
3
1
1
3
1
11
10
1
6
20
5
5
23
1
1
9
18
15
2
7
7
46
1
1
3
2
6
3
12
12
6
1
4
2
10
57
3
9
2
2
11
7
5
3
31
7
8
2
2
6
2
12
9
4
8
6
1
7
3
5
5
3
13
11
7
1
9
9
9
7
2
7
5
7
8
8
19
15
6
2
11
10
45
11
9
5
3
8
13
10
2
22
3
19
1
5
16
11
10
1
11
10
5
3
8
12
7
3
19
3
16
2
4
15
16
4
8
6
5
5
3
13
10
7
8
20
6
7
2
2
10
6
9
2
21
11
5
6
1
1
10
5
5
11
4
5
6
1
5
12
3
9
15
2
11
16
33
1
7
18
47
4
7
8
4
10
13
15
3
5
15
18
1
9
6
9
4
8
6
5
5
3
13
10
7
8
20
6
7
2
2
10
6
9
2
21
11
5
6
1
1
10
5
5
11
4
5
6
1
5
12
3
9
15
2
11
16
33
1
7
18
47
4
7
8
4
10
13
15
3
5
15
18
1
9
6
9
3
8
4
1
12
3
5
5
26
5
9
1
1
16
15
21
5
11
5
30
3
5
2
19
7
5
18
4
19
27
2
4
16
1
1
2
10
6
5
6
17
41
4
1
25
20
1
4
22
2
2
5
1
27
10
1
5
6
5
3
24
59
9
8
6
12
2
4
1
7
1
11
38
11
9
1
3
10
14
6
7
9
6
6
1
9
7
1
3
9
11
6
7
5
7
7
2
7
6
1
3
7
11
4
6
8
5
8
6
37
6
2
1
9
4
5
5
7
1
10
13
8
9
4
4
11
8
45
8
4
3
1
10
4
9
6
10
1
12
13
11
11
3
3
12
5
2
4
1
3
2
4
7
7
6
5
8
7
40
1
2
3
1
12
153
33
1
4
5
3
9
286
53
4
3
7
7
7
1
5
430
1
3
4
2
8
494
3
11
383
35
1
7
2
8
200
17
66
4
1
5
11
3
6
4
62
32
12
1
5
