16
37
5
38
34
40
52
16
60
34
54
19
15
21
24
43
12
50
29
34
64
9
67
46
59
23
19
30
7
34
22
29
19
14
52
49
23
39
2
3
4
10
179
9
14
44
1
34
48
49
59
17
68
37
61
28
16
25
5
3
20
39
4
36
41
29
58
2
62
39
57
29
18
35
2
40
29
22
20
30
47
44
23
36
5
4
4
5
23
51
9
50
57
71
71
31
78
56
75
37
22
39
13
6
211
13
6
45
5
30
30
50
77
22
70
41
71
28
16
35
8
18
27
41
21
20
52
70
16
61
30
55
26
11
35
6
6
26
34
36
15
47
62
7
60
30
55
19
4
37
6
9
29
32
27
15
49
60
6
55
27
49
15
29
6
5
176
7
24
35
22
14
64
61
5
58
31
53
23
4
37
22
62
3
11
17
56
37
26
3
24
5
8
9
18
14
2
6
43
33
3
24
10
19
1
4
17
6
16
8
26
32
15
11
8
17
19
23
7
15
21
8
6
65
42
4
32
20
29
5
5
14
21
19
170
10
21
9
3
68
2
36
3
31
16
32
15
9
33
28
20
17
2
6
68
42
16
26
15
26
10
10
37
29
16
16
15
12
2
56
35
19
21
21
18
2
4
20
25
6
19
12
8
6
3
6
53
21
14
21
17
7
31
25
4
30
186
16
2
65
16
7
5
13
25
34
8
2
29
10
61
34
19
17
7
21
18
39
18
24
14
7
63
32
9
14
15
15
30
45
24
4
5
23
10
5
65
25
2
12
12
14
17
45
24
20
187
9
23
6
11
75
33
8
15
7
16
20
50
22
58
1
22
7
3
57
31
8
5
23
40
18
5
34
4
51
32
7
3
10
44
11
23
14
57
24
5
39
1
22
137
15
11
50
35
6
4
1
29
3
5
82
14
24
5
8
72
42
17
17
20
55
5
18
17
1
56
38
12
8
36
11
30
7
68
60
24
26
7
51
22
120
9
27
3
14
75
52
27
24
12
53
14
133
15
7
10
52
53
21
13
10
38
3
20
2
12
53
52
25
20
21
44
7
17
1
33
41
10
3
24
16
83
9
9
12
54
54
25
17
11
45
13
176
7
19
1
19
66
54
15
34
32
21
55
4
18
14
46
52
3
25
16
8
40
3
25
18
2
33
53
2
26
3
17
14
37
14
53
13
4
14
46
46
7
30
22
8
35
31
188
8
6
16
48
2
55
15
25
17
21
37
1
8
17
1
4
36
45
14
27
3
22
29
38
11
18
14
36
7
41
23
32
16
25
25
38
6
6
10
12
35
3
44
14
22
5
14
15
40
25
159
5
3
9
5
11
4
37
20
31
11
22
6
16
29
43
2
3
6
9
12
8
3
9
35
14
25
38
14
14
8
4
34
35
2
5
3
6
3
30
1
17
39
5
3
12
40
21
24
17
21
10
10
50
38
35
45
23
26
19
14
14
3
4
46
60
16
179
15
20
10
19
5
1
7
36
22
18
43
11
23
3
7
11
1
1
33
48
39
15
12
15
11
32
5
9
23
8
7
25
47
30
21
23
13
3
52
15
16
28
2
16
2
15
1
33
65
26
19
17
7
49
18
13
30
12
14
29
64
14
146
28
20
19
9
54
14
3
26
15
25
65
83
27
13
21
3
42
3
3
10
9
59
31
14
23
52
13
12
10
68
35
21
20
6
57
10
17
6
72
7
116
31
7
24
50
10
7
1
64
3
128
43
19
27
5
65
15
20
76
45
12
35
61
17
12
75
45
6
37
57
13
10
78
23
72
57
21
39
66
22
23
92
12
158
49
16
37
60
14
16
74
60
27
29
11
78
10
29
90
4
57
16
37
65
16
19
88
11
39
60
21
42
77
29
23
6
93
7
5
198
70
27
47
85
26
30
106
22
66
20
45
85
19
25
96
25
66
15
42
1
90
29
22
98
11
16
67
17
48
72
30
25
98
222
64
17
42
65
33
22
1
92
29
68
15
46
80
20
21
102
72
18
49
76
13
28
101
66
13
43
71
8
24
96
9
180
69
16
43
72
16
24
1
97
51
81
25
53
84
29
31
2
106
69
17
48
79
13
27
100
65
14
47
72
14
23
102
18
132
52
3
35
57
7
14
83
10
75
65
19
43
77
10
28
91
67
12
52
79
24
24
97
64
10
47
75
12
19
94
29
104
72
24
47
93
18
27
9
106
10
97
51
41
49
7
10
81
54
4
40
59
7
12
85
100
56
7
35
75
11
16
91
247
58
54
40
67
7
10
90
407
149
48
39
69
14
5
7
83
588
43
36
53
13
6
14
4
77
809
53
3
41
6
8
86
29
27
35
12
99
1031
50
40
34
70
16
13
17
3
88
1125
186
33
26
55
6
11
19
75
932
27
25
5
59
5
2
3
70
503
4
43
4
39
1
66
18
7
7
8
89
194
65
7
38
25
1
66
10
13
10
1
1
88
43
86
193
28
1
26
54
16
5
7
4
70
49
5
30
31
61
17
4
9
74
26
32
22
4
69
15
10
5
5
2
86
40
44
15
38
4
8
2
82
9
36
27
21
2
28
9
27
97
55
173
27
25
54
8
9
11
10
78
31
47
33
7
33
79
29
18
14
13
18
84
28
4
22
5
8
5
77
8
28
15
26
1
31
20
86
20
22
8
12
2
10
10
12
58
25
25
26
14
27
7
22
79
49
162
31
13
29
6
11
8
3
80
3
34
34
33
8
38
5
1
34
87
24
113
34
13
25
1
14
2
14
14
80
33
31
32
38
17
43
18
7
41
96
30
10
27
3
19
5
20
11
78
23
38
35
41
25
45
20
8
42
95
22
7
16
5
22
7
23
5
73
20
38
31
42
29
50
20
8
37
80
22
128
17
2
17
10
14
15
10
67
15
36
26
30
18
31
12
32
77
15
133
24
12
18
5
1
20
8
28
28
73
22
31
41
43
19
47
19
12
42
86
18
18
2
14
6
22
17
64
23
27
27
36
23
40
25
7
36
76
15
12
10
17
4
25
14
76
6
33
14
36
33
39
23
7
31
79
2
75
18
4
13
9
27
12
34
29
68
20
40
45
48
43
51
32
14
39
79
8
162
15
15
1
20
2
19
22
71
27
32
35
42
25
46
28
7
38
80
13
12
11
27
11
32
25
73
16
42
27
47
29
45
20
15
43
84
22
6
18
10
33
22
44
39
86
27
51
52
56
54
64
41
22
46
91
5
67
9
9
9
28
11
34
37
77
13
33
29
46
42
54
33
13
29
79
12
210
3
9
14
31
10
28
29
66
4
39
24
42
27
41
18
16
30
71
2
3
16
23
9
25
19
56
2
35
20
41
26
44
24
14
30
68
16
15
13
39
23
48
39
82
17
47
38
61
48
62
42
27
36
88
4
12
4
10
18
38
16
39
45
71
44
32
52
36
52
24
23
16
74
13
194
3
5
10
38
15
44
39
75
4
55
23
59
29
61
23
24
23
77
8
11
10
11
42
20
46
23
88
17
50
32
62
28
63
30
30
35
85
30
33
9
38
27
66
42
8
45
25
45
8
19
6
69
4
6
20
42
10
44
35
74
59
12
62
41
66
27
23
18
78
13
175
3
24
30
30
20
54
36
46
20
43
12
13
1
60
52
3
17
35
8
39
33
77
47
22
52
27
51
16
20
5
77
11
10
9
43
14
48
35
87
2
55
23
66
38
70
21
26
18
89
3
21
37
5
43
20
69
46
3
53
29
53
12
16
9
71
20
172
7
13
5
38
8
44
38
76
52
14
56
37
57
31
19
14
78
1
115
14
17
9
38
6
44
48
87
51
13
62
31
65
28
22
21
89
9
4
18
36
6
43
23
80
42
15
61
32
63
21
19
17
86
3
6
21
35
43
34
71
38
2
58
34
56
19
13
3
81
16
121
17
26
30
25
59
27
4
46
16
45
11
5
70
1
111
11
15
5
37
5
41
27
74
58
24
60
25
63
25
18
3
84
22
24
20
13
48
16
55
52
100
61
27
75
44
77
35
30
21
96
36
1
5
25
30
29
19
66
47
9
46
23
42
11
8
72
17
6
80
12
18
9
41
2
35
30
82
68
10
61
35
62
28
16
7
85
44
10
168
12
11
4
35
9
33
28
84
43
5
56
23
59
20
19
83
33
9
10
13
32
3
37
23
77
45
14
47
23
48
10
17
80
28
17
18
16
39
1
47
32
91
53
20
61
31
64
17
18
93
48
9
52
5
11
19
28
32
16
75
46
49
15
48
3
10
81
37
22
187
3
7
22
29
27
24
63
36
2
46
15
44
4
12
75
28
13
17
4
28
30
24
82
44
9
48
23
47
17
17
90
37
10
18
7
27
34
16
79
47
6
43
27
41
10
13
88
39
3
15
15
14
36
6
40
31
81
45
11
48
29
46
14
18
87
33
22
189
17
13
2
32
4
18
15
82
46
6
49
20
50
15
18
87
36
4
3
9
18
22
14
8
58
35
36
7
36
8
72
8
19
19
12
29
39
24
87
51
48
20
47
4
15
93
23
9
23
22
6
28
1
31
24
92
47
12
46
35
51
18
14
99
36
30
172
21
23
6
31
3
33
30
83
50
3
48
22
50
11
16
94
19
3
45
25
12
5
35
10
33
23
94
55
14
54
18
54
13
3
23
98
18
13
12
16
21
18
70
39
37
6
38
7
85
2
9
9
19
17
17
64
38
31
34
1
84
24
143
26
22
4
32
2
28
25
96
55
18
46
14
44
9
6
17
2
102
3
88
19
20
24
16
10
86
48
6
37
10
37
5
2
14
87
17
15
10
25
25
5
81
39
4
40
13
42
6
12
90
18
18
14
26
22
2
84
42
5
39
9
35
9
92
23
134
6
11
15
15
6
65
31
24
23
76
12
131
13
16
4
21
16
4
76
38
37
37
6
83
24
28
1
23
16
4
86
50
41
5
45
10
94
19
21
16
24
20
4
77
41
3
38
15
41
3
5
90
21
80
15
18
8
19
9
81
40
27
23
89
20
150
30
30
19
12
14
90
35
30
4
30
6
105
25
23
8
16
11
7
79
24
28
6
30
2
95
25
29
14
16
10
80
39
29
15
29
95
13
39
44
49
19
23
10
89
43
8
37
18
40
5
3
113
16
185
48
38
20
9
13
109
36
34
9
35
6
2
119
47
39
3
20
11
2
112
45
35
7
37
9
3
121
42
46
7
10
13
98
34
27
4
27
120
25
48
44
8
12
5
102
37
25
2
22
3
121
37
176
51
53
4
97
34
21
21
6
117
16
4
49
45
97
17
16
20
2
118
51
47
8
2
93
28
17
16
3
121
21
57
52
94
22
12
16
9
127
2
50
178
54
47
94
10
5
8
6
124
9
16
57
62
56
1
99
18
7
10
6
128
11
70
62
98
25
11
14
16
136
18
18
64
54
90
13
1
9
134
46
186
59
46
84
8
7
125
1
20
130
70
61
100
7
1
13
136
18
70
57
96
15
137
15
18
67
52
88
5
15
133
23
50
157
79
6
63
103
17
7
23
146
29
40
161
79
5
61
94
8
22
142
16
14
75
56
87
3
16
140
6
21
76
2
54
100
10
17
144
50
108
81
8
59
98
3
20
146
49
181
74
6
54
82
18
136
18
72
7
47
76
14
131
13
82
12
58
90
1
20
148
31
77
76
12
52
86
16
143
34
214
72
10
48
70
12
131
2
79
17
50
85
19
145
73
13
45
70
14
142
24
11
54
35
46
116
30
196
70
15
44
71
14
130
32
68
10
39
65
12
134
61
7
35
55
5
125
7
73
21
45
77
17
141
28
199
65
12
40
59
9
132
11
63
74
22
45
72
15
143
9
59
6
30
60
4
129
119
53
4
30
39
1
122
256
13
178
47
27
42
116
411
119
79
17
50
85
19
145
73
13
45
70
14
142
24
11
54
35
46
116
30
196
70
15
44
71
14
130
32
68
10
39
65
12
134
61
7
35
55
5
125
7
73
21
45
77
17
141
28
199
65
12
40
59
9
132
11
63
74
22
45
72
15
143
9
59
6
30
60
4
129
119
53
4
30
39
1
122
256
13
178
47
27
42
116
411
119
48
1
25
54
138
22
40
21
54
133
5
43
18
60
135
32
17
37
16
44
128
48
202
41
19
71
141
10
21
34
13
50
131
43
23
67
14
1
148
39
16
64
2
145
27
193
37
12
53
137
10
73
44
20
65
3
148
34
9
9
1
48
1
139
3
46
15
9
2
69
12
7
4
7
157
29
170
44
16
11
1
56
11
3
4
7
149
20
104
45
11
9
1
67
4
6
2
10
153
53
19
10
9
19
1
72
10
13
6
15
166
9
46
15
7
1
55
4
1
6
158
49
118
39
8
42
147
46
122
46
16
8
1
2
49
11
3
8
156
12
55
16
19
15
17
14
74
17
17
2
2
9
20
172
23
64
25
22
10
27
13
84
18
24
12
9
3
17
184
65
89
58
25
15
4
15
2
73
14
18
1
10
178
54
154
51
22
9
5
6
51
11
14
1
8
161
21
66
30
17
8
18
2
68
17
21
1
6
12
181
22
56
18
7
11
12
13
66
12
12
4
175
51
56
69
1
24
19
1
14
5
87
27
23
1
8
1
9
190
59
198
68
27
13
10
9
70
22
15
7
190
36
58
21
1
5
57
5
9
175
27
67
26
2
9
7
78
15
16
1
2
186
56
26
74
1
31
7
18
14
8
79
28
23
7
5
196
74
215
72
29
19
8
6
79
24
28
14
5
192
49
25
67
28
6
68
19
12
185
36
69
28
9
4
60
14
9
187
64
77
36
3
12
5
76
22
17
197
81
207
83
37
18
12
8
95
29
24
11
6
212
53
80
72
28
13
7
2
66
23
17
1
2
193
30
70
32
9
5
69
18
8
192
48
83
35
3
19
13
89
24
23
13
6
212
66
189
83
38
18
5
87
39
19
4
4
208
54
130
75
38
5
77
31
9
202
26
71
39
1
71
3
1
200
41
78
34
6
5
90
17
6
210
64
164
74
30
4
71
14
6
198
44
168
68
37
60
192
10
71
33
1
70
1
198
5
75
31
1
84
2
209
33
120
80
35
90
11
211
32
186
75
38
74
1
200
67
39
70
195
74
33
84
204
32
58
70
31
76
200
34
188
62
32
59
186
1
70
38
63
198
78
46
85
203
12
18
64
35
77
188
35
197
65
37
67
188
3
12
61
39
54
177
55
31
65
177
15
68
36
84
193
31
204
60
39
65
2
181
11
72
61
39
71
181
58
43
72
185
10
46
32
64
174
39
172
58
40
75
4
176
22
104
56
41
75
6
174
55
34
71
175
19
54
43
63
174
44
148
49
34
62
166
16
146
54
33
78
171
45
33
59
163
43
34
49
159
20
113
57
39
84
4
175
17
187
58
31
87
177
57
41
80
177
49
32
76
171
9
67
30
18
46
147
19
197
44
33
65
160
70
48
110
9
193
57
40
88
178
22
19
57
41
84
177
37
209
67
44
103
187
6
20
68
52
88
185
78
60
92
5
195
11
74
52
98
196
24
193
71
45
102
190
9
72
79
46
102
195
88
58
110
4
210
10
92
62
126
8
5
216
39
180
90
64
110
5
214
15
107
93
6
60
116
12
215
91
7
54
108
11
213
109
26
73
134
7
27
235
38
171
109
27
68
140
14
28
239
30
169
104
23
69
119
24
227
1
108
23
68
121
22
229
12
105
23
67
116
23
229
41
132
123
44
86
7
149
24
41
256
25
208
119
36
78
135
10
31
246
123
43
80
8
135
11
38
247
125
40
81
146
4
34
257
16
65
127
46
79
137
11
35
260
14
199
133
49
79
4
142
27
39
260
56
149
58
93
11
166
30
4
17
47
281
181
139
52
84
4
150
22
3
14
41
269
306
132
42
77
137
19
11
34
261
424
195
142
48
86
1
151
23
9
24
40
275
608
131
36
77
132
16
2
14
32
259
779
136
36
80
137
22
11
21
33
269
935
139
45
85
3
148
26
18
33
39
278
951
171
127
32
77
124
16
7
29
261
647
7
43
127
34
72
125
10
6
30
253
292
32
132
42
76
136
9
4
14
37
263
114
66
124
35
68
122
7
31
258
25
88
155
129
41
70
130
16
31
260
67
88
143
54
85
5
145
19
7
14
42
1
276
34
129
42
78
121
12
4
33
259
42
130
43
69
3
130
8
6
33
267
61
128
123
29
61
125
1
22
258
48
123
131
39
71
138
20
6
11
27
265
8
126
34
68
138
12
7
12
24
267
7
92
1
55
3
95
229
33
90
108
16
71
107
8
10
237
24
172
119
31
64
4
3
131
23
15
17
21
4
1
257
107
19
50
9
8
119
12
12
14
10
246
104
4
57
112
8
8
10
244
15
58
99
8
51
5
106
15
11
8
238
16
199
98
7
52
2
7
112
7
10
3
1
233
92
45
7
110
7
8
9
230
89
47
1
15
102
8
10
9
226
12
25
97
57
9
18
5
114
16
22
20
2
239
21
219
80
46
9
90
5
10
7
215
15
77
42
1
8
88
2
9
4
216
90
57
6
16
118
19
17
12
2
238
76
44
10
23
13
107
19
20
14
218
8
202
68
38
8
16
93
7
12
5
211
73
81
43
18
25
5
117
22
25
17
9
226
69
37
2
12
18
1
104
22
22
14
3
215
63
38
1
6
17
97
10
12
4
208
25
180
53
28
5
5
91
5
6
200
5
108
50
27
5
85
2
2
201
57
36
5
11
18
95
9
12
2
7
208
50
25
3
6
14
92
5
3
201
15
154
44
18
2
11
5
83
9
3
5
190
5
148
52
29
1
14
7
88
14
11
10
195
48
29
2
10
7
86
1
6
7
197
49
25
1
18
11
100
13
12
11
205
23
110
36
18
5
10
10
77
6
10
2
188
15
177
41
21
11
10
87
14
8
7
191
51
29
15
10
105
12
15
5
11
203
33
21
13
4
9
82
4
185
21
57
32
15
9
10
4
78
2
5
184
19
191
34
17
1
12
3
74
13
13
1
183
40
33
4
12
7
85
22
14
194
49
28
9
25
23
108
25
30
18
9
210
5
33
16
11
20
18
83
17
20
6
190
6
191
27
15
9
20
13
81
17
19
2
178
4
30
14
13
20
10
88
21
19
3
182
32
26
12
19
12
84
23
18
186
26
18
16
21
12
86
21
22
2
179
194
30
11
13
24
9
88
22
23
5
184
52
31
18
9
22
18
82
21
22
10
5
185
19
12
19
