27
21
18
49
8
9
24
7
1
8
10
17
7
1
28
25
1
19
41
19
23
52
19
14
17
8
5
12
6
20
11
4
32
27
22
27
23
15
42
3
1
3
6
6
15
23
25
17
11
8
33
6
25
20
21
25
21
3
34
1
2
26
21
24
24
21
9
41
19
2
2
5
9
35
1
21
22
20
23
1
32
12
8
17
22
17
18
25
1
32
3
1
8
7
23
17
17
25
4
35
7
8
22
26
28
10
43
6
2
3
10
1
19
25
31
32
22
10
56
1
18
10
7
4
4
6
15
13
30
39
18
29
40
28
21
66
3
14
6
19
14
13
16
2
19
19
23
36
124
14
19
39
27
29
73
25
26
1
12
10
18
32
29
37
33
21
29
37
14
15
28
35
30
21
69
14
20
3
9
14
17
26
23
24
17
23
26
8
21
27
43
25
19
67
9
18
12
17
10
26
12
28
14
20
28
5
28
37
33
33
23
74
19
27
19
28
32
31
29
37
35
44
16
26
51
15
8
26
37
32
36
24
78
22
34
44
28
38
35
31
42
50
52
16
28
66
9
54
15
28
23
41
21
16
64
7
19
13
14
18
18
21
26
34
35
8
16
40
33
18
26
30
36
27
19
69
8
20
29
9
20
18
27
30
41
37
15
21
38
5
49
18
18
27
40
26
18
65
1
13
5
5
5
13
21
22
32
26
18
18
36
48
25
18
16
23
19
52
5
3
22
4
8
11
11
13
5
22
30
27
14
26
21
18
46
1
3
13
1
13
28
32
2
16
29
30
18
4
46
1
1
1
15
5
17
30
29
4
22
32
23
21
47
5
6
1
8
18
7
24
29
33
3
16
28
34
17
2
44
16
7
19
23
39
8
13
32
26
27
12
57
7
28
12
12
2
5
1
9
22
21
30
49
26
10
21
24
28
20
10
54
15
11
1
6
5
21
19
27
48
18
5
18
15
37
12
8
45
18
12
10
33
21
9
23
33
21
8
50
3
22
15
29
39
21
15
14
25
11
4
45
1
2
18
11
19
36
22
3
20
21
20
14
4
49
1
2
18
13
7
39
20
2
23
30
34
21
10
53
4
7
5
18
16
24
44
25
23
33
28
23
11
56
2
12
17
11
14
8
16
7
16
18
29
61
31
6
17
35
32
27
14
57
3
4
8
19
6
15
10
1
15
10
16
19
30
68
35
4
20
37
39
29
21
61
10
8
7
16
17
16
20
5
24
15
18
23
31
81
32
5
23
40
44
32
30
66
19
9
17
18
28
19
32
8
43
17
22
28
43
86
29
23
20
43
27
28
63
19
8
22
15
25
15
30
6
32
15
21
27
34
77
32
19
18
34
24
21
63
17
12
11
1
13
5
19
5
18
12
19
24
14
77
28
2
14
17
36
21
20
60
13
9
15
3
7
7
17
21
13
72
16
10
19
13
37
17
21
56
11
7
20
1
1
15
19
7
63
22
3
23
24
33
23
21
63
18
18
10
3
36
2
22
12
18
12
18
23
17
80
19
16
24
26
29
25
14
64
15
21
19
12
7
6
6
15
20
19
14
21
17
5
92
19
20
21
23
39
21
17
60
11
16
10
5
9
11
18
14
84
18
21
25
29
40
29
24
69
18
24
10
24
8
17
19
7
19
17
27
25
5
97
16
26
25
39
31
40
26
79
22
31
17
24
19
23
22
30
29
28
23
34
24
5
110
18
27
19
29
49
29
22
67
7
17
19
6
9
15
16
15
11
15
24
21
102
22
23
4
11
27
27
31
25
11
63
12
13
5
19
5
9
14
10
11
11
17
23
18
112
22
27
15
17
28
32
21
27
7
63
11
20
12
16
7
6
17
24
13
13
17
3
25
127
19
22
9
12
24
26
30
19
1
53
6
1
1
10
7
1
8
122
19
14
26
27
26
28
14
17
48
13
1
2
3
1
7
1
6
27
123
17
12
28
27
25
25
19
10
39
7
1
3
22
130
23
17
22
25
29
28
18
11
39
3
13
136
24
16
22
24
27
37
21
18
40
8
18
138
21
4
32
37
21
29
33
21
6
48
7
8
5
2
7
14
8
1
27
170
25
12
33
36
23
18
30
14
7
46
8
13
3
2
3
11
8
23
168
29
12
36
38
23
36
22
24
10
51
3
2
7
2
7
16
12
1
27
171
28
6
45
50
24
27
30
19
12
48
1
4
8
16
12
5
34
161
37
41
48
19
25
23
14
41
11
4
21
147
29
5
37
43
15
27
13
15
41
15
11
3
20
155
16
13
39
41
19
22
21
8
36
7
9
21
146
11
16
43
43
24
20
20
7
35
9
21
137
12
11
39
39
21
21
21
10
39
13
4
25
138
7
7
42
42
16
28
26
21
7
52
2
16
13
24
150
7
45
43
23
20
30
16
7
50
10
12
24
150
13
57
55
25
26
37
21
14
56
3
5
4
1
1
14
18
40
142
8
5
66
61
29
32
20
25
11
59
5
8
14
5
12
3
4
6
1
13
18
52
119
24
1
59
55
23
24
19
17
49
7
7
7
36
103
25
11
59
57
16
33
21
21
49
9
4
29
93
20
28
61
63
20
36
16
24
51
12
5
35
72
28
20
57
56
19
19
27
17
47
11
2
25
59
39
24
54
47
16
20
23
16
44
9
24
45
42
22
60
57
19
25
12
20
50
1
1
10
2
32
37
38
13
60
57
27
22
24
19
52
5
3
9
4
31
35
37
18
69
64
28
28
30
25
5
59
5
4
15
14
11
12
45
40
38
21
81
72
29
32
25
33
9
66
13
15
18
15
8
8
22
19
12
18
57
33
34
18
72
65
28
21
26
23
5
56
3
6
13
6
3
10
48
16
32
20
79
74
27
24
25
21
8
62
1
11
9
9
8
23
20
7
16
50
27
29
16
80
69
32
27
27
21
7
58
5
12
1
17
12
8
14
56
9
24
6
70
65
25
25
30
21
11
55
6
12
6
9
12
47
3
17
3
63
61
22
26
25
22
3
55
1
13
12
10
10
10
37
5
16
5
70
66
23
26
24
21
52
10
9
11
8
41
18
12
69
64
21
25
27
22
6
55
12
13
16
13
40
12
65
53
22
20
23
19
48
5
5
14
7
40
15
2
61
51
17
12
28
11
37
8
36
15
54
46
23
10
23
4
29
2
27
20
63
51
32
23
10
9
30
2
39
25
65
56
25
20
27
10
30
4
42
21
63
58
27
14
17
9
31
2
39
29
68
62
24
31
14
17
41
8
7
45
20
66
62
26
28
31
20
8
48
1
11
9
45
16
62
61
26
32
27
25
12
54
4
7
1
4
6
13
15
45
3
16
60
54
17
27
31
25
15
56
8
1
5
3
4
12
18
37
17
54
48
19
23
29
26
17
59
12
5
8
5
1
12
21
33
16
10
49
42
23
24
34
27
21
61
14
8
2
9
16
6
13
23
37
5
3
59
48
27
16
32
19
17
60
10
11
3
4
7
9
10
10
11
21
41
5
9
75
61
29
23
23
20
3
54
5
11
8
3
6
11
5
11
57
15
13
63
53
30
21
28
14
1
45
1
41
3
10
55
54
25
24
34
15
8
48
6
4
2
5
6
5
35
10
9
77
71
30
35
31
21
1
50
1
14
10
10
6
5
9
8
4
63
22
11
75
69
29
30
16
19
49
3
14
4
31
4
4
12
10
5
2
54
24
8
9
76
64
25
29
20
18
1
47
15
1
3
4
3
56
14
9
22
76
62
30
28
29
14
3
44
8
12
3
2
58
3
12
17
74
59
33
22
27
14
6
45
16
4
2
5
5
58
10
15
3
72
54
32
5
31
9
4
41
9
1
2
56
3
15
11
56
40
27
13
35
9
7
40
2
41
9
5
65
47
33
25
26
19
12
51
3
1
15
3
11
3
2
6
12
60
10
3
75
59
29
30
25
26
18
59
13
10
18
14
14
12
9
14
14
21
57
25
1
62
45
28
21
31
14
10
47
1
1
2
7
10
47
19
4
70
57
24
29
26
22
10
54
6
8
12
1
5
9
3
12
9
14
57
33
8
5
73
63
23
39
30
30
16
59
10
10
16
5
7
3
12
14
12
18
13
18
59
50
11
62
48
28
21
33
17
8
45
5
7
6
52
45
25
57
45
23
14
26
8
39
1
5
39
36
29
56
43
30
8
8
5
30
8
45
35
29
49
34
25
7
19
5
29
1
40
30
33
52
36
27
13
23
6
31
2
4
39
25
27
53
39
30
19
20
7
32
1
4
42
14
24
42
25
22
17
28
5
3
34
3
29
32
47
30
23
9
23
7
1
41
4
7
3
5
38
34
14
55
40
22
21
31
15
14
53
8
9
11
13
3
10
19
45
37
15
53
36
27
17
31
11
16
52
10
10
9
6
9
19
50
46
24
47
28
24
8
28
10
9
49
5
8
7
3
6
13
44
50
31
40
20
23
5
28
8
5
46
1
5
5
8
34
42
40
42
24
30
1
25
4
41
36
44
23
56
37
30
14
28
12
1
47
1
14
4
2
10
1
4
4
53
37
18
56
35
30
15
28
13
45
21
8
4
1
56
31
22
37
17
24
6
36
3
33
30
34
25
55
39
25
25
25
19
1
52
7
13
13
8
6
6
7
7
47
32
27
66
49
31
32
15
25
2
60
14
26
10
17
13
10
14
57
14
31
17
47
33
23
25
33
23
6
59
15
12
7
8
15
39
32
19
51
37
22
27
32
26
11
60
5
17
13
15
9
2
4
8
18
43
34
28
49
38
22
25
36
21
19
61
13
19
5
3
12
10
1
8
9
23
39
30
35
44
28
26
28
39
23
22
64
20
22
10
2
1
10
15
1
11
12
26
42
22
22
41
24
29
12
37
14
17
53
12
9
3
2
12
1
1
7
17
37
20
28
37
23
27
2
37
7
11
46
6
1
6
3
9
36
22
28
50
32
29
25
35
17
14
51
10
5
21
8
7
10
4
5
8
13
55
18
30
47
32
29
20
38
13
15
50
9
3
18
12
3
4
5
8
12
37
21
14
45
29
26
20
37
14
15
50
8
3
5
16
3
6
4
6
11
38
19
13
52
35
26
20
36
12
8
45
2
4
7
1
6
45
25
24
52
38
28
16
31
11
46
5
9
4
41
28
27
56
36
32
26
22
23
5
58
5
12
19
1
15
2
9
10
6
8
16
57
27
11
47
31
26
22
32
24
9
59
6
13
13
8
6
8
9
5
11
18
43
37
1
35
28
20
20
36
23
5
57
11
6
5
9
15
28
33
32
18
22
21
36
18
1
50
4
5
8
27
16
28
10
27
17
46
10
3
45
4
4
27
16
48
30
28
33
32
27
13
64
6
20
32
22
8
7
14
5
8
15
21
48
11
41
23
28
18
34
13
5
51
10
16
2
5
11
41
12
36
20
23
23
42
11
5
47
4
1
7
35
63
5
43
26
26
26
37
19
8
56
13
14
3
8
16
43
157
39
22
31
5
34
5
45
2
1
3
7
38
211
39
24
20
16
31
9
43
6
5
29
336
29
15
15
11
33
9
37
5
19
388
23
10
22
9
35
6
35
1
4
19
215
23
31
11
26
18
26
14
1
42
10
15
13
8
6
34
51
22
2
27
8
34
7
38
12
4
2
30
74
17
28
3
43
1
5
34
5
6
18
22
90
27
29
8
46
6
14
40
6
14
7
18
39
3
8
33
84
28
7
28
18
54
14
26
50
17
4
24
6
30
30
11
18
38
64
30
8
29
9
42
7
12
44
11
1
14
25
10
21
5
12
35
33
28
6
21
5
42
6
11
44
11
1
5
14
8
10
6
12
28
20
20
24
6
48
5
18
43
12
16
7
8
13
24
18
20
3
22
3
52
6
19
47
14
5
4
11
8
11
16
22
31
17
22
12
41
16
23
59
24
17
2
13
26
8
14
8
16
23
29
32
12
28
9
34
12
13
50
16
10
11
17
3
2
3
7
14
33
30
15
19
13
45
14
13
53
14
14
6
1
9
7
7
7
15
27
40
28
25
29
41
24
19
63
22
22
12
16
13
21
18
19
11
23
35
30
15
33
19
48
16
16
54
14
13
11
15
11
6
9
5
16
33
1
27
11
27
4
52
12
14
52
11
13
1
9
9
7
5
2
13
31
1
45
23
30
28
37
28
16
63
17
22
25
27
16
19
10
16
10
21
47
17
30
12
32
20
44
18
15
57
11
15
22
7
10
11
3
10
9
18
37
21
21
5
28
14
48
12
13
52
6
10
8
10
7
5
1
3
9
14
27
14
28
10
23
20
40
17
10
54
6
12
7
7
7
6
10
15
30
20
22
8
21
15
45
11
8
50
2
8
4
3
5
6
10
22
18
27
18
26
30
44
20
11
56
6
12
14
12
8
13
2
14
9
15
29
30
29
16
31
25
42
18
9
54
5
12
18
4
6
11
4
12
7
13
41
33
26
15
28
24
41
17
7
50
2
7
11
5
2
6
2
6
5
10
29
27
21
13
23
25
42
19
6
50
4
12
1
5
7
6
10
23
28
21
12
21
29
46
20
9
48
7
12
1
9
10
27
24
22
10
31
32
36
18
41
7
7
1
7
2
25
16
18
4
30
11
34
9
33
6
4
29
17
10
22
10
41
5
27
1
12
15
21
6
27
24
32
10
30
3
18
16
37
22
27
32
35
20
41
17
8
4
6
13
5
41
33
16
7
19
26
42
11
32
1
6
9
28
25
15
26
25
24
10
32
11
2
8
3
3
28
39
17
10
24
24
42
9
33
10
4
6
22
31
14
4
26
20
47
9
3
36
3
8
4
20
35
5
20
4
27
23
43
15
2
42
26
6
12
9
35
57
3
11
23
20
48
14
3
40
4
2
9
6
21
47
18
30
14
47
9
6
42
22
2
1
4
8
8
32
67
22
2
28
16
52
13
12
47
21
20
8
11
13
14
33
71
25
7
30
22
47
19
7
47
16
9
2
1
12
11
36
71
18
29
16
45
12
41
12
5
3
31
78
14
26
15
45
12
37
1
3
23
81
24
8
29
25
49
21
10
48
23
14
4
1
12
10
36
102
22
2
30
28
50
21
11
49
1
20
19
7
4
13
11
40
110
5
22
19
52
16
7
44
4
3
9
7
17
118
3
19
10
60
17
17
50
6
3
9
16
16
8
11
13
15
135
11
27
18
53
20
20
54
12
10
18
17
26
7
20
3
13
19
26
140
8
26
19
61
18
24
55
15
12
9
26
7
17
5
14
20
21
155
19
3
29
26
41
22
10
56
10
12
24
48
6
8
13
27
16
11
17
2
33
175
17
27
25
36
17
3
50
3
7
19
16
2
7
7
23
10
5
11
29
167
10
26
27
48
15
7
47
3
4
8
4
20
3
4
9
21
174
17
30
34
38
19
50
5
18
9
9
13
9
3
7
9
30
179
8
21
22
48
12
3
44
3
3
5
3
3
4
5
5
21
174
14
26
15
45
12
37
1
3
23
81
24
8
29
25
49
21
10
48
23
14
4
1
12
10
36
102
22
2
30
28
50
21
11
49
1
20
19
7
4
13
11
40
110
5
22
19
52
16
7
44
4
3
9
7
17
118
3
19
10
60
17
17
50
6
3
9
16
16
8
11
13
15
135
11
27
18
53
20
20
54
12
10
18
17
26
7
20
3
13
19
26
140
8
26
19
61
18
24
55
15
12
9
26
7
17
5
14
20
21
155
19
3
29
26
41
22
10
56
10
12
24
48
6
8
13
27
16
11
17
2
33
175
17
27
25
36
17
3
50
3
7
19
16
2
7
7
23
10
5
11
29
167
10
26
27
48
15
7
47
3
4
8
4
20
3
4
9
21
174
17
30
34
38
19
50
5
18
9
9
13
9
3
7
9
30
179
8
21
22
48
12
3
44
3
3
5
3
3
4
5
5
21
174
6
29
12
49
7
10
43
9
6
14
5
4
4
5
12
19
91
5
4
26
16
46
10
16
47
17
10
11
28
21
25
7
16
20
87
1
5
25
19
59
13
24
50
20
12
17
17
31
19
12
18
23
71
5
11
28
27
57
19
23
52
19
11
28
22
3
12
4
14
20
3
32
68
7
26
17
53
9
12
43
10
4
10
5
13
1
5
9
19
61
2
5
26
16
50
8
8
45
10
7
27
39
10
2
11
10
4
9
30
51
2
24
26
49
19
10
50
8
8
13
12
10
8
17
9
8
12
19
42
12
23
24
52
16
12
51
9
9
13
16
16
10
27
10
9
12
12
35
9
21
9
54
11
6
46
2
5
3
3
8
5
15
6
4
5
14
20
5
22
18
40
17
51
1
12
2
12
15
15
4
7
13
28
5
26
27
36
19
53
2
14
15
9
1
18
19
4
6
9
25
30
3
25
14
49
11
1
47
7
8
3
12
8
12
6
5
14
12
4
20
14
44
11
48
11
5
1
12
2
12
5
5
7
19
17
12
48
12
4
48
2
12
10
1
8
6
7
7
10
19
15
50
17
15
57
16
22
18
10
13
17
20
18
13
18
17
18
24
13
53
15
16
56
16
21
6
5
9
16
7
17
12
19
13
17
22
15
56
18
20
60
21
25
10
4
10
19
8
21
14
24
19
18
18
17
56
19
23
61
25
26
8
12
16
19
15
23
13
25
9
21
22
15
57
17
22
58
22
20
9
7
13
15
13
18
12
22
9
15
22
18
60
19
22
59
21
20
5
7
10
16
6
21
15
24
8
17
21
13
59
13
13
50
12
9
5
10
10
15
7
20
23
18
44
17
10
50
12
9
20
11
4
9
12
18
10
14
25
19
22
16
48
9
9
47
8
5
13
10
2
9
4
24
6
11
12
23
22
7
57
7
8
44
3
7
2
21
5
8
6
30
24
11
48
14
5
47
2
18
6
9
12
27
1
6
9
7
19
35
25
16
39
9
41
17
15
5
19
2
3
1
15
33
20
14
51
11
7
45
4
2
14
16
5
8
14
27
21
23
63
17
24
54
17
9
20
26
10
28
22
2
13
21
20
42
24
20
64
16
28
55
21
13
11
35
36
8
20
16
13
23
8
9
35
24
16
53
16
17
57
23
20
17
31
14
11
26
21
10
22
2
14
41
12
20
14
55
17
22
62
31
29
19
19
10
18
27
28
12
27
9
18
55
26
20
19
62
23
31
68
36
35
12
29
2
27
23
33
29
16
34
7
11
41
10
25
25
59
29
30
75
38
42
18
14
22
8
30
30
43
35
18
37
4
19
53
