113
10
20
4
3
3
3
11
27
4
34
12
10
104
51
4
128
120
10
25
4
5
3
8
22
14
3
37
12
10
103
52
26
127
116
14
23
6
5
6
1
7
16
23
12
11
4
5
7
37
12
13
99
52
47
140
129
29
32
11
10
7
4
10
20
34
22
7
15
6
10
9
50
14
15
114
50
23
140
130
34
34
13
9
7
3
8
17
33
24
6
13
5
7
5
52
15
14
114
54
136
123
30
26
12
3
9
7
15
28
16
3
5
5
2
45
14
14
113
58
23
129
118
22
22
10
2
7
6
15
22
14
4
7
3
3
1
40
14
14
105
50
59
123
113
13
20
9
3
5
6
13
19
13
1
10
5
2
5
35
13
11
98
39
43
138
128
21
26
12
3
4
4
10
32
17
2
3
42
15
9
113
30
12
140
121
31
25
15
2
6
4
9
36
8
9
1
5
44
16
10
118
25
26
124
106
22
15
11
7
7
10
27
1
7
4
7
35
13
9
102
27
51
127
119
16
19
10
2
3
29
16
3
35
13
4
102
33
27
119
109
7
23
4
8
1
2
2
13
17
16
4
30
12
11
96
7
10
111
103
5
18
3
6
1
1
2
13
18
11
2
27
10
12
90
7
108
103
4
16
2
5
3
1
4
16
19
13
7
2
2
26
10
12
86
11
29
108
99
15
1
3
4
13
18
14
7
1
2
22
10
9
86
9
43
101
89
9
1
7
16
4
20
12
5
81
8
13
111
99
7
17
4
4
23
6
31
14
4
91
13
124
114
24
34
10
3
3
3
7
28
28
7
1
47
16
6
104
7
24
131
115
35
30
15
5
7
11
14
35
17
12
16
12
4
14
52
16
8
112
9
56
135
122
36
34
16
6
6
11
13
37
26
10
16
13
5
20
53
16
7
108
17
17
118
110
20
29
13
2
4
8
8
37
27
8
11
11
1
7
43
15
5
93
21
111
97
8
15
10
1
1
35
5
6
1
5
30
14
1
93
27
107
93
2
10
7
23
2
1
25
13
88
22
3
102
88
2
5
8
22
1
23
12
82
9
111
102
15
17
10
1
4
25
16
5
1
35
14
3
88
3
115
104
23
23
11
7
3
3
15
30
15
9
11
6
7
9
41
14
7
92
11
123
105
31
23
11
6
1
7
30
11
5
5
1
2
47
15
6
100
24
12
129
114
34
28
11
7
7
25
20
3
2
53
17
4
99
23
8
130
117
32
33
13
11
9
29
23
3
10
1
5
54
17
6
100
24
135
123
30
37
15
12
3
10
39
30
8
13
1
1
3
56
16
9
110
27
128
114
23
29
12
6
5
1
15
33
15
5
3
1
49
14
9
104
36
104
93
9
17
6
1
5
9
36
13
7
75
47
5
96
88
5
13
2
1
2
1
29
12
6
68
45
107
95
11
14
2
7
11
3
31
12
9
84
50
102
90
9
10
9
5
26
11
8
77
47
1
94
84
4
7
6
18
10
7
67
31
9
87
75
2
1
8
2
12
9
6
63
22
80
70
2
8
10
10
6
53
13
93
84
7
8
15
9
19
11
7
67
15
98
87
9
13
4
2
11
19
9
5
3
1
27
11
7
70
17
108
99
23
22
11
7
6
13
17
24
20
9
7
10
1
40
13
9
80
20
122
114
28
31
14
12
6
13
17
35
33
10
14
11
5
6
47
15
9
93
31
115
107
22
25
9
8
5
11
13
28
23
3
8
10
6
42
14
8
85
29
102
91
13
16
8
2
6
8
8
17
9
4
9
34
13
6
73
23
94
86
6
14
7
4
7
5
16
9
9
28
11
5
66
23
103
100
9
22
8
6
4
5
3
22
26
7
6
9
1
33
11
7
75
21
109
106
18
29
9
11
4
3
5
18
28
3
9
5
41
13
8
79
26
110
102
29
28
9
9
14
18
2
47
15
4
75
30
8
105
101
27
31
9
12
14
24
9
50
16
1
69
22
11
102
97
26
30
6
13
2
13
15
5
51
18
1
68
27
111
100
27
28
7
10
3
22
13
48
18
1
82
36
5
94
91
9
20
4
6
6
11
17
4
33
16
65
31
30
77
78
9
1
5
6
20
14
45
22
7
82
79
9
3
10
3
10
21
14
1
52
22
83
80
5
12
3
16
1
9
1
26
12
6
54
19
89
81
16
14
3
1
2
16
11
6
32
12
8
61
9
12
24
94
81
21
13
6
3
8
21
21
7
3
34
11
10
70
14
17
89
81
16
13
8
5
13
21
18
11
2
8
32
10
11
63
5
78
71
5
9
5
7
16
21
8
5
7
1
25
9
13
49
74
72
3
10
3
6
12
21
2
9
2
25
8
12
46
4
80
76
7
12
6
7
14
22
13
13
5
26
9
12
56
6
25
81
71
6
10
8
8
15
20
20
7
3
10
25
10
12
59
2
77
73
7
15
6
5
11
15
18
11
2
3
7
29
11
11
54
78
72
15
16
7
5
9
11
19
15
1
5
32
12
8
56
9
16
76
70
18
14
7
3
5
10
15
8
2
32
12
5
52
16
38
77
74
21
20
8
4
2
5
6
14
15
1
4
3
37
13
5
53
9
85
75
26
24
12
12
6
12
15
26
19
10
16
10
2
11
40
13
10
63
9
87
86
21
32
11
16
6
3
12
21
36
34
12
21
10
9
19
42
13
10
66
10
5
82
77
12
25
11
13
4
1
10
17
35
23
12
18
9
6
14
36
14
7
67
24
80
73
12
22
12
14
1
4
12
28
17
11
18
7
6
16
34
14
3
58
77
76
12
26
10
14
4
25
25
9
14
10
36
15
56
69
62
13
17
7
8
4
15
10
1
13
4
30
14
49
73
67
20
16
8
6
20
13
9
3
32
14
54
9
74
69
17
17
7
7
20
16
9
4
33
15
53
67
64
10
18
6
10
1
10
15
9
1
6
30
15
41
14
57
53
6
13
6
8
3
8
3
4
2
24
16
37
64
61
52
5
9
6
6
16
19
3
3
7
6
3
22
13
3
46
146
3
83
73
20
19
13
9
2
1
1
20
38
19
16
14
7
10
10
35
13
7
72
237
23
87
77
29
22
15
9
8
4
12
28
42
19
21
18
18
15
15
43
12
12
71
299
84
72
33
22
17
7
14
6
25
40
44
16
29
16
28
21
18
45
10
18
70
319
90
76
36
20
18
1
15
2
27
37
50
11
30
14
28
17
14
43
10
17
83
313
11
90
77
27
19
13
12
23
33
46
12
20
11
22
14
10
37
10
12
81
215
10
79
66
12
13
10
10
22
29
37
8
14
8
20
11
18
28
9
11
74
6
74
58
5
6
11
10
21
27
37
15
9
20
10
10
22
8
12
71
19
74
64
6
12
12
1
13
24
32
40
9
19
14
20
15
19
25
9
15
69
15
5
76
62
12
10
10
2
10
23
32
36
6
14
15
18
14
25
27
9
12
73
6
17
79
58
17
7
11
3
7
20
26
37
14
12
18
10
17
28
11
8
76
86
68
27
14
12
6
4
14
22
44
6
13
10
11
7
14
35
13
6
85
82
63
31
15
9
6
7
17
35
3
6
3
2
2
35
14
2
79
75
57
30
13
9
3
5
23
33
17
70
7
77
62
22
13
7
3
1
35
32
17
76
14
84
65
18
15
6
4
42
1
33
16
87
16
78
58
18
10
8
29
30
16
79
11
75
54
16
4
5
32
27
15
77
7
12
84
58
25
5
7
34
31
16
90
5
74
52
18
4
4
26
27
17
76
14
77
53
16
3
2
28
25
16
83
23
5
82
58
14
4
1
28
25
16
91
27
34
73
54
3
2
2
24
22
15
76
22
16
88
65
6
9
6
4
5
43
3
28
14
1
96
23
89
66
10
12
8
2
38
3
31
14
1
96
33
79
54
11
4
9
32
1
27
13
1
86
29
23
83
55
11
9
1
36
22
12
93
27
18
80
51
12
10
5
32
2
19
11
2
87
25
81
55
15
10
4
12
32
2
1
21
9
7
90
34
79
57
11
10
10
11
22
32
5
9
20
7
13
88
45
16
89
68
15
3
14
15
22
31
46
15
4
18
9
7
24
6
16
100
5
35
7
102
81
18
10
15
17
3
29
36
54
7
19
12
25
15
11
29
6
19
114
20
23
101
68
20
5
15
20
5
37
43
54
25
12
31
20
18
27
5
23
116
25
24
99
69
25
8
18
1
22
7
40
47
54
30
15
35
23
20
30
5
24
102
23
37
99
77
26
20
17
8
20
8
38
44
62
6
29
17
33
21
20
38
7
23
107
30
44
7
107
82
33
26
20
11
16
6
33
39
64
10
31
16
30
18
17
43
10
19
116
40
36
100
82
28
25
17
10
10
20
27
55
4
24
11
19
9
12
41
11
12
100
33
30
88
66
14
12
12
5
4
10
19
48
15
6
10
2
7
31
12
8
95
21
31
85
71
7
12
9
4
2
6
16
40
11
7
5
6
28
11
5
85
29
32
87
70
8
9
10
3
3
7
14
41
14
6
7
5
27
11
6
90
39
20
88
66
11
7
12
3
3
5
12
46
10
7
7
1
26
10
6
91
42
18
94
72
24
11
15
1
4
9
50
16
4
3
9
34
12
6
96
53
21
98
72
39
13
17
46
14
43
14
2
98
34
20
22
96
71
44
15
16
42
7
48
16
90
27
14
1
103
75
51
19
20
48
11
55
19
99
46
102
75
45
21
16
43
7
54
19
101
41
5
98
78
33
21
13
41
5
48
18
98
51
14
14
92
78
24
19
11
44
3
3
41
18
86
61
13
88
71
23
15
11
42
7
1
37
17
86
63
7
83
61
23
11
9
36
4
31
16
86
61
3
76
56
20
8
6
28
26
15
72
55
7
74
54
20
5
7
32
26
15
73
44
9
71
49
20
6
9
35
4
27
14
73
59
6
77
58
25
13
12
2
1
2
36
8
32
13
7
78
63
7
78
60
22
15
10
5
5
10
38
9
1
32
11
12
79
62
72
54
18
13
9
5
7
1
2
14
35
8
3
2
29
9
15
72
70
74
54
19
12
12
7
12
6
12
24
43
16
9
10
10
29
8
19
75
78
84
65
28
20
16
13
18
12
23
37
52
2
20
13
20
21
11
37
8
26
87
85
82
62
30
18
16
10
18
10
25
37
52
22
11
22
18
14
36
7
25
86
77
77
55
24
10
15
4
17
6
27
35
47
26
9
23
14
15
30
7
21
79
81
78
58
24
12
16
5
16
4
25
30
50
23
7
23
11
12
31
8
19
82
78
75
56
18
11
15
6
14
4
22
31
45
22
10
20
14
12
27
7
18
79
68
63
46
1
11
1
14
2
22
30
35
22
11
19
12
13
13
5
18
64
75
4
61
43
8
13
19
27
36
14
7
18
8
6
10
5
15
65
65
21
65
48
1
5
9
10
15
22
39
13
4
15
7
7
16
7
14
69
61
24
67
50
6
7
10
6
5
13
37
13
1
7
6
22
9
12
69
49
20
70
51
14
9
10
4
9
35
9
1
27
11
8
68
39
24
68
48
16
5
8
31
6
29
13
3
66
36
18
68
49
16
4
6
28
28
14
64
31
18
75
59
20
10
8
33
1
33
15
70
28
27
77
64
21
13
8
30
4
34
15
72
6
33
77
64
18
10
7
31
1
32
13
1
72
7
29
22
88
70
23
9
12
46
13
2
33
12
2
85
9
22
15
92
74
28
15
15
47
2
13
38
13
4
90
17
91
75
32
21
14
45
5
11
3
42
15
5
89
20
93
77
34
20
14
2
44
12
2
1
44
16
3
86
23
31
93
77
34
18
12
5
42
9
1
45
16
3
87
21
20
97
78
33
19
11
2
7
45
7
43
16
7
94
12
85
66
23
15
8
2
9
16
37
6
2
36
14
11
80
75
59
18
14
7
4
13
24
31
6
3
4
4
1
30
10
14
72
4
14
77
68
13
16
9
5
10
6
26
36
37
4
15
14
16
16
17
27
7
21
71
15
13
90
83
20
25
12
13
15
13
30
41
41
22
19
24
21
23
21
34
8
25
79
10
92
74
27
21
15
11
14
11
25
36
41
8
19
15
16
18
23
33
8
23
86
9
63
54
7
9
9
5
13
8
23
35
27
13
11
14
17
6
19
5
21
54
12
68
59
7
8
6
4
9
6
18
31
18
3
1
9
10
15
10
18
7
17
56
15
14
68
54
2
4
1
7
1
17
28
20
5
9
10
4
12
7
14
56
6
63
54
5
3
2
9
3
19
29
23
9
6
13
13
4
9
7
16
52
6
77
71
13
6
6
9
5
19
31
26
12
7
13
13
17
16
16
7
14
61
17
1
78
70
8
19
7
7
7
4
16
29
27
16
11
17
10
18
17
21
9
12
59
21
9
89
85
20
29
12
14
9
8
18
31
37
37
16
29
15
23
24
31
11
14
68
14
90
87
23
30
11
15
7
7
16
29
33
34
14
23
13
19
20
33
11
13
65
8
72
70
17
24
6
11
5
4
10
26
17
24
7
18
6
15
14
27
11
12
46
20
81
82
15
25
6
10
5
3
8
22
19
32
4
22
3
11
15
30
10
12
54
23
76
75
5
18
4
6
5
1
10
23
13
21
5
14
3
9
13
24
9
14
44
15
64
67
16
3
4
2
6
20
6
22
13
1
7
13
19
9
14
32
8
74
80
3
21
3
3
1
1
17
13
32
14
4
13
23
10
11
43
5
69
68
4
11
1
9
5
13
6
21
12
4
35
1
59
61
7
12
11
23
15
23
68
74
13
20
1
1
24
1
31
17
30
77
86
16
27
5
10
36
13
4
40
18
39
83
93
22
35
7
4
5
12
41
1
13
8
48
17
43
7
81
84
26
31
8
2
5
14
29
5
12
13
49
17
2
42
3
80
79
30
29
10
1
9
19
25
8
12
12
50
17
4
43
87
89
37
37
10
5
3
15
24
40
12
20
1
5
16
54
17
7
51
89
92
38
36
11
5
2
8
20
26
40
15
23
5
8
17
53
14
9
54
20
85
85
33
30
10
2
4
12
24
25
32
10
17
10
9
17
47
12
10
51
18
70
71
19
21
6
2
9
17
17
24
6
9
6
7
32
10
10
39
58
61
3
11
1
6
13
8
13
1
18
8
10
31
47
50
3
3
9
19
5
9
5
13
21
47
49
2
1
7
15
23
2
4
5
5
3
10
3
16
20
8
58
59
8
12
5
2
10
7
21
32
14
15
1
13
10
15
7
21
3
20
33
66
68
18
20
9
7
12
11
23
35
19
24
7
17
14
20
11
28
5
22
40
61
61
18
17
6
4
10
7
15
26
12
15
3
13
7
11
27
5
19
35
2
43
44
5
7
5
1
7
18
2
2
16
5
16
17
12
38
39
2
1
10
9
5
14
11
87
89
37
37
10
5
3
15
24
40
12
20
1
5
16
54
17
7
51
89
92
38
36
11
5
2
8
20
26
40
15
23
5
8
17
53
14
9
54
20
85
85
33
30
10
2
4
12
24
25
32
10
17
10
9
17
47
12
10
51
18
70
71
19
21
6
2
9
17
17
24
6
9
6
7
32
10
10
39
58
61
3
11
1
6
13
8
13
1
18
8
10
31
47
50
3
3
9
19
5
9
5
13
21
47
49
2
1
7
15
23
2
4
5
5
3
10
3
16
20
8
58
59
8
12
5
2
10
7
21
32
14
15
1
13
10
15
7
21
3
20
33
66
68
18
20
9
7
12
11
23
35
19
24
7
17
14
20
11
28
5
22
40
61
61
18
17
6
4
10
7
15
26
12
15
3
13
7
11
27
5
19
35
2
43
44
5
7
5
1
7
18
2
2
16
5
16
17
12
38
39
2
1
10
9
5
14
11
64
60
26
18
15
21
15
2
2
37
19
36
72
65
32
22
16
1
29
20
6
4
40
17
49
70
68
31
23
17
1
5
3
13
35
24
18
11
3
7
39
14
7
48
4
62
64
24
22
12
3
5
9
23
29
26
15
21
8
10
23
33
10
12
39
12
61
63
17
20
9
3
9
4
15
29
28
29
18
22
11
17
26
30
8
17
1
38
15
63
64
17
20
9
3
10
5
16
28
34
28
21
19
11
13
23
30
7
21
41
11
59
62
16
19
5
2
9
7
17
33
29
27
16
19
10
16
25
29
6
21
1
38
10
58
59
14
17
3
2
5
6
17
33
27
25
12
17
7
15
16
27
6
18
37
7
50
46
8
7
8
23
21
10
6
5
4
3
18
6
15
29
32
36
1
4
20
2
7
2
1
7
4
13
8
24
25
2
18
3
13
4
6
21
19
4
20
2
14
1
10
24
28
1
4
22
3
1
3
16
1
27
31
1
1
1
1
18
3
3
16
6
27
34
4
9
1
7
3
16
3
3
29
35
3
1
14
12
3
16
3
21
33
35
1
3
16
14
4
15
6
1
43
45
5
7
2
2
4
20
6
11
15
43
47
2
10
8
20
7
9
14
32
36
12
6
3
6
7
17
33
35
9
8
7
3
5
34
39
13
11
3
51
53
7
9
2
7
5
26
13
24
60
62
15
16
6
14
15
33
14
34
22
24
28
1
4
22
3
1
3
16
1
27
31
1
1
1
1
18
3
3
16
6
27
34
4
9
1
7
3
16
3
3
29
35
3
1
14
12
3
16
3
21
33
35
1
3
16
14
4
15
6
1
43
45
5
7
2
2
4
20
6
11
15
43
47
2
10
8
20
7
9
14
32
36
12
6
3
6
7
17
33
35
9
8
7
3
5
34
39
13
11
3
51
53
7
9
2
7
5
26
13
24
60
62
15
16
6
14
15
33
14
34
22
50
48
1
4
4
12
24
14
5
4
2
7
1
14
5
12
38
188
58
50
5
1
2
2
12
23
22
10
8
15
5
11
48
237
54
48
5
3
2
1
9
21
18
6
5
16
6
11
43
231
48
45
6
5
1
1
12
11
16
7
10
34
203
43
36
3
9
8
12
6
6
33
80
6
40
29
1
7
7
1
27
44
37
3
9
8
32
41
38
3
3
11
7
2
28
49
48
4
12
1
5
18
8
4
33
46
40
3
7
1
5
17
8
1
34
40
33
11
8
27
39
31
9
9
30
50
48
1
4
4
12
24
14
5
4
2
7
1
14
5
12
38
188
58
50
5
1
2
2
12
23
22
10
8
15
5
11
48
237
54
48
5
3
2
1
9
21
18
6
5
16
6
11
43
231
48
45
6
5
1
1
12
11
16
7
