14
7
3
3
3
17
15
12
15
7
8
8
5
15
142
1
3
3
11
2
12
6
5
24
16
10
8
2
11
8
4
2
11
151
12
1
7
12
1
9
4
5
10
10
5
3
6
1
7
10
3
7
146
5
5
10
1
9
7
4
19
8
7
9
10
8
4
1
11
148
3
2
2
13
10
4
4
10
6
6
4
1
5
10
2
3
150
6
4
6
13
1
9
4
10
7
8
6
5
6
5
2
6
150
19
1
7
11
2
10
7
3
10
17
4
3
8
1
9
8
5
10
148
51
9
9
2
8
6
2
19
2
11
7
2
8
10
7
2
151
1
7
12
4
10
8
2
22
10
3
3
9
3
9
13
4
10
155
2
6
12
2
9
8
3
23
17
14
3
9
2
8
9
3
27
158
41
1
8
7
5
4
12
17
16
3
7
7
4
5
2
14
157
5
3
12
1
7
7
1
19
13
6
7
9
1
16
13
2
3
162
16
7
11
3
9
9
3
23
6
21
2
10
1
13
9
5
11
195
12
12
7
6
10
12
7
23
12
19
7
14
4
15
15
7
3
5
207
7
10
12
8
10
12
5
19
6
10
14
15
5
7
7
213
16
8
12
2
8
6
1
10
10
8
10
2
5
5
211
7
8
7
3
8
7
1
21
3
11
9
11
6
5
5
221
4
3
10
3
11
10
7
15
13
11
10
4
13
13
4
2
227
3
57
12
9
4
11
9
4
3
4
6
7
1
7
10
7
1
229
12
11
3
15
9
9
13
12
8
14
13
12
14
13
3
13
12
7
1
1
11
247
6
15
9
18
18
17
41
19
19
12
18
14
20
22
6
6
10
20
260
19
5
13
5
14
12
10
21
12
10
13
12
8
15
20
6
2
4
268
4
4
10
13
8
14
14
11
20
16
12
10
15
8
16
20
6
2
2
3
281
10
14
12
13
10
14
16
11
25
14
17
11
19
8
19
20
8
3
9
8
290
13
18
12
10
7
10
11
6
17
11
14
7
14
5
15
19
6
5
8
296
14
9
10
10
7
11
12
7
24
14
16
6
15
6
16
16
7
2
6
8
307
16
5
8
11
7
12
11
7
19
14
7
11
14
7
16
16
6
5
318
15
6
11
12
7
12
9
6
15
13
4
12
5
11
16
5
3
2
324
18
2
16
1
16
7
8
15
10
17
10
5
13
15
4
7
334
26
5
4
11
2
12
7
6
14
9
14
9
9
7
11
17
5
3
1
343
27
8
10
7
7
7
9
5
18
12
3
25
13
1
14
15
6
5
4
354
25
5
4
15
2
13
7
7
14
6
10
9
2
10
10
4
4
360
14
11
1
7
9
3
10
7
6
10
15
10
14
9
4
8
17
5
5
5
369
14
10
5
4
7
2
8
7
5
11
11
8
7
9
2
10
17
4
5
371
17
2
2
12
1
12
6
6
11
10
6
4
7
4
6
11
3
2
375
16
3
9
13
9
14
15
12
15
17
11
16
16
8
14
18
7
4
10
385
23
12
2
2
7
12
6
12
11
10
15
18
7
9
13
6
12
22
6
2
6
376
14
4
2
8
10
5
10
10
8
4
20
1
12
11
6
10
21
6
2
12
370
9
15
11
7
10
10
6
13
15
9
11
4
7
18
7
2
8
361
2
4
2
8
12
6
11
10
9
25
16
11
10
11
6
8
16
6
1
7
350
5
2
2
1
11
4
11
9
9
24
13
9
9
12
5
12
16
5
9
335
9
3
9
10
2
8
5
2
8
5
10
4
8
4
12
5
5
4
311
9
5
12
1
10
7
7
19
16
6
7
7
7
5
19
5
9
9
299
9
6
11
2
11
7
8
18
23
10
4
9
6
8
20
5
8
10
287
6
3
14
10
2
4
17
9
1
14
4
4
3
11
2
4
4
257
9
7
11
1
10
6
6
5
14
13
6
6
6
13
5
8
241
11
63
1
16
4
4
9
7
5
19
9
3
9
3
5
21
8
1
8
223
19
2
14
12
6
6
27
14
14
14
7
7
7
18
2
7
4
206
22
12
5
3
14
4
14
11
11
34
20
9
14
12
9
13
20
2
1
11
18
193
16
9
27
9
10
4
12
8
6
11
14
14
9
10
5
8
19
5
1
9
168
9
4
12
3
13
10
9
21
15
9
12
11
10
11
22
3
1
9
5
153
2
9
1
8
10
5
11
10
5
17
16
10
10
12
4
11
19
3
7
6
142
11
14
17
1
6
11
3
11
8
6
16
13
9
2
10
4
11
16
3
10
7
133
21
11
5
6
12
4
13
11
11
17
11
13
2
14
9
15
22
3
8
119
29
10
1
7
14
4
13
10
8
15
11
13
15
13
7
13
16
4
1
5
105
32
7
16
7
16
13
11
22
16
13
9
15
11
15
20
5
2
12
5
104
16
14
1
5
7
9
6
12
12
8
19
8
14
15
6
18
18
2
10
96
13
6
6
1
6
12
3
11
8
6
17
12
10
16
11
6
12
12
2
4
2
81
12
6
10
8
9
10
16
11
23
21
19
23
18
10
18
21
6
5
11
7
83
13
12
2
10
9
7
12
12
6
20
11
14
5
14
4
14
12
5
2
3
9
76
15
2
11
11
10
14
15
12
18
15
3
19
16
10
16
23
6
4
5
74
16
11
7
2
10
8
9
12
12
7
17
11
13
8
17
5
17
16
5
3
7
2
67
22
2
10
5
9
2
10
8
3
18
12
21
8
12
1
13
2
4
6
7
61
22
1
1
9
10
7
13
13
9
19
14
10
12
15
9
15
19
6
3
10
61
27
12
6
2
6
10
3
11
7
3
17
12
7
7
11
4
10
16
4
5
5
55
24
11
6
1
5
10
1
10
6
4
11
12
4
13
10
6
10
12
3
2
6
52
23
16
15
7
8
1
9
5
3
4
8
7
9
4
8
10
4
3
3
48
18
11
2
1
9
9
3
2
11
8
3
7
4
8
11
1
8
51
8
17
3
12
12
6
4
11
16
7
11
8
8
11
16
1
6
48
5
28
8
1
4
9
2
11
6
5
10
16
7
9
8
7
7
14
4
6
2
46
16
3
10
9
3
2
6
12
4
8
5
6
9
13
1
4
45
9
3
6
9
3
11
8
5
5
16
6
9
9
6
8
10
5
1
6
44
10
48
14
7
3
8
4
7
3
3
1
6
7
41
21
36
2
8
7
1
6
2
5
2
2
1
7
5
35
30
7
12
7
3
42
5
3
6
7
6
11
39
3
30
7
8
7
5
7
8
1
11
5
3
9
6
9
7
2
41
7
39
14
12
1
9
8
11
5
25
18
11
6
12
4
10
10
8
3
3
9
48
51
2
2
6
3
6
7
1
12
5
3
2
7
1
5
8
3
43
42
21
12
5
6
6
8
1
9
5
9
4
9
8
6
39
18
1
5
8
4
9
7
14
1
5
9
5
5
5
42
18
3
12
3
7
1
9
7
3
10
15
8
3
3
6
4
3
36
33
7
11
12
2
6
2
5
17
6
5
25
9
5
7
3
23
39
22
14
16
13
3
4
3
1
10
4
4
3
18
38
3
15
16
4
3
3
7
6
1
13
5
2
8
2
3
8
4
2
39
3
30
23
13
4
3
4
2
12
1
4
1
3
3
21
36
17
28
29
16
1
2
3
4
10
4
2
20
32
1
30
29
37
6
4
1
1
2
4
23
30
13
32
32
35
21
4
2
5
24
24
11
11
41
43
27
2
3
4
5
9
2
16
35
7
52
54
3
9
23
9
29
37
15
47
50
14
6
16
27
55
56
25
3
2
1
11
1
30
30
44
56
11
3
9
19
30
7
47
53
46
8
10
7
28
18
57
60
17
3
8
1
11
1
36
34
7
58
60
9
11
7
47
36
4
57
57
37
5
11
30
27
16
49
61
2
10
4
8
30
33
28
52
59
4
12
4
8
6
27
36
16
59
59
21
7
9
34
31
5
65
66
9
7
14
8
2
12
1
38
39
5
52
61
14
10
1
9
28
35
7
54
61
12
10
8
10
1
32
39
9
58
60
21
9
5
10
39
35
56
56
37
14
2
11
46
24
59
57
16
7
17
11
47
37
12
55
55
6
7
1
7
22
37
52
54
22
10
3
10
1
36
32
43
51
7
7
7
7
36
33
49
51
22
8
12
10
1
33
34
54
54
21
10
17
1
11
49
36
47
50
9
9
5
7
33
32
49
45
20
9
9
8
1
36
33
41
44
14
6
8
7
1
34
35
10
35
43
24
7
2
1
8
2
24
37
35
42
42
66
7
9
3
12
4
19
29
25
38
39
8
5
5
13
7
4
50
29
10
32
37
9
5
14
3
2
40
34
24
32
33
30
10
14
3
5
1
13
31
23
34
31
4
4
5
1
15
3
1
37
29
10
28
31
33
3
5
1
5
4
3
29
27
27
31
13
9
17
7
3
2
42
30
15
25
31
4
4
4
7
3
18
14
2
5
3
5
18
38
39
21
27
14
7
2
3
10
2
1
12
35
23
23
26
2
6
2
1
7
5
1
29
32
11
25
24
14
3
5
2
9
1
2
23
33
21
19
25
12
14
4
1
12
30
29
27
13
26
7
12
3
2
8
8
1
1
8
30
25
22
25
17
6
5
3
7
3
19
13
7
9
3
4
2
6
31
43
12
14
19
12
5
6
1
9
1
29
31
9
13
23
8
9
4
6
9
7
1
2
2
9
36
34
16
22
6
4
3
7
9
10
4
3
3
15
39
41
18
17
12
4
3
4
1
18
1
1
22
33
30
13
21
16
3
1
1
1
16
7
10
5
6
1
4
24
41
31
3
16
13
6
5
3
1
2
2
32
34
9
13
50
8
3
2
2
30
36
9
14
1
2
6
1
6
2
19
1
7
5
2
3
27
37
32
12
14
5
6
3
6
3
20
1
9
1
7
1
4
5
35
37
17
11
11
30
3
2
4
6
7
4
11
32
24
11
12
3
7
8
17
2
2
19
34
35
4
13
12
1
2
3
1
6
1
7
5
2
3
5
12
36
16
11
3
1
5
6
1
7
3
3
39
7
7
9
19
3
8
5
1
3
20
30
23
4
14
7
1
6
1
7
1
25
10
2
5
5
8
35
27
5
9
3
9
5
12
2
1
10
32
5
7
7
16
3
2
1
1
3
12
26
12
1
1
3
14
4
1
4
9
36
8
6
2
3
6
3
3
6
31
8
2
11
6
4
4
3
8
2
3
9
34
4
9
7
3
4
2
5
1
13
32
8
9
4
2
1
3
2
11
32
9
7
5
5
4
2
2
37
2
5
2
7
7
8
1
5
32
1
6
6
5
7
1
5
6
3
1
5
4
9
35
5
3
5
4
3
1
3
6
4
5
1
2
9
5
38
4
16
4
3
6
1
8
3
1
3
3
2
5
12
35
6
4
2
2
6
1
7
2
9
4
8
4
1
7
4
11
35
4
3
4
5
5
3
2
6
4
3
3
33
3
42
1
4
4
3
1
4
6
27
3
31
3
5
3
3
30
4
2
8
8
7
1
23
1
4
4
1
1
9
37
19
3
1
6
5
7
9
2
3
11
33
21
3
15
1
5
3
5
5
1
3
2
2
36
8
1
1
3
6
5
14
3
1
1
1
7
2
20
37
16
3
15
4
1
7
5
2
3
1
1
5
37
32
5
10
6
4
5
1
34
26
1
2
7
5
7
5
8
5
1
6
37
19
1
4
7
3
3
2
6
6
5
2
11
37
38
3
3
9
8
1
3
2
3
33
50
2
8
9
1
4
3
12
2
4
2
5
4
41
37
3
7
7
6
2
34
14
10
11
3
5
2
31
13
2
8
5
11
3
3
30
21
8
2
5
4
8
2
7
28
17
4
2
9
5
6
3
1
4
5
5
1
30
6
4
1
1
8
1
7
2
1
1
5
5
27
8
45
1
7
5
4
6
3
6
28
10
9
9
11
11
12
9
1
1
9
5
8
7
5
37
10
7
12
13
9
27
4
19
12
7
7
9
4
4
34
41
19
3
9
5
10
11
7
4
8
7
2
11
5
3
36
3
6
9
8
12
14
11
9
4
3
8
11
12
3
16
5
4
40
7
9
2
5
8
5
11
10
9
7
3
9
8
5
6
5
1
8
38
4
12
7
2
8
6
2
5
2
2
31
1
9
9
7
4
13
3
5
8
3
4
9
3
2
37
7
7
8
5
12
12
10
12
19
7
4
14
9
11
14
7
3
3
1
43
5
5
5
8
2
9
8
5
13
4
6
11
4
7
12
4
4
43
20
7
10
1
8
6
3
12
1
4
9
2
7
6
4
20
39
21
5
9
9
7
6
6
2
4
8
5
7
9
5
15
40
3
10
1
15
11
12
9
5
6
11
13
14
17
4
2
48
2
5
3
11
9
5
4
11
2
15
8
5
6
13
2
40
9
2
7
4
2
3
1
8
5
3
3
1
35
3
2
9
9
10
4
3
5
4
3
3
5
3
36
3
6
9
8
12
14
11
9
4
3
8
11
12
3
16
5
4
40
7
9
2
5
8
5
11
10
9
7
3
9
8
5
6
5
1
8
38
4
12
7
2
8
6
2
5
2
2
31
1
9
9
7
4
13
3
5
8
3
4
9
3
2
37
7
7
8
5
12
12
10
12
19
7
4
14
9
11
14
7
3
3
1
43
5
5
5
8
2
9
8
5
13
4
6
11
4
7
12
4
4
43
20
7
10
1
8
6
3
12
1
4
9
2
7
6
4
20
39
21
5
9
9
7
6
6
2
4
8
5
7
9
5
15
40
3
10
1
15
11
12
9
5
6
11
13
14
17
4
2
48
2
5
3
11
9
5
4
11
2
15
8
5
6
13
2
40
9
2
7
4
2
3
1
8
5
3
3
1
35
3
2
9
9
10
4
3
5
4
3
3
5
3
36
7
12
13
2
2
1
4
2
6
7
3
65
9
6
10
2
12
6
7
3
4
8
4
10
3
14
5
6
69
13
8
9
3
14
7
9
5
6
4
7
7
12
7
12
6
5
57
2
10
10
4
3
13
3
7
7
7
13
4
5
43
4
1
10
9
1
2
3
2
1
5
3
7
4
9
4
30
3
11
11
5
6
4
2
1
4
9
4
7
3
25
1
12
10
3
1
8
4
3
4
10
2
3
31
9
5
9
2
10
5
4
10
3
2
7
7
6
8
13
5
1
33
2
1
3
8
2
12
6
7
8
7
3
7
8
9
9
16
5
2
2
30
12
3
7
11
2
11
5
3
1
3
6
4
2
9
5
28
53
3
17
8
5
10
5
3
6
3
1
5
7
22
5
10
5
11
8
5
31
6
10
11
5
10
10
6
1
14
26
10
1
9
5
1
30
2
9
2
9
5
4
1
26
24
27
1
10
9
2
8
3
5
1
1
1
7
9
12
10
10
14
9
6
24
7
12
12
4
5
6
8
3
8
8
15
4
11
10
9
13
8
5
9
4
12
3
8
3
7
2
6
6
6
9
5
9
11
8
16
3
23
22
15
9
16
13
6
2
8
10
11
11
8
12
10
7
14
2
12
15
7
12
14
7
3
2
4
14
11
11
9
13
12
9
17
7
13
5
16
9
15
16
7
2
6
4
9
3
1
11
7
9
9
11
8
20
13
18
13
17
8
18
12
7
8
1
6
11
2
10
11
6
12
8
7
12
2
3
14
8
12
12
6
1
3
1
11
1
8
9
4
10
8
5
12
12
4
10
12
8
12
19
5
12
5
22
2
10
10
4
9
4
1
11
6
13
8
2
8
12
5
6
11
1
2
5
15
4
12
7
6
16
3
4
5
10
7
12
16
3
7
1
16
4
4
11
6
11
10
8
12
9
9
11
13
9
15
18
3
1
13
37
14
4
7
8
5
11
9
8
13
11
14
8
12
9
10
17
4
1
11
7
48
3
1
14
2
12
7
7
8
8
2
9
9
11
10
19
2
8
46
7
4
3
11
2
10
6
6
6
7
5
6
8
9
10
15
2
4
43
3
9
9
7
2
5
2
2
5
1
5
10
7
37
4
10
9
4
3
7
6
4
5
7
6
10
13
1
8
40
9
5
11
2
11
8
7
11
13
6
6
10
7
12
17
4
6
6
46
2
5
3
12
1
11
7
7
6
5
5
8
7
8
16
1
4
40
6
5
12
5
13
9
11
2
7
7
11
10
11
16
3
9
45
12
1
12
11
3
5
7
5
11
6
4
8
9
2
9
43
2
13
15
6
9
13
5
3
7
10
10
16
2
6
47
5
2
5
10
4
10
7
8
7
6
2
23
8
8
8
15
4
5
47
6
4
2
11
1
9
4
6
7
4
6
3
7
5
6
12
3
2
43
33
1
3
10
1
9
2
1
4
4
5
3
1
39
24
4
1
11
7
2
3
3
2
1
34
1
15
9
18
16
14
30
17
17
5
17
14
18
17
2
2
12
9
55
3
12
1
8
11
11
14
14
12
5
16
4
8
16
11
13
17
6
3
14
66
6
1
12
5
12
10
6
6
5
5
2
12
7
9
14
2
4
115
1
5
12
7
14
12
9
9
11
11
7
12
11
12
17
4
2
9
3
230
33
5
11
12
7
11
9
6
8
7
6
2
11
6
9
13
4
6
9
395
5
3
16
6
12
10
8
12
10
9
3
13
8
14
12
1
11
558
1
4
10
13
6
9
8
7
4
1
6
12
6
15
12
3
9
603
7
10
12
7
7
7
7
5
11
4
12
4
17
15
3
6
467
2
12
5
12
13
13
28
15
15
17
11
28
21
2
15
158
21
20
9
15
6
13
14
12
11
5
24
13
17
9
29
13
4
6
10
60
6
6
13
6
13
12
10
15
4
11
4
17
6
29
7
3
87
4
9
9
11
14
20
18
13
7
13
6
24
13
42
16
6
4
4
87
19
14
11
14
16
22
20
10
2
16
6
25
13
45
6
7
5
5
82
7
15
14
19
23
18
18
23
28
8
50
1
5
5
77
1
7
15
10
14
19
13
12
14
26
2
46
3
3
1
52
4
3
11
5
7
14
8
7
11
13
20
2
41
1
34
6
10
7
12
11
22
13
15
15
15
8
26
6
43
10
5
3
6
4
25
6
1
6
13
9
14
18
14
10
5
20
5
32
4
3
1
12
7
2
6
12
9
12
17
14
12
11
11
7
20
8
33
11
4
2
3
32
9
9
9
13
16
13
7
18
8
27
14
5
3
2
52
5
11
10
4
5
5
1
9
14
3
6
7
4
4
13
