9
25
27
11
13
12
22
10
56
39
9
33
19
41
26
28
28
16
26
13
53
10
23
2
26
15
12
15
22
12
53
36
12
33
23
38
18
30
28
17
24
21
53
10
21
3
23
17
7
14
17
8
49
33
13
28
23
32
18
32
30
15
23
45
51
13
19
7
19
18
3
12
13
5
42
24
15
23
22
27
21
33
32
12
17
44
6
52
15
16
11
15
22
1
15
13
10
38
18
17
24
22
31
25
35
34
14
15
44
12
52
16
16
12
13
24
14
12
8
36
17
21
21
24
32
27
35
33
13
14
37
6
54
20
17
13
12
24
14
10
7
36
17
23
17
26
31
25
36
32
10
17
51
56
24
18
14
12
24
14
10
7
35
2
18
25
22
25
36
11
37
31
9
18
36
4
56
24
17
14
12
24
14
10
5
32
1
17
24
22
23
26
17
38
31
8
14
21
8
56
22
16
12
11
21
12
9
4
28
14
22
21
20
13
17
39
32
8
12
32
12
54
21
16
9
10
15
8
8
3
27
14
19
22
19
27
7
38
29
5
13
29
16
58
22
16
7
10
12
6
9
5
29
12
19
19
20
23
32
37
28
5
16
42
11
60
24
17
6
10
12
6
12
7
32
14
21
19
21
36
27
36
27
5
18
46
6
62
26
21
5
12
9
4
16
8
39
19
20
24
20
43
21
36
25
5
23
43
65
24
25
3
14
5
1
17
5
41
22
14
26
15
32
28
36
22
4
27
37
1
64
21
26
16
3
3
15
42
23
9
27
9
30
11
35
20
3
28
26
4
65
20
30
21
6
18
47
29
6
29
7
30
9
33
19
3
31
22
1
62
17
31
25
11
23
51
36
6
38
9
40
5
30
18
5
30
31
3
59
13
30
29
17
5
30
6
54
44
9
49
16
57
13
27
20
10
30
37
59
10
32
28
14
4
29
6
57
44
7
49
17
56
10
25
18
9
32
37
61
12
32
27
10
5
23
5
57
40
7
43
17
40
27
18
7
33
30
3
64
13
33
27
10
9
22
5
57
40
12
40
21
41
27
27
18
9
37
37
10
66
13
36
25
1
8
10
19
7
60
41
11
37
24
43
27
29
18
7
43
50
1
68
15
37
24
1
6
11
18
8
63
41
11
36
26
45
11
29
18
8
47
46
4
72
18
38
25
2
7
14
18
9
66
41
16
35
29
45
7
29
17
8
49
35
4
77
20
40
25
2
7
14
19
9
69
43
16
34
30
44
32
30
16
8
52
47
4
78
21
41
26
7
12
20
9
70
44
16
34
27
43
35
29
13
6
53
67
9
79
23
41
27
7
8
19
8
71
45
15
36
25
55
19
30
10
2
55
40
7
82
26
42
26
5
6
16
6
71
44
15
36
24
41
39
32
10
58
35
4
85
28
44
26
3
6
18
7
76
47
16
35
26
42
27
32
8
60
50
88
31
46
27
5
8
23
12
81
52
19
40
29
56
27
31
6
1
64
64
90
33
48
27
6
7
23
10
82
53
19
42
28
50
28
32
5
67
75
1
92
35
48
26
3
5
20
6
83
51
18
36
25
57
12
33
5
69
73
2
94
37
48
25
2
5
19
8
83
49
19
34
27
53
31
34
6
70
78
95
37
48
26
4
6
22
10
84
49
20
36
29
59
52
34
7
70
78
94
39
47
26
3
7
7
24
12
83
49
23
39
31
62
38
35
10
4
69
74
8
94
40
47
24
3
7
6
25
10
85
51
23
42
30
62
42
36
12
3
70
85
12
94
39
48
22
1
5
3
22
7
84
51
20
40
27
61
32
36
12
1
68
85
17
92
37
47
22
1
5
1
22
5
82
49
18
42
24
56
31
36
14
1
66
74
15
92
37
47
22
5
23
4
83
51
17
43
22
58
34
35
14
66
87
12
91
36
48
20
1
21
2
82
50
15
40
21
62
19
35
14
66
91
21
88
34
45
22
2
20
81
51
12
42
18
69
28
33
16
62
78
19
87
33
43
21
2
19
79
50
11
43
16
66
29
32
17
60
77
18
85
29
43
18
13
76
43
6
34
11
49
32
32
17
60
80
15
82
25
39
17
9
72
40
3
31
7
42
6
32
18
56
77
13
80
23
38
16
7
70
38
31
3
36
11
31
18
55
86
14
79
20
39
17
6
70
37
28
37
23
30
17
54
84
8
77
18
39
18
10
71
39
30
57
9
29
18
54
82
7
77
17
41
21
1
15
73
41
36
49
16
28
17
58
101
3
76
16
41
25
6
19
75
44
39
54
24
26
16
58
106
5
73
14
43
28
11
24
76
47
44
1
60
19
24
17
55
111
11
70
10
40
28
11
24
73
47
45
57
15
23
17
52
108
11
67
8
38
25
9
23
68
43
43
50
18
24
16
49
107
7
67
8
37
22
5
18
64
38
39
39
9
26
16
45
120
9
66
9
34
19
1
13
60
35
36
42
5
28
17
42
120
13
65
13
33
15
12
55
31
32
37
3
31
18
40
109
21
65
15
31
12
10
51
27
29
35
3
33
19
37
108
26
67
19
31
10
8
49
26
1
27
36
9
35
21
37
120
13
70
23
30
3
10
8
46
24
7
25
27
9
38
24
36
122
4
70
26
27
8
9
5
10
41
20
11
27
4
30
2
41
25
31
125
71
30
27
14
9
9
9
40
17
16
27
7
28
43
23
33
132
5
74
34
30
17
11
11
12
43
4
21
18
28
11
29
10
45
20
36
144
14
74
35
31
19
12
13
15
46
5
22
20
26
17
33
30
46
18
38
151
6
75
34
32
19
12
12
13
46
4
20
19
24
16
32
13
46
18
38
157
16
75
34
33
17
14
11
11
49
3
23
18
25
16
29
17
44
17
39
150
27
73
30
32
13
14
8
10
48
23
16
24
15
28
22
41
17
38
140
22
69
26
31
9
12
3
9
44
19
10
21
9
30
3
40
16
34
145
20
65
22
30
6
12
2
8
41
16
7
20
8
25
16
37
16
30
136
17
64
20
30
5
13
4
8
41
16
8
18
10
26
12
36
16
29
130
10
66
22
32
8
15
7
9
46
22
12
21
14
36
26
37
14
34
146
8
70
24
34
11
18
10
13
51
27
17
24
18
36
18
37
11
38
138
19
71
26
36
10
23
10
3
18
3
57
1
33
20
30
20
41
16
36
6
41
119
23
71
25
38
9
26
9
8
24
3
61
38
19
36
16
43
20
34
2
42
109
10
68
22
39
7
28
6
10
25
1
62
39
17
41
14
36
17
31
43
104
15
65
21
41
4
26
2
8
23
61
39
14
39
13
39
24
30
41
93
22
66
21
42
5
22
2
19
59
36
13
29
10
40
5
33
38
76
20
66
21
42
7
20
13
57
33
15
25
11
31
25
35
38
63
21
69
23
43
8
16
1
9
55
29
17
21
13
30
25
37
39
62
19
70
25
43
9
16
9
56
1
31
16
24
10
30
13
38
41
56
12
70
26
43
10
16
8
57
32
14
24
8
34
1
39
40
40
12
70
26
43
8
16
8
57
32
12
20
10
36
2
39
39
38
15
70
27
43
7
17
13
58
35
13
28
11
34
22
38
40
25
11
70
28
42
7
18
16
59
37
15
32
14
29
11
39
39
15
6
68
27
42
7
18
12
59
38
14
31
15
34
21
38
37
24
66
25
42
3
19
12
61
40
12
28
10
46
12
36
36
21
64
22
43
21
15
63
42
9
31
6
40
10
34
37
18
63
21
44
22
14
65
42
8
35
7
32
16
32
38
14
62
18
44
25
16
68
43
5
32
6
43
10
30
38
2
62
17
45
29
20
70
46
5
38
7
42
5
29
1
38
15
62
15
46
30
1
20
71
50
3
42
3
46
27
2
38
24
61
13
43
30
1
18
72
52
41
57
7
26
4
40
20
63
14
43
31
5
19
71
52
44
52
25
25
6
39
13
4
64
13
42
32
5
18
72
56
46
55
7
25
7
39
3
62
13
41
32
5
18
72
55
45
53
8
24
9
38
1
61
12
41
33
7
19
71
55
47
45
24
9
37
17
59
11
40
36
12
22
73
59
52
50
23
8
35
16
2
59
10
40
38
15
26
73
61
53
54
9
23
7
33
14
5
61
12
39
37
14
24
73
62
52
56
25
24
7
36
19
2
60
11
37
36
14
24
72
61
54
62
12
24
8
35
15
57
9
37
36
15
23
72
60
54
54
6
23
9
34
13
58
9
36
35
15
21
71
60
53
56
4
23
11
33
2
61
10
38
33
13
18
71
57
50
54
12
23
11
34
4
4
60
11
38
33
10
13
72
58
49
50
15
24
10
36
16
3
59
11
38
34
9
13
70
58
49
48
1
23
10
34
1
57
10
37
32
7
11
66
52
42
40
8
23
11
31
4
3
54
7
34
31
7
9
63
49
42
40
4
23
14
26
5
9
52
5
32
30
4
7
61
49
44
54
21
14
25
15
53
8
33
28
2
6
62
50
44
51
23
13
27
1
17
54
12
35
25
1
7
63
48
39
50
25
14
27
3
18
55
15
36
25
3
10
63
46
40
49
26
14
27
1
15
55
15
36
27
7
19
63
47
1
44
48
10
27
14
29
14
54
12
36
27
9
21
63
47
43
52
29
25
14
28
9
49
8
32
26
10
20
57
44
45
48
22
15
1
21
6
43
2
28
25
10
20
50
38
43
40
8
20
16
1
15
9
41
27
23
8
18
47
34
36
32
19
14
12
6
39
26
21
6
17
44
33
34
32
18
14
1
12
3
38
26
20
6
17
42
30
34
27
1
17
13
2
9
7
38
27
20
5
17
43
29
27
29
17
12
2
8
4
39
27
21
7
21
41
29
29
27
19
13
4
9
38
26
23
10
24
43
32
33
24
18
14
7
9
9
38
25
27
16
28
3
45
37
37
2
37
18
15
12
9
14
37
26
29
20
2
32
6
45
38
44
4
42
18
16
15
8
16
36
25
28
19
2
30
6
45
38
43
6
37
18
16
16
7
21
35
24
27
18
2
27
5
42
36
41
5
31
22
17
17
14
7
5
18
33
23
26
16
26
4
40
34
40
4
34
6
16
18
13
5
19
32
22
24
12
21
37
31
35
32
16
19
9
1
21
34
24
23
9
18
39
33
34
33
16
18
5
4
19
35
25
24
10
20
40
34
36
32
16
16
5
7
14
38
27
25
9
21
41
32
34
23
3
16
17
6
9
8
38
26
25
8
21
43
34
32
20
16
17
6
8
12
36
27
24
7
20
44
35
34
24
15
17
6
7
11
36
28
23
6
22
45
36
37
33
15
15
5
9
34
27
22
7
24
43
36
40
33
14
16
6
9
34
28
23
9
24
44
36
40
29
14
16
6
7
37
29
24
9
24
49
41
38
37
15
16
6
10
3
39
32
25
9
21
54
46
43
42
9
16
15
4
15
5
41
34
29
11
25
57
49
45
42
2
16
12
5
18
2
4
44
37
31
12
25
59
50
44
43
17
13
7
20
7
46
37
31
10
23
60
50
44
1
46
15
10
4
21
6
9
47
37
31
10
24
63
53
50
1
51
21
14
8
2
25
14
16
47
37
29
6
18
62
52
1
45
3
55
11
14
9
26
11
14
47
37
27
2
13
59
44
1
34
3
34
5
15
10
23
9
9
48
1
36
26
4
16
59
42
3
35
7
34
3
16
12
23
11
4
48
2
37
26
4
19
59
43
4
38
8
51
2
17
11
23
26
3
46
1
36
27
7
22
3
57
42
6
40
12
40
15
18
12
23
11
7
47
2
36
29
1
11
5
27
9
58
43
7
44
18
40
18
13
5
23
11
2
48
3
38
31
1
15
7
32
12
60
45
9
48
21
38
12
18
12
7
22
27
1
45
1
36
30
1
17
10
36
16
59
44
11
49
25
45
35
17
11
8
21
5
4
45
1
35
28
2
15
11
34
17
56
40
11
47
27
47
11
17
12
8
21
11
45
34
26
2
13
11
32
18
53
36
12
45
27
45
17
18
12
8
20
17
5
43
33
24
9
11
30
17
49
31
10
37
26
42
14
17
10
6
16
5
10
42
32
23
4
5
23
9
47
28
6
32
19
33
5
18
9
2
14
4
5
41
32
22
3
3
22
8
46
29
5
31
17
34
10
19
8
1
15
6
42
33
21
4
5
24
10
48
31
6
33
19
33
8
20
9
2
16
43
35
20
5
9
24
13
50
33
9
34
23
26
1
20
10
5
17
1
45
3
34
21
7
10
26
12
53
35
10
36
23
32
21
21
11
6
19
14
6
44
5
35
23
11
12
30
12
53
37
14
40
24
40
33
22
11
8
19
12
47
8
38
26
4
15
15
32
16
55
39
17
44
28
36
19
22
12
12
21
17
49
11
36
29
7
19
16
36
14
58
45
19
50
28
41
22
23
14
14
22
20
6
45
10
34
30
9
21
16
38
14
56
43
19
50
28
49
10
24
16
16
18
9
3
45
10
34
29
9
22
16
40
16
55
42
20
50
27
42
29
24
18
17
19
6
7
43
10
33
28
5
21
13
40
15
53
41
19
50
25
44
13
24
17
17
19
7
9
41
7
32
27
4
18
12
36
13
53
39
17
47
23
40
23
17
15
15
13
10
41
7
31
27
5
18
11
37
13
52
40
18
49
22
42
17
23
19
15
13
12
15
40
8
30
26
3
18
9
37
13
52
40
17
50
22
38
20
24
18
15
12
14
10
39
7
28
25
3
17
7
36
12
50
41
15
52
20
43
21
25
17
14
11
5
11
39
9
27
25
4
19
9
40
16
48
40
16
52
21
49
25
26
17
16
8
9
8
43
12
27
1
25
7
19
10
41
17
49
41
17
52
22
47
24
27
17
16
9
14
6
41
10
27
1
24
6
15
8
36
15
47
39
14
44
20
41
13
28
18
15
9
1
3
39
8
26
24
1
13
3
33
10
44
37
8
44
14
36
28
18
13
8
1
41
8
27
23
10
27
3
44
36
3
42
8
35
27
17
10
8
15
40
8
28
22
9
25
1
44
34
37
7
31
4
27
15
10
6
17
41
6
28
23
10
25
43
35
40
3
30
27
16
10
6
20
42
8
30
25
11
23
46
37
39
3
28
5
27
17
7
9
25
43
10
30
25
11
23
47
38
38
3
24
2
28
16
6
10
7
23
43
9
30
26
11
24
47
37
38
31
27
16
6
8
13
43
8
30
26
8
20
48
35
34
27
14
26
15
4
9
6
39
7
30
26
8
19
50
38
37
37
7
25
14
3
9
4
7
36
5
31
28
11
23
51
41
42
39
1
23
13
3
8
2
7
39
7
31
30
12
21
53
42
3
40
4
35
23
15
3
10
6
16
40
7
31
32
14
23
55
45
7
43
8
49
8
22
16
5
10
7
24
37
7
30
32
14
23
54
44
5
43
9
43
22
21
16
4
9
15
18
36
7
28
30
10
19
52
41
7
39
10
40
3
22
17
1
7
12
15
35
8
29
29
8
16
52
40
7
39
7
45
14
22
17
6
16
11
34
9
29
27
1
6
15
50
37
11
37
12
41
8
23
19
5
16
10
33
9
28
2
26
4
6
18
48
33
15
33
17
31
10
23
20
2
4
11
15
32
6
27
1
27
2
6
18
47
34
15
34
15
29
18
21
18
1
4
16
14
30
5
27
2
27
3
7
19
47
34
15
37
16
40
12
21
18
2
2
3
16
29
5
27
4
27
6
8
20
1
47
1
32
17
36
16
36
30
21
20
6
2
10
27
5
25
3
25
7
7
18
44
29
16
30
15
30
12
21
22
7
5
24
3
23
3
23
7
7
19
39
25
14
29
13
32
10
21
23
9
7
7
20
21
1
22
8
8
19
33
20
13
28
10
25
9
19
25
9
9
10
18
18
23
8
10
21
30
20
11
27
8
22
18
26
10
5
17
17
24
8
11
21
29
19
11
29
8
22
2
17
28
12
4
13
15
25
7
13
19
26
18
9
30
5
28
4
16
27
13
3
11
14
24
5
13
18
23
18
5
29
1
27
15
26
12
3
9
13
23
2
10
14
20
14
22
5
14
26
10
5
5
11
21
9
11
18
14
21
14
25
10
11
4
11
21
9
12
17
15
23
6
13
23
10
3
13
23
13
19
17
15
26
9
11
21
12
2
14
25
18
23
16
16
29
14
10
19
16
14
24
18
20
16
15
26
5
10
20
17
13
25
21
22
17
16
28
8
9
20
19
10
14
25
22
25
17
18
30
15
7
21
21
15
14
25
21
23
18
17
28
9
7
22
20
14
13
25
21
23
19
19
31
17
6
21
20
19
13
27
21
22
22
22
30
20
4
21
20
10
15
28
21
21
25
25
32
24
4
20
18
10
18
28
19
19
28
27
33
14
4
17
15
11
21
30
16
14
32
29
33
18
5
15
11
3
4
23
32
17
14
37
33
33
23
6
14
10
9
7
27
34
16
13
42
38
33
18
6
14
9
5
11
30
36
20
18
46
40
39
31
6
14
10
3
15
30
37
22
22
48
42
41
33
8
13
11
7
17
30
35
20
23
50
43
42
29
1
10
14
11
7
17
27
32
18
25
50
40
1
41
2
24
11
16
11
10
8
19
26
31
16
24
48
39
1
36
4
31
12
16
9
12
6
17
25
30
14
22
46
36
33
2
32
12
15
6
16
16
23
30
11
19
45
36
31
2
29
10
12
14
3
14
16
22
31
10
19
44
36
1
32
3
31
17
12
15
1
23
16
23
31
12
20
45
39
6
36
7
31
14
15
1
36
2
19
24
32
16
24
48
42
10
40
13
30
18
14
14
2
49
9
20
25
32
4
17
26
1
53
45
14
42
17
33
18
14
14
3
53
8
21
1
25
34
7
18
25
1
55
2
49
18
44
20
47
10
15
14
3
43
4
21
3
23
32
7
16
24
53
3
49
18
45
21
46
17
16
14
1
47
21
5
23
31
6
13
21
54
3
49
17
43
17
51
27
17
13
53
6
21
6
22
30
5
12
19
53
3
48
17
42
14
50
27
18
14
53
10
20
8
22
28
6
10
17
50
5
46
18
39
14
41
16
20
15
1
60
15
24
10
22
1
27
8
9
2
18
51
7
46
19
38
14
43
20
21
15
2
59
10
24
10
23
1
25
7
9
3
18
1
48
6
42
18
38
14
40
15
22
14
1
56
8
23
11
23
2
25
9
11
7
20
6
45
5
40
16
39
15
39
6
22
14
4
52
9
23
11
20
2
24
10
13
9
22
8
44
