4640
4166
621
4908
4817
4907
3904
550
4812
4831
4827
4404
4684
4100
573
4945
4891
4945
3817
507
4890
4824
4821
4281
4713
4009
610
4925
4840
4909
3699
543
4834
4818
4814
4158
4630
3950
533
4992
4848
4918
3621
472
4846
4812
4808
4036
4709
3867
566
4996
4848
4908
3513
504
4844
4805
4801
3923
4631
3804
517
4999
4824
4897
3431
460
4821
4799
4795
3806
4673
3733
517
4999
4838
4898
3338
461
4834
4792
4789
3699
4643
3667
499
4999
4814
4884
3252
445
4810
4786
4782
3590
4641
3605
478
4999
4820
4884
3171
427
4817
4780
4776
3477
4623
3535
474
4995
4813
4903
3086
423
4803
4773
4770
2230
2854
2315
325
2751
2858
2756
2095
293
3017
3024
3026
53
51
57
14
47
21
20
38
2
221
104
101
87
59
302
283
333
1329
78
283
134
122
247
5
905
1323
1615
1605
767
750
669
485
8
7
7
319
298
351
1424
83
299
142
129
260
5
958
1386
1695
1684
809
791
705
511
339
317
373
1528
88
317
151
137
276
5
1014
1463
1788
1777
858
840
749
543
36
352
328
387
1630
91
329
157
142
287
5
1055
1535
1876
1864
890
872
776
563
170
2
2
370
346
408
1720
95
347
164
150
302
6
1111
1598
1955
1942
938
919
818
594
313
384
358
423
1819
99
359
170
155
312
6
1151
1670
2043
2028
972
951
848
615
440
2
2
400
373
440
1905
104
375
178
161
326
6
1199
1730
2117
2101
1012
991
882
640
571
415
387
455
1995
107
388
184
167
337
6
1242
1795
2196
2181
1048
1026
914
663
695
1
1
428
399
471
2078
110
401
190
173
348
7
1284
1854
2268
2252
1083
1061
944
685
817
442
412
486
2160
114
415
197
179
360
7
1325
1913
2340
2324
1118
1095
974
707
935
455
424
500
2240
117
426
202
184
370
7
1364
1970
2411
2393
1150
1126
1002
727
1048
468
436
514
2316
121
439
208
189
380
7
1404
2024
2477
2459
1183
1159
1031
749
1160
480
447
528
2392
124
451
213
193
390
7
1440
2078
2543
2525
1214
1189
1057
768
1267
493
458
541
2464
127
462
219
198
400
7
1477
2128
2606
2586
1244
1219
1083
787
1371
505
469
554
2534
130
473
224
203
409
8
1512
2179
2668
2648
1273
1248
1110
806
1472
516
479
566
2602
133
483
229
207
418
7
1546
2227
2727
2706
1301
1276
1134
824
1571
527
489
578
2668
136
494
234
211
427
7
1579
2274
2784
2763
1328
1302
1157
841
1665
538
499
590
2732
138
503
239
216
436
7
1611
2319
2840
2818
1355
1328
1180
858
1758
548
509
600
2793
141
513
243
220
443
8
1642
2363
2894
2872
1381
1354
1203
875
1848
558
518
611
2853
144
523
247
224
451
8
1671
2406
2947
2923
1405
1378
1224
890
1935
568
527
622
2911
146
532
252
228
459
8
1701
2446
2998
2973
1430
1402
1245
905
2019
577
535
632
2966
148
540
256
231
467
8
1730
2486
3047
3022
1453
1425
1266
921
2102
586
544
642
3021
151
549
260
234
474
8
1757
2525
3094
3069
1475
1447
1285
935
2180
596
552
652
3074
154
558
265
239
482
9
1784
2563
3141
3114
1498
1469
1305
949
2258
605
560
662
3125
157
567
269
243
489
10
1810
2599
3186
3159
1520
1491
1324
963
2333
613
569
671
3175
159
575
274
247
496
10
1836
2635
3230
3202
1541
1512
1342
977
2406
623
577
681
3225
163
584
278
251
504
11
1861
2670
3272
3244
1562
1532
1360
990
2477
632
585
690
3272
166
592
283
254
511
12
1885
2704
3314
3285
1582
1552
1377
1004
2546
640
594
699
3317
169
601
287
259
518
13
1909
2737
3354
3324
1602
1571
1395
1017
2613
648
601
709
3361
172
608
292
262
525
15
1931
2768
3392
3362
1620
1590
1411
1029
2678
657
609
717
3404
174
616
295
266
531
15
1954
2798
3430
3399
1638
1608
1427
1040
2741
664
616
725
3445
177
623
299
269
537
16
1975
2828
3466
3435
1656
1625
1443
1052
2802
672
622
733
3485
179
630
303
273
543
18
1995
2856
3500
3469
1673
1642
1457
1063
2861
679
629
741
3524
182
637
307
276
549
18
2015
2883
3535
3502
1689
1658
1471
1073
2918
686
635
748
3561
184
643
310
279
554
19
2035
2910
3567
3535
1705
1674
1485
1084
2973
692
641
755
3596
186
650
313
283
560
20
2053
2936
3599
3565
1720
1689
1499
1094
3027
698
647
762
3631
188
655
316
285
565
20
2071
2960
3628
3594
1734
1702
1510
1103
3078
704
652
767
3664
189
660
318
287
569
20
2088
2983
3657
3623
1748
1716
1522
1112
3128
710
657
774
3696
191
666
321
290
574
20
2105
3006
3686
3651
1762
1730
1535
1121
3177
716
662
780
3728
193
672
325
292
578
21
2120
3028
3713
3677
1775
1743
1546
1129
3223
721
667
785
3757
194
676
326
294
582
21
2136
3049
3739
3702
1786
1755
1556
1137
3269
725
672
791
3786
196
681
328
296
586
21
2150
3069
3764
3727
1799
1767
1567
1145
3313
731
676
796
3814
197
685
331
297
590
21
2164
3088
3789
3751
1810
1778
1576
1152
3355
735
680
800
3840
198
690
333
299
593
21
2178
3107
3811
3774
1821
1789
1586
1159
3395
739
684
805
3866
199
694
334
301
596
21
2191
3125
3834
3796
1832
1800
1595
1166
3435
743
688
809
3890
200
698
336
303
599
21
2204
3143
3856
3817
1842
1810
1604
1173
3474
747
691
814
3914
202
702
338
304
603
21
2216
3159
3877
3837
1852
1819
1612
1179
3511
752
695
818
3937
202
705
340
305
606
21
2228
3176
3897
3857
1861
1829
1621
1185
3547
755
698
822
3959
203
708
341
307
609
21
2240
3192
3916
3876
1871
1838
1629
1191
3582
759
702
825
3981
204
713
343
309
612
21
2250
3206
3935
3894
1879
1846
1636
1197
3615
762
704
829
4002
205
716
345
310
614
21
2261
3220
3953
3911
1887
1855
1643
1202
3648
765
707
833
4021
206
718
346
311
617
21
2271
3235
3970
3928
1896
1863
1650
1207
3679
769
710
836
4041
207
722
348
312
619
21
2281
3248
3987
3945
1904
1871
1657
1213
3710
772
713
840
4060
208
725
349
314
622
21
2291
3261
4003
3960
1911
1878
1663
1217
3739
775
716
843
4077
208
728
350
315
624
21
2300
3273
4019
3975
1918
1886
1670
1222
3767
778
718
846
4094
209
730
351
316
626
21
2309
3285
4033
3990
1925
1893
1676
1226
3795
781
721
849
4111
210
733
353
317
628
21
2317
3296
4047
4003
1932
1899
1681
1230
3821
783
723
852
4126
210
736
354
317
630
21
2325
3307
4060
4016
1938
1906
1687
1235
3846
786
726
854
4141
211
738
355
318
633
21
2333
3318
4074
4029
1945
1912
1692
1239
3871
789
728
857
4156
211
740
356
320
634
21
2341
3328
4086
4042
1950
1918
1697
1242
3895
791
730
859
4170
212
742
357
320
636
21
2348
3337
4098
4053
1956
1923
1701
1246
3917
793
732
861
4183
213
744
358
321
637
21
2354
3346
4110
4064
1961
1929
1707
1250
3940
795
733
863
4196
213
746
359
322
639
21
2361
3355
4121
4075
1966
1934
1711
1253
3961
797
736
866
4208
214
749
360
322
641
21
2367
3363
4131
4085
1971
1939
1715
1256
3982
799
737
868
4220
214
750
361
323
642
21
2373
3372
4142
4095
1976
1944
1719
1259
4002
801
738
869
4230
214
752
362
324
644
21
2379
3379
4151
4104
1980
1948
1723
1262
4020
803
741
872
4242
215
754
363
325
645
21
2385
3386
4160
4113
1984
1952
1726
1265
4039
805
742
873
4252
215
756
363
325
646
21
2390
3393
4169
4122
1989
1956
1730
1267
4057
806
743
875
4261
216
757
364
326
648
21
2395
3400
4178
4129
1993
1960
1734
1270
4074
808
745
877
4271
217
759
364
326
649
21
2400
3406
4185
4137
1996
1964
1737
1272
4090
809
746
878
4280
217
760
365
327
650
21
2405
3412
4193
4144
2000
1967
1739
1274
4105
811
747
880
4288
217
761
366
328
651
21
2409
3418
4200
4151
2003
1971
1743
1277
4121
812
749
881
4296
218
763
366
328
652
21
2413
3423
4207
4158
2006
1974
1745
1279
4136
814
750
883
4304
218
764
367
328
653
21
2416
3428
4213
4164
2009
1977
1747
1280
4149
815
751
883
4311
218
765
368
329
654
21
2421
3433
4220
4170
2012
1980
1750
1283
4163
815
752
885
4317
218
766
368
329
655
21
2424
3438
4225
4176
2014
1983
1753
1284
4176
817
753
886
4324
219
767
369
329
656
21
2427
3442
4231
4180
2017
1985
1755
1286
4188
818
754
887
4331
218
768
369
329
656
21
2430
3446
4236
4185
2019
1988
1757
1288
4200
819
754
888
4336
218
769
369
330
657
21
2434
3450
4241
4190
2022
1990
1758
1289
4212
820
755
889
4342
219
770
369
330
657
21
2436
3453
4245
4194
2024
1992
1760
1290
4222
821
756
890
4347
220
771
370
331
658
21
2439
3456
4249
4198
2026
1994
1762
1292
4232
821
756
890
4352
219
772
370
331
659
21
2442
3460
4253
4202
2028
1996
1763
1293
4243
822
757
891
4356
220
773
370
332
659
21
2444
3462
4257
4206
2030
1998
1764
1294
4252
823
758
892
4361
220
774
371
331
660
21
2446
3465
4260
4208
2030
1999
1766
1295
4261
824
758
893
4364
220
774
371
331
660
21
2448
3467
4264
4212
2032
2001
1767
1296
4270
824
758
893
4368
220
774
371
332
660
21
2450
3469
4267
4214
2034
2002
1768
1296
4278
824
759
894
4371
220
775
372
332
661
21
2452
3471
4269
4216
2035
2003
1769
1297
4285
825
759
894
4374
220
775
372
332
661
21
2453
3474
4272
4219
2036
2004
1770
1298
4293
825
760
894
4377
220
776
372
332
661
21
2455
3475
4274
4221
2037
2006
1771
1299
4300
826
760
895
4380
221
776
372
332
662
21
2456
3476
4275
4223
2038
2006
1772
1299
4306
827
761
895
4382
221
776
372
332
662
21
2457
3478
4277
4224
2038
2007
1772
1300
4313
827
761
895
4384
221
777
372
332
662
21
2458
3479
4279
4225
2039
2008
1773
1301
4320
827
760
896
4386
221
777
372
332
662
21
2459
3480
4281
4227
2040
2008
1773
1301
4325
827
761
896
4388
221
777
373
332
663
21
2460
3481
4281
4228
2040
2008
1773
1301
4330
827
762
896
4389
221
778
372
332
662
21
2461
3481
4283
4229
2041
2010
1774
1301
4335
828
761
896
4391
220
778
373
333
663
20
2461
3482
4283
4229
2041
2010
1774
1302
4340
828
762
897
4392
221
778
373
333
663
20
2462
3482
4284
4230
2041
2010
1774
1302
4344
828
762
896
4393
221
778
373
333
663
20
2462
3482
4284
4230
2041
2010
1774
1302
4348
828
761
896
4393
221
778
372
332
663
20
2462
3483
4284
4230
2041
2011
1775
1302
4353
828
762
896
4394
221
778
372
333
663
20
2463
3482
4284
4230
2041
2011
1774
1302
4356
828
761
896
4394
221
778
373
333
663
20
2463
3482
4284
4229
2041
2010
1774
1302
4359
828
761
896
4394
221
778
373
333
662
20
2463
3482
4284
4230
2041
2011
1774
1302
4363
828
761
896
4394
221
778
373
332
662
20
2463
3481
4284
4229
2040
2010
1774
1302
4365
828
762
896
4394
221
778
373
332
662
20
2462
3481
4283
4228
2040
2009
1773
1302
4368
828
761
896
4393
221
778
373
332
662
20
2462
3480
4282
4228
2040
2009
1773
1301
4370
827
761
896
4393
220
778
373
332
662
20
2462
3480
4282
4226
2040
2009
1773
1301
4373
827
761
895
4392
221
778
372
332
662
20
2462
3479
4281
4225
2039
2008
1772
1301
4374
827
760
895
4391
220
777
372
332
661
20
2461
3478
4279
4224
2038
2008
1772
1300
4376
827
760
895
4390
220
777
372
332
661
20
2461
3477
4278
4223
2038
2008
1771
1301
4377
827
760
895
4389
221
777
372
332
661
20
2460
3475
4277
4221
2037
2007
1770
1300
4378
826
760
894
4388
220
777
372
332
661
20
2459
3474
4275
4219
2036
2006
1770
1299
4380
826
759
894
4387
220
776
372
331
661
20
2458
3473
4274
4218
2035
2005
1769
1299
4381
826
759
893
4385
220
776
372
331
660
20
2458
3471
4272
4216
2034
2004
1768
1298
4381
825
759
893
4384
220
776
372
331
660
20
2457
3470
4270
4214
2033
2003
1768
1298
4382
825
759
893
4382
219
775
371
331
660
20
2456
3468
4269
4212
2033
2003
1767
1297
4382
825
758
892
4380
220
775
371
331
659
20
2455
3466
4267
4210
2032
2002
1766
1297
4383
825
758
892
4378
220
775
371
331
659
20
2454
3464
4264
4208
2031
2001
1765
1296
4382
824
758
891
4376
219
774
371
330
659
20
2453
3462
4262
4206
2030
2000
1764
1295
4382
823
756
891
4374
219
774
370
330
658
20
2451
3460
4260
4203
2029
1999
1763
1295
4382
823
757
890
4371
220
774
370
330
658
20
2450
3459
4257
4201
2028
1998
1762
1294
4381
823
756
890
4369
219
774
370
330
657
20
2449
3456
4255
4198
2026
1996
1761
1293
4381
822
755
889
4367
219
773
370
329
657
20
2448
3454
4252
4196
2025
1996
1760
1292
4380
822
755
888
4364
219
773
370
329
657
20
2446
3452
4250
4193
2023
1994
1759
1291
4379
821
755
888
4362
219
772
370
329
656
20
2444
3450
4247
4190
2022
1992
1757
1290
4378
821
754
887
4358
219
772
369
329
655
20
2443
3448
4244
4188
2021
1991
1756
1290
4377
820
753
887
4356
218
771
369
328
655
19
2442
3445
4241
4185
2019
1990
1755
1289
4376
820
753
886
4353
218
771
369
328
655
20
2440
3443
4238
4181
2018
1988
1753
1287
4374
819
753
886
4350
218
770
368
328
654
20
2438
3440
4235
4178
2016
1987
1752
1287
4373
818
752
885
4347
218
770
368
328
653
20
2437
3437
4232
4175
2015
1986
1751
1286
4371
818
751
884
4344
218
769
368
327
653
20
2435
3435
4229
4172
2013
1984
1749
1285
4369
818
751
883
4341
217
768
368
327
653
19
2433
3432
4226
4169
2012
1983
1748
1284
4367
816
750
883
4338
217
768
367
327
652
19
2431
3430
4222
4165
2010
1981
1747
1283
4365
816
749
882
4334
217
767
367
326
652
20
2429
3426
4219
4162
2008
1980
1745
1282
4363
815
749
881
4331
217
767
367
326
651
19
2427
3424
4216
4158
2007
1978
1744
1281
4361
815
749
881
4328
217
766
366
326
651
19
2426
3421
4212
4155
2005
1976
1743
1280
4358
814
748
880
4324
216
765
366
326
650
19
2424
3418
4209
4152
2004
1975
1741
1279
4356
813
747
879
4320
216
765
366
325
649
19
2422
3415
4205
4148
2002
1973
1739
1278
4353
813
746
878
4317
216
764
365
325
649
19
2419
3412
4201
4144
2000
1971
1738
1277
4351
812
746
878
4313
216
763
365
325
648
19
2418
3409
4198
4140
1999
1970
1737
1276
4349
811
745
877
4310
216
763
364
324
648
19
2416
3406
4194
4136
1997
1968
1734
1274
4346
811
744
876
4306
216
762
364
324
647
19
2414
3403
4190
4133
1995
1966
1733
1273
4343
810
744
875
4302
215
762
364
324
647
19
2411
3400
4187
4129
1993
1964
1732
1272
4341
809
743
874
4298
215
761
364
323
646
19
2409
3396
4183
4125
1991
1962
1730
1271
4337
809
742
874
4294
215
760
363
323
645
19
2407
3393
4179
4122
1989
1961
1728
1269
4334
808
742
873
4290
215
759
363
323
645
19
2405
3390
4175
4118
1987
1959
1726
1269
4331
807
740
872
4286
214
759
363
323
644
19
2403
3386
4171
4114
1985
1957
1725
1268
4328
806
740
871
4282
215
758
362
322
644
19
2400
3383
4167
4110
1983
1955
1723
1266
4325
805
739
870
4278
214
757
362
322
643
19
2398
3380
4163
4105
1981
1953
1721
1265
4321
805
738
869
4274
214
757
362
321
642
19
2396
3377
4159
4102
1979
1951
1720
1264
4318
804
738
868
4270
214
756
361
321
641
19
2393
3373
4154
4097
1978
1949
1718
1262
4315
803
737
868
4266
213
755
361
321
641
19
2391
3370
4150
4093
1976
1947
1716
1261
4311
802
736
867
4261
213
755
361
321
640
19
2389
3367
4146
4089
1973
1945
1715
1260
4308
801
736
866
4257
213
754
360
320
639
19
2386
3363
4142
4084
1971
1943
1713
1258
4304
801
735
865
4253
213
753
360
320
639
19
2384
3359
4138
4080
1969
1941
1711
1257
4300
800
734
864
4248
213
752
360
320
638
19
2382
3356
4134
4077
1968
1940
1709
1256
4297
799
733
863
4244
213
751
359
319
637
19
2379
3353
4129
4072
1965
1938
1708
1255
4293
798
733
862
4239
212
751
359
319
637
18
2377
3349
4125
4068
1963
1935
1705
1253
4289
797
732
861
4235
212
750
358
319
636
19
2374
3345
4120
4063
1961
1933
1704
1252
4285
796
731
860
4231
212
749
358
318
636
19
2372
3342
4116
4059
1959
1931
1702
1251
4281
796
730
860
4226
211
748
358
318
635
19
2369
3338
4112
4054
1957
1929
1700
1250
4278
795
730
859
4222
211
747
357
318
634
19
2367
3334
4107
4050
1955
1927
1698
1248
4273
794
728
858
4217
211
747
357
317
633
19
2364
3331
4103
4046
1953
1925
1696
1247
4269
793
728
857
4213
211
746
357
317
633
19
2362
3327
4098
4042
1950
1923
1695
1246
4266
793
727
856
4208
211
745
356
317
632
19
2359
3323
4094
4037
1948
1921
1692
1244
4261
792
726
855
4204
211
744
356
316
631
18
2357
3320
4089
4032
1946
1919
1691
1242
4257
791
726
854
4199
210
743
355
316
630
19
2355
3316
4085
4028
1944
1916
1689
1242
4253
790
724
853
4194
210
742
355
316
630
18
2351
3312
4080
4023
1941
1914
1687
1239
4248
789
724
852
4189
210
742
355
315
629
18
2349
3308
4075
4018
1939
1912
1685
1238
4244
787
722
851
4184
209
741
354
315
628
19
2347
3305
4071
4014
1938
1910
1683
1237
4241
787
722
850
4180
209
740
354
315
628
18
2344
3301
4066
4009
1935
1908
1681
1235
4236
786
722
849
4175
209
739
354
314
627
18
2341
3297
4061
4005
1933
1905
1679
1234
4231
785
720
848
4170
209
738
353
314
626
19
2339
3293
4057
4001
1931
1904
1678
1233
4228
784
719
847
4166
208
737
352
313
625
18
2336
3290
4052
3995
1929
1901
1675
1231
4223
783
719
847
4161
209
737
352
313
625
18
2333
3286
4048
3991
1926
1899
1673
1229
4218
782
718
845
4156
208
736
352
312
624
18
2330
3282
4043
3986
1924
1897
1671
1228
4213
781
717
844
4152
208
735
351
312
623
18
2328
3278
4039
3981
1922
1895
1669
1227
4209
781
717
843
4147
208
734
351
312
623
18
2325
3274
4033
3977
1919
1892
1667
1225
4205
780
716
842
4142
207
734
351
311
622
18
2323
3271
4029
3972
1917
1890
1665
1224
4201
779
715
841
4137
207
732
350
311
621
18
2320
3266
4024
3967
1915
1888
1664
1223
4196
778
714
840
4133
207
732
350
310
621
18
2317
3263
4019
3963
1912
1886
1661
1221
4191
787
722
851
4184
209
741
354
315
628
19
2347
3305
4071
4014
1938
1910
1683
1237
4241
787
722
850
4180
209
740
354
315
628
18
2344
3301
4066
4009
1935
1908
1681
1235
4236
786
722
849
4175
209
739
354
314
627
18
2341
3297
4061
4005
1933
1905
1679
1234
4231
785
720
848
4170
209
738
353
314
626
19
2339
3293
4057
4001
1931
1904
1678
1233
4228
784
719
847
4166
208
737
352
313
625
18
2336
3290
4052
3995
1929
1901
1675
1231
4223
783
719
847
4161
209
737
352
313
625
18
2333
3286
4048
3991
1926
1899
1673
1229
4218
782
718
845
4156
208
736
352
312
624
18
2330
3282
4043
3986
1924
1897
1671
1228
4213
781
717
844
4152
208
735
351
312
623
18
2328
3278
4039
3981
1922
1895
1669
1227
4209
781
717
843
4147
208
734
351
312
623
18
2325
3274
4033
3977
1919
1892
1667
1225
4205
780
716
842
4142
207
734
351
311
622
18
2323
3271
4029
3972
1917
1890
1665
1224
4201
779
715
841
4137
207
732
350
311
621
18
2320
3266
4024
3967
1915
1888
1664
1223
4196
778
714
840
4133
207
732
350
310
621
18
2317
3263
4019
3963
1912
1886
1661
1221
4191
766
702
827
4068
203
720
344
306
611
18
2281
3212
3957
3901
1883
1856
1635
1203
4130
765
702
826
4064
204
719
344
305
610
18
2279
3208
3952
3897
1880
1854
1633
1201
4125
764
701
825
4058
203
718
343
305
609
18
2276
3204
3947
3892
1879
1852
1632
1199
4121
763
700
824
4053
203
718
343
305
609
18
2274
3200
3943
3887
1876
1850
1630
1199
4116
766
702
827
4051
206
720
346
308
611
21
2274
3199
3940
3885
1877
1851
1631
1200
4114
767
704
827
4048
208
721
347
309
613
23
2273
3197
3937
3882
1876
1851
1630
1201
4110
764
701
825
4041
206
718
345
308
610
22
2268
3191
3931
3876
1873
1847
1627
1198
4104
764
701
825
4037
207
718
346
308
610
22
2266
3188
3926
3871
1871
1845
1626
1196
4098
763
700
824
4031
207
717
345
307
609
22
2263
3184
3921
3866
1868
1842
1623
1195
4093
762
699
822
4026
206
716
345
307
608
22
2260
3180
3916
3861
1866
1840
1622
1194
4088
761
698
821
4020
206
716
345
307
608
22
2257
3176
3911
3856
1863
1838
1620
1192
4082
760
697
821
4016
205
714
344
307
607
22
2254
3171
3906
3851
1861
1835
1617
1190
4077
759
697
819
4010
205
713
344
307
607
23
2252
3168
3901
3846
1858
1833
1615
1189
4072
758
695
818
4005
205
712
343
305
606
23
2248
3163
3896
3841
1856
1831
1613
1187
4067
757
695
817
4000
205
712
343
306
605
23
2246
3159
3890
3835
1854
1828
1611
1185
4061
756
694
816
3994
205
711
342
305
604
22
2243
3155
