19
5
6
5
9
3
9
16
18
16
13
24
10
12
6
3
10
14
34
33
22
8
3
3
4
6
1
10
12
12
10
21
12
12
5
2
10
23
37
32
23
5
8
1
5
2
21
1
7
10
15
11
11
3
1
21
33
6
35
18
5
3
1
6
2
12
8
14
6
10
13
8
10
4
2
23
19
36
13
37
13
8
2
5
1
7
10
6
5
13
3
12
6
5
13
29
41
25
10
4
5
1
5
2
11
2
5
6
6
13
11
6
6
9
22
14
34
27
14
4
3
2
3
7
13
5
5
3
4
10
6
4
5
26
143
28
2
18
6
5
8
5
4
13
9
7
10
3
7
7
8
5
12
283
18
6
13
3
3
5
8
7
12
11
12
6
17
4
6
6
8
317
18
16
5
5
3
7
7
9
2
10
17
15
5
17
1
9
7
9
1
19
330
25
12
12
8
14
13
16
9
4
13
18
22
13
30
4
9
8
14
3
21
381
26
3
25
14
17
15
21
14
12
11
2
25
14
33
11
8
7
17
1
388
30
5
30
18
1
5
9
14
12
8
10
12
15
16
20
27
17
7
3
8
15
74
9
19
30
15
1
3
9
13
13
8
10
14
1
18
19
26
18
7
3
8
8
18
47
14
29
13
4
6
11
9
6
7
12
14
15
15
15
7
1
5
6
21
49
16
30
17
1
6
3
7
7
1
7
8
13
9
16
5
8
1
31
54
12
50
25
9
2
3
3
5
7
3
11
7
19
5
10
7
55
76
14
34
13
11
2
4
4
6
2
4
10
11
10
20
11
8
1
11
42
65
23
3
4
4
7
8
5
16
19
22
14
16
25
19
6
1
1
18
69
32
28
4
2
7
4
4
1
16
14
27
9
13
19
14
9
2
47
70
32
37
21
8
7
4
2
7
7
7
7
9
19
9
10
1
8
44
47
32
6
42
31
7
2
7
3
1
11
8
9
11
18
11
8
1
3
3
59
29
26
2
2
4
1
5
12
8
7
10
15
13
17
22
16
7
3
6
78
32
27
8
10
4
10
5
4
4
9
7
10
13
13
5
9
3
6
46
59
40
7
4
4
5
10
15
14
11
10
12
26
18
20
22
13
7
6
12
7
9
75
36
3
14
2
2
8
15
15
12
4
15
1
18
19
26
17
6
6
12
4
3
84
31
6
50
18
9
3
12
7
7
6
4
4
8
14
15
8
12
6
8
33
63
36
10
40
17
7
1
9
5
5
2
5
3
11
10
3
10
5
7
33
60
41
14
21
1
3
10
5
4
8
4
9
8
3
7
4
7
37
61
29
19
16
5
7
14
12
10
1
3
9
16
19
13
6
6
12
69
17
14
53
15
3
6
10
9
8
8
7
12
14
7
10
4
10
6
89
15
1
30
3
11
12
12
13
10
12
12
15
13
16
15
10
9
5
13
11
40
112
22
7
1
16
14
18
14
9
22
12
20
18
24
18
5
7
14
19
117
28
16
47
10
4
17
10
16
10
1
26
3
22
13
26
10
11
6
12
53
111
30
27
51
30
10
4
11
8
13
7
8
13
18
13
25
9
10
4
9
8
26
101
38
16
28
22
4
9
8
10
5
8
13
15
11
15
8
9
3
7
2
23
79
39
11
32
11
2
12
10
15
9
8
12
10
18
12
20
10
9
5
9
13
106
32
17
43
17
6
4
10
9
11
4
9
6
16
7
18
4
9
5
7
30
116
22
20
53
16
4
6
9
11
10
4
7
7
10
15
10
12
5
10
4
7
3
33
111
17
6
28
17
6
8
6
12
11
6
15
9
9
15
13
15
10
8
2
6
29
120
23
7
47
21
14
1
9
12
12
7
10
18
11
24
10
11
3
7
43
127
30
33
49
20
10
6
10
12
13
8
11
10
12
16
15
28
11
11
2
7
30
143
30
41
39
25
7
6
8
12
9
7
17
12
10
11
15
19
14
12
2
6
10
30
150
21
24
54
27
12
2
3
7
2
6
3
5
13
4
14
3
3
42
137
15
11
49
26
11
7
1
7
1
12
2
5
14
4
12
2
2
44
148
9
15
30
14
4
6
2
8
8
5
10
3
8
1
3
32
150
3
20
27
6
3
2
9
1
9
6
4
2
5
12
3
7
3
5
22
159
17
30
6
5
10
4
1
2
7
8
8
16
3
8
4
6
10
178
7
10
2
4
5
5
10
3
7
12
7
8
8
2
6
3
5
14
179
7
5
27
18
4
8
11
6
7
7
10
11
10
14
8
8
3
7
18
191
19
43
25
8
10
13
10
5
7
15
1
16
14
25
16
12
4
8
15
212
10
41
24
7
5
6
10
6
1
16
4
11
10
13
6
10
1
6
39
209
2
32
6
7
3
1
12
16
12
8
7
7
6
16
18
19
15
9
2
11
14
43
227
8
8
27
23
2
7
2
13
20
15
11
12
10
9
17
21
20
19
6
2
12
8
10
243
9
7
36
20
10
2
13
21
18
14
15
21
18
21
24
27
14
6
2
13
17
254
11
26
13
5
3
3
15
26
21
20
13
18
14
24
31
31
24
8
4
16
31
265
17
50
24
4
1
1
12
24
19
19
6
9
1
20
28
21
18
9
2
14
33
296
25
31
11
3
1
1
16
27
23
24
13
20
23
33
23
19
6
2
16
1
20
330
27
9
22
22
4
3
1
13
26
19
22
11
10
19
32
21
21
8
3
14
27
331
16
9
33
9
6
1
1
12
24
19
22
14
11
14
19
32
23
20
8
3
14
51
350
12
21
13
2
3
12
24
21
25
5
5
21
20
36
30
25
7
3
15
19
368
18
31
12
4
6
9
22
18
21
12
9
8
17
32
31
23
7
1
13
13
372
19
37
17
11
7
19
15
18
8
14
10
14
29
21
18
10
3
11
55
372
22
28
17
6
6
4
15
12
14
2
6
11
24
23
12
10
2
8
32
385
16
32
18
5
7
5
12
9
9
11
2
10
19
22
12
10
2
7
6
409
16
36
11
11
12
13
15
14
4
19
6
18
22
26
25
11
5
10
26
431
27
4
36
12
8
2
11
9
10
7
2
24
15
15
23
14
10
2
7
24
417
31
11
44
32
9
11
7
10
5
10
14
11
20
11
12
3
7
28
422
26
8
44
7
11
1
11
4
10
4
9
14
7
15
11
20
10
11
4
7
40
432
24
6
21
11
13
6
12
2
9
3
15
18
10
15
11
23
14
10
5
6
25
429
20
6
16
12
7
1
14
2
12
4
19
16
20
11
31
20
11
6
7
31
435
20
6
40
15
18
12
11
2
20
4
21
5
30
14
15
5
3
60
424
23
45
20
20
12
11
1
1
22
22
7
32
19
15
5
1
14
38
400
24
41
26
14
2
10
7
3
17
3
18
1
26
7
14
4
31
367
25
21
16
14
4
11
8
5
10
18
2
23
5
11
4
20
343
29
2
38
11
8
3
12
13
2
4
12
2
22
8
28
11
10
4
2
9
15
325
31
36
14
10
12
5
15
7
6
20
7
24
11
31
11
12
4
5
27
301
36
24
8
9
1
10
9
12
7
15
20
12
24
7
11
4
6
30
275
48
54
26
10
5
9
7
3
10
10
8
14
11
2
4
34
234
43
17
23
5
9
6
13
8
6
1
2
11
11
19
3
8
4
8
26
203
39
16
10
6
2
6
16
7
7
9
12
16
7
4
10
15
180
42
3
42
16
9
7
15
6
6
14
8
11
12
10
5
12
28
139
43
14
28
8
9
9
18
8
8
7
10
12
12
3
7
5
12
37
99
40
28
22
13
8
12
20
11
10
1
12
15
14
7
5
15
16
97
29
11
23
5
7
15
18
11
10
1
5
15
12
16
9
8
17
10
89
28
24
5
6
13
16
9
6
5
13
7
15
9
7
15
24
52
38
26
9
10
11
15
6
3
7
6
9
9
6
14
24
30
41
33
10
5
1
7
13
2
2
4
1
5
8
4
12
19
14
38
7
33
24
4
1
6
13
1
13
3
2
9
3
13
17
3
38
5
29
9
7
9
15
5
1
20
13
8
7
6
9
5
14
24
46
2
34
2
8
9
13
5
8
9
2
9
8
4
11
29
50
15
26
5
14
13
11
10
1
8
16
4
15
10
6
12
33
48
29
35
5
17
17
10
13
2
17
7
22
5
21
1
13
7
12
37
51
26
42
20
15
15
9
14
4
16
13
23
8
19
2
13
7
11
24
45
23
35
21
15
16
9
16
5
25
10
26
8
26
3
12
7
11
28
46
35
48
24
16
14
6
12
18
20
1
18
2
13
6
8
2
36
48
37
40
27
16
7
12
3
11
3
9
2
18
17
14
4
5
41
37
32
30
15
15
13
5
16
4
7
13
22
2
27
1
13
6
7
34
35
23
45
16
19
12
3
14
6
24
20
2
25
1
15
7
5
31
41
24
42
27
17
3
7
7
18
14
19
15
3
34
44
35
49
22
21
9
8
17
14
16
17
5
40
36
24
37
19
9
9
22
15
17
15
5
1
39
36
13
27
3
15
8
9
4
15
22
11
3
23
37
20
48
37
12
1
6
6
6
6
11
14
13
1
14
30
23
48
27
7
8
3
1
12
17
9
12
11
19
35
11
32
21
13
6
2
9
12
19
13
3
2
3
37
38
3
40
40
12
3
1
3
6
8
13
1
36
39
23
1
9
1
3
7
7
7
8
3
1
15
43
12
26
7
2
2
1
8
3
1
5
40
16
31
16
7
9
2
15
31
2
28
17
3
2
7
1
9
25
48
28
1
4
8
6
22
10
32
5
7
2
7
12
16
9
17
9
1
5
1
3
17
36
31
1
2
2
2
10
4
10
23
1
19
7
6
4
3
1
4
4
1
9
1
6
19
29
13
30
17
3
5
6
3
5
4
4
8
2
8
27
14
42
24
3
4
8
9
5
6
4
10
4
11
2
30
6
31
17
7
11
8
7
8
10
10
11
7
12
5
32
1
28
21
4
2
4
3
1
3
2
10
5
6
2
39
3
38
29
6
1
10
3
1
5
39
8
40
19
10
3
7
4
12
5
1
10
25
16
3
10
1
4
1
11
7
5
9
5
6
9
29
39
33
7
2
1
21
5
9
11
2
8
23
30
26
3
10
9
3
7
9
14
6
25
11
26
21
4
7
8
5
8
9
16
6
35
15
43
24
6
9
4
7
2
7
10
12
29
29
4
19
14
12
7
2
5
12
1
8
6
33
38
33
3
5
8
1
9
9
10
38
5
32
12
6
3
3
10
9
7
34
17
19
5
8
8
34
31
29
6
2
10
8
37
11
6
4
1
6
10
2
34
14
32
15
6
1
9
7
8
30
16
37
13
13
6
11
1
3
13
29
7
18
18
5
7
3
1
2
9
28
8
48
17
17
7
3
20
3
5
13
3
5
23
29
19
9
5
11
1
5
14
9
8
7
3
8
7
23
7
11
11
7
3
14
9
9
8
12
11
10
5
10
23
35
19
13
12
8
6
11
14
11
12
5
8
20
6
34
1
19
14
6
4
5
1
1
9
1
8
2
3
37
3
40
19
9
2
5
11
2
32
6
16
12
6
2
8
9
2
1
28
12
14
5
3
8
1
23
22
12
4
2
8
18
27
2
8
8
1
21
12
9
8
3
7
3
34
10
6
9
8
7
7
7
5
44
33
26
12
10
1
3
11
23
10
9
13
9
7
3
14
42
11
38
26
16
11
5
1
6
3
13
18
13
9
8
25
30
28
21
24
10
12
8
3
10
12
9
9
7
32
9
24
16
7
3
3
7
10
10
6
3
47
2
26
18
13
3
1
6
3
9
13
9
5
6
7
47
11
23
5
6
1
3
9
8
9
7
1
14
36
17
26
21
11
1
5
9
13
19
4
9
9
28
7
23
13
10
2
2
3
10
6
1
8
17
5
20
10
9
9
24
15
11
1
7
9
17
13
2
23
9
24
13
23
14
8
2
8
7
13
25
14
10
10
11
18
14
22
13
23
18
20
12
7
4
3
1
15
29
13
7
1
10
12
17
14
18
22
17
21
11
8
1
5
6
25
25
10
8
9
11
14
12
7
17
14
14
4
8
2
5
3
25
7
2
11
13
13
11
7
9
13
16
11
6
5
4
9
3
17
6
14
18
15
15
9
2
12
20
18
10
4
8
14
14
29
21
10
9
9
14
6
8
2
14
14
4
7
7
11
29
40
21
17
3
7
9
4
9
6
6
34
25
27
23
9
7
2
10
9
5
5
23
18
24
11
1
1
3
7
1
25
25
7
14
10
7
4
7
8
1
5
23
41
1
10
4
1
11
2
7
4
9
3
8
3
3
10
20
30
13
4
10
3
8
1
22
18
8
14
4
2
12
10
1
11
8
6
5
12
11
27
6
1
7
6
1
3
3
13
13
7
8
7
37
24
19
1
6
3
1
1
11
7
7
5
4
50
13
17
8
9
2
2
3
12
9
7
4
2
2
51
6
5
26
5
6
1
8
1
6
1
3
22
24
14
31
6
5
1
3
9
3
6
6
1
3
42
20
26
2
3
2
2
7
4
8
5
4
41
14
19
9
4
5
9
9
6
12
15
22
7
7
1
3
35
18
21
25
19
9
8
10
13
17
4
9
4
15
21
23
17
10
1
5
12
52
18
29
23
13
8
3
9
11
12
15
36
15
19
18
9
10
6
43
16
38
22
13
13
14
15
17
4
27
12
16
23
22
12
10
3
10
8
37
14
37
26
17
16
12
14
15
18
23
21
14
23
21
12
13
5
11
10
31
21
26
31
8
19
13
16
15
19
22
13
22
20
12
13
7
14
14
13
38
24
33
32
10
19
11
13
11
15
2
10
7
16
11
9
12
7
11
8
41
23
35
27
13
16
11
14
12
14
11
20
10
18
12
6
11
7
12
2
40
14
25
15
19
16
14
16
17
16
13
18
18
21
8
12
11
16
10
21
15
14
18
14
12
16
16
18
1
19
15
22
9
9
10
14
5
24
7
27
7
20
11
9
11
9
8
16
14
10
17
7
9
7
9
1
22
16
4
1
8
7
11
7
8
13
8
16
5
5
3
7
17
10
12
5
4
3
9
10
16
11
8
4
19
13
23
12
6
2
8
11
33
21
8
19
13
9
20
13
20
11
26
13
27
14
11
3
11
19
13
10
12
13
6
11
2
11
6
17
8
6
17
5
24
9
16
7
9
1
8
3
17
28
17
11
9
6
1
9
2
3
16
1
8
9
3
15
26
17
16
12
14
15
18
23
21
14
23
21
12
13
5
11
10
31
21
26
31
8
19
13
16
15
19
22
13
22
20
12
13
7
14
14
13
38
24
33
32
10
19
11
13
11
15
2
10
7
16
11
9
12
7
11
8
41
23
35
27
13
16
11
14
12
14
11
20
10
18
12
6
11
7
12
2
40
14
25
15
19
16
14
16
17
16
13
18
18
21
8
12
11
16
10
21
15
14
18
14
12
16
16
18
1
19
15
22
9
9
10
14
5
24
7
27
7
20
11
9
11
9
8
16
14
10
17
7
9
7
9
1
22
16
4
1
8
7
11
7
8
13
8
16
5
5
3
7
17
10
12
5
4
3
9
10
16
11
8
4
19
13
23
12
6
2
8
11
33
21
8
19
13
9
20
13
20
11
26
13
27
14
11
3
11
19
13
10
12
13
6
11
2
11
6
17
8
6
17
5
24
9
16
7
9
1
8
3
17
28
17
11
9
6
1
9
2
3
16
1
8
9
3
15
20
12
14
12
12
13
9
9
7
16
8
14
10
10
11
8
17
12
2
12
11
2
12
9
10
10
7
1
9
5
7
2
1
9
7
14
18
13
11
10
14
11
1
3
9
7
5
5
10
9
16
19
6
10
12
12
16
13
1
11
10
3
3
7
9
18
11
12
15
18
15
12
11
7
2
8
19
35
10
3
2
15
17
22
19
17
15
11
8
5
7
20
183
1
13
11
4
16
17
23
19
1
10
21
16
11
8
5
6
19
328
20
8
6
3
19
19
26
21
4
8
25
18
24
10
5
5
20
5
364
10
10
3
9
2
20
20
26
20
4
9
26
19
23
14
6
5
21
6
378
2
13
7
10
3
20
17
24
17
7
11
12
25
17
23
12
8
5
19
2
432
29
13
17
20
16
24
18
12
10
27
18
32
9
10
6
19
19
6
454
9
14
7
17
20
14
22
16
25
27
13
35
5
9
7
16
333
8
13
18
15
16
9
21
12
26
3
26
10
45
5
9
6
12
118
7
22
4
12
13
6
18
9
9
23
17
23
9
43
2
9
6
10
24
16
17
2
18
11
4
16
9
3
23
10
21
7
38
4
11
7
9
24
41
13
14
17
17
11
5
16
9
7
3
19
9
38
12
10
7
9
7
31
21
13
18
16
9
20
12
10
19
23
11
42
18
8
8
12
1
27
26
17
10
5
14
8
17
9
5
26
7
21
10
28
15
9
5
12
7
15
12
7
7
2
18
14
23
14
19
13
25
14
31
18
9
6
17
14
6
4
15
6
22
19
12
19
9
8
17
26
24
12
24
14
9
6
16
17
9
20
8
28
9
12
14
6
14
2
14
10
6
18
5
15
9
8
6
12
58
23
11
6
12
7
13
4
7
7
18
6
16
14
6
7
11
10
92
21
18
23
11
3
1
2
12
6
10
5
5
14
7
84
7
1
6
1
2
1
3
7
4
5
7
80
3
8
3
5
3
5
9
65
7
10
6
8
5
3
9
13
62
11
14
12
4
5
14
9
3
5
4
10
17
12
70
5
2
7
12
6
1
8
3
3
7
14
64
2
2
8
14
8
2
9
3
3
6
15
77
6
13
4
13
18
15
10
2
18
10
7
2
4
6
19
86
11
13
5
9
16
17
17
13
3
6
19
13
5
3
6
7
21
77
6
10
6
12
16
16
12
2
3
17
11
3
2
4
5
17
78
15
1
12
13
13
15
11
1
18
9
10
6
5
7
16
84
7
14
15
10
8
10
7
7
4
13
6
4
7
8
13
6
81
11
15
5
10
3
3
4
2
6
3
5
7
7
7
84
3
17
19
4
1
4
2
5
3
10
3
10
7
5
9
86
13
22
8
1
7
4
6
6
7
5
9
8
10
7
4
18
90
36
12
13
10
1
7
4
17
13
9
5
12
8
12
6
3
96
46
24
10
19
11
2
9
5
9
26
3
11
7
16
6
16
5
4
1
104
40
18
21
23
1
10
7
11
7
9
23
11
13
19
10
15
