13
2
13
7
14
12
7
5
11
6
12
18
2
2
6
14
69
47
21
331
9
1
10
5
10
8
9
5
1
7
12
10
2
2
7
43
46
17
329
5
10
2
9
7
5
3
4
5
21
45
27
330
5
7
1
5
5
1
4
1
3
8
41
27
336
13
1
10
4
8
6
8
11
2
6
7
7
7
5
7
7
37
30
333
10
7
4
4
5
2
1
7
5
4
4
5
27
28
320
1
19
28
327
20
23
338
12
5
4
3
3
10
6
5
3
4
26
18
328
8
2
4
2
12
4
1
4
1
31
19
321
3
2
35
18
327
1
9
6
15
17
7
5
34
30
326
4
1
4
10
1
10
19
34
331
3
5
4
8
1
11
12
7
4
10
5
18
30
327
1
8
13
1
5
3
2
4
23
31
322
27
29
325
29
38
323
6
2
1
6
3
2
2
2
5
30
50
324
3
1
2
3
5
1
1
24
54
321
3
2
21
53
316
5
2
24
63
327
1
3
2
7
3
3
6
5
7
6
17
1
1
9
16
62
330
1
5
6
5
13
8
6
10
1
17
4
8
9
1
50
326
5
2
6
3
6
4
4
1
6
1
47
324
4
9
4
1
4
45
4
331
1
2
2
3
4
11
10
14
8
12
5
4
46
6
2
332
1
5
7
3
10
10
12
5
53
321
54
318
2
3
57
322
3
6
9
7
48
4
2
333
8
2
2
4
7
18
23
4
9
9
19
7
3
2
12
13
49
327
2
4
4
9
9
11
4
57
323
1
5
61
327
3
1
1
6
7
1
1
71
324
4
4
2
1
10
8
3
1
1
68
323
3
1
63
318
80
314
2
1
6
3
93
4
5
327
3
8
9
3
13
5
19
8
1
17
6
82
6
5
329
3
1
10
12
9
14
12
2
25
7
17
14
70
321
6
7
2
15
10
1
20
12
2
7
59
6
1
327
1
8
7
11
15
1
9
19
1
19
9
1
58
16
3
334
7
5
3
10
8
21
5
1
22
23
27
7
2
21
21
50
329
6
3
2
8
6
3
1
12
16
16
2
1
14
3
12
50
323
6
17
3
14
55
321
4
12
43
327
8
2
6
2
3
3
20
40
332
10
2
8
5
3
7
1
1
3
6
24
39
321
1
6
17
44
321
7
25
53
328
2
2
13
5
3
14
1
10
6
15
6
1
12
7
25
45
2
5
326
9
14
5
11
17
24
16
20
6
19
7
13
36
2
324
3
11
3
14
6
21
1
11
18
36
318
12
7
9
15
9
21
31
319
7
13
5
9
14
16
9
15
18
321
8
15
10
15
14
9
21
1
1
14
14
18
314
3
12
6
8
7
12
7
16
17
312
8
1
1
17
11
313
4
7
20
14
317
1
8
6
2
20
7
3
329
5
16
5
6
19
6
320
24
324
3
2
1
27
7
2
333
9
2
6
3
10
20
12
9
1
11
12
35
12
7
327
2
1
5
3
8
5
2
1
18
5
9
7
36
8
314
3
3
5
9
8
38
5
306
1
3
10
3
38
2
316
2
1
12
12
19
3
2
5
31
7
309
3
1
4
7
31
16
307
1
27
26
316
2
5
2
23
31
324
2
2
4
9
1
8
1
28
26
7
9
333
3
8
4
9
3
4
14
2
3
3
27
31
326
1
1
2
5
20
39
321
16
37
328
4
6
2
2
6
4
11
35
321
6
4
7
22
10
12
2
3
14
43
307
2
11
41
304
1
9
29
308
3
5
11
22
3
3
318
4
3
4
7
4
10
8
3
19
18
1
312
3
2
14
4
2
3
3
22
24
310
4
3
8
34
3
5
319
2
1
2
12
2
6
4
3
40
10
11
327
2
5
5
12
7
8
12
1
10
8
12
40
13
5
329
1
3
5
1
5
5
9
5
11
25
34
319
2
1
1
28
33
315
2
2
1
28
27
321
5
2
5
1
7
7
2
5
27
22
316
1
3
1
4
19
23
309
1
5
24
23
314
4
1
10
33
31
1
322
7
5
5
2
2
4
5
7
2
5
1
24
26
2
326
10
9
3
2
8
3
8
6
8
3
5
2
6
23
27
321
3
1
25
37
323
1
24
33
324
7
2
9
5
2
1
1
26
22
1
321
4
1
4
2
36
10
318
45
11
310
3
46
18
316
5
1
10
10
3
11
35
22
321
1
5
4
4
1
8
7
12
7
2
1
10
23
17
319
1
2
5
14
1
3
4
1
2
16
20
321
2
3
4
2
9
29
325
4
7
4
1
9
6
3
1
7
32
328
11
1
6
3
8
8
4
2
18
38
324
3
4
16
5
1
10
2
1
22
28
314
5
2
13
28
313
1
10
5
31
3
319
3
2
20
4
22
3
1
15
25
310
3
2
3
5
9
3
1
20
306
7
2
7
18
315
1
2
1
10
2
7
1
17
319
2
7
4
8
6
11
2
7
21
317
1
4
3
1
30
311
2
1
26
314
2
18
322
1
6
3
1
2
26
323
2
6
6
2
24
313
3
12
313
3
15
323
8
2
7
7
9
11
2
3
4
4
51
24
322
6
4
1
5
1
5
2
1
1
224
28
314
309
26
309
15
302
23
321
1
1
2
130
30
326
6
2
2
1
4
5
4
19
25
322
1
45
19
324
1
3
56
30
3
329
11
8
1
1
5
3
3
1
53
25
9
337
21
12
1
9
5
12
8
6
10
49
27
331
14
6
1
2
8
5
34
27
324
6
1
2
2
16
13
326
12
4
6
6
2
17
326
16
7
9
8
1
18
323
9
5
4
17
320
5
13
1
3
12
324
7
6
2
3
10
1
337
16
4
5
14
6
11
6
6
336
10
11
3
8
10
320
3
3
15
321
2
1
17
1
324
3
2
1
4
3
5
30
11
317
3
2
1
31
6
312
28
13
312
9
43
16
3
322
4
7
4
10
3
1
5
3
58
14
4
325
7
1
12
9
16
6
3
11
4
79
13
315
5
1
3
81
10
319
1
70
13
10
2
328
4
6
1
9
10
2
3
5
82
20
10
10
330
1
10
1
12
2
3
14
5
6
107
20
3
5
326
3
9
8
1
109
21
1
324
5
98
27
11
329
4
6
1
9
1
2
121
37
9
331
7
4
2
5
10
1
9
138
33
6
330
3
3
6
3
8
146
25
5
325
12
2
2
3
2
147
32
1
2
324
1
3
9
4
7
4
6
3
168
35
13
10
329
4
5
3
17
4
1
14
12
14
12
186
19
5
3
323
2
11
9
7
6
5
182
5
319
3
5
2
178
1
12
4
322
3
7
7
8
3
4
202
5
17
14
330
5
3
1
1
9
3
8
16
1
10
14
218
7
13
13
331
7
1
2
1
15
4
6
236
6
6
3
323
10
8
235
9
10
7
332
3
13
12
2
7
245
13
23
14
338
12
20
14
6
10
17
3
17
19
291
12
19
15
336
7
7
2
3
11
16
11
16
303
8
11
8
328
2
2
19
9
9
8
9
293
16
10
3
322
5
2
3
5
5
7
332
18
13
11
327
4
2
8
18
1
10
11
15
14
360
16
16
8
324
2
4
5
10
1
2
6
9
9
10
364
2
22
5
316
2
1
366
4
14
317
9
385
5
3
320
2
2
8
5
5
408
7
5
315
1
3
10
2
7
5
417
3
313
1
428
2
309
4
429
10
8
2
318
2
22
1
6
4
456
9
9
5
324
1
3
14
15
5
10
6
13
489
2
315
6
3
487
312
4
467
317
2
2
4
480
4
11
8
328
2
10
2
15
13
3
5
10
492
8
8
3
326
6
3
10
2
3
484
16
1
321
1
2
6
467
17
9
6
327
2
7
14
12
2
3
1
465
5
19
15
16
332
2
14
13
4
11
18
6
12
14
453
17
18
13
10
327
2
7
2
12
1
5
14
4
9
8
417
17
23
7
3
320
2
7
1
6
2
3
385
16
36
9
5
321
5
10
7
1
9
367
22
36
9
9
322
7
4
4
16
12
10
10
1
11
12
346
25
34
1
6
319
6
2
1
12
7
11
3
308
24
38
316
2
1
259
24
35
310
4
26
9
1
5
1
1
219
25
37
3
3
315
7
7
9
4
14
8
10
4
205
23
38
16
13
319
7
7
22
16
16
11
20
10
181
17
36
9
13
315
7
33
14
16
6
20
3
138
19
37
10
10
317
9
2
22
8
22
6
22
9
114
19
34
27
23
326
10
2
4
10
33
6
20
10
27
18
1
32
23
93
20
33
30
28
329
12
8
4
13
29
1
16
14
26
20
4
30
23
67
22
25
12
17
321
9
23
1
11
11
1
18
11
40
23
16
4
3
315
7
13
4
6
5
11
23
11
9
9
322
7
4
4
16
12
10
10
1
11
12
346
25
34
1
6
319
6
2
1
12
7
11
3
308
24
38
316
2
1
259
24
35
310
4
26
9
1
5
1
1
219
25
37
3
3
315
7
7
9
4
14
8
10
4
205
23
38
16
13
319
7
7
22
16
16
11
20
10
181
17
36
9
13
315
7
33
14
16
6
20
3
138
19
37
10
10
317
9
2
22
8
22
6
22
9
114
19
34
27
23
326
10
2
4
10
33
6
20
10
27
18
1
32
23
93
20
33
30
28
329
12
8
4
13
29
1
16
14
26
20
4
30
23
67
22
25
12
17
321
9
23
1
11
11
1
18
11
40
23
16
4
3
315
7
13
4
6
5
11
23
11
5
305
4
14
14
17
10
12
1
312
7
18
13
21
7
13
11
1
3
308
5
9
2
16
5
9
1
6
3
295
2
1
11
19
298
2
12
4
3
26
5
5
311
4
2
32
18
26
7
13
5
2
15
4
5
315
2
5
1
3
12
17
21
7
13
6
9
2
2
307
24
9
14
2
13
1
6
2
308
1
3
16
7
2
17
2
14
1
14
10
317
1
5
8
5
19
1
21
28
9
17
11
3
13
12
318
10
5
10
29
10
23
26
12
4
24
14
3
1
3
310
1
19
1
6
4
14
4
12
2
3
1
306
1
13
7
10
3
8
3
8
312
1
4
17
11
16
10
3
14
4
11
14
317
9
11
15
13
19
15
6
15
11
7
5
312
1
7
12
7
10
3
8
2
306
5
7
3
311
2
13
10
3
5
1
5
4
309
4
3
9
10
2
1
304
16
2
4
294
1
294
2
301
4
18
6
5
2
3
298
4
2
1
298
6
6
295
6
7
5
309
3
5
5
5
8
6
4
11
5
315
1
2
1
3
9
9
13
3
303
2
3
308
2
2
4
10
10
310
5
5
7
11
5
9
9
7
12
16
13
309
10
8
7
8
9
1
15
9
11
12
7
4
302
3
4
16
9
4
1
2
3
5
293
4
26
9
6
1
5
296
8
8
4
5
7
4
5
2
3
298
6
2
20
8
8
5
6
1
9
298
6
6
295
6
7
5
309
3
5
5
5
8
6
4
11
5
315
1
2
1
3
9
9
13
3
303
2
3
308
2
2
4
10
10
310
5
5
7
11
5
9
9
7
12
16
13
309
10
8
7
8
9
1
15
9
11
12
7
4
302
3
4
16
9
4
1
2
3
5
293
4
26
9
6
1
5
296
8
8
4
5
7
4
5
2
3
298
6
2
20
8
8
5
6
1
9
285
2
10
6
281
11
4
290
2
5
1
14
1
7
295
1
6
6
5
1
5
16
295
1
12
16
292
6
14
1
1
1
299
4
9
19
2
6
3
308
6
13
4
3
7
11
17
3
3
306
1
10
4
3
1
3
11
293
14
294
3
18
3
298
3
8
6
4
1
19
10
14
298
2
7
4
40
23
3
28
9
21
6
25
4
11
284
8
7
21
16
18
1
14
26
5
281
10
5
25
12
13
11
24
5
13
290
6
9
3
39
29
1
27
5
22
25
8
10
16
293
10
12
5
27
26
1
25
7
21
32
10
1
9
292
5
5
4
25
5
24
3
19
42
2
4
290
5
2
3
17
5
16
9
44
3
9
10
299
4
5
3
21
7
14
5
8
41
1
16
16
308
2
7
5
23
13
10
22
11
1
15
10
45
8
11
301
3
4
1
19
5
12
6
14
3
48
4
5
7
295
2
15
6
1
8
51
7
14
14
301
5
1
20
14
11
7
13
6
52
13
12
18
301
8
8
22
9
14
10
17
14
43
8
1
10
291
7
7
15
9
5
4
7
34
3
5
284
7
15
1
3
34
7
3
4
287
10
5
34
13
16
17
294
13
10
9
3
4
7
3
5
30
11
19
18
301
5
7
3
36
13
8
19
8
11
11
4
23
4
7
7
294
4
3
1
10
6
2
1
23
4
14
11
293
4
2
5
4
24
4
10
1
8
2
1
23
15
25
15
309
3
7
6
18
19
4
14
2
21
10
20
24
4
25
24
13
15
305
5
8
2
12
12
17
9
13
14
28
20
10
15
299
2
1
19
6
5
7
5
25
17
8
7
294
2
8
1
1
13
14
8
15
294
6
5
19
1
4
8
8
5
2
12
10
10
20
294
9
8
3
21
3
2
11
10
11
3
17
8
6
285
7
7
10
5
4
15
9
1
8
288
9
2
17
8
3
3
17
14
9
13
293
12
9
3
9
1
11
13
5
6
3
22
18
13
16
296
15
13
5
2
4
11
13
17
8
10
10
25
18
14
11
297
7
6
26
7
1
7
5
10
10
26
14
11
3
292
4
2
12
2
3
29
23
7
13
297
7
3
12
12
8
4
3
10
31
22
13
20
303
6
6
15
22
1
7
11
11
9
17
37
9
10
12
298
7
4
2
3
6
2
7
44
14
3
5
296
3
4
2
51
15
3
10
295
3
3
2
1
58
15
11
10
301
6
1
6
1
7
11
55
18
7
6
301
3
1
6
4
2
11
49
20
2
292
2
52
22
5
4
294
2
10
1
4
54
14
13
17
296
3
8
1
15
12
3
13
10
6
15
11
54
4
13
17
298
4
7
1
7
16
4
12
5
14
13
57
5
9
7
291
2
4
5
6
4
62
12
2
288
4
5
68
13
3
11
297
3
2
24
12
5
9
8
66
2
5
13
299
2
5
15
1
2
6
7
6
6
52
296
4
5
50
4
297
4
7
3
1
1
49
10
7
13
306
1
3
18
10
7
4
11
1
4
14
36
3
12
10
310
12
16
13
13
8
13
4
8
14
25
5
302
3
5
5
5
23
3
301
1
1
5
17
3
11
12
307
9
5
3
3
12
4
2
5
12
20
15
18
309
10
11
12
6
8
3
15
5
6
13
4
22
8
297
7
1
6
1
121
19
290
1
269
21
6
288
7
2
1
2
392
15
7
290
4
5
4
381
1
6
2
283
1
3
4
231
23
7
268
8
81
41
5
275
1
66
3
283
5
11
2
72
280
4
73
273
75
274
4
54
1
8
280
4
15
1
2
3
36
2
272
6
8
13
1
21
265
5
3
7
263
13
5
7
2
266
7
6
14
14
14
5
3
266
8
7
19
15
3
21
8
260
4
5
6
4
10
1
256
4
5
1
1
2
1
267
4
10
6
14
6
7
1
25
3
7
268
9
9
26
19
5
20
7
48
4
251
4
8
2
5
33
14
255
1
3
22
3
3
41
24
2
257
1
6
5
27
12
16
13
64
20
6
257
4
14
6
19
16
16
11
62
24
5
254
1
8
5
21
24
10
4
71
32
250
4
5
2
17
72
30
254
2
6
6
20
4
11
10
86
30
6
2
258
3
9
6
18
17
15
10
88
24
255
1
4
2
9
79
25
247
1
83
21
245
3
3
99
17
251
6
6
111
19
246
5
6
1
107
18
1
236
1
5
19
106
19
7
237
5
5
2
108
19
9
242
1
12
7
9
7
131
11
3
246
9
7
23
8
6
152
7
237
8
4
3
6
149
11
231
1
7
5
11
1
1
153
19
247
3
10
7
18
8
6
16
3
182
26
248
5
13
5
14
17
5
12
1
189
28
243
2
6
5
5
173
18
242
3
3
14
1
5
198
10
240
5
6
17
5
9
3
231
7
2
245
6
5
10
9
11
235
7
235
4
1
14
234
12
228
5
4
240
14
237
10
6
2
254
16
1
240
5
8
22
8
3
2
285
18
238
4
2
12
1
306
21
233
2
1
1
303
31
239
4
13
3
329
39
240
5
9
10
5
356
45
244
3
13
6
366
39
235
7
366
32
237
2
4
8
1
393
38
4
251
4
7
17
11
16
11
422
42
7
249
7
4
18
13
12
6
424
42
4
3
251
9
15
418
43
7
10
255
12
2
15
1
3
427
41
15
14
260
15
9
9
19
11
14
450
38
21
14
260
13
8
16
9
11
7
442
41
13
3
257
4
29
7
4
432
47
27
252
10
3
410
52
27
3
260
7
7
13
1
406
46
25
258
5
4
14
16
1
3
396
39
30
244
2
3
3
362
39
22
244
1
5
2
332
47
31
251
7
8
2
4
3
324
46
28
1
259
1
7
8
13
11
2
5
319
42
20
259
4
7
12
7
3
9
2
276
50
24
255
4
5
6
12
3
4
3
240
44
24
6
266
7
9
9
1
19
24
9
7
9
226
39
27
12
270
7
10
11
3
21
17
16
24
12
196
39
29
1
259
5
7
10
1
15
7
10
21
3
158
41
29
258
7
5
6
9
7
3
3
1
111
50
31
2
261
10
8
7
9
9
11
4
92
48
24
13
269
6
8
10
32
23
13
21
14
76
51
15
3
263
2
5
9
30
7
8
12
8
40
59
13
255
5
4
5
3
4
9
63
18
3
265
2
5
7
25
15
6
3
5
3
56
11
9
269
7
11
8
18
13
8
10
10
51
1
8
268
6
9
6
16
19
5
9
8
54
263
4
3
2
12
7
4
49
3
267
8
7
3
12
10
7
43
15
281
8
8
5
18
5
5
15
4
11
34
11
283
8
3
8
2
10
10
1
15
3
7
40
8
278
6
1
11
6
4
7
43
13
283
3
17
7
8
32
14
284
5
5
6
16
14
14
3
12
24
17
276
7
1
8
1
9
13
2
14
23
9
273
5
3
13
6
3
27
12
273
2
1
31
8
8
20
5
23
278
12
9
5
15
10
5
13
14
9
23
283
12
9
23
22
9
9
15
1
20
15
274
8
6
20
7
1
5
22
10
270
8
4
12
7
2
19
5
14
276
7
6
17
9
1
17
12
17
2
1
18
274
5
12
1
9
17
15
9
20
16
270
4
3
18
6
10
9
21
9
268
4
13
3
1
4
26
7
18
273
6
4
12
8
9
7
29
4
