3
10
7
11
27
11
7
19
15
3
4
32
33
1
7
3
3
6
14
9
3
25
22
5
3
4
3
5
13
6
10
7
23
19
7
8
7
8
13
10
8
14
10
3
16
10
9
1
11
11
12
3
10
7
11
19
17
6
26
6
5
7
7
7
14
2
8
11
8
2
24
4
7
1
7
9
8
13
10
12
11
6
4
24
7
9
3
9
12
11
9
9
16
15
1
12
6
27
13
1
7
6
9
15
12
15
11
18
16
2
13
7
24
13
9
6
10
16
13
13
11
20
17
2
14
6
26
15
10
6
7
12
8
1
8
18
11
7
3
20
11
4
6
13
12
21
16
4
19
28
27
19
9
16
11
33
4
11
8
12
18
14
1
9
17
23
19
5
13
7
21
21
12
5
10
15
12
2
14
20
16
2
10
5
12
20
2
7
11
14
22
18
9
16
20
27
22
12
18
1
9
28
15
8
1
7
14
14
22
19
8
23
19
28
22
9
20
2
12
30
9
10
8
9
15
12
7
22
15
2
13
7
23
1
9
11
13
20
17
8
6
6
27
21
5
17
10
20
2
1
7
3
9
14
13
12
34
12
16
1
14
5
22
5
5
2
7
3
7
12
10
7
1
12
13
8
4
20
7
15
1
8
3
8
12
9
11
5
15
14
9
4
22
14
4
4
8
5
8
6
9
5
8
10
7
1
24
15
2
8
4
6
4
6
8
9
2
18
11
13
5
3
7
11
9
17
13
13
10
1
4
26
18
25
4
7
1
5
9
7
5
13
10
6
2
16
15
3
2
8
5
7
5
12
3
9
12
8
1
25
6
3
6
3
5
3
10
7
9
5
31
23
4
8
4
3
3
31
5
5
3
9
12
11
1
24
2
1
15
18
17
3
5
23
3
17
7
5
9
13
11
1
24
9
19
17
4
16
4
7
36
6
7
1
6
3
6
5
2
9
12
8
6
1
1
16
6
14
4
5
4
7
6
1
16
5
13
10
7
20
16
1
5
1
2
1
2
7
8
4
2
16
6
1
6
3
6
9
8
15
13
16
11
10
4
4
25
18
1
8
5
8
7
5
14
12
15
9
7
2
26
25
9
3
5
3
14
4
1
1
18
22
8
1
6
9
8
14
10
5
13
7
5
25
15
1
12
1
8
24
20
7
1
5
4
7
12
9
8
13
42
5
16
15
7
14
2
6
23
15
2
7
3
5
10
6
8
11
20
15
10
1
7
3
4
18
10
2
5
3
4
9
5
5
13
13
18
8
3
2
1
22
12
18
11
1
4
1
5
13
11
4
3
22
5
10
2
5
10
5
1
1
9
17
10
6
1
18
4
6
11
10
18
13
16
25
23
7
26
17
9
15
9
8
32
6
1
7
7
6
14
9
9
12
19
21
12
2
10
1
3
24
34
2
7
5
7
12
8
2
12
17
19
13
1
12
4
21
35
3
6
7
7
13
9
10
13
15
21
12
3
9
2
5
21
9
9
9
17
10
7
8
11
24
14
6
10
2
8
24
8
11
12
19
14
5
19
23
1
25
18
10
18
3
9
33
23
1
9
6
10
16
12
3
16
24
21
17
7
14
6
26
33
1
9
7
9
14
10
4
16
13
20
16
2
12
1
6
26
12
3
10
6
9
14
10
5
15
14
20
16
1
12
6
24
9
5
8
4
6
15
10
5
14
18
11
2
5
7
3
17
9
4
1
19
31
3
5
9
12
18
15
12
26
41
6
20
21
7
19
4
9
31
3
3
6
5
8
12
9
5
21
20
15
15
12
3
6
21
12
2
7
9
6
10
1
16
14
9
3
16
2
7
6
10
13
11
3
10
16
6
17
18
15
2
7
21
12
3
8
6
9
10
8
2
10
10
18
15
9
5
19
7
2
10
3
9
12
10
6
14
20
17
16
12
5
22
11
1
7
9
7
2
13
7
14
12
5
3
18
2
11
1
8
8
7
7
8
13
13
6
2
18
26
4
3
4
8
12
11
3
10
13
1
16
16
3
13
2
4
21
20
1
7
4
8
12
10
10
11
16
16
12
1
4
20
2
8
4
9
13
10
2
10
12
17
14
12
1
5
21
5
7
8
15
11
8
8
9
18
14
11
1
7
21
8
7
7
9
15
11
4
9
9
18
14
11
1
7
16
7
5
7
14
9
4
4
9
18
11
9
1
7
18
9
3
6
11
6
6
14
8
5
4
19
6
7
9
15
10
8
8
18
13
9
2
7
15
1
4
14
13
22
17
4
17
5
7
28
20
5
17
4
12
18
9
13
10
20
14
9
5
29
15
4
12
10
18
6
8
8
16
11
10
28
20
14
1
11
7
15
7
6
9
15
11
1
21
18
14
1
12
7
9
7
9
10
16
12
1
10
4
23
15
1
12
8
17
7
4
8
12
9
10
22
18
14
12
6
15
2
12
5
9
14
9
2
13
22
14
1
11
7
13
6
8
9
14
10
2
5
14
22
14
4
8
1
8
11
7
4
7
12
9
1
16
18
12
1
8
5
11
5
15
10
5
9
12
10
5
11
18
16
1
12
7
17
5
3
8
3
7
10
7
1
11
16
12
8
5
10
1
7
7
11
15
12
3
6
12
2
21
18
2
15
1
9
17
12
4
12
13
18
17
6
19
14
5
25
21
7
19
2
12
25
23
8
5
8
12
9
3
11
19
14
9
6
10
9
9
12
16
14
4
11
1
25
19
5
15
9
23
7
3
9
11
10
7
16
18
14
1
11
5
17
3
6
8
9
9
6
32
9
13
10
3
15
25
7
3
9
11
11
7
3
16
15
12
5
18
14
9
1
10
10
11
8
15
14
16
2
13
5
18
9
4
11
12
12
4
13
12
1
17
17
3
14
6
18
9
1
9
11
11
10
9
15
14
2
13
3
15
3
11
1
10
10
12
5
11
14
15
2
15
3
20
7
3
9
13
13
1
10
10
4
19
18
5
17
4
20
3
7
3
9
14
13
1
18
14
18
18
10
18
3
20
9
6
9
9
9
10
14
12
1
12
17
7
3
6
5
6
10
9
9
16
7
4
11
15
15
1
14
12
19
18
6
21
5
25
1
6
6
12
17
16
9
23
11
21
19
6
20
1
7
28
11
4
7
5
2
12
7
7
10
1
9
2
7
11
10
2
12
16
13
2
14
3
17
1
6
8
13
18
16
6
20
18
3
24
22
10
23
9
29
9
10
11
19
15
1
7
5
9
28
21
8
23
8
16
8
9
10
18
15
4
14
15
6
26
20
10
25
7
28
6
4
8
13
11
6
14
41
15
16
7
17
4
27
8
7
8
16
12
9
8
16
21
17
8
17
5
26
9
6
7
14
10
2
3
14
20
15
6
18
4
19
8
3
7
4
13
12
9
7
7
3
6
16
14
24
20
13
21
22
8
31
24
16
25
12
26
8
13
13
22
18
11
14
28
1
28
21
15
23
10
23
8
8
9
17
13
8
7
17
1
23
18
9
19
6
16
7
13
12
22
18
10
14
23
5
27
22
11
25
10
22
7
10
9
18
13
6
7
16
24
16
8
16
7
17
7
7
12
12
21
17
13
12
19
2
27
20
13
22
10
20
7
10
10
20
16
12
8
25
26
17
12
20
8
23
8
9
9
18
14
1
6
17
25
15
9
18
7
20
11
9
11
19
16
6
12
16
23
17
10
20
7
20
10
8
8
9
17
14
9
9
5
24
16
9
18
6
22
45
1
7
10
9
19
15
7
7
28
16
6
18
7
16
120
6
8
11
19
16
7
14
38
21
18
10
18
7
25
211
3
4
2
10
14
14
5
14
20
15
16
8
17
3
28
281
3
1
6
3
8
7
2
13
7
4
8
323
6
2
7
6
6
10
6
3
4
16
381
3
1
6
11
10
1
4
6
15
12
8
9
1
3
18
350
2
2
5
9
17
16
6
19
20
21
15
18
14
1
6
15
162
7
1
7
15
14
3
16
13
9
14
2
8
1
5
1
8
16
16
1
15
16
5
19
3
10
8
2
10
17
17
10
7
17
18
7
22
5
13
9
7
8
13
13
8
13
16
2
19
3
16
5
1
7
13
12
6
16
14
18
4
11
7
1
7
10
10
14
1
14
15
17
4
22
1
5
5
5
6
8
26
2
11
14
2
13
139
9
1
8
9
9
5
5
13
12
13
5
10
257
8
5
6
5
3
6
10
7
7
3
15
279
6
5
9
7
6
11
9
9
4
13
232
6
9
11
17
14
5
12
12
7
21
19
6
20
11
24
179
6
3
7
11
9
5
11
15
12
13
6
18
111
1
4
7
10
14
12
11
7
20
15
2
15
8
16
93
6
6
9
9
15
13
5
9
12
22
15
6
15
9
14
95
8
6
7
13
10
4
9
14
19
11
5
12
7
14
81
6
6
9
14
11
17
20
14
6
13
7
15
83
3
10
9
18
14
6
8
17
1
24
16
5
16
9
22
81
5
9
9
16
13
4
10
17
23
13
2
13
9
17
83
1
7
10
10
18
14
5
2
19
25
15
9
15
10
14
81
6
11
10
19
16
7
6
18
1
26
16
9
17
11
22
77
5
10
9
17
14
2
6
17
24
14
8
15
9
10
81
2
5
9
9
16
13
5
17
23
12
9
14
9
11
78
6
9
9
17
13
5
7
17
24
14
10
16
10
18
80
7
10
11
19
15
4
8
19
27
15
12
19
12
16
82
6
7
7
13
10
3
14
21
9
4
10
8
9
75
9
4
6
11
8
5
12
19
9
6
10
5
12
77
4
13
11
20
16
7
10
18
1
28
17
14
21
13
21
87
4
16
12
22
18
3
15
6
2
34
19
12
22
14
17
87
6
6
7
13
10
2
19
23
12
7
11
6
12
75
6
4
4
8
14
12
3
12
39
18
15
10
17
6
20
83
15
6
6
8
14
11
7
3
13
23
13
7
16
6
21
87
1
4
4
7
13
10
3
6
23
21
15
9
17
4
20
93
4
1
4
8
7
2
13
6
16
11
4
13
1
16
93
3
5
1
11
1
1
6
84
21
6
1
7
10
9
25
16
14
6
16
2
15
102
4
4
8
14
12
12
17
22
8
22
19
12
21
5
20
107
6
8
6
5
5
2
89
6
3
1
4
9
7
2
1
17
16
12
5
13
10
108
24
2
8
9
17
14
13
22
21
4
25
19
14
24
1
6
20
125
5
5
5
9
7
2
2
13
14
12
3
15
12
113
3
3
6
12
9
2
8
10
1
18
13
4
16
3
17
120
4
1
5
10
8
3
9
8
15
11
13
2
15
123
6
4
6
11
9
2
3
5
18
10
1
12
4
11
128
1
8
6
14
9
4
25
12
4
11
6
9
126
2
7
7
16
11
5
5
25
21
12
7
12
7
13
139
1
5
5
13
10
26
15
9
4
9
6
5
147
8
5
13
9
10
23
9
1
8
6
8
146
3
6
6
12
9
7
3
21
18
10
3
12
6
10
160
1
7
5
12
9
2
9
19
9
4
8
7
4
153
1
10
7
16
12
6
1
16
23
10
6
9
9
9
160
3
7
6
13
9
9
18
7
1
6
8
9
158
6
4
4
10
6
9
16
3
2
6
157
4
9
8
16
11
3
18
21
10
6
8
11
169
15
12
21
16
7
12
16
1
28
15
9
13
15
15
162
3
10
7
14
10
1
14
21
7
6
5
11
1
160
3
3
10
8
15
11
2
18
23
9
8
6
12
162
1
14
10
19
15
7
4
18
27
14
10
14
15
8
164
4
12
8
16
11
10
24
10
7
8
11
156
3
7
7
12
9
16
19
9
2
7
8
3
137
2
5
6
10
7
6
2
5
19
8
5
7
8
6
127
3
6
5
10
6
2
21
6
6
4
9
124
4
2
7
10
8
38
13
9
8
8
8
8
116
4
4
8
11
10
3
5
21
18
10
9
9
8
8
99
23
5
4
8
10
9
1
1
15
17
11
6
12
8
5
85
9
6
8
8
8
3
1
16
12
13
4
14
7
9
77
5
7
7
7
2
1
5
12
10
2
10
6
7
59
4
6
5
7
4
10
10
10
3
12
3
9
50
9
4
4
4
6
5
3
8
10
1
11
1
10
37
5
3
1
4
6
5
9
11
7
26
9
4
1
3
5
9
10
9
21
7
7
4
8
2
4
7
13
1
15
18
14
5
3
4
11
10
14
15
7
9
12
20
7
23
6
17
13
9
9
11
9
14
3
2
11
18
4
21
5
13
5
7
12
10
14
7
5
12
19
2
21
7
14
7
12
10
15
11
2
1
11
19
5
19
7
11
9
10
10
9
13
3
11
14
3
16
7
12
14
12
1
14
14
17
8
3
16
20
9
21
9
15
11
3
17
19
22
14
4
21
27
12
30
11
21
1
10
7
19
22
25
12
3
13
25
30
12
31
12
23
1
13
11
2
17
20
24
12
35
13
17
28
17
31
10
22
13
2
11
5
16
21
24
7
11
1
6
22
28
13
32
10
27
7
9
4
1
3
5
9
10
9
21
7
7
4
8
2
4
7
13
1
15
18
14
5
3
4
11
10
14
15
7
9
12
20
7
23
6
17
13
9
9
11
9
14
3
2
11
18
4
21
5
13
5
7
12
10
14
7
5
12
19
2
21
7
14
7
12
10
15
11
2
1
11
19
5
19
7
11
9
10
10
9
13
3
11
14
3
16
7
12
14
12
1
14
14
17
8
3
16
20
9
21
9
15
11
3
17
19
22
14
4
21
27
12
30
11
21
1
10
7
19
22
25
12
3
13
25
30
12
31
12
23
1
13
11
2
17
20
24
12
35
13
17
28
17
31
10
22
13
2
11
5
16
21
24
7
11
1
6
22
28
13
32
10
27
7
8
5
12
16
16
3
7
17
23
20
14
22
8
9
1
1
9
4
11
15
15
8
15
22
19
11
22
7
15
9
6
13
16
17
6
2
15
25
21
13
23
8
15
7
12
9
9
14
19
19
7
6
16
5
27
23
14
26
10
15
9
5
10
7
13
18
18
8
15
21
26
21
15
25
10
21
1
5
11
4
12
15
15
3
4
19
1
22
20
12
21
8
13
1
10
5
12
15
15
5
3
15
3
23
20
11
21
7
17
3
1
19
10
5
10
14
14
4
1
3
23
17
11
18
6
13
1
30
2
9
12
14
21
19
6
13
1
2
33
23
18
26
12
19
11
6
12
1
7
4
11
15
15
6
6
38
3
22
20
15
23
7
16
8
10
5
8
4
11
15
16
4
7
24
1
20
20
11
22
8
17
5
20
7
10
15
20
21
5
16
16
2
28
24
18
27
11
25
3
34
8
5
13
16
18
6
7
21
21
22
13
25
9
19
3
7
8
7
13
18
18
8
11
11
25
21
16
25
11
19
7
7
3
10
13
14
4
12
4
19
19
11
21
7
15
3
24
1
7
2
7
10
11
17
15
6
16
5
15
4
41
5
3
7
11
11
11
3
18
15
9
20
5
16
7
27
7
1
8
12
12
11
21
18
17
8
24
5
11
5
3
9
5
8
6
1
6
14
10
3
11
1
4
13
5
2
5
3
12
6
7
1
9
38
4
9
11
16
14
5
12
5
3
25
16
11
19
12
16
2
29
8
10
12
16
14
3
13
1
2
28
17
8
17
12
13
1
7
6
8
6
1
31
12
8
11
5
8
8
6
8
7
14
12
9
9
5
3
16
7
6
8
12
9
8
23
11
6
11
7
3
8
7
4
8
12
9
2
1
18
19
11
4
12
8
6
8
5
8
12
8
1
7
19
10
1
9
7
7
7
7
10
15
13
1
2
17
22
14
6
15
8
12
2
4
8
10
16
14
5
1
15
23
15
6
16
10
15
2
7
8
10
15
13
2
14
23
13
6
13
11
3
8
10
12
17
15
6
14
5
24
17
7
15
12
6
11
11
16
13
6
12
24
13
3
12
12
4
19
8
11
12
18
16
2
15
25
15
6
14
13
28
10
9
13
18
16
2
17
26
17
9
18
12
4
5
11
7
11
14
12
12
21
13
6
12
10
2
2
5
16
17
25
22
9
9
22
8
33
23
18
22
2
18
13
2
7
22
6
11
12
19
16
6
5
16
27
16
11
16
1
12
8
12
20
7
8
10
15
13
4
7
24
13
10
15
9
9
7
6
10
11
18
15
5
18
27
16
9
17
11
9
6
5
7
12
10
14
20
11
4
12
7
27
6
9
10
14
13
8
16
25
14
10
16
1
10
7
48
8
9
11
16
14
8
2
19
26
16
10
17
11
9
34
7
10
11
16
13
3
2
28
15
10
17
12
10
18
7
7
11
13
12
2
17
23
15
4
14
10
5
34
6
2
8
9
9
3
28
13
12
4
14
7
14
38
8
4
6
9
7
19
9
3
11
7
12
10
8
2
6
9
7
12
17
10
13
6
3
1
7
3
3
2
4
8
5
7
1
1
3
2
9
5
5
4
13
7
8
3
9
31
4
14
16
21
18
10
13
18
15
28
23
16
28
5
15
13
6
34
7
8
10
15
12
7
7
16
12
24
18
13
20
10
10
5
14
8
6
10
14
11
4
14
21
14
8
17
9
5
14
17
7
11
14
19
16
6
14
18
26
18
15
23
12
17
10
27
10
6
10
13
11
3
16
21
13
10
14
8
10
7
17
6
7
11
14
14
10
16
5
22
18
14
21
10
1
9
6
9
11
15
14
13
4
16
3
23
18
14
22
10
10
1
8
9
12
16
15
1
1
17
23
18
8
20
10
3
4
7
7
10
13
19
18
6
4
19
4
25
20
13
23
12
7
15
8
10
9
13
18
17
10
3
17
25
20
14
22
11
9
14
10
11
15
20
19
4
8
18
4
26
23
11
25
13
9
18
11
10
13
19
17
5
6
25
19
9
20
10
8
17
2
12
12
13
18
17
1
29
19
9
18
11
8
18
10
7
11
14
18
18
13
8
37
6
24
22
14
22
12
11
23
9
5
10
11
11
4
21
17
14
6
15
8
5
25
11
6
9
11
10
6
21
13
5
11
7
25
3
13
1
5
9
14
18
18
9
8
33
5
24
21
16
21
12
10
30
8
19
8
10
13
16
16
4
9
15
3
25
20
12
20
11
8
10
10
10
7
10
14
13
1
19
23
16
10
18
9
6
7
9
6
13
15
15
6
21
22
18
11
19
10
5
4
9
9
11
15
17
17
6
3
20
1
26
20
16
22
12
8
2
23
8
8
13
15
15
6
21
24
18
15
21
11
8
11
6
7
9
12
