2
5
66
28
42
5
1
5
68
19
3
4
71
24
1
3
66
37
5
4
2
70
33
25
5
1
66
21
4
69
10
2
1
72
9
3
2
1
79
6
32
4
2
6
5
7
3
95
2
5
2
7
1
9
13
1
3
93
5
3
11
5
10
16
9
3
110
2
8
2
1
9
2
1
7
8
3
144
25
20
2
8
3
7
133
20
26
7
7
122
20
4
4
116
17
1
2
113
18
1
2
98
8
14
2
1
4
2
82
2
2
16
7
4
74
3
3
1
9
8
4
57
8
3
7
2
3
6
9
9
3
5
55
3
22
4
8
4
7
9
16
13
4
5
4
42
3
8
4
8
7
14
15
2
5
1
32
3
8
3
6
7
13
12
11
4
4
29
3
6
3
8
9
10
10
6
5
5
15
47
3
6
3
9
9
13
13
1
4
6
2
13
13
4
6
2
7
1
12
13
15
4
5
5
4
3
4
4
1
8
2
12
11
9
5
4
5
8
3
3
2
9
2
14
2
13
5
10
7
9
6
5
2
8
6
12
2
1
1
9
5
14
3
15
9
18
11
11
13
6
4
7
3
1
4
5
4
5
3
16
6
16
11
13
10
12
13
3
2
4
10
11
3
2
9
3
6
1
1
14
10
10
11
8
10
10
13
5
1
1
15
10
3
3
10
1
1
7
11
12
7
10
3
9
8
11
6
3
15
10
4
2
10
2
3
7
14
8
12
8
10
3
9
7
8
5
11
8
9
1
3
10
8
8
5
10
4
5
2
9
7
5
7
3
2
6
3
2
10
9
8
5
4
8
8
5
8
7
1
5
5
2
8
10
4
12
6
8
7
5
4
7
7
3
3
5
10
20
7
2
3
5
6
16
4
5
2
9
9
9
5
3
2
3
2
4
5
1
9
15
9
1
3
4
3
4
5
2
8
10
9
4
7
18
1
2
4
1
2
2
5
8
1
3
5
20
21
1
5
1
1
2
7
8
2
3
16
5
1
3
6
1
2
23
3
3
2
25
4
2
1
6
2
21
19
4
1
1
3
6
1
4
13
3
1
4
1
4
2
2
1
5
2
5
8
4
3
3
3
2
9
6
10
12
4
7
4
5
3
1
2
1
2
11
1
9
9
13
3
6
8
5
2
1
1
2
9
2
9
4
10
6
4
1
8
5
2
8
1
6
1
2
4
9
5
5
1
7
2
5
1
2
7
7
16
3
9
6
6
6
24
1
1
4
3
9
7
3
6
7
4
1
3
6
5
10
3
1
5
7
5
5
2
5
2
3
4
5
2
5
1
3
2
5
1
1
2
5
7
3
2
3
6
12
6
1
2
2
4
4
1
1
6
10
8
5
5
4
3
4
3
7
4
4
2
3
1
2
1
5
4
2
1
4
5
6
3
1
3
2
2
4
7
6
4
3
2
16
2
4
7
5
1
4
2
3
3
2
5
1
4
1
1
5
2
5
5
27
1
4
2
7
2
3
1
7
2
3
6
5
6
14
10
3
3
7
5
7
10
31
4
3
7
7
7
3
5
5
2
7
2
4
14
3
2
6
4
12
10
1
1
4
1
4
1
4
1
5
3
2
2
1
5
7
1
2
3
6
8
10
12
12
1
3
5
1
3
7
14
13
13
11
3
4
10
3
1
6
3
6
18
17
13
1
9
1
2
4
12
4
3
5
3
7
3
17
1
14
13
4
9
1
1
5
3
14
3
3
5
1
2
7
4
15
5
12
9
7
7
4
1
7
6
14
2
1
6
1
2
8
4
16
14
12
6
9
1
7
1
12
4
1
10
4
14
14
12
5
7
1
7
9
3
1
1
8
3
9
10
10
5
6
1
6
7
1
5
2
1
6
12
4
9
1
1
1
5
12
2
3
4
5
3
7
13
2
9
2
2
5
11
16
11
1
3
2
6
10
17
8
1
3
4
7
11
1
1
4
7
9
5
2
3
6
1
5
3
2
4
3
4
2
2
9
3
8
10
5
1
5
4
3
2
8
5
5
9
1
5
4
3
3
5
4
3
4
4
1
6
2
3
8
3
4
4
2
2
3
1
4
2
3
3
1
20
3
1
5
1
5
4
3
2
5
3
3
2
1
3
2
3
2
1
3
2
3
2
26
1
2
1
1
4
2
3
1
4
4
6
2
8
3
3
1
2
5
8
9
8
3
1
3
6
2
3
2
3
7
1
9
8
9
3
7
1
1
4
8
11
1
3
2
4
8
12
10
5
2
3
4
6
20
4
3
8
1
10
13
12
2
7
3
3
4
5
19
1
5
3
7
1
10
1
18
8
1
5
4
3
3
1
8
23
1
5
1
2
5
11
5
8
3
4
4
2
11
25
1
1
5
8
11
10
1
5
5
3
4
12
5
5
5
2
5
3
6
1
6
5
6
7
3
3
2
2
6
4
1
5
5
5
6
2
2
2
6
11
8
1
2
4
1
3
10
20
1
3
2
14
2
1
3
23
1
3
21
1
1
3
12
13
1
2
3
1
2
3
1
2
3
3
1
3
3
34
1
4
5
2
2
2
4
1
1
1
5
1
6
1
1
5
1
6
13
1
3
3
5
2
1
3
1
2
6
2
2
1
1
5
4
4
3
1
1
1
5
28
2
2
1
2
2
3
3
5
9
1
3
3
3
4
4
5
2
1
2
1
1
2
4
1
1
2
2
3
2
26
2
1
2
2
4
2
31
2
1
2
1
4
3
4
2
2
2
5
1
21
5
2
1
3
34
6
3
1
3
1
6
1
1
3
1
4
7
1
2
2
22
3
2
3
1
41
2
2
1
4
3
1
1
3
3
1
1
3
2
3
2
22
2
1
4
2
3
1
4
1
3
1
2
2
1
2
39
4
18
3
2
2
1
21
25
2
2
82
2
2
3
169
1
1
4
338
2
4
6
454
18
2
7
9
11
7
445
18
1
9
3
8
11
17
7
303
1
10
3
14
12
14
7
54
1
9
2
11
8
6
12
5
1
7
2
2
4
6
20
15
5
2
1
1
6
4
2
4
1
3
2
21
4
1
45
4
1
10
1
1
2
7
10
1
6
35
1
1
3
5
1
1
3
5
1
1
3
18
7
2
2
19
35
1
4
4
5
1
18
12
1
3
1
4
6
23
1
4
2
4
1
24
1
6
11
1
3
2
23
41
4
4
3
3
4
28
22
3
1
4
2
5
37
3
1
2
1
3
36
2
2
1
1
3
39
47
1
3
2
3
43
36
5
3
3
37
5
2
1
1
3
42
1
1
8
7
1
3
49
42
1
3
12
4
1
4
9
3
12
1
5
57
50
2
5
12
6
8
10
2
9
7
7
4
2
5
1
56
4
3
6
11
3
11
5
15
6
10
3
15
8
1
4
6
5
60
3
5
12
5
10
4
13
5
11
9
12
5
5
6
6
66
36
2
4
6
8
1
10
4
12
5
10
4
1
1
1
3
3
7
62
44
2
4
6
7
1
7
11
3
6
3
6
1
3
3
2
57
1
3
2
2
4
7
1
3
2
1
2
48
1
4
1
1
4
2
1
51
3
1
2
3
48
14
4
2
5
43
1
5
3
2
4
49
3
4
1
3
16
3
4
49
4
5
2
5
7
1
3
6
57
4
3
6
1
1
5
9
3
2
2
1
58
6
3
8
5
1
4
53
5
5
4
7
4
63
2
4
6
8
1
10
4
12
5
10
4
1
1
1
3
3
7
62
44
2
4
6
7
1
7
11
3
6
3
6
1
3
3
2
57
1
3
2
2
4
7
1
3
2
1
2
48
1
4
1
1
4
2
1
51
3
1
2
3
48
14
4
2
5
43
1
5
3
2
4
49
3
4
1
3
16
3
4
49
4
5
2
5
7
1
3
6
57
4
3
6
1
1
5
9
3
2
2
1
58
6
3
8
5
1
4
53
5
5
4
7
4
63
3
1
4
2
6
2
3
1
2
5
99
20
1
1
2
3
8
5
3
1
2
2
102
41
1
5
1
3
8
3
2
3
96
3
3
3
5
5
4
4
4
2
104
5
4
2
8
3
1
3
1
8
113
1
4
1
1
6
4
4
10
17
5
1
1
3
9
116
36
1
7
5
2
4
10
19
8
3
2
2
3
7
122
4
4
1
2
4
5
3
2
2
2
121
3
4
6
2
1
3
122
3
5
1
3
2
126
35
4
4
122
17
3
4
119
1
3
130
11
4
132
68
2
4
1
130
60
3
3
1
129
14
2
1
2
128
28
4
3
1
2
137
70
5
6
3
4
127
67
5
4
10
2
6
117
20
5
1
4
1
7
5
119
6
5
1
4
2
7
1
5
2
112
6
43
3
5
5
8
1
6
97
14
52
2
3
1
3
4
78
10
10
3
2
3
1
57
15
4
4
49
21
24
5
4
33
21
46
4
2
4
14
1
3
2
3
11
3
2
5
16
3
5
2
39
3
1
2
2
2
2
3
1
2
4
1
1
5
1
3
1
39
4
2
3
1
23
3
2
3
1
57
15
4
4
49
21
24
5
4
33
21
46
4
2
4
14
1
3
2
3
11
3
2
5
16
3
5
2
39
3
1
2
2
2
2
3
1
2
4
1
1
5
1
3
1
39
4
2
3
1
23
2
1
3
2
4
2
5
16
2
5
30
1
1
5
1
3
3
16
1
3
45
2
1
2
17
4
3
1
5
1
3
15
4
2
2
3
44
2
1
3
2
4
2
5
16
2
5
30
1
1
5
1
3
3
16
1
3
45
2
1
2
17
4
3
1
5
1
3
15
4
2
2
3
44
4
3
3
2
11
4
3
2
2
2
4
2
4
2
2
2
5
3
1
5
1
2
4
1
2
1
2
42
1
5
1
1
9
3
1
3
26
1
1
5
4
1
8
4
3
3
2
3
3
5
5
5
5
4
9
5
1
5
1
3
7
3
9
1
8
6
1
5
3
9
6
2
1
9
3
2
7
6
42
7
7
7
1
3
1
7
6
1
10
4
2
3
1
43
4
5
7
2
5
1
10
5
3
3
3
5
1
7
3
3
3
2
5
6
2
1
4
54
5
5
3
1
4
9
57
4
3
3
2
8
1
3
7
1
2
4
3
11
31
3
8
49
1
4
6
4
3
22
1
2
45
1
1
3
4
2
20
1
4
3
3
5
4
1
5
9
3
9
4
4
5
2
1
8
3
12
7
9
4
12
6
5
4
12
3
10
1
2
9
3
3
15
10
21
8
7
10
2
6
5
10
4
10
5
11
2
6
2
13
6
9
4
4
19
6
7
7
10
1
7
5
8
3
9
4
10
2
4
3
5
5
8
4
3
17
6
1
5
2
6
6
3
5
5
3
7
3
4
2
6
3
2
16
3
9
3
7
2
3
1
3
2
1
4
4
1
10
12
6
7
3
4
1
3
2
5
1
3
11
6
3
3
3
2
5
4
7
1
6
1
1
1
1
4
6
4
2
1
2
6
3
2
4
4
12
4
45
2
3
3
5
3
1
7
5
4
12
43
3
3
10
3
1
1
1
10
1
2
13
2
2
3
1
1
12
24
2
3
3
2
1
11
23
3
1
2
2
2
7
3
2
1
7
2
1
2
10
4
4
4
1
7
2
3
2
3
5
3
1
7
5
1
10
5
5
4
1
4
5
1
2
1
8
4
1
15
6
4
2
3
3
3
7
3
16
5
4
2
3
4
2
7
3
1
13
3
4
1
2
4
3
6
4
2
10
2
3
1
3
4
1
5
3
1
13
5
2
3
4
2
2
6
3
15
6
1
3
2
1
4
5
3
1
11
5
1
2
2
4
1
10
2
4
3
3
11
1
1
4
1
1
3
1
1
3
9
1
8
4
3
4
3
1
4
10
1
3
9
3
7
2
4
1
4
13
16
2
1
5
8
2
2
2
3
1
3
1
4
11
12
3
1
6
7
4
5
1
3
1
3
10
10
3
4
5
2
1
2
3
9
14
5
4
5
1
1
4
3
12
18
27
4
6
1
3
3
2
3
9
27
29
2
3
1
2
3
7
2
2
2
2
1
9
1
1
1
6
7
29
2
1
1
3
4
26
2
1
3
5
1
2
2
3
12
8
9
3
3
3
2
17
3
7
8
3
1
2
5
5
1
2
16
7
29
5
7
1
4
2
2
2
6
3
2
16
8
7
5
5
1
4
2
2
2
8
1
1
1
2
7
3
1
18
12
9
7
5
1
4
1
4
3
4
1
4
1
10
3
1
20
4
10
6
6
5
1
5
2
2
5
3
3
1
3
9
4
3
16
3
14
9
5
7
5
1
2
4
6
1
2
11
5
2
14
1
10
7
7
6
2
3
4
5
1
1
2
11
5
2
18
1
10
6
5
4
2
1
1
4
4
9
4
19
2
7
6
3
4
4
1
2
2
11
4
16
32
5
5
2
2
5
11
4
1
14
17
4
1
4
7
3
14
6
2
2
6
2
13
7
8
1
2
4
1
8
4
15
59
3
1
5
2
6
5
9
49
4
3
6
4
6
6
10
4
3
7
2
7
5
13
5
5
3
6
8
5
11
52
7
5
6
9
10
5
10
54
6
4
5
2
1
10
5
13
8
1
2
4
3
2
8
3
17
6
8
3
1
3
3
4
7
2
18
18
44
8
4
2
4
4
2
10
4
17
9
50
5
3
3
1
4
5
11
5
12
3
2
1
1
4
5
2
9
5
16
6
4
2
1
1
2
4
4
9
5
17
11
23
3
2
3
3
10
6
9
11
51
1
3
4
9
6
8
7
9
1
1
3
3
7
4
10
3
5
2
10
22
3
4
1
9
49
2
7
20
1
8
1
12
21
2
1
9
59
1
2
2
1
10
28
1
3
1
2
3
14
4
4
1
2
3
16
1
2
5
4
6
4
16
37
4
2
4
3
4
5
4
2
11
6
18
4
18
4
5
2
4
5
4
2
10
6
19
69
5
4
1
5
3
4
1
1
9
4
19
140
7
3
6
1
6
2
1
5
4
8
10
4
20
3
270
39
7
1
5
6
3
2
8
5
9
9
4
16
1
437
28
2
2
4
4
6
6
12
5
3
8
489
2
3
5
8
16
1
1
1
392
13
2
5
5
6
20
149
39
35
2
10
1
3
7
18
1
54
42
1
6
1
3
4
1
60
4
1
1
9
45
1
1
3
1
11
28
28
1
2
7
8
52
3
1
3
4
10
19
4
5
5
11
2
2
4
11
18
3
1
5
5
9
2
55
4
5
5
5
1
13
3
2
3
8
5
4
2
1
12
10
4
2
1
3
1
11
19
32
4
3
5
4
2
1
10
20
11
3
1
3
3
1
7
2
14
19
5
2
3
1
2
5
6
1
16
28
3
3
1
3
3
6
1
2
5
1
18
34
16
32
3
3
5
5
1
6
5
9
7
3
18
32
16
21
3
1
4
5
2
2
4
5
1
2
1
4
8
4
23
34
10
4
3
1
4
3
4
8
4
3
7
2
26
37
11
7
4
2
1
4
4
5
1
9
16
5
3
5
8
3
26
41
19
48
7
8
3
6
3
7
2
10
5
2
1
9
4
13
6
25
42
21
41
7
5
5
4
4
6
3
2
6
6
2
13
6
21
38
20
7
4
4
4
3
5
7
4
5
12
5
22
39
13
6
3
3
2
3
3
5
2
11
3
20
37
9
50
5
2
2
1
9
4
16
38
7
57
1
1
3
1
8
5
13
32
8
3
2
1
3
1
9
4
16
25
6
1
2
1
2
1
1
9
3
16
32
2
30
4
2
3
8
2
12
39
44
1
1
1
6
3
14
36
1
13
36
2
10
34
15
17
1
10
40
5
55
4
34
12
1
7
32
1
1
1
11
41
1
5
2
3
4
3
12
39
2
38
3
3
4
6
4
11
42
6
3
1
8
5
15
44
1
3
1
3
5
2
9
4
18
50
1
3
1
4
1
3
9
5
19
49
4
20
4
1
3
3
3
1
12
6
15
48
11
12
4
2
2
3
1
3
1
12
6
13
52
7
1
2
1
1
9
5
15
54
10
2
1
2
9
4
13
57
14
41
3
7
4
7
49
6
41
2
3
3
1
42
15
1
1
1
6
54
4
5
54
6
55
52
7
68
2
3
54
3
21
2
2
52
1
1
1
65
6
41
4
2
3
72
2
57
5
3
3
68
11
3
2
2
73
3
3
1
4
82
2
26
2
1
5
3
4
89
5
46
1
4
3
4
90
8
15
1
1
4
2
5
97
8
3
1
1
5
2
8
101
2
12
4
1
5
1
9
112
40
4
2
1
2
2
6
3
6
117
20
3
1
3
2
1
5
3
9
119
5
6
3
1
8
125
2
1
2
9
5
4
2
1
10
126
50
3
8
2
2
3
3
3
124
45
3
7
3
4
1
121
6
3
3
1
4
118
27
4
4
117
7
79
4
5
112
5
78
5
5
102
5
35
4
4
101
7
20
3
3
94
18
64
3
1
3
81
25
72
2
1
4
74
19
15
2
1
2
70
19
2
3
2
4
59
37
52
3
4
3
5
39
43
67
3
4
4
3
23
34
17
2
4
3
6
12
28
1
1
1
4
2
13
8
33
18
1
2
3
4
4
2
16
8
33
51
1
1
2
5
3
1
1
5
3
17
25
25
3
2
2
2
2
19
26
3
4
3
4
1
19
26
39
4
3
3
1
3
17
19
93
3
3
1
3
3
7
6
17
14
76
9
6
3
2
1
1
6
1
2
7
12
7
21
10
26
13
1
9
5
2
3
1
9
2
1
7
14
8
27
16
36
14
5
11
7
4
7
2
11
1
1
6
18
11
26
5
16
74
14
7
13
12
7
10
5
13
2
3
1
5
20
13
27
2
11
60
13
6
12
14
7
13
1
18
7
6
12
20
14
32
7
11
1
9
10
7
11
15
3
4
9
15
9
28
3
3
5
3
6
5
9
9
8
3
11
7
21
13
50
3
9
5
1
4
5
16
10
42
2
5
2
10
10
3
1
5
25
1
40
39
3
43
48
4
43
3
3
47
4
48
35
1
4
41
53
5
4
26
3
3
4
16
4
2
11
17
24
6
2
12
15
63
6
4
2
4
3
2
17
35
1
2
6
5
2
6
3
2
22
3
1
1
7
1
7
1
2
5
7
1
3
24
20
7
4
3
5
3
9
3
11
2
2
4
7
11
3
3
25
67
10
5
8
7
2
4
8
4
3
12
5
4
1
10
15
6
3
29
43
13
5
9
6
1
3
4
3
1
14
7
2
2
12
16
6
1
31
1
14
3
10
5
