122
93
70
63
23
121
73
109
76
124
81
110
85
30
82
96
124
109
104
111
97
8
117
118
95
65
61
24
120
73
105
74
112
79
107
86
30
78
94
122
107
99
105
97
52
109
109
83
64
61
26
121
75
96
76
100
77
106
88
29
77
87
116
108
98
95
94
1
107
103
83
60
59
28
120
77
89
76
98
83
103
89
18
79
83
114
109
99
88
97
104
97
84
59
59
28
120
76
80
71
78
79
102
85
9
72
80
112
109
92
83
99
100
93
81
59
58
29
120
77
80
70
79
78
101
88
20
73
76
110
109
89
79
95
43
101
95
83
57
57
30
121
79
84
70
97
81
99
91
15
76
77
112
108
92
78
91
16
99
90
84
57
59
32
124
81
79
69
88
79
102
91
15
74
74
111
109
87
77
91
104
92
91
58
58
34
125
84
82
70
91
83
97
96
23
77
78
113
109
91
83
97
2
107
97
89
55
57
37
128
88
83
76
107
84
108
100
23
78
80
115
110
98
83
99
57
106
98
89
57
58
36
127
87
85
74
103
84
110
100
22
81
80
114
109
92
85
103
28
109
103
93
61
57
38
125
89
91
76
98
85
103
105
27
86
83
116
109
93
90
113
111
105
83
65
68
27
122
77
98
73
101
80
114
91
37
81
82
108
110
99
97
93
115
108
84
66
68
27
121
75
101
72
114
80
113
89
27
79
85
110
109
105
103
87
7
115
108
81
66
69
26
120
73
101
75
122
82
113
88
27
84
84
109
109
105
104
88
54
113
110
83
66
68
24
117
72
110
71
122
82
106
87
34
83
84
110
108
96
102
90
4
115
113
83
66
65
25
116
73
107
75
112
79
104
87
31
78
84
111
107
103
101
87
116
108
83
67
62
28
118
76
106
82
105
83
105
90
36
84
85
110
108
109
105
95
114
108
86
66
63
30
118
77
104
81
95
87
102
90
34
86
86
112
108
102
103
92
34
110
108
86
65
62
31
120
80
91
78
90
84
100
94
28
81
84
113
108
103
94
84
6
110
105
88
64
63
32
124
84
91
82
99
88
95
96
33
84
84
114
109
106
93
84
109
104
92
63
66
31
124
83
90
80
109
85
91
92
27
83
84
114
110
99
91
87
105
103
87
65
65
31
126
83
96
76
99
82
103
92
25
81
82
112
109
97
91
84
39
106
102
89
66
62
33
127
87
97
79
94
85
100
96
27
84
83
112
111
100
89
87
26
106
99
90
58
63
35
129
89
87
77
90
84
104
97
32
84
81
111
112
97
85
91
107
98
87
57
64
36
129
89
87
74
111
82
107
98
27
81
79
109
112
94
85
81
105
96
85
53
63
38
129
90
85
75
111
84
101
99
29
82
77
107
112
96
84
83
49
100
93
81
50
62
39
128
90
81
70
89
81
103
99
27
82
73
104
111
96
80
79
40
100
93
81
57
63
38
127
90
82
63
81
80
102
99
21
77
72
102
112
86
81
73
102
94
75
55
66
40
129
92
84
75
100
85
110
103
27
83
72
98
113
92
85
81
103
96
80
50
68
41
128
90
82
69
111
84
104
103
16
83
74
100
113
92
83
76
39
101
94
79
54
68
40
127
90
84
65
78
85
103
103
18
82
73
100
113
93
83
86
47
101
91
77
55
68
39
127
89
86
65
99
83
108
101
20
80
71
98
113
88
89
77
104
95
82
51
69
39
127
89
86
67
108
82
108
100
22
80
73
99
113
86
88
76
105
94
84
52
69
39
127
87
85
69
102
79
108
104
26
79
74
98
113
91
88
86
17
107
95
86
53
69
35
125
84
87
65
104
76
106
95
24
76
75
100
111
92
89
84
41
111
100
81
56
70
31
126
84
90
79
100
82
110
89
28
81
77
101
111
101
89
81
113
101
83
56
69
31
125
83
91
76
106
81
109
96
22
79
78
103
111
97
93
79
113
102
87
57
69
32
124
84
92
69
95
75
108
92
24
78
79
106
110
96
93
82
110
102
82
59
69
29
124
81
84
68
90
73
109
89
29
75
78
106
110
93
90
86
27
109
101
82
60
70
27
122
79
82
66
90
72
105
89
25
73
80
108
109
92
92
112
111
104
83
60
72
28
123
81
96
70
108
75
105
90
29
75
82
109
109
97
92
160
111
109
82
61
71
29
124
81
98
70
125
76
115
90
45
79
84
111
108
97
95
239
110
106
82
65
73
27
122
78
97
69
95
75
113
88
37
78
84
112
108
98
96
305
19
106
103
77
70
75
25
120
77
100
71
94
75
111
88
25
75
81
112
107
98
97
375
103
108
77
69
76
26
122
77
102
71
108
75
116
86
43
74
82
112
107
94
95
437
104
108
78
71
80
27
121
75
105
71
116
75
118
84
50
72
82
110
108
95
96
465
101
107
77
70
79
27
121
75
104
68
131
75
118
84
50
73
80
109
108
89
97
484
34
103
107
80
68
79
23
120
74
105
76
124
74
111
80
49
74
81
110
107
95
95
343
9
102
105
80
71
77
25
117
73
102
76
113
72
103
81
35
71
80
109
106
93
91
79
103
108
86
69
75
27
119
74
95
71
109
71
108
82
31
71
83
112
107
94
89
105
107
87
68
74
27
117
74
92
75
104
71
104
80
33
71
82
111
107
99
86
19
103
101
88
65
70
27
117
74
92
72
102
78
99
81
25
72
81
110
107
90
89
21
103
100
92
62
68
27
116
74
90
68
101
77
95
81
19
72
81
110
106
89
86
6
105
102
84
62
67
31
116
77
88
76
77
78
98
86
27
76
80
108
107
93
87
27
110
101
86
57
65
34
119
81
86
82
93
85
105
92
32
82
80
106
108
100
90
73
42
109
98
94
51
66
34
118
81
80
72
110
81
100
93
29
81
79
107
108
101
85
83
57
106
97
86
56
66
33
119
81
85
77
77
83
104
94
28
84
76
104
108
101
85
85
107
96
79
58
70
31
119
80
92
80
101
79
103
91
31
81
74
101
109
100
87
87
112
98
86
51
70
31
119
81
95
78
109
79
105
93
28
81
77
103
109
100
92
88
39
110
95
84
52
68
29
118
80
89
75
93
78
104
93
19
82
76
103
108
101
88
90
59
105
95
83
53
69
29
117
80
80
73
97
75
102
92
22
81
76
105
108
101
80
90
106
102
87
56
71
29
119
82
80
72
79
77
105
92
27
82
79
107
109
95
80
89
110
105
87
57
72
31
121
84
83
79
91
82
104
96
30
85
82
107
110
106
86
94
1
7
112
100
86
54
72
33
122
86
88
80
104
83
107
99
23
87
82
108
110
109
88
98
2
54
111
104
88
58
74
31
121
85
90
76
97
80
108
96
29
86
83
109
109
103
88
90
111
104
88
60
74
31
121
84
85
80
99
83
107
99
30
85
84
110
109
106
86
92
3
109
102
84
61
77
32
122
85
90
76
95
81
110
101
28
85
80
108
110
99
88
94
8
108
103
81
64
80
30
121
83
95
75
103
81
110
98
26
88
82
107
109
99
88
92
9
36
107
102
84
61
83
28
119
80
88
75
107
84
99
95
32
89
83
109
108
105
84
99
5
7
108
104
82
63
84
29
121
81
89
73
104
84
105
98
33
89
82
110
108
106
86
107
113
108
84
64
77
32
123
83
97
86
126
90
117
102
37
94
86
114
108
107
90
105
3
109
107
82
64
80
32
121
81
101
77
106
87
107
100
39
87
85
114
109
102
89
99
1
51
108
105
83
67
81
30
119
79
97
73
106
81
103
96
29
83
84
113
109
107
87
90
30
111
103
88
60
78
30
119
78
92
79
115
82
96
95
32
86
83
113
108
105
83
90
115
104
85
63
79
29
121
77
89
84
99
82
110
92
30
81
84
112
109
108
84
103
117
107
89
68
78
27
120
75
93
83
99
78
115
85
31
79
87
114
109
109
88
96
7
60
116
110
91
68
81
25
118
73
94
80
102
74
107
82
29
74
88
115
108
105
85
93
11
66
119
110
92
66
80
24
119
74
95
85
109
77
113
82
24
74
89
115
108
104
90
99
8
120
108
93
66
80
23
118
72
98
82
106
71
108
78
32
75
89
115
108
105
96
89
3
119
111
93
67
80
24
118
70
96
80
108
65
108
77
31
68
89
114
109
107
92
87
9
63
117
110
94
65
78
23
117
71
96
79
106
71
108
75
19
67
88
114
108
95
91
91
10
71
114
106
92
64
76
23
116
70
92
79
99
70
106
73
19
65
87
112
107
101
87
84
114
102
90
61
75
25
117
71
82
78
95
67
106
75
15
64
83
108
107
98
83
81
4
110
96
86
58
72
28
117
73
79
73
86
70
101
77
14
67
79
105
108
91
80
81
4
40
104
94
85
57
72
28
116
72
79
71
77
67
100
76
15
63
75
102
107
90
72
84
62
101
89
83
54
71
29
116
73
72
68
75
65
99
77
13
63
71
100
106
87
67
77
22
99
86
75
49
70
30
118
75
69
69
94
67
99
80
21
66
68
98
108
93
64
79
106
90
80
48
73
30
120
77
72
67
106
69
104
82
25
70
71
100
108
92
70
78
3
33
109
92
84
52
73
29
121
77
74
69
92
71
105
85
27
74
73
102
109
97
73
87
3
73
108
92
78
55
76
26
121
74
82
70
91
72
107
84
16
76
74
100
108
98
72
93
20
110
94
76
58
78
27
123
77
82
76
91
75
111
89
27
83
73
99
109
99
75
90
109
95
79
57
80
29
126
79
83
74
99
78
113
93
33
88
72
98
111
100
75
96
39
109
95
79
59
83
29
126
80
85
73
98
81
115
94
25
88
73
98
110
104
73
93
95
109
89
80
56
82
30
127
83
82
79
111
86
114
99
35
91
71
98
111
110
74
94
58
108
88
82
55
84
31
127
84
85
79
110
87
119
102
34
92
71
97
111
106
78
100
110
93
79
59
87
29
127
82
82
79
107
87
121
100
44
94
71
96
111
110
75
102
13
109
94
80
60
87
28
125
81
88
80
113
87
120
98
41
95
72
98
110
106
78
106
5
69
108
97
80
63
86
27
124
80
91
75
101
84
119
98
28
92
74
101
109
103
80
101
44
106
97
80
65
87
26
123
78
88
66
105
81
116
96
37
91
75
103
109
112
77
100
109
103
75
68
90
24
123
77
98
77
117
86
115
97
34
95
78
104
109
110
86
103
4
111
106
75
69
89
24
122
78
99
80
100
83
113
97
32
95
80
106
109
110
87
102
62
109
104
78
69
87
23
120
76
95
76
99
81
115
92
38
92
81
108
108
113
86
101
60
114
109
84
67
86
23
120
75
97
81
117
83
116
92
40
94
86
111
108
111
91
101
3
117
111
91
66
87
25
122
78
100
79
122
80
117
93
41
92
89
113
110
109
92
106
120
115
91
69
87
25
121
78
102
83
110
80
117
91
40
91
92
113
109
113
93
101
3
62
118
107
88
67
85
25
121
78
92
79
106
74
113
90
37
88
89
113
108
108
88
95
14
74
115
103
90
65
83
23
118
76
91
76
114
72
111
88
36
83
88
114
106
106
87
99
11
9
116
110
89
70
82
21
115
73
97
77
104
74
109
82
31
82
91
116
106
100
89
90
12
117
104
94
68
79
22
116
73
88
75
102
70
106
83
25
75
90
116
106
99
85
88
9
37
119
111
98
68
77
23
113
71
93
77
94
70
104
82
26
71
95
120
104
106
90
86
2
60
120
114
101
69
77
23
112
71
99
79
93
72
99
79
30
71
97
123
104
103
92
80
126
114
106
66
78
21
115
72
96
87
105
74
103
78
31
74
99
124
104
109
94
83
128
115
108
64
77
23
115
73
90
88
105
75
109
79
28
74
101
125
104
112
92
82
11
125
114
105
66
78
21
113
70
91
85
95
72
107
77
36
70
98
124
104
105
91
79
48
125
117
104
72
80
19
112
69
93
85
83
73
109
77
33
72
100
125
103
104
91
79
132
120
107
71
80
20
112
70
92
88
112
73
110
78
22
71
104
127
104
112
90
78
135
117
108
67
82
20
112
69
95
88
120
72
110
76
25
70
103
126
105
111
94
73
12
133
111
107
68
83
17
109
65
91
81
102
68
104
70
24
65
101
123
103
102
91
63
4
41
134
114
104
71
84
16
109
65
90
87
101
67
105
68
28
64
101
123
103
110
89
63
14
135
113
104
71
83
17
108
65
86
88
92
68
108
68
25
65
101
123
104
111
90
57
137
109
107
65
83
18
109
65
90
87
112
69
106
69
23
65
101
122
104
113
88
54
135
108
104
61
81
20
110
67
94
90
105
70
106
71
25
66
97
119
105
111
88
53
67
128
103
101
63
81
19
110
66
84
82
88
66
107
67
18
65
92
114
105
102
83
44
41
126
102
99
61
81
20
111
68
86
84
101
67
108
72
21
69
89
112
105
103
81
45
126
103
97
60
81
21
112
69
89
82
101
66
108
73
30
71
89
111
106
109
84
53
122
104
97
62
82
21
112
69
90
77
97
62
108
73
26
68
88
111
106
104
84
41
61
117
104
91
65
82
20
112
70
90
75
95
62
109
76
27
71
85
111
106
104
84
35
56
117
105
89
67
83
19
113
70
92
80
98
69
111
77
37
75
86
111
106
108
86
37
112
105
88
67
84
19
115
71
97
70
110
67
113
78
30
77
84
112
106
102
87
36
112
100
81
61
86
21
117
73
94
74
117
67
119
80
31
80
81
107
108
111
82
34
8
32
107
97
76
61
86
20
118
73
90
79
107
72
119
82
36
83
78
105
107
106
80
35
50
103
99
80
67
86
20
116
72
92
70
96
71
116
82
26
84
78
108
106
94
81
34
5
108
107
82
68
88
20
115
72
97
76
112
74
115
84
35
83
83
110
106
107
84
31
112
109
89
66
88
21
116
73
97
75
110
76
113
85
40
85
87
114
106
113
86
41
1
50
113
103
96
66
87
21
114
72
95
74
103
77
113
86
43
86
89
116
105
110
89
41
11
69
118
109
94
68
88
21
114
72
101
92
121
81
109
90
51
90
90
115
106
116
93
45
2
8
121
112
101
69
87
23
116
75
101
93
111
88
105
92
42
96
93
117
106
116
94
50
124
111
110
70
85
23
117
75
98
86
100
91
111
91
31
95
95
119
105
118
95
60
32
124
114
104
70
84
23
116
74
100
99
107
91
112
93
37
95
97
121
105
124
96
61
67
124
115
104
70
82
24
116
75
102
99
114
93
110
94
45
97
97
124
104
123
98
63
23
127
119
110
74
83
23
116
74
103
97
99
92
110
92
35
94
99
127
105
120
99
73
126
119
107
76
82
23
115
73
93
97
94
89
104
90
34
92
99
126
105
119
97
73
22
124
117
107
69
81
23
113
71
88
91
119
86
99
87
32
84
98
127
104
114
94
72
72
119
114
105
66
78
22
111
70
92
87
100
81
99
85
24
76
96
126
103
106
91
69
36
113
107
99
66
76
23
112
70
87
80
93
75
99
80
22
74
90
121
104
103
84
71
111
103
93
62
78
23
113
72
86
75
101
71
97
80
16
68
85
115
106
99
82
60
12
108
100
88
63
78
21
110
68
86
68
84
65
97
74
13
62
81
110
105
90
79
69
62
103
95
84
60
78
20
109
66
77
63
88
59
96
67
15
58
77
105
105
90
71
69
29
98
87
82
54
77
21
111
69
69
62
89
55
95
67
15
55
72
101
106
84
66
63
108
86
86
52
77
23
112
70
69
68
90
59
97
69
12
58
75
101
107
90
73
75
113
90
86
52
78
23
112
69
74
73
95
62
98
70
8
60
77
103
106
101
75
67
67
108
85
87
52
77
23
112
70
73
68
88
58
99
70
13
56
74
102
105
93
71
74
1
62
109
88
83
53
77
25
114
72
75
69
90
59
99
73
18
61
73
99
106
93
70
69
13
111
91
85
55
79
25
114
72
78
72
91
61
101
72
18
64
75
101
107
99
73
73
18
114
95
90
58
82
23
115
71
80
76
92
69
103
72
25
68
79
103
107
101
76
86
19
53
113
98
91
60
83
23
115
72
86
74
89
68
105
76
28
70
78
104
106
98
80
78
20
65
114
98
95
62
83
24
115
74
88
75
92
73
104
79
17
74
78
105
106
101
82
83
7
2
119
104
92
63
85
25
117
75
92
89
109
83
108
83
22
82
80
105
107
113
88
84
7
119
103
91
61
84
27
120
79
85
86
94
83
109
88
41
86
83
107
107
117
83
95
13
19
119
96
92
61
83
27
120
79
85
87
83
83
105
91
34
88
83
108
107
111
81
96
7
52
119
96
92
62
83
28
121
80
95
89
94
86
106
92
19
89
83
108
107
120
86
95
5
116
98
92
57
82
33
123
83
88
83
107
89
105
98
34
91
83
109
108
118
83
93
111
93
89
53
82
32
124
83
83
81
94
86
105
97
36
89
79
107
108
108
79
97
9
37
105
93
88
55
81
29
124
82
79
72
86
83
104
92
25
87
79
109
107
107
73
97
16
81
105
94
84
56
82
28
123
81
81
84
88
84
98
90
30
91
78
108
107
111
78
95
10
24
104
95
86
60
82
27
121
79
82
82
70
83
101
88
30
89
77
108
107
109
78
94
16
102
94
89
59
79
31
123
81
74
74
77
81
110
91
23
84
77
108
108
105
70
89
28
104
97
85
58
82
29
122
78
80
84
92
79
107
88
26
84
78
108
107
104
75
89
24
52
104
98
88
59
81
26
120
75
81
78
99
77
108
83
28
82
80
110
106
100
78
92
21
14
104
93
86
55
84
24
120
73
76
78
110
73
104
84
29
80
78
108
107
107
72
91
24
105
93
88
56
85
23
119
71
75
76
93
70
102
78
31
78
79
108
106
108
72
86
21
106
95
90
57
81
25
121
73
80
75
96
69
106
79
29
79
81
110
107
99
75
93
21
56
106
93
89
55
82
25
120
72
80
76
92
69
109
80
35
80
80
109
107
104
74
94
19
25
109
96
90
57
82
25
119
72
79
75
80
69
106
78
27
75
80
109
107
106
76
90
13
106
96
84
58
81
24
119
72
77
70
76
65
104
78
20
72
75
106
107
99
72
90
19
101
94
81
61
83
21
116
67
73
66
69
63
105
73
26
68
73
104
106
94
65
88
26
30
101
89
80
56
82
23
117
70
73
68
85
65
101
79
31
71
72
104
106
95
68
86
24
23
105
87
81
50
81
25
118
73
76
72
104
69
105
84
19
76
71
102
107
103
71
90
25
108
92
83
53
83
