19
3
6
9
23
4
17
19
17
22
15
7
2
10
23
11
12
6
17
3
6
11
21
2
14
17
14
19
12
7
3
9
23
11
2
3
14
3
5
11
18
10
14
11
15
8
5
3
7
18
8
7
10
1
1
11
16
8
10
9
11
6
4
4
6
14
5
4
4
9
10
13
5
8
6
7
2
3
3
5
12
4
7
7
9
10
4
5
6
4
1
2
2
5
10
3
11
6
9
10
4
3
5
3
2
2
6
8
2
6
7
7
9
2
3
3
3
3
3
6
7
1
3
1
6
7
7
1
1
2
3
5
6
10
4
7
5
1
2
4
4
19
2
7
3
2
4
1
18
2
1
6
3
6
7
1
8
3
5
6
2
2
10
3
5
36
5
14
7
9
8
7
8
13
5
6
1
5
29
8
16
9
10
10
11
11
1
14
4
8
5
8
37
10
18
10
10
11
14
14
4
15
3
9
7
11
47
14
21
13
12
13
1
18
1
18
3
6
17
4
9
11
14
47
14
23
12
13
13
1
19
2
18
4
7
17
3
9
14
16
32
15
25
12
14
13
19
2
3
18
6
8
17
4
8
16
15
27
17
27
14
16
14
21
4
6
18
8
8
18
4
8
19
17
36
16
28
14
17
13
21
6
6
18
7
9
19
5
7
19
17
23
15
28
12
16
13
20
5
5
15
5
7
18
4
6
18
16
13
15
27
12
15
14
19
4
3
14
4
4
17
3
6
17
15
17
15
27
13
14
13
18
4
3
12
2
3
16
4
5
16
14
20
16
28
14
15
14
19
5
6
12
3
3
17
4
5
19
16
12
18
30
15
16
14
20
6
8
12
5
4
19
5
5
21
18
18
30
15
16
15
19
6
8
11
5
3
18
4
4
20
17
4
18
30
14
16
15
19
7
9
12
4
3
19
4
5
21
16
14
18
30
16
17
16
19
6
10
12
4
4
20
5
4
20
17
16
17
30
16
17
17
18
6
10
11
4
2
20
6
4
20
16
2
18
29
16
18
17
17
5
10
9
4
1
20
6
4
19
15
18
29
16
16
15
15
5
10
5
5
20
6
3
18
15
7
19
30
18
19
14
15
7
11
2
6
23
7
2
20
16
11
19
32
18
21
13
14
8
13
2
8
24
8
3
20
16
2
20
32
19
22
13
1
15
9
15
1
9
2
25
8
3
21
17
16
22
34
19
24
13
1
16
10
15
2
10
3
26
7
3
22
19
20
6
21
34
19
24
12
2
17
11
16
2
12
3
26
7
4
23
18
27
17
20
34
18
25
13
3
17
11
17
3
14
4
27
8
4
23
18
25
12
21
33
18
24
13
3
17
9
14
3
13
2
26
8
5
21
18
26
5
19
32
17
22
12
2
14
8
11
2
10
25
8
5
19
16
30
13
13
28
12
19
10
1
9
4
9
9
22
7
5
15
12
34
13
9
23
8
15
8
4
5
5
18
6
4
10
6
28
3
6
19
5
12
7
1
3
15
5
4
5
4
22
16
5
9
7
1
13
5
3
2
1
20
14
5
7
7
11
4
3
8
2
7
13
3
5
5
11
4
3
9
3
14
2
5
5
11
4
4
11
4
13
3
5
5
10
4
4
7
4
12
3
4
5
10
4
3
9
3
12
3
3
4
10
3
3
19
4
11
3
2
4
10
3
3
22
4
12
3
2
4
9
2
3
1
8
4
12
3
1
3
9
2
3
6
13
3
1
1
10
2
3
2
9
16
5
3
2
2
12
3
3
3
4
9
17
5
3
2
1
11
2
3
7
5
7
16
4
3
2
10
1
3
6
3
7
15
2
4
1
10
1
3
6
1
8
6
15
1
4
9
1
3
6
1
5
5
15
5
1
1
2
9
1
4
5
1
3
4
14
3
2
4
7
4
4
13
12
2
1
4
5
4
2
26
10
1
1
5
2
4
22
7
5
4
15
5
5
4
23
6
5
4
20
5
4
4
12
5
1
4
4
5
3
3
5
3
2
2
5
6
3
1
4
5
3
1
5
6
2
2
4
5
6
4
3
3
6
16
6
3
5
6
2
29
6
5
3
1
7
7
2
117
5
4
2
8
7
3
211
4
3
1
1
10
7
1
289
2
3
2
1
5
12
7
2
368
4
3
3
9
3
14
8
5
2
451
3
5
6
10
5
16
2
1
8
7
2
465
3
5
7
10
8
16
6
1
7
8
3
453
3
1
5
7
12
10
18
9
3
8
7
3
445
5
1
6
12
12
20
12
4
10
2
422
5
4
3
12
12
21
12
4
11
303
6
4
1
12
12
21
10
5
11
23
7
6
1
14
11
21
7
7
12
1
65
7
5
2
13
10
21
6
7
11
1
46
6
4
1
9
8
17
3
3
10
12
6
3
5
4
13
9
3
2
2
11
8
1
11
7
10
7
1
12
7
1
13
7
9
3
15
8
15
3
14
8
6
3
14
7
11
3
14
7
27
1
12
9
25
12
8
10
1
14
8
3
4
16
9
8
8
20
9
11
11
23
1
9
9
12
23
4
8
22
1
14
1
25
7
9
25
2
16
3
27
12
10
4
17
2
3
19
5
29
15
10
6
1
12
3
4
20
5
29
1
14
11
8
3
10
4
4
20
5
29
1
14
12
10
2
15
1
4
4
20
5
28
14
12
11
8
22
1
3
3
18
3
27
12
12
10
10
18
3
15
22
8
11
8
5
1
1
10
16
1
9
3
2
8
8
16
9
2
2
17
8
15
9
5
8
1
8
14
8
2
3
5
12
16
8
6
9
9
5
1
13
17
1
7
6
14
28
4
12
16
8
5
14
32
1
11
14
8
3
8
23
1
10
11
1
8
2
12
22
2
8
8
1
7
1
11
28
1
6
7
1
7
15
23
1
5
7
1
7
17
21
1
5
7
7
13
21
1
5
8
1
6
22
29
1
6
9
1
7
20
35
1
6
9
7
22
27
3
6
9
8
38
28
4
6
4
9
8
1
41
43
5
1
7
9
9
2
8
5
42
38
5
4
6
12
9
5
1
9
7
53
25
5
3
3
13
8
6
10
5
51
18
5
1
3
12
8
5
10
4
58
14
3
1
1
12
7
5
9
4
56
13
2
1
12
7
5
10
4
55
1
9
6
1
10
2
54
7
6
10
2
52
14
4
7
10
11
6
51
21
7
6
12
1
1
11
9
45
3
1
8
5
13
1
2
11
9
51
2
10
5
13
1
4
10
9
47
11
4
1
12
5
15
5
11
10
45
17
5
13
4
17
6
11
11
57
10
5
1
1
13
3
15
5
10
12
55
6
1
12
1
14
4
10
12
55
6
8
1
1
12
13
4
1
1
9
12
62
31
8
1
1
1
12
12
4
2
1
8
12
60
27
8
1
2
12
13
4
3
1
9
12
63
8
8
1
3
12
12
2
3
2
8
11
58
6
7
2
4
9
10
3
2
7
7
57
10
7
4
4
9
11
4
3
7
7
55
6
7
5
9
10
4
3
8
7
50
7
6
9
2
10
3
2
9
8
45
7
1
7
9
3
10
2
1
10
8
37
18
5
6
8
3
9
2
1
10
5
35
23
7
2
5
9
5
10
4
2
10
6
32
7
1
5
1
9
6
11
4
3
10
7
23
7
1
4
1
8
7
11
2
3
10
7
10
2
7
1
3
2
8
8
12
1
2
10
6
15
7
3
3
7
10
11
1
1
10
6
15
6
3
1
4
7
11
11
1
10
7
1
7
4
2
5
8
12
12
1
1
11
8
7
1
10
2
3
1
6
9
12
13
2
3
1
10
10
9
14
4
2
7
2
11
14
14
4
2
5
1
10
13
5
17
7
2
7
5
13
15
15
7
5
7
3
9
16
7
18
8
1
6
5
13
14
15
6
4
7
3
9
16
4
18
7
7
5
14
14
16
6
6
6
2
10
17
4
18
6
7
5
12
14
14
7
6
6
3
10
18
5
17
7
1
6
4
10
14
11
6
3
6
3
10
16
6
1
18
7
3
5
5
9
14
9
6
3
7
3
9
18
1
5
3
20
1
7
5
3
1
5
8
14
8
6
4
8
4
9
18
4
3
3
21
1
9
5
3
2
6
10
14
8
7
5
9
4
9
18
5
8
5
22
2
9
5
2
3
7
10
12
10
7
6
10
4
8
19
5
11
5
22
3
10
6
3
7
10
10
9
4
7
10
4
8
19
4
7
5
21
3
11
6
2
5
9
8
7
4
4
11
5
7
18
4
4
19
2
10
5
3
7
4
6
1
10
5
6
15
2
8
3
19
2
11
4
2
5
4
11
6
4
12
1
5
5
21
4
12
7
3
4
3
13
7
5
11
3
4
6
20
5
13
7
1
1
1
14
7
5
11
4
7
9
22
7
15
8
1
17
9
5
10
5
2
10
23
8
14
7
3
18
9
6
8
5
5
7
19
6
12
5
1
16
8
5
6
2
1
3
16
4
10
6
14
8
6
13
2
8
5
12
8
4
13
3
8
4
13
9
5
14
3
9
5
13
9
6
4
12
3
8
5
11
8
5
2
12
1
7
5
10
7
6
11
5
5
3
8
7
7
3
12
2
6
7
7
1
9
7
7
1
7
15
3
8
9
1
3
10
3
2
10
7
8
7
14
2
16
2
9
11
2
6
14
5
3
10
7
10
9
11
6
19
3
10
10
1
3
3
9
17
9
8
1
12
7
10
14
18
21
3
12
10
1
2
4
7
12
19
11
12
5
12
8
10
17
24
22
2
14
10
1
3
10
13
19
12
12
8
13
7
10
19
23
1
24
2
17
9
1
2
4
14
18
20
15
14
10
14
8
10
24
27
27
1
17
8
2
4
4
17
20
20
17
16
12
14
7
10
27
29
27
18
6
4
3
3
20
22
18
19
14
14
15
7
11
27
21
24
16
5
5
1
20
22
16
18
12
13
11
6
10
26
20
23
15
3
5
19
21
12
18
8
12
9
6
9
25
18
22
16
3
7
19
22
9
17
6
12
10
6
9
25
12
12
2
6
7
7
1
9
7
7
1
7
15
3
8
9
1
3
10
3
2
10
7
8
7
14
2
16
2
9
11
2
6
14
5
3
10
7
10
9
11
6
19
3
10
10
1
3
3
9
17
9
8
1
12
7
10
14
18
21
3
12
10
1
2
4
7
12
19
11
12
5
12
8
10
17
24
22
2
14
10
1
3
10
13
19
12
12
8
13
7
10
19
23
1
24
2
17
9
1
2
4
14
18
20
15
14
10
14
8
10
24
27
27
1
17
8
2
4
4
17
20
20
17
16
12
14
7
10
27
29
27
18
6
4
3
3
20
22
18
19
14
14
15
7
11
27
21
24
16
5
5
1
20
22
16
18
12
13
11
6
10
26
20
23
15
3
5
19
21
12
18
8
12
9
6
9
25
18
22
16
3
7
19
22
9
17
6
12
10
6
9
25
12
3
1
1
9
12
9
30
4
3
1
11
15
9
30
1
5
4
1
11
16
8
28
4
3
11
16
9
39
1
5
3
10
14
10
33
1
7
3
1
12
17
2
1
11
30
10
5
1
6
15
8
21
5
7
2
13
4
44
12
7
4
2
11
3
1
16
15
22
12
10
4
14
7
48
12
6
6
4
12
4
1
15
19
22
15
10
4
16
9
49
2
10
4
7
5
13
3
15
21
23
16
10
2
15
9
40
8
1
7
6
13
3
15
23
23
18
12
15
9
33
7
1
7
6
15
5
1
16
26
23
22
14
15
12
22
5
6
6
16
5
16
28
21
24
16
14
13
8
1
5
7
16
2
14
30
18
24
17
14
13
3
4
6
15
1
13
30
16
25
18
14
13
3
3
6
15
14
31
15
27
21
14
16
1
4
12
3
7
15
1
15
31
15
28
23
14
18
6
12
2
7
16
1
17
31
16
28
25
15
18
3
1
2
5
15
2
16
29
15
26
23
14
18
2
2
5
15
2
15
25
15
23
21
14
17
2
1
3
14
2
15
22
15
20
19
13
16
4
1
13
4
17
20
17
18
20
13
16
11
8
21
17
21
16
22
13
17
3
5
3
9
10
23
14
22
15
23
12
18
5
4
7
4
8
12
26
11
25
12
25
11
18
19
7
9
7
8
14
30
8
30
11
27
1
12
18
25
8
10
9
9
2
16
34
5
34
10
28
1
12
20
8
11
10
8
2
16
35
2
35
7
29
11
20
10
13
10
10
3
17
37
1
36
7
30
12
21
4
14
15
12
11
4
19
38
1
37
9
31
5
1
12
23
8
17
18
12
11
3
20
38
1
36
10
30
8
2
12
24
15
19
18
10
12
4
20
37
1
36
11
30
8
1
12
25
57
19
18
9
13
4
20
36
2
36
11
28
9
2
13
24
127
19
16
9
13
4
20
35
1
36
11
29
7
1
13
24
218
18
14
7
12
3
19
34
1
36
11
29
7
1
13
24
317
17
14
7
11
2
19
33
2
35
13
28
6
2
12
23
392
14
12
6
10
1
16
30
3
33
14
26
3
2
12
22
487
15
11
6
11
1
16
30
4
33
15
26
2
2
12
23
533
14
10
6
12
1
16
30
5
33
17
26
1
12
21
509
10
9
5
11
2
12
28
5
33
20
25
11
18
504
8
3
5
12
3
11
27
7
32
22
25
12
16
489
5
3
12
2
9
25
6
32
22
23
12
14
437
3
2
12
2
6
25
6
32
21
25
12
14
116
1
10
1
5
24
6
31
18
27
11
12
51
9
3
21
7
30
19
25
11
12
48
9
1
18
7
27
16
24
11
12
6
8
15
8
25
16
22
12
11
9
12
11
23
20
21
12
12
8
9
12
18
20
19
11
12
2
9
8
16
16
23
19
12
13
3
10
8
18
17
26
20
12
14
4
9
7
18
15
25
19
12
11
4
7
5
17
13
23
16
12
8
4
6
4
15
12
21
14
11
6
26
3
3
2
12
11
16
10
1
10
3
15
3
9
8
11
6
2
8
4
6
7
8
3
3
7
5
5
8
6
4
3
7
2
4
5
5
11
6
7
4
7
2
6
5
7
5
14
6
8
4
6
3
1
7
1
10
5
16
5
9
4
6
6
10
1
2
8
2
14
3
17
4
11
5
6
8
7
4
3
3
6
2
1
15
1
18
2
11
4
5
10
9
6
6
6
3
6
18
18
1
12
1
5
6
13
6
7
7
6
4
8
19
18
1
12
2
5
6
14
11
8
7
5
3
9
20
18
1
13
1
4
6
15
15
2
12
9
4
5
12
21
18
3
13
4
4
7
19
15
5
16
12
4
5
3
16
22
17
3
14
7
6
6
22
21
18
13
5
5
5
17
23
17
4
14
8
6
6
24
17
19
12
6
4
6
17
24
18
5
15
7
6
5
25
27
6
21
13
6
4
9
19
25
1
19
6
17
8
6
6
28
28
17
22
14
7
4
13
22
27
5
21
10
19
9
6
7
31
28
22
22
13
8
3
15
21
27
6
22
11
21
8
6
6
31
36
10
20
11
9
1
15
19
26
6
20
10
20
6
4
4
30
1
35
1
19
11
9
2
17
19
25
7
19
12
20
5
5
5
30
3
40
18
19
10
8
1
16
18
23
6
17
12
17
5
5
5
29
2
37
10
17
8
6
14
16
20
3
14
8
13
3
3
4
27
1
35
18
9
5
15
16
19
4
13
8
12
5
5
3
27
4
34
10
17
5
5
16
13
18
5
10
10
10
5
5
3
24
6
34
10
16
4
5
17
12
14
6
8
10
8
6
5
3
23
7
48
16
6
7
19
10
13
9
6
13
7
7
6
3
23
9
39
2
15
4
3
9
20
7
10
12
3
14
5
7
7
4
23
11
37
7
13
3
2
10
20
5
6
13
1
15
4
6
6
5
20
12
48
8
10
2
10
19
2
3
12
14
1
5
6
5
16
11
45
3
11
10
2
11
18
11
11
5
7
5
14
10
46
9
3
11
17
11
10
4
7
4
11
9
39
7
9
14
9
8
1
5
3
8
6
40
7
3
7
9
6
5
4
4
5
1
41
8
1
6
7
5
3
3
4
1
39
5
4
3
2
2
4
44
1
4
1
1
1
3
5
1
46
20
2
1
4
4
2
41
27
1
4
4
1
44
17
3
1
2
3
6
5
3
46
4
2
3
3
5
5
1
47
2
3
4
4
7
5
3
46
1
4
1
5
3
1
7
4
4
37
5
2
1
6
3
1
2
8
3
5
41
9
6
3
1
9
7
3
4
9
3
9
42
4
11
9
5
2
11
7
4
7
9
3
11
37
1
18
13
11
6
4
12
8
5
9
10
3
13
41
7
15
11
7
6
14
10
7
10
9
4
14
43
9
17
13
7
9
17
13
9
11
10
6
16
49
10
19
14
8
4
12
19
1
15
1
12
13
10
6
20
55
10
2
21
16
8
8
14
22
5
18
6
16
14
9
7
23
4
57
20
2
23
1
14
2
9
12
18
26
10
21
10
20
14
9
8
28
8
66
17
3
26
1
14
4
9
15
21
27
15
22
15
21
15
8
10
31
11
75
10
6
28
3
17
4
10
18
22
28
18
23
19
22
17
8
10
32
14
78
9
12
34
7
21
3
11
2
21
27
33
22
27
23
28
21
8
10
38
18
85
16
38
13
23
5
11
3
6
26
30
35
28
28
29
31
25
9
12
41
23
86
19
39
16
24
8
10
6
9
30
31
36
32
29
33
32
26
8
14
42
27
92
9
21
39
16
24
10
9
8
11
31
30
35
34
29
34
32
26
8
14
43
29
89
1
21
20
38
16
21
10
7
8
10
31
27
31
33
27
33
29
25
7
14
39
27
77
9
16
17
35
16
20
11
6
8
10
29
23
27
33
25
32
26
23
7
14
36
24
79
13
16
32
15
18
12
5
9
9
28
19
23
31
22
29
22
21
8
14
32
24
68
9
14
28
12
12
11
2
7
9
25
15
19
29
19
25
17
19
6
14
29
22
58
5
12
26
11
10
11
6
8
25
12
16
28
17
24
13
18
5
13
26
20
45
7
13
26
12
12
11
5
7
25
11
13
27
16
23
12
18
5
13
25
21
45
13
25
12
10
10
4
5
24
8
12
25
16
23
11
18
5
12
24
20
44
12
25
13
12
11
3
4
23
7
12
24
16
23
11
19
7
10
22
21
32
15
27
14
14
11
3
1
4
24
7
13
24
18
23
12
21
8
9
23
22
37
13
18
31
18
18
11
5
3
26
8
15
24
20
24
13
26
10
9
25
25
31
7
6
