4539
2359
4280
4749
1089
4999
2730
377
3140
2463
4749
4098
4752
1717
4750
2673
1351
2474
1757
3934
425
4896
4892
4999
4402
2293
4144
4742
1059
4999
2643
367
3044
2389
4742
3972
4745
1665
4743
2593
1314
2397
1707
3816
419
4890
4886
4999
4280
2220
4023
4736
1020
4999
2556
353
2956
2313
4736
3841
4739
1612
4737
2514
1272
2320
1654
3702
399
4883
4879
4999
4151
2154
3901
4729
989
4999
2474
344
2867
2248
4730
3721
4733
1564
4730
2439
1235
2248
1607
3589
391
4877
4873
4999
4035
2088
3785
4723
959
4999
2397
336
2775
2183
4723
3603
4726
1514
4724
2364
1196
2177
1561
3482
387
4870
4866
4999
2067
1943
1997
979
894
4999
2006
315
2045
2037
1784
1976
1411
2119
2010
1114
2028
1458
2008
359
4864
4860
4740
2807
2930
16
2903
4799
2866
2735
2848
9
4857
4853
4327
4064
3923
992
4502
4462
68
4470
4597
4455
4851
4847
4283
4864
4882
725
4793
4422
36
4794
4789
4795
4844
4840
4208
4999
4999
683
4979
4362
40
4980
4970
4981
4838
4834
4085
4992
4991
776
4911
4262
43
4910
4909
4911
4832
4828
4024
4999
4999
634
4940
4211
34
4940
4943
4939
4825
4821
216
265
211
384
121
315
47
346
276
417
440
199
350
306
153
285
195
427
47
480
144
476
693
64
172
24
185
149
749
269
95
109
659
168
82
156
104
246
24
96
96
374
284
366
623
128
335
49
366
293
687
493
211
581
325
161
302
204
459
49
593
275
584
881
124
328
48
357
286
951
482
58
208
833
320
159
298
201
458
48
56
56
564
318
554
890
142
375
54
408
327
975
562
236
838
364
180
338
228
520
54
675
375
664
1037
169
444
65
486
389
1124
652
27
280
976
433
215
403
272
617
65
3
3
736
377
723
1134
169
447
65
487
390
1235
668
145
282
1070
435
216
404
273
623
65
10
10
778
444
763
1209
200
524
76
573
458
1313
773
278
330
1137
511
254
475
321
728
76
869
452
854
1335
203
535
77
584
467
1448
794
436
337
1259
521
259
484
327
745
77
16
16
898
498
881
1395
224
588
85
643
515
1516
873
542
371
1314
574
286
534
360
819
85
978
523
959
1507
235
619
90
676
542
1634
917
691
390
1420
603
300
561
379
863
90
7
7
1020
553
1000
1579
249
653
95
713
572
1714
969
803
411
1487
636
317
591
400
910
94
1079
586
1057
1667
264
692
100
758
606
1807
1026
929
436
1571
675
337
628
424
965
100
1132
609
1109
1749
274
719
104
787
630
1896
1067
1046
453
1648
701
349
652
441
1003
104
2
2
1178
641
1154
1823
289
756
110
828
663
1975
1121
1156
476
1717
737
367
686
464
1055
110
1233
663
1207
1904
299
783
113
858
687
2062
1162
1271
493
1794
764
381
710
481
1093
113
2
2
1275
691
1249
1973
312
815
118
894
715
2136
1210
1374
514
1859
796
397
740
501
1139
119
1325
716
1297
2048
323
844
122
925
741
2216
1252
1480
531
1929
824
411
765
519
1179
123
1
1
1368
739
1339
2115
333
872
126
956
765
2288
1294
1579
549
1992
850
424
791
536
1218
126
1412
763
1381
2183
344
900
130
988
791
2360
1336
1677
567
2056
879
438
816
554
1258
131
1454
785
1422
2249
354
925
134
1016
813
2430
1373
1771
583
2118
904
451
839
569
1293
134
1494
807
1460
2311
364
952
138
1045
836
2496
1412
1862
599
2176
929
463
863
586
1331
138
1535
828
1499
2373
374
976
141
1072
858
2563
1448
1951
615
2235
953
476
886
601
1365
142
1572
849
1536
2431
383
1000
145
1099
880
2625
1485
2037
630
2290
977
488
908
616
1399
146
1610
869
1572
2490
393
1024
148
1125
900
2686
1519
2121
645
2344
1000
499
929
631
1432
149
1645
888
1607
2545
401
1046
152
1150
920
2745
1553
2201
659
2396
1022
510
949
645
1464
152
1680
907
1640
2599
410
1068
154
1175
940
2802
1585
2279
673
2447
1043
521
970
659
1495
156
1714
925
1673
2652
418
1089
157
1198
958
2858
1617
2355
686
2496
1064
531
988
672
1525
158
1747
942
1704
2702
426
1110
161
1221
976
2910
1647
2428
699
2543
1084
541
1007
684
1553
161
1779
959
1735
2752
433
1130
163
1243
994
2962
1676
2500
711
2590
1103
551
1025
697
1581
165
1809
976
1765
2799
441
1149
167
1264
1012
3013
1705
2569
723
2634
1122
561
1042
709
1609
168
1839
992
1794
2845
449
1167
169
1286
1028
3061
1732
2635
735
2677
1140
569
1059
720
1635
170
1868
1007
1821
2890
456
1185
172
1306
1044
3108
1759
2700
747
2720
1158
579
1076
732
1660
173
1897
1023
1849
2934
464
1203
175
1326
1061
3154
1785
2764
758
2761
1175
588
1092
744
1685
176
1925
1038
1875
2977
471
1221
178
1345
1076
3199
1811
2825
769
2800
1192
597
1107
755
1710
179
1951
1053
1901
3019
478
1238
181
1365
1091
3242
1836
2885
780
2839
1209
605
1123
766
1734
182
1978
1067
1926
3059
485
1255
185
1383
1107
3284
1860
2943
791
2877
1226
615
1139
777
1757
186
2004
1081
1951
3098
493
1271
188
1401
1121
3325
1884
2999
802
2913
1241
623
1153
788
1779
189
2028
1095
1974
3135
499
1286
191
1419
1135
3364
1907
3054
812
2949
1257
631
1167
798
1801
192
2052
1108
1997
3171
505
1302
194
1436
1149
3402
1929
3106
822
2983
1271
639
1181
808
1822
195
2075
1121
2019
3208
512
1316
197
1452
1162
3438
1949
3157
831
3016
1286
646
1194
817
1842
197
2097
1133
2040
3242
518
1330
199
1467
1175
3473
1970
3206
840
3048
1299
653
1206
826
1861
200
2119
1144
2061
3274
524
1343
202
1483
1187
3508
1990
3253
849
3079
1313
661
1219
835
1880
203
2140
1156
2081
3307
530
1357
205
1497
1199
3541
2009
3300
858
3109
1326
668
1231
844
1899
206
2160
1168
2100
3338
535
1370
207
1512
1210
3573
2027
3344
866
3137
1338
674
1242
852
1916
207
2179
1177
2118
3366
540
1381
209
1525
1221
3603
2044
3387
873
3165
1350
680
1253
860
1933
209
2197
1186
2135
3395
544
1392
210
1538
1231
3632
2061
3427
880
3191
1360
685
1263
867
1948
211
2215
1197
2153
3423
549
1403
213
1551
1241
3661
2077
3468
887
3216
1371
691
1273
874
1964
213
2232
1206
2169
3450
554
1414
215
1562
1251
3688
2093
3506
894
3242
1382
696
1283
881
1979
215
2249
1215
2185
3475
558
1424
216
1574
1260
3714
2108
3544
901
3265
1392
702
1292
888
1994
217
2265
1223
2199
3499
561
1434
218
1585
1269
3739
2122
3580
906
3288
1401
706
1301
894
2008
218
2280
1231
2214
3523
565
1443
218
1595
1277
3763
2136
3614
912
3310
1410
711
1309
899
2021
219
2295
1239
2228
3546
569
1452
220
1606
1285
3787
2149
3648
918
3332
1419
716
1318
906
2034
221
2309
1246
2241
3568
573
1460
221
1616
1293
3809
2162
3680
923
3352
1428
720
1325
911
2046
222
2323
1254
2255
3590
576
1469
223
1625
1300
3831
2175
3711
928
3372
1436
724
1333
916
2058
224
2336
1260
2267
3610
579
1477
224
1635
1308
3852
2187
3742
933
3391
1444
728
1340
922
2069
225
2348
1267
2278
3630
583
1485
225
1643
1315
3872
2198
3772
939
3410
1452
732
1347
927
2081
226
2361
1273
2290
3649
586
1492
226
1652
1322
3891
2209
3800
943
3427
1458
736
1354
932
2091
227
2373
1280
2301
3667
588
1499
227
1660
1328
3910
2219
3826
947
3444
1466
739
1360
936
2101
228
2384
1286
2312
3685
591
1506
228
1668
1334
3928
2230
3852
952
3461
1472
743
1367
941
2111
229
2395
1291
2322
3702
594
1513
229
1676
1341
3945
2240
3877
956
3477
1479
746
1373
945
2121
230
2406
1297
2332
3719
597
1519
230
1683
1346
3962
2249
3902
960
3492
1485
749
1378
949
2130
231
2416
1302
2342
3735
599
1525
231
1690
1352
3978
2258
3926
964
3507
1491
752
1384
954
2139
232
2426
1307
2351
3750
602
1531
232
1697
1357
3993
2267
3948
968
3521
1497
755
1390
957
2147
233
2435
1313
2359
3765
604
1537
232
1703
1363
4007
2275
3970
971
3534
1502
758
1394
961
2155
233
2444
1317
2368
3779
606
1542
233
1710
1368
4022
2283
3991
975
3548
1508
760
1399
964
2162
234
2453
1321
2376
3792
608
1547
234
1716
1372
4035
2291
4011
978
3561
1513
763
1404
968
2171
235
2461
1326
2384
3806
610
1552
234
1721
1377
4048
2299
4031
981
3572
1518
765
1408
971
2177
236
2470
1330
2391
3818
612
1557
235
1727
1381
4060
2305
4050
984
3584
1522
768
1412
974
2184
236
2477
1334
2398
3830
614
1562
236
1733
1385
4072
2312
4068
987
3595
1527
771
1417
977
2191
238
2484
1338
2405
3842
616
1566
236
1737
1389
4084
2319
4085
989
3606
1531
773
1421
980
2197
238
2491
1342
2411
3853
618
1570
237
1742
1393
4094
2324
4102
992
3616
1535
774
1424
982
2203
238
2498
1345
2418
3863
619
1574
238
1747
1397
4105
2331
4118
995
3625
1539
777
1428
986
2209
239
2505
1348
2424
3873
621
1578
238
1752
1401
4114
2337
4134
997
3635
1543
779
1431
988
2215
240
2511
1352
2430
3883
623
1581
239
1756
1404
4124
2342
4148
999
3643
1546
780
1434
990
2220
240
2517
1354
2435
3892
624
1584
239
1760
1407
4132
2347
4162
1001
3652
1550
782
1438
993
2225
241
2522
1358
2440
3901
625
1588
240
1764
1410
4142
2352
4176
1004
3660
1553
784
1441
995
2230
241
2528
1360
2445
3910
627
1591
240
1768
1413
4150
2357
4189
1006
3668
1556
786
1444
998
2234
242
2533
1363
2449
3918
628
1594
241
1771
1416
4157
2361
4201
1007
3675
1558
787
1446
999
2238
242
2537
1365
2454
3925
629
1597
241
1775
1419
4164
2366
4214
1009
3682
1562
788
1449
1001
2243
243
2543
1368
2458
3933
630
1599
242
1778
1421
4171
2369
4225
1011
3689
1565
790
1452
1004
2247
243
2547
1370
2462
3940
632
1602
242
1781
1423
4178
2373
4236
1013
3695
1567
791
1454
1005
2250
243
2551
1372
2466
3946
632
1605
242
1784
1425
4184
2376
4246
1014
3701
1570
792
1455
1006
2254
243
2555
1374
2470
3953
633
1607
242
1787
1428
4190
2379
4257
1015
3707
1572
793
1458
1008
2257
244
2559
1376
2473
3959
634
1609
243
1789
1430
4195
2383
4266
1017
3713
1574
794
1459
1009
2261
245
2563
1378
2476
3964
635
1611
243
1792
1432
4200
2386
4275
1018
3718
1576
796
1462
1011
2263
245
2566
1379
2479
3969
636
1613
243
1794
1434
4206
2389
4284
1019
3723
1578
797
1463
1013
2267
245
2569
1381
2482
3974
637
1614
243
1796
1436
4210
2391
4292
1020
3727
1579
797
1465
1013
2269
245
2572
1383
2485
3979
638
1617
243
1798
1437
4214
2394
4300
1021
3731
1581
798
1466
1015
2271
245
2575
1384
2487
3984
638
1618
243
1800
1438
4219
2396
4307
1023
3736
1583
799
1468
1015
2274
246
2577
1386
2490
3988
639
1619
244
1802
1440
4222
2398
4315
1023
3739
1584
800
1469
1017
2276
246
2580
1386
2492
3992
639
1621
244
1804
1441
4226
2401
4321
1024
3742
1586
800
1470
1018
2278
246
2583
1388
2494
3995
640
1622
244
1806
1443
4229
2402
4328
1025
3746
1587
801
1471
1019
2280
247
2584
1389
2496
3999
641
1623
245
1807
1444
4232
2404
4334
1026
3750
1588
802
1472
1020
2282
247
2586
1389
2498
4002
641
1624
245
1808
1445
4234
2406
4339
1026
3752
1589
802
1473
1020
2283
247
2589
1390
2499
4005
642
1625
245
1809
1446
4237
2407
4344
1027
3754
1590
803
1474
1021
2285
247
2590
1392
2500
4007
642
1626
245
1810
1446
4239
2408
4350
1028
3757
1591
803
1475
1022
2286
247
2592
1392
2502
4010
643
1627
245
1811
1448
4241
2409
4354
1028
3759
1591
804
1475
1022
2287
247
2593
1392
2503
4012
643
1627
245
1813
1448
4243
2411
4358
1028
3761
1592
804
1476
1023
2288
247
2594
1393
2504
4014
643
1628
245
1813
1449
4244
2412
4363
1028
3763
1593
804
1477
1023
2289
247
2595
1393
2505
4016
643
1629
245
1814
1449
4245
2413
4366
1029
3764
1593
805
1477
1024
2290
247
2596
1394
2506
4018
643
1629
245
1815
1450
4247
2413
4370
1029
3766
1594
805
1478
1024
2291
248
2597
1395
2506
4019
644
1629
245
1816
1450
4248
2414
4373
1030
3767
1594
805
1478
1025
2292
248
2598
1395
2506
4020
644
1630
245
1816
1451
4248
2414
4376
1030
3768
1594
805
1478
1025
2292
248
2599
1395
2507
4021
644
1630
245
1816
1451
4249
2414
4379
1030
3769
1594
805
1478
1025
2292
247
2599
1396
2508
4022
644
1630
245
1817
1451
4249
2414
4382
1030
3770
1595
805
1479
1026
2293
248
2599
1395
2508
4023
644
1630
246
1817
1451
4250
2415
4384
1030
3770
1595
806
1479
1026
2293
248
2600
1395
2508
4023
645
1630
246
1818
1452
4249
2415
4385
1030
3771
1595
806
1478
1025
2293
248
2600
1396
2508
4024
644
1630
245
1817
1452
4249
2415
4387
1030
3771
1595
805
1478
1026
2293
247
2600
1395
2508
4024
644
1630
245
1818
1452
4249
2415
4389
1030
3771
1595
806
1479
1026
2293
248
2600
1395
2508
4024
644
1630
245
1818
1451
4248
2414
4391
1030
3771
1595
806
1479
1026
2293
248
2600
1396
2507
4024
644
1630
246
1817
1451
4248
2413
4392
1029
3770
1594
806
1478
1025
2293
247
2600
1395
2507
4024
644
1629
245
1817
1451
4247
2413
4393
1029
3770
1594
805
1478
1026
2292
248
2599
1395
2507
4023
644
1629
245
1817
1451
4246
2413
4394
1029
3770
1594
805
1478
1025
2292
248
2599
1395
2506
4023
644
1629
245
1817
1450
4245
2412
4394
1029
3769
1593
805
1477
1025
2291
247
2598
1394
2505
4022
644
1628
245
1816
1451
4244
2412
4394
1029
3768
1593
804
1477
1025
2291
248
2598
1394
2505
4022
644
1628
245
1816
1451
4243
2411
4395
1029
3768
1593
805
1477
1025
2291
248
2598
1394
2504
4020
644
1627
245
1816
1450
4242
2411
4395
1028
3767
1593
804
1476
1025
2290
247
2597
1393
2503
4020
644
1627
245
1815
1449
4240
2409
4395
1027
3766
1592
804
1475
1024
2289
247
2596
1392
2502
4019
643
1626
245
1815
1449
4239
2409
4394
1028
3765
1591
804
1475
1024
2288
247
2595
1392
2501
4017
643
1625
244
1814
1448
4237
2408
4394
1027
3763
1591
803
1474
1024
2288
247
2594
1391
2500
4016
643
1624
245
1813
1448
4235
2407
4393
1026
3762
1590
803
1473
1023
2286
247
2593
1391
2499
4014
643
1624
244
1812
1447
4233
2406
4393
1026
3761
1589
803
1473
1023
2285
247
2592
1390
2498
4013
643
1623
244
1812
1447
4231
2405
4392
1026
3759
1588
803
1472
1022
2285
247
2591
1390
2497
4011
642
1622
244
1811
1446
4228
2403
4391
1025
3757
1587
802
1471
1022
2283
246
2590
1389
2495
4010
642
1622
244
1810
1445
4226
2402
4390
1024
3755
1587
802
1471
1022
2283
247
2589
1388
2494
4007
641
1621
244
1810
1444
4224
2401
4388
1024
3754
1586
801
1470
1021
2281
247
2588
1387
2493
4005
641
1620
243
1809
1444
4221
2399
4387
1023
3752
1585
800
1468
1021
2279
246
2586
1387
2491
4003
641
1619
244
1807
1443
4219
2398
4385
1023
3750
1584
800
1468
1020
2278
246
2585
1385
2490
4001
640
1618
243
1806
1442
4216
2396
4384
1022
3747
1583
800
1468
1020
2277
246
2583
1385
2488
3999
640
1617
243
1805
1441
4214
2395
4382
1021
3746
1582
800
1467
1019
2276
246
2582
1384
2487
3997
640
1616
243
1804
1440
4211
2393
4380
1021
3743
1581
799
1465
1018
2274
245
2580
1383
2485
3994
639
1614
243
1803
1439
4208
2392
4378
1020
3741
1580
799
1464
1018
2273
245
2578
1382
2484
3992
639
1613
243
1802
1439
4205
2390
4376
1019
3738
1579
798
1463
1017
2272
245
2577
1382
2482
3990
639
1612
243
1801
1437
4202
2388
4374
1018
3736
1578
797
1462
1016
2270
245
2575
1380
2480
3986
638
1611
242
1799
1436
4199
2387
4371
1018
3733
1576
797
1461
1016
2268
245
2573
1379
2478
3983
638
1610
242
1798
1436
4196
2385
4369
1017
3731
1575
797
1460
1015
2267
245
2572
1378
2477
3982
637
1609
242
1797
1435
4193
2383
4366
1016
3728
1574
796
1459
1014
2265
245
2570
1378
2475
3979
637
1607
242
1796
1434
4190
2382
4364
1015
3726
1573
795
1458
1013
2263
244
2568
1376
2473
3975
636
1606
242
1794
1432
4186
2380
4362
1015
3723
1572
794
1457
1013
2262
244
2566
1375
2471
3972
636
1605
241
1793
1431
4183
2378
4358
1014
3720
1571
794
1455
1012
2260
244
2564
1374
2469
3969
636
1603
241
1792
1430
4180
2375
4356
1013
3717
1569
793
1454
1011
2258
244
2562
1373
2467
3966
635
1602
241
1790
1429
4176
2374
4353
1012
3715
1568
793
1453
1010
2257
244
2560
1371
2465
3964
634
1601
241
1789
1428
4172
2372
4350
1011
3711
1567
792
1452
1009
2255
243
2558
1371
2463
3961
634
1600
241
1788
1427
4169
2369
4347
1010
3708
1565
791
1450
1009
2252
243
2556
1369
2461
3957
633
1598
240
1786
1425
4165
2368
4344
1009
3705
1564
791
1449
1008
2251
243
2553
1368
2458
3954
633
1596
240
1784
1424
4161
2366
4341
1009
3702
1563
790
1448
1007
2249
243
2551
1368
2456
3950
633
1595
240
1783
1423
4158
2363
4337
1008
3699
1561
789
1446
1006
2247
242
2549
1367
2454
3947
632
1594
240
1781
1422
4154
2361
4334
1006
3695
1559
788
1445
1005
2244
242
2547
1365
2451
3943
631
1592
239
1780
1420
4150
2359
4331
1006
3692
1559
787
1444
1004
2243
242
2545
1363
2449
3940
631
1591
240
1778
1419
4146
2357
4327
1005
3689
1557
787
1443
1004
2241
242
2543
1362
2447
3936
630
1589
240
1777
1418
4142
2354
4324
1004
3685
1555
786
1441
1003
2238
242
2540
1361
2445
3933
630
1588
239
1775
1417
4138
2352
4320
1003
3683
1554
786
1440
1002
2237
242
2538
1360
2443
3929
629
1586
239
1773
1415
4134
2351
4316
1002
3679
1553
785
1439
1001
2235
241
2536
1358
2440
3925
628
1584
238
1771
1414
4130
2348
4313
1001
3675
1551
784
1437
1000
2232
241
2533
1357
2438
3922
628
1583
238
1770
1413
4126
2345
4309
1000
3672
1550
783
1436
999
2230
241
2531
1355
2435
3918
627
1581
238
1768
1411
4122
2343
4305
999
3669
1548
783
1435
998
2228
241
2528
1354
2433
3915
626
1580
238
1766
1410
4118
2341
4301
998
3665
1547
782
1433
997
2226
240
2525
1353
2431
3911
626
1578
238
1765
1408
4113
2339
4297
997
3661
1545
781
1431
996
2223
240
2523
1352
2428
3907
625
1576
237
1763
1407
4109
2336
4294
996
3658
1544
780
1430
995
2221
240
2521
1350
2425
3903
625
1575
237
1761
1406
4105
2334
4289
995
3654
1542
779
1429
994
2219
240
2518
1349
2423
3899
624
1573
237
1760
1404
4100
2331
4285
994
3650
1540
778
1427
993
2216
239
2515
1347
2420
3895
623
1572
236
1758
1403
4097
2329
4281
993
3647
1539
777
1425
993
2214
239
2513
1346
2418
3891
623
1570
236
1756
1401
4092
2326
4277
992
3643
1537
777
1424
991
2212
239
2510
1344
2416
3888
622
1569
236
1754
1400
4087
2323
4273
991
3639
1535
776
1422
989
2209
239
2508
1343
2413
3883
622
1567
236
1752
1398
4083
2321
4269
990
3635
1534
775
1421
989
2207
238
2505
1342
2410
3879
621
1565
235
1751
1397
4079
2319
4265
989
3631
1532
775
1420
988
2205
238
2502
1340
2407
3875
620
1563
235
1748
1395
4075
2316
4260
987
3627
1530
773
1418
987
2202
238
2500
1339
2405
3871
619
1562
235
1747
1394
4070
2314
4256
986
3623
1529
773
1416
986
2200
237
2497
1337
2402
3867
619
1560
234
1745
1392
4066
2312
4252
986
3620
1527
772
1415
985
2198
237
2495
1336
2400
3863
618
1558
234
1743
1391
4061
2309
4247
984
3616
1525
771
1413
984
2195
237
2492
1334
2397
3859
618
1557
234
1741
1389
4056
2306
4243
983
3612
1524
770
1411
983
2193
236
2489
1333
2395
3854
617
1555
234
1740
1388
4052
2304
4238
982
3608
1522
769
1410
982
2191
236
2486
1331
2392
3851
616
1553
234
1738
1386
4048
2301
4234
981
3604
1520
768
1409
981
2189
236
2484
1330
2390
3846
616
1551
233
1735
1385
4043
2299
4229
980
3600
1519
767
1407
979
2186
236
2481
1329
2387
3842
615
1549
233
1734
1383
4038
2296
4225
979
3596
1517
767
1405
978
2183
236
2478
1327
2384
3838
614
1548
233
1732
1381
4034
2294
4221
978
3592
1515
766
1404
977
2181
236
2475
1326
2381
3834
614
1546
233
1730
1380
4029
2291
4216
977
3588
1514
765
1402
976
2178
235
2472
1324
2379
3829
613
1544
232
1727
1379
4024
2288
4212
976
3584
1511
764
1400
975
2176
234
2470
1322
2376
3825
612
1542
232
1726
1377
4020
2285
4207
975
3580
1510
763
1399
974
2174
235
2467
1321
2373
3820
611
1540
232
1724
1375
4015
2283
4203
973
3576
1508
762
1397
973
2171
234
2464
1319
2370
3816
611
1539
232
1722
1374
4011
2280
4197
972
3572
1506
761
1396
971
2168
234
2461
1318
2368
3811
610
1537
231
1720
1372
4006
2278
4193
971
3568
1505
761
1394
971
2166
234
2459
1316
2365
3807
609
1535
231
1718
1371
4001
2275
4188
970
3564
1503
760
1392
970
2164
234
2456
1315
2362
3803
608
1534
231
1716
1369
3996
2272
4183
969
3559
1501
759
1391
968
2161
233
2453
1313
2359
3799
608
1531
230
1714
1368
3992
2270
4179
968
3555
1499
758
1389
967
2158
233
2450
1311
2357
3794
607
1530
230
1712
1366
3987
2267
4174
967
3551
1498
757
1387
967
2156
233
2447
1310
2354
3789
606
1528
230
1710
1364
3983
2264
4169
965
3547
1496
756
1385
965
2153
232
2444
1309
2351
3786
606
1526
229
1708
1363
3977
2262
4165
964
3542
1494
755
1384
964
2151
232
2442
1307
2348
3781
605
1524
229
1706
1361
3973
2259
4160
963
3539
1492
755
1383
963
2149
232
2439
1306
2345
3776
604
1523
229
1704
1359
3968
2256
4155
962
3534
1491
753
1381
961
2145
231
2436
1304
2343
3772
604
1521
229
1701
1358
3963
2253
4150
960
3530
1488
752
1379
960
2143
231
2467
1321
2373
3820
611
1540
232
1724
1375
4015
2283
4203
973
3576
1508
762
1397
973
2171
234
2464
1319
2370
3816
611
1539
232
1722
