9
3
54
26
2
8
1
57
19
6
9
5
59
9
1
6
57
19
3
3
2
62
24
3
2
4
66
21
6
3
1
65
28
18
2
66
36
21
65
28
7
69
29
67
38
67
41
3
103
2
106
3
112
6
111
5
13
6
112
6
15
13
115
8
9
115
3
2
115
114
114
110
106
2
108
2
6
3
13
9
6
13
108
8
9
5
14
8
3
10
5
2
99
10
11
20
6
14
1
23
3
10
2
13
27
16
2
90
1
13
28
23
51
24
39
28
30
19
39
17
25
10
23
2
49
53
33
29
86
7
61
54
77
44
50
36
39
24
42
19
35
15
26
2
81
64
40
49
72
77
75
86
63
59
48
49
34
49
27
43
2
23
33
7
92
74
50
62
68
75
73
77
66
57
50
47
35
45
25
44
6
25
30
9
82
71
48
3
63
57
1
72
68
71
63
55
51
47
36
44
25
46
13
27
30
11
74
68
47
6
62
50
11
60
55
58
56
49
49
42
34
43
25
42
17
25
1
29
11
61
62
44
12
57
46
3
53
49
47
51
40
47
36
31
39
23
39
21
21
4
24
13
50
54
39
12
51
40
1
43
42
37
48
31
45
28
29
34
21
33
19
19
6
16
14
43
48
33
15
41
35
4
29
30
30
44
25
42
22
26
29
20
29
16
16
6
12
14
38
43
28
10
30
31
36
36
37
49
28
46
19
27
28
22
29
22
16
10
10
17
1
45
46
28
20
33
34
10
39
35
41
49
28
44
14
22
20
15
32
22
16
6
5
12
48
44
21
15
37
27
12
38
34
48
51
31
45
14
22
19
15
36
23
19
8
6
14
53
47
22
15
35
24
7
35
38
48
50
31
44
12
22
19
16
32
23
19
10
5
16
3
52
45
21
17
31
23
13
36
39
47
48
28
42
10
21
19
16
34
25
17
11
6
17
4
51
41
18
19
33
16
7
12
33
34
41
40
21
34
2
13
13
9
26
18
11
5
10
4
42
32
10
16
29
11
10
1
26
27
31
30
11
25
5
4
1
18
11
4
3
32
22
2
11
24
7
10
34
37
36
37
17
32
1
13
10
7
23
18
9
4
9
6
38
29
10
23
29
16
10
38
41
34
35
15
29
10
7
3
20
14
5
4
5
5
36
27
9
17
30
13
12
45
46
37
37
18
31
1
13
8
4
22
15
7
4
6
3
40
32
12
18
38
12
7
40
42
36
35
18
30
1
13
7
2
22
17
9
3
3
5
39
32
13
22
32
10
36
35
31
29
16
27
1
12
6
1
19
14
7
1
2
3
35
29
13
20
28
10
41
36
30
26
18
26
4
14
10
5
21
13
7
1
4
5
34
30
16
22
34
10
1
37
30
23
19
15
21
3
12
10
4
17
9
6
1
7
26
25
15
23
29
8
33
23
17
11
11
15
1
8
8
1
14
5
3
1
18
20
12
19
29
9
32
20
15
9
12
14
4
9
11
4
18
8
6
2
7
16
20
13
25
30
13
29
21
13
7
12
12
4
9
12
6
18
10
9
3
9
13
18
13
25
28
14
1
14
12
3
6
1
4
13
16
3
7
14
20
3
8
8
5
27
18
8
7
13
25
1
6
9
5
23
18
9
14
9
22
6
3
18
14
12
19
9
31
12
4
28
17
9
10
9
30
14
2
25
17
8
14
5
19
38
7
21
11
36
28
21
18
15
23
44
12
23
4
16
35
33
22
17
25
21
34
5
14
5
23
27
8
12
18
38
47
20
21
11
35
45
13
16
14
50
50
27
23
3
1
10
33
55
13
23
9
56
48
1
31
19
4
4
27
60
13
15
9
59
50
7
35
21
7
9
29
65
11
11
4
52
46
5
33
18
5
4
32
59
8
12
2
56
48
8
37
19
10
2
6
31
63
14
7
7
50
47
5
32
23
8
3
10
30
59
13
11
14
45
47
2
31
26
8
1
9
36
54
13
10
20
51
56
4
34
32
11
4
9
40
54
15
15
20
51
63
4
2
27
32
8
7
12
40
55
16
11
17
57
70
7
7
29
35
7
9
1
13
4
42
59
18
3
20
63
79
11
10
1
29
37
9
9
1
11
8
45
62
16
6
33
69
87
15
12
32
34
10
7
9
10
49
70
14
7
17
69
81
15
9
36
34
10
5
9
7
43
72
15
7
2
70
83
14
11
37
41
10
8
12
6
48
74
15
2
7
77
90
15
16
38
42
11
6
9
8
54
80
12
1
73
87
15
19
39
43
11
8
12
10
42
74
9
75
93
16
25
4
39
43
11
13
8
14
50
76
9
80
99
17
32
10
38
49
12
16
3
11
19
57
79
11
75
100
19
38
17
37
56
14
20
6
16
23
55
72
9
77
102
24
44
1
23
39
55
15
23
9
13
29
3
58
74
10
81
104
30
50
5
30
6
41
61
17
29
13
19
35
7
60
76
12
86
105
40
58
14
38
14
7
4
50
64
24
37
21
26
43
14
64
82
18
81
95
40
53
11
33
10
3
2
48
56
25
33
18
20
39
9
55
77
11
65
75
30
37
1
18
39
42
19
19
6
6
26
39
65
74
79
42
46
13
27
7
53
47
30
28
17
14
36
6
46
77
3
67
70
42
43
14
26
7
54
44
32
30
16
14
33
5
44
70
1
60
61
38
39
11
22
4
50
39
30
25
12
11
29
1
36
65
60
59
39
41
15
25
8
1
2
50
39
33
28
18
12
32
6
42
66
50
49
35
37
13
21
6
2
1
45
31
33
23
16
4
28
5
37
58
10
50
49
37
40
16
25
8
5
3
45
32
33
22
2
16
9
31
9
32
56
8
50
49
42
45
20
30
4
13
10
7
48
37
36
29
5
20
9
38
14
3
36
57
6
51
49
46
50
23
35
8
15
13
10
50
34
38
28
8
21
8
43
20
7
34
59
17
1
52
50
50
55
27
40
10
16
13
10
50
32
37
26
7
19
8
50
26
10
32
57
23
52
47
56
59
32
44
14
19
16
10
54
34
40
28
9
20
4
56
33
14
25
59
33
53
44
61
63
35
49
16
23
19
13
56
38
40
30
11
23
7
62
38
18
31
60
31
56
43
65
66
38
53
19
26
22
16
60
37
41
30
12
24
6
67
42
21
32
63
27
54
42
65
66
38
53
18
25
22
15
59
37
38
29
12
20
5
68
44
21
29
59
38
54
45
67
72
40
57
21
29
25
18
58
38
36
30
13
23
5
73
48
25
34
57
41
60
47
71
75
42
61
23
33
27
20
59
40
36
32
15
27
7
77
53
28
33
64
36
61
50
71
78
42
65
23
36
26
23
58
44
34
35
11
28
12
80
56
30
39
65
31
62
50
71
79
43
66
23
39
27
26
56
44
33
36
8
31
11
81
58
32
35
66
19
62
51
73
80
45
69
26
43
30
30
57
45
35
39
12
34
13
82
61
36
38
65
16
59
50
74
82
47
71
28
47
35
34
55
44
35
42
13
38
10
84
64
39
38
60
7
56
46
72
82
46
71
28
47
35
35
49
43
32
41
12
38
10
84
65
40
28
56
3
55
46
75
87
52
76
36
54
43
43
52
48
38
45
18
44
18
88
72
47
35
56
2
53
45
78
89
55
79
41
58
48
47
53
45
42
47
24
48
13
91
75
52
32
52
57
50
79
91
57
80
44
59
50
47
53
47
43
50
28
50
14
92
77
54
34
54
3
58
50
81
92
59
82
47
60
51
48
54
48
45
52
28
50
13
94
78
55
37
56
9
3
56
47
82
92
59
81
46
60
49
47
55
48
46
53
27
50
13
93
77
53
32
55
10
12
48
44
77
87
56
76
42
56
44
44
54
47
44
52
24
49
15
86
71
47
34
48
10
17
42
40
74
82
53
71
38
51
39
41
52
41
43
48
23
47
12
81
65
43
26
45
20
18
41
36
70
76
49
66
33
45
34
36
50
39
42
43
20
43
10
75
58
35
25
45
31
25
39
31
65
71
44
63
28
43
30
34
48
38
41
45
16
41
10
70
53
30
30
43
30
27
44
37
66
72
44
63
28
43
31
36
49
39
41
45
16
42
11
70
52
30
26
46
5
23
13
39
34
62
68
41
58
24
39
28
32
46
35
37
42
14
40
7
66
48
26
27
42
7
16
6
43
39
63
71
42
61
26
41
31
34
47
38
39
44
17
43
13
68
48
28
27
47
10
18
46
42
64
73
42
63
26
43
33
37
47
38
39
44
18
45
15
68
49
28
30
49
16
18
36
32
57
67
35
57
20
38
29
34
42
33
34
39
14
41
5
61
42
23
25
40
14
16
39
33
58
66
35
56
19
36
29
32
45
34
33
35
16
37
7
61
42
23
24
43
20
15
42
37
57
66
32
54
18
36
29
32
43
33
32
35
12
38
9
60
40
22
24
47
20
19
44
41
56
66
32
55
20
37
33
35
44
37
33
40
16
40
13
59
40
23
28
47
11
23
2
49
48
60
69
37
58
25
42
38
41
49
44
38
45
22
45
18
62
44
28
40
52
7
17
14
43
39
51
58
28
48
16
33
29
30
40
31
28
33
12
36
5
52
35
20
26
47
18
46
42
53
59
30
49
19
34
32
31
41
32
28
33
15
35
9
55
38
23
28
46
22
53
48
62
67
37
56
25
41
38
38
46
37
31
39
19
41
11
63
47
31
30
54
16
4
52
45
62
64
36
54
22
39
34
36
44
32
30
33
14
36
5
63
47
29
25
52
14
60
54
68
71
41
59
26
43
37
40
48
39
33
38
16
41
11
69
53
33
33
59
17
61
55
69
72
42
59
25
43
35
38
49
41
31
39
14
41
9
71
52
33
36
61
4
20
61
55
68
71
40
59
24
42
33
38
47
40
30
39
11
41
11
70
51
32
35
60
2
18
66
61
71
75
42
63
25
45
36
41
50
43
31
42
11
45
18
73
54
34
38
65
9
19
68
64
71
75
43
62
25
44
35
39
50
46
32
44
10
44
16
73
53
33
36
65
15
19
67
65
70
76
41
62
24
43
33
38
49
50
32
47
9
45
19
73
52
31
37
63
21
9
61
61
68
74
39
61
22
41
30
34
50
49
32
45
8
43
21
71
50
29
45
61
19
8
64
62
68
75
39
62
21
41
30
33
48
49
32
47
7
43
19
71
50
28
40
59
14
12
66
64
69
78
41
64
22
41
30
32
50
53
34
51
8
42
23
73
51
28
49
61
13
16
66
70
71
79
42
64
24
41
32
31
53
54
36
52
10
42
24
73
52
29
48
63
15
14
1
70
70
70
78
40
62
22
39
30
29
51
52
36
50
9
40
21
72
49
27
43
64
8
14
16
73
75
71
80
41
64
22
40
31
29
54
56
39
52
9
40
26
73
49
27
54
69
1
22
17
69
78
70
82
40
64
21
40
30
29
51
56
37
53
9
40
25
74
48
27
50
65
25
8
69
74
69
82
39
64
21
40
30
29
52
59
37
54
8
41
21
74
48
26
45
66
18
79
80
70
82
39
64
23
41
31
30
53
61
37
54
10
43
23
76
47
27
53
73
14
9
90
83
71
83
40
64
23
42
32
34
52
59
37
53
12
43
27
77
47
28
51
85
10
9
67
70
60
73
33
57
17
36
27
30
48
54
33
50
8
39
23
66
38
22
52
64
15
6
50
62
51
64
26
48
10
29
21
25
44
48
27
43
4
35
19
57
30
14
43
48
25
2
70
74
56
68
29
51
12
31
24
27
47
53
30
45
7
36
21
62
34
15
46
67
31
2
70
73
54
64
27
47
10
28
22
25
44
48
27
41
6
33
16
59
31
13
46
66
37
12
75
78
56
66
28
47
11
27
23
26
47
50
27
40
7
33
17
59
31
12
45
75
37
15
85
92
59
70
29
50
11
28
24
27
49
55
28
41
7
34
16
63
32
12
51
84
32
3
87
92
59
70
28
48
9
26
22
24
50
53
27
39
7
32
16
62
31
11
49
88
16
26
6
94
99
63
75
29
52
11
30
25
28
55
57
30
43
9
36
19
66
33
14
54
98
61
23
25
101
108
67
80
31
56
13
33
29
32
58
63
31
47
10
39
21
70
35
17
57
104
114
19
23
106
116
69
82
30
57
12
32
28
31
58
66
30
47
10
38
18
72
36
16
55
108
163
9
11
112
122
72
87
32
61
14
36
30
32
58
69
30
49
10
40
18
76
40
20
56
112
271
14
112
122
72
86
33
62
16
39
33
34
56
66
30
49
12
40
18
77
42
23
51
113
365
18
108
119
69
83
31
59
15
37
33
33
54
62
30
44
12
37
6
74
40
22
46
112
387
25
107
114
65
76
28
54
12
33
29
29
51
54
25
38
9
32
70
36
18
36
114
345
10
20
112
117
64
75
28
52
10
31
27
26
48
50
25
34
8
31
70
35
17
28
114
245
22
4
114
121
65
77
29
53
11
31
26
25
49
54
27
31
7
31
70
36
17
26
116
104
44
7
123
129
71
82
34
57
14
32
26
26
54
61
29
41
6
32
76
41
19
35
128
69
17
138
142
81
92
44
66
20
39
29
29
64
72
35
51
9
37
6
86
50
25
50
142
78
25
149
151
88
97
49
69
22
39
28
27
73
77
40
52
9
37
10
91
54
27
51
155
52
16
158
157
94
103
53
74
23
42
28
29
80
84
43
59
6
41
19
95
58
30
59
165
34
24
161
161
96
103
52
73
21
40
26
27
82
85
43
58
2
39
17
97
58
28
61
168
22
25
167
168
100
107
53
75
21
40
24
25
85
86
43
58
2
38
19
100
60
28
63
172
13
6
170
173
106
113
56
80
24
43
25
27
88
90
44
61
1
41
25
105
65
32
66
175
5
166
169
104
110
54
77
21
40
21
23
87
86
43
57
38
21
103
63
29
63
173
171
172
105
111
55
77
21
39
20
23
90
94
43
60
39
26
103
63
28
70
179
11
173
175
106
110
56
76
21
38
19
23
89
95
41
58
37
28
103
63
28
71
180
21
173
173
109
111
62
78
29
42
26
27
93
93
49
61
6
42
30
106
68
34
69
180
36
5
14
158
160
98
99
53
68
22
35
20
20
83
83
44
53
1
36
22
95
59
27
61
168
29
14
9
145
149
85
87
43
57
15
27
16
15
70
72
30
43
28
11
82
48
18
58
157
22
12
5
150
153
90
92
52
64
27
37
28
29
75
78
41
51
11
39
22
87
54
29
57
160
31
10
12
139
146
83
85
47
58
24
35
29
29
68
68
39
46
12
39
14
79
49
26
45
143
28
17
135
141
81
82
46
58
25
37
32
32
66
67
38
45
17
40
15
76
47
26
48
144
31
23
135
140
77
81
41
57
21
36
32
33
64
67
35
42
17
41
16
74
43
23
48
143
30
13
134
146
77
86
40
62
21
40
36
37
62
72
32
52
18
46
15
76
43
25
54
140
30
133
146
79
90
39
66
23
44
38
41
61
79
33
59
21
49
21
78
45
27
54
139
32
5
134
147
75
88
34
63
17
39
33
36
60
78
30
54
17
45
16
76
41
22
52
141
33
134
149
76
91
35
66
16
41
34
38
61
79
32
56
17
47
17
77
43
22
50
140
35
2
124
139
71
87
32
62
13
37
30
34
59
74
30
52
13
43
15
72
39
18
51
132
31
125
140
68
84
28
59
8
33
23
28
61
77
28
51
8
40
15
67
36
12
59
135
34
126
138
69
86
30
61
8
34
23
29
62
79
31
52
10
41
15
69
38
13
56
132
38
117
130
68
84
30
59
7
32
22
27
59
70
30
49
6
38
12
68
37
13
51
124
37
116
131
68
85
31
60
7
32
21
28
59
74
31
50
2
39
18
70
39
14
55
122
41
115
130
69
86
34
61
10
33
23
29
61
73
35
49
6
40
16
72
41
17
58
120
43
113
129
71
86
36
62
12
34
25
29
61
70
36
49
6
40
16
74
44
18
53
117
47
113
129
71
87
36
62
12
34
24
27
59
72
34
48
5
38
16
75
45
19
59
113
48
1
112
127
75
91
40
67
18
37
30
31
58
72
36
49
8
39
16
79
51
25
55
108
48
2
133
146
79
90
39
66
23
44
38
41
61
79
33
59
21
49
21
78
45
27
54
139
32
5
134
147
75
88
34
63
17
39
33
36
60
78
30
54
17
45
16
76
41
22
52
141
33
134
149
76
91
35
66
16
41
34
38
61
79
32
56
17
47
17
77
43
22
50
140
35
2
124
139
71
87
32
62
13
37
30
34
59
74
30
52
13
43
15
72
39
18
51
132
31
125
140
68
84
28
59
8
33
23
28
61
77
28
51
8
40
15
67
36
12
59
135
34
126
138
69
86
30
61
8
34
23
29
62
79
31
52
10
41
15
69
38
13
56
132
38
117
130
68
84
30
59
7
32
22
27
59
70
30
49
6
38
12
68
37
13
51
124
37
116
131
68
85
31
60
7
32
21
28
59
74
31
50
2
39
18
70
39
14
55
122
41
115
130
69
86
34
61
10
33
23
29
61
73
35
49
6
40
16
72
41
17
58
120
43
113
129
71
86
36
62
12
34
25
29
61
70
36
49
6
40
16
74
44
18
53
117
47
113
129
71
87
36
62
12
34
24
27
59
72
34
48
5
38
16
75
45
19
59
113
48
1
112
127
75
91
40
67
18
37
30
31
58
72
36
49
8
39
16
79
51
25
55
108
48
2
84
96
79
88
59
70
37
45
43
37
57
64
39
49
17
39
16
83
68
44
54
75
81
82
98
81
90
61
73
39
49
45
39
58
65
39
52
18
43
16
85
71
47
52
74
90
82
99
79
88
58
71
35
48
43
37
58
66
36
51
15
43
18
82
69
45
59
76
96
81
99
76
87
54
71
31
48
41
37
54
65
34
51
13
43
16
80
67
43
58
73
96
81
99
74
86
51
71
29
49
40
38
53
67
33
54
13
45
18
79
66
42
58
73
101
80
99
70
84
46
69
24
46
36
36
53
67
30
54
11
43
21
75
61
37
61
75
109
75
94
63
78
38
63
16
40
28
29
50
63
26
50
2
38
20
67
52
28
59
67
113
85
99
70
84
44
70
21
46
33
34
60
73
36
59
10
46
1
29
73
56
33
66
78
127
72
88
56
70
30
56
4
31
16
19
49
61
23
46
31
18
58
42
16
56
66
115
67
82
48
61
21
45
19
4
7
42
50
15
36
21
9
50
32
4
47
60
108
1
75
90
57
70
31
53
2
27
10
12
50
59
25
44
