65
4
19
5
36
388
73
70
8
20
14
4
44
12
375
83
79
11
19
17
5
4
54
16
385
81
77
12
16
15
1
50
6
386
77
70
12
13
16
46
1
370
82
77
12
11
14
48
5
373
74
72
9
13
8
41
7
388
70
68
6
12
5
39
14
404
64
62
2
10
31
16
408
64
65
1
11
31
19
404
70
68
3
16
7
38
16
406
68
64
4
20
10
40
15
416
50
50
3
12
27
13
370
51
50
8
22
11
360
46
51
5
14
21
358
48
56
1
14
25
373
41
48
1
9
34
375
41
48
4
7
34
364
48
50
8
13
28
358
48
47
3
11
19
22
364
52
48
5
12
25
19
373
52
48
5
14
1
27
19
361
44
42
4
16
22
28
354
46
40
5
19
23
30
361
47
43
7
22
4
24
29
368
52
49
9
22
10
30
25
28
357
65
60
10
21
15
38
22
34
341
61
58
10
21
10
34
24
33
334
58
55
8
20
6
30
26
23
345
53
50
6
17
1
25
19
18
338
47
41
4
15
20
12
19
318
48
45
4
14
3
23
22
26
326
47
49
4
13
21
33
32
343
49
45
3
11
22
28
28
339
46
39
2
13
1
23
37
27
324
49
51
2
17
4
24
35
25
323
53
54
3
19
6
28
41
30
332
49
47
3
21
4
25
47
33
337
51
51
3
23
5
24
27
29
344
46
49
3
24
2
20
35
36
341
46
49
5
26
3
23
27
37
346
47
49
6
23
3
24
16
36
354
46
46
7
20
4
22
31
339
50
44
9
18
7
27
32
339
55
49
10
18
9
34
32
358
58
56
10
18
13
36
30
370
59
54
10
19
16
6
36
27
370
60
56
10
19
16
8
37
19
363
63
63
10
17
19
7
41
15
364
61
61
9
14
17
9
7
40
17
367
60
60
8
13
16
6
39
15
355
59
60
7
13
14
8
2
38
14
347
56
56
8
16
13
8
9
36
23
355
56
53
9
19
15
5
2
37
28
373
51
49
7
21
10
3
2
31
27
370
42
40
5
24
8
25
27
350
42
40
5
29
9
28
26
343
41
40
5
31
10
4
26
28
344
41
40
5
31
1
11
5
5
4
24
16
336
46
44
6
29
15
7
5
10
29
4
322
43
41
6
28
14
2
2
27
4
318
38
34
5
25
7
23
11
324
36
29
5
22
3
20
10
326
31
25
3
21
2
14
10
313
29
20
3
21
4
13
13
300
28
25
2
23
13
9
300
33
35
24
12
11
295
33
30
25
13
10
283
26
28
26
2
8
6
287
31
35
2
29
8
15
10
306
32
30
4
29
11
19
15
317
27
26
2
25
7
13
16
313
30
29
2
21
4
13
24
312
36
33
5
18
7
21
22
331
36
32
6
17
8
23
16
335
33
27
4
17
4
18
3
316
30
28
1
16
14
301
23
24
17
9
308
19
20
17
5
317
24
27
16
8
317
31
35
1
18
3
3
2
13
314
27
30
1
23
8
3
14
306
30
34
5
27
15
11
4
24
320
41
48
9
30
2
25
21
3
24
36
320
46
47
12
32
6
31
24
12
6
6
8
12
30
38
298
50
49
15
33
7
32
25
15
8
9
3
9
7
31
44
290
54
55
16
31
4
33
21
14
4
6
7
34
46
305
50
49
13
27
25
13
8
1
10
26
37
315
41
40
8
22
15
2
11
28
314
38
38
6
20
11
4
23
313
34
36
3
19
5
18
319
29
34
16
13
4
320
25
29
15
8
7
310
20
23
18
9
12
305
21
27
22
2
15
12
314
22
24
23
1
2
12
11
318
17
19
23
1
2
7
2
315
14
18
23
1
4
312
13
15
21
311
13
17
19
2
309
6
12
19
8
295
3
10
20
8
284
7
12
20
5
286
19
21
1
20
6
304
25
27
3
19
1
11
303
24
25
4
20
5
12
296
27
28
7
23
12
21
294
32
30
8
21
16
3
7
26
298
29
23
8
19
17
5
9
24
4
305
28
22
7
18
23
9
1
5
15
25
6
294
42
39
6
18
26
21
4
11
17
25
2
38
35
14
295
42
45
7
18
2
25
25
5
10
18
18
2
46
35
12
308
37
44
5
17
2
21
26
3
8
16
26
2
47
28
310
35
43
5
18
19
29
9
1
13
31
2
49
25
295
27
36
4
19
14
27
2
12
22
1
35
18
3
284
20
31
1
18
7
18
12
29
12
11
293
11
21
17
2
10
19
4
14
298
9
13
17
1
4
7
3
14
295
7
10
20
4
2
11
294
5
6
22
12
292
3
4
24
14
296
27
4
5
19
293
4
3
29
2
7
3
11
1
6
1
11
1
20
291
10
11
31
7
2
13
8
15
8
1
12
7
17
6
7
22
295
12
13
30
10
5
16
13
20
10
2
4
5
16
3
12
20
11
8
14
300
16
15
3
31
15
10
22
20
28
17
12
8
13
13
24
14
20
24
19
13
291
25
24
8
37
21
18
27
28
32
28
23
20
21
23
27
21
28
31
33
22
280
25
26
9
42
19
23
25
31
30
31
21
26
18
30
22
24
26
34
32
25
278
18
19
7
44
14
24
19
28
25
27
14
23
10
27
14
16
10
33
22
21
6
287
16
16
6
41
7
15
8
16
11
20
6
15
17
2
4
4
24
19
15
9
294
16
12
5
36
4
1
17
8
7
1
12
11
14
19
301
13
12
3
32
13
5
4
9
1
11
11
25
311
12
17
3
29
9
3
1
3
1
20
8
27
313
8
12
3
24
9
7
7
9
20
5
21
307
8
13
6
21
10
12
1
7
3
24
4
14
298
7
15
9
21
10
14
1
3
24
4
20
293
6
14
7
22
10
12
4
21
4
24
299
5
7
5
24
12
9
10
14
4
21
301
4
26
6
6
22
293
4
27
5
7
1
26
292
3
7
30
7
5
23
301
4
9
33
11
10
16
307
7
10
36
19
2
15
10
296
9
10
40
21
7
5
19
10
286
7
8
41
2
23
8
12
10
20
5
289
6
7
40
1
22
7
4
15
11
19
10
292
6
6
36
23
1
7
6
20
20
17
24
282
10
8
8
32
25
11
9
4
1
10
25
29
19
25
275
23
21
13
32
1
29
22
12
12
3
4
21
31
45
30
2
25
286
25
21
15
33
2
30
22
15
5
7
4
19
27
47
31
7
31
299
20
18
13
31
25
14
13
1
7
1
18
25
38
23
32
286
12
9
12
30
18
3
7
3
3
8
8
26
14
37
279
2
9
32
7
8
5
36
286
6
34
2
30
285
2
33
19
273
31
1
11
264
32
4
10
274
34
1
6
9
290
34
4
4
1
8
1
2
288
34
2
6
2
9
7
7
6
4
9
3
3
10
24
4
285
9
13
4
38
9
10
9
17
17
17
20
14
10
17
13
21
20
14
41
15
5
289
13
15
7
39
14
14
15
22
23
25
25
20
17
24
20
27
32
15
45
22
293
20
20
9
38
19
14
20
25
28
31
33
23
27
25
28
33
40
16
54
27
4
293
25
31
10
35
22
8
22
20
27
32
40
22
34
21
32
37
47
1
14
64
28
12
284
25
32
10
32
21
1
20
11
21
30
40
16
31
12
29
27
34
2
12
59
26
17
269
27
32
10
31
17
12
10
28
34
10
24
3
19
22
21
2
8
50
28
2
272
28
32
8
28
10
3
24
25
7
15
8
10
30
1
39
24
260
19
21
5
27
6
16
17
3
12
1
25
25
13
231
17
18
5
28
1
13
16
3
8
21
26
13
2
224
19
21
6
30
17
16
5
6
15
24
16
14
234
19
22
8
31
18
13
3
1
2
22
17
10
251
19
17
11
31
19
4
4
14
18
9
250
20
16
12
33
23
3
8
13
21
9
245
26
22
14
34
25
8
9
1
22
27
268
18
16
12
33
21
3
7
2
10
20
279
14
13
8
28
15
2
9
13
256
17
20
5
25
7
2
10
10
241
5
7
24
5
245
25
9
263
24
8
268
23
7
261
24
5
265
25
3
280
1
24
1
273
2
22
259
3
22
2
248
1
4
21
251
14
10
5
18
7
254
18
18
5
18
3
1
8
10
233
16
18
3
19
4
3
2
3
10
10
224
22
24
4
21
1
9
9
5
15
19
247
21
28
3
22
1
11
15
2
3
24
17
254
19
27
3
21
2
14
18
8
12
27
13
249
26
30
6
21
19
20
8
6
14
1
31
21
242
23
32
8
21
17
22
6
8
16
3
35
17
7
248
19
29
8
18
13
18
2
5
8
4
30
13
260
14
22
7
13
9
12
1
7
6
20
8
241
10
14
5
12
8
10
4
6
16
3
234
11
14
3
13
5
10
4
5
18
5
244
2
8
13
8
9
2
12
249
4
8
13
2
3
3
8
1
5
246
9
14
3
14
3
1
5
2
5
8
3
15
3
232
8
13
5
17
3
2
6
4
9
10
2
16
4
227
12
15
7
19
2
3
3
1
6
16
13
7
239
19
27
3
21
2
14
18
8
12
27
13
249
26
30
6
21
19
20
8
6
14
1
31
21
242
23
32
8
21
17
22
6
8
16
3
35
17
7
248
19
29
8
18
13
18
2
5
8
4
30
13
260
14
22
7
13
9
12
1
7
6
20
8
241
10
14
5
12
8
10
4
6
16
3
234
11
14
3
13
5
10
4
5
18
5
244
2
8
13
8
9
2
12
249
4
8
13
2
3
3
8
1
5
246
9
14
3
14
3
1
5
2
5
8
3
15
3
232
8
13
5
17
3
2
6
4
9
10
2
16
4
227
12
15
7
19
2
3
3
1
6
16
13
7
239
26
233
27
1
223
28
2
205
30
2
204
30
1
214
27
203
25
1
194
24
5
1
3
2
5
1
196
24
9
7
3
8
1
2
4
1
11
6
13
10
7
206
25
12
10
11
14
6
6
7
9
7
15
17
24
11
21
208
26
10
8
12
14
8
6
6
8
7
15
11
28
9
20
188
3
28
5
2
8
10
5
7
3
5
5
11
10
15
2
11
183
1
9
3
30
2
6
7
8
8
3
3
4
8
15
20
20
4
197
3
12
4
28
1
6
6
9
16
5
8
4
9
9
32
33
3
5
184
6
13
5
26
1
8
19
2
8
5
15
24
32
3
2
171
2
9
4
23
4
14
4
13
7
29
172
3
2
23
10
2
7
20
177
24
4
1
19
15
184
25
11
184
28
2
2
179
30
187
30
3
190
28
1
3
186
1
26
2
180
2
25
7
189
1
24
1
202
24
2
3
4
198
1
26
6
4
6
6
10
2
5
2
10
7
12
11
193
3
29
7
5
6
7
10
3
3
4
2
10
6
13
4
201
4
30
3
3
3
4
6
1
5
11
208
5
28
4
2
9
199
3
25
6
196
22
3
215
20
233
15
18
231
16
228
21
9
232
25
1
2
2
23
5
8
241
28
6
3
6
7
12
10
4
21
5
13
13
233
30
10
7
1
8
9
15
16
2
34
9
20
17
221
33
9
2
6
2
6
7
15
14
4
28
10
19
30
227
33
5
2
1
6
6
1
22
9
13
24
242
29
12
5
4
19
244
25
229
22
215
22
228
22
229
21
220
19
210
19
227
21
248
24
1
3
3
9
3
5
3
233
29
1
3
9
4
3
5
15
7
10
9
221
32
6
11
3
4
12
14
8
8
8
220
30
1
4
2
1
3
7
225
28
1
14
219
5
28
1
18
209
7
28
6
10
221
5
25
238
1
23
230
23
224
28
4
3
229
32
3
3
10
12
242
35
2
10
6
12
10
2
6
7
18
233
35
4
9
10
14
14
4
11
29
17
6
9
211
32
5
3
8
8
12
10
11
12
7
202
30
5
8
5
12
10
12
11
2
209
29
5
7
6
14
1
11
14
10
3
214
26
1
1
6
12
6
3
7
2
201
25
7
9
4
12
5
11
197
28
14
13
5
5
9
17
22
7
10
24
1
213
30
4
4
6
22
19
3
8
10
13
14
16
27
30
12
28
41
211
2
29
9
3
10
22
19
13
15
14
20
17
20
27
41
12
32
46
196
3
25
10
9
17
14
14
18
12
22
13
21
34
43
6
31
43
187
4
20
6
3
10
15
3
16
3
12
23
42
30
43
192
4
12
4
3
3
8
29
15
30
206
1
7
4
10
33
200
5
6
46
199
6
13
3
120
210
9
3
207
215
11
1
226
213
16
11
257
217
21
4
13
254
225
27
14
2
175
229
33
3
12
8
7
3
7
24
8
10
15
104
3
227
37
11
4
25
23
10
9
9
17
12
35
40
18
17
16
16
223
40
2
13
9
29
27
10
9
3
19
17
42
30
20
12
28
218
40
5
12
10
26
26
7
8
7
17
19
36
29
19
15
30
229
35
7
6
8
16
18
1
7
7
14
28
37
14
12
20
232
30
4
1
5
5
5
10
25
5
8
16
219
28
1
16
4
212
26
218
24
222
25
6
213
25
208
25
3
224
25
4
231
25
1
4
215
27
5
14
25
213
28
9
10
49
227
28
9
61
240
28
1
1
12
10
2
65
235
29
2
2
5
18
23
3
78
216
31
10
5
3
5
2
10
23
2
3
88
209
32
4
2
1
16
10
6
1
8
3
14
15
6
9
90
208
1
32
5
4
2
19
12
5
10
4
10
2
15
18
5
16
94
200
3
32
7
2
2
16
10
11
3
12
7
9
3
24
20
2
19
88
197
4
31
8
2
10
7
12
9
11
11
7
3
20
28
1
28
99
207
3
31
8
4
2
11
8
9
11
4
1
19
24
29
103
208
1
27
6
8
8
2
9
15
14
32
103
195
22
1
1
1
4
22
101
189
21
12
13
85
185
22
12
79
193
23
9
76
189
27
13
9
86
181
30
6
80
196
32
7
87
205
36
3
2
15
95
196
3
39
4
10
11
3
5
15
23
95
191
4
43
9
5
14
18
1
13
19
16
4
25
113
181
4
45
11
9
17
21
2
17
23
15
4
27
115
4
181
2
42
10
10
11
16
1
16
23
17
4
27
108
182
40
10
12
4
11
1
14
24
19
6
21
119
170
38
8
12
1
6
10
16
20
7
16
116
162
36
7
12
4
6
13
9
8
9
113
171
33
3
9
5
4
10
6
110
186
27
2
2
1
79
184
24
1
92
178
22
107
194
21
6
104
208
2
21
5
7
9
15
1
113
201
4
23
12
15
4
3
1
1
25
15
1
13
126
200
5
25
2
3
14
19
9
11
5
9
2
8
25
24
7
31
138
208
1
25
8
7
11
19
7
17
2
13
11
21
24
10
37
140
223
22
8
4
2
12
13
12
8
7
27
9
31
132
217
21
8
6
7
9
5
21
123
201
19
6
1
15
120
197
19
116
205
18
116
199
14
105
187
12
96
191
12
117
210
14
113
225
19
117
214
25
130
217
30
3
132
236
33
5
6
1
7
140
239
37
11
16
6
3
11
11
1
161
231
40
16
22
11
12
19
6
15
22
14
14
177
224
43
1
18
3
27
16
6
3
18
12
24
14
26
39
17
30
196
223
44
6
20
9
32
24
12
10
24
19
28
23
36
35
19
37
210
229
42
7
18
12
32
27
15
15
24
23
28
28
45
56
16
45
216
221
41
6
14
10
30
26
16
16
24
23
27
27
48
56
14
43
224
8
209
39
7
10
9
26
25
9
12
19
20
20
26
46
52
11
37
227
11
222
32
7
2
5
19
20
9
9
16
9
20
32
46
5
35
216
26
229
26
7
3
16
19
7
3
16
4
19
26
46
2
29
211
23
217
25
7
3
16
19
13
1
19
33
41
3
20
210
14
212
24
4
2
11
14
6
15
22
36
3
15
183
16
215
24
1
4
8
1
11
16
27
3
11
183
13
216
24
4
6
13
23
2
9
173
8
202
24
2
6
10
20
2
8
168
184
24
4
5
1
155
171
22
118
173
20
110
166
17
81
154
16
73
160
16
70
183
17
55
187
17
2
49
176
17
3
39
168
18
2
31
177
17
27
179
16
26
165
16
25
161
16
31
2
178
16
6
36
10
193
16
4
5
34
7
175
19
9
13
50
2
167
21
11
17
52
3
174
23
11
18
55
173
23
13
25
23
57
168
24
4
2
11
25
25
63
166
28
3
6
1
6
13
19
3
23
67
176
30
1
9
10
3
1
9
21
8
17
53
185
32
7
2
15
11
1
3
6
1
12
10
12
14
49
191
33
4
11
7
21
16
4
7
13
6
15
11
16
18
48
197
35
7
14
9
26
18
7
10
17
9
18
27
18
16
55
201
36
7
16
10
29
20
7
19
8
28
26
20
8
56
213
33
7
15
10
30
23
3
9
18
9
28
12
18
16
61
208
32
5
12
8
29
23
3
8
16
19
11
28
21
14
26
66
205
33
4
10
8
30
23
12
6
20
11
30
20
10
13
63
207
32
6
7
10
27
23
7
10
17
12
31
18
7
16
62
215
28
9
12
19
21
1
11
8
15
23
5
4
19
62
211
22
10
13
10
16
10
14
13
30
3
11
57
198
20
10
13
3
13
6
13
6
19
5
3
52
191
18
8
11
9
8
10
6
42
195
18
3
6
3
1
4
3
32
191
18
2
1
37
187
20
42
189
20
43
198
22
37
209
22
40
204
22
1
2
41
3
205
24
1
41
207
21
32
3
215
19
28
10
214
21
33
13
210
23
36
15
219
26
4
28
14
232
28
2
3
4
29
9
221
26
1
1
31
12
209
23
1
1
34
15
209
20
3
36
8
207
15
4
39
195
13
7
39
173
13
8
37
164
14
6
6
41
2
173
15
2
33
4
170
17
4
14
41
171
21
8
2
19
22
19
68
175
24
5
8
4
3
2
23
18
22
65
9
193
27
9
7
7
6
2
5
3
28
4
27
67
9
196
28
8
6
2
6
2
4
3
21
24
17
70
4
180
27
2
4
1
9
26
17
64
10
175
26
20
6
13
65
6
176
24
18
27
16
66
2
184
24
1
4
1
5
9
20
16
63
188
25
2
3
10
2
10
15
22
11
60
179
26
2
5
3
12
4
12
6
25
1
16
53
182
27
5
8
5
14
4
13
5
16
5
9
52
182
27
8
3
10
8
15
7
13
6
10
9
5
47
176
27
8
4
9
9
12
1
6
10
5
9
12
12
39
171
28
6
3
7
6
4
4
5
3
11
6
40
178
25
3
4
1
2
4
35
190
19
26
182
15
28
164
15
24
160
18
16
167
19
1
19
158
20
1
7
156
23
3
7
156
27
6
