15
29
31
38
33
16
29
27
8
4
3
27
60
2
14
27
29
37
31
15
28
27
8
3
24
68
15
23
28
34
28
16
24
28
3
3
20
69
1
15
19
27
28
24
16
20
26
2
17
66
2
16
18
27
26
22
15
19
26
16
66
1
17
21
30
29
25
14
21
28
2
18
51
1
19
22
33
31
28
16
23
30
4
20
52
1
20
24
36
31
29
17
23
31
4
24
69
2
21
26
38
32
30
18
25
32
5
2
26
73
2
22
26
39
33
31
20
27
33
7
2
2
27
69
4
23
28
41
35
33
1
1
22
30
35
9
5
3
30
73
6
23
30
40
35
33
1
2
3
22
31
34
10
5
4
30
70
7
14
19
35
41
42
39
16
4
17
25
40
40
21
14
5
29
4
6
2
30
3
11
18
32
40
38
36
13
1
13
22
36
39
17
11
4
26
1
4
2
28
3
12
17
33
40
39
37
11
12
21
35
38
15
10
5
27
1
30
7
2
13
17
34
39
39
36
9
11
17
35
36
13
6
7
29
26
1
14
16
36
40
40
36
8
11
15
35
34
12
3
9
31
25
1
15
17
38
41
42
37
8
11
14
36
34
12
3
10
34
29
1
16
18
40
43
43
39
10
11
15
38
35
13
5
10
37
32
2
1
15
18
41
43
44
39
10
11
15
37
34
11
4
10
38
1
24
13
15
39
38
43
36
10
10
12
36
30
12
1
8
35
14
13
13
39
36
43
36
9
11
9
37
29
11
1
9
35
16
13
9
38
33
43
35
9
11
7
36
27
11
10
33
17
9
13
9
38
33
43
36
11
12
9
37
29
14
2
10
32
1
8
4
14
9
39
34
44
38
12
13
10
39
31
14
4
10
34
2
12
10
39
35
44
39
10
12
12
38
33
14
5
10
33
9
13
38
39
45
42
7
10
15
37
38
14
8
9
34
7
16
38
42
46
45
5
8
18
36
43
13
10
7
35
6
18
38
45
45
46
3
6
21
35
46
12
12
7
36
4
20
36
47
45
47
4
23
34
47
11
13
7
35
4
21
37
50
46
48
3
24
34
50
10
14
6
37
4
22
38
50
47
49
1
3
25
34
51
10
14
6
36
3
22
36
49
45
46
1
1
25
31
48
7
12
5
35
2
22
35
48
43
44
1
23
29
45
3
10
4
35
1
21
35
47
43
43
3
23
29
44
2
9
2
34
1
2
22
37
49
45
45
5
24
30
45
3
11
3
36
2
5
23
39
49
48
47
8
1
27
33
46
5
12
3
38
1
2
7
23
41
48
51
47
9
4
29
36
46
7
14
3
38
2
2
9
22
45
48
54
50
12
7
30
38
48
10
16
3
40
5
3
11
20
47
46
57
52
15
9
32
40
49
11
18
2
41
8
4
13
21
48
47
57
51
2
17
10
36
41
50
9
19
2
40
10
3
15
22
49
49
57
53
2
19
11
38
41
53
9
20
4
41
11
3
17
23
51
50
58
55
2
20
12
40
42
56
10
21
4
41
11
4
18
26
51
54
59
57
3
21
13
42
43
59
10
23
4
42
12
10
1
4
18
28
50
56
58
57
5
22
14
44
42
60
10
23
5
41
13
8
3
13
29
45
57
54
56
3
20
9
43
38
60
7
21
4
39
11
1
2
9
32
42
60
52
54
18
5
42
35
61
3
19
3
39
8
9
2
8
34
40
61
50
53
16
1
40
32
60
17
2
38
5
5
1
6
34
38
61
49
52
12
38
29
58
14
3
37
1
6
34
37
62
48
52
8
36
28
57
11
5
37
5
33
36
60
45
50
3
32
26
55
8
5
36
4
32
34
57
43
48
1
29
24
53
4
4
34
1
5
32
34
57
42
47
29
24
51
4
4
34
5
29
34
54
41
46
27
24
49
2
4
32
6
5
26
32
49
40
42
25
24
47
1
2
30
14
6
23
33
45
40
42
23
25
44
3
2
30
20
9
20
34
42
42
41
1
23
29
43
4
3
29
21
8
18
34
41
43
42
2
26
30
45
6
2
27
17
8
18
34
41
44
44
1
2
4
29
31
48
1
11
2
26
19
7
20
34
41
43
45
3
7
5
32
33
52
3
15
25
26
2
8
22
35
44
45
48
4
11
7
38
35
56
6
20
26
1
30
3
10
25
36
46
47
50
5
14
8
42
36
59
8
23
28
4
18
3
8
27
35
48
46
50
5
17
7
43
36
62
9
26
28
7
9
4
4
28
33
48
45
50
4
19
6
44
36
63
9
27
26
10
23
4
4
27
32
48
45
50
3
19
6
44
35
63
11
27
26
10
34
4
5
26
33
50
46
51
4
19
8
42
36
63
12
27
27
11
22
4
4
26
32
49
45
50
2
18
7
40
36
62
12
26
26
11
15
4
2
26
31
50
45
49
17
6
39
35
62
12
25
26
10
23
4
27
29
52
43
49
17
4
38
34
62
11
25
26
9
26
4
27
27
52
41
48
16
1
38
32
61
9
23
26
8
14
5
27
25
50
39
45
13
35
28
57
5
19
24
5
2
5
26
23
45
36
40
11
32
25
53
2
16
21
3
13
5
22
18
40
30
35
9
29
21
48
14
17
27
5
20
15
37
27
32
8
27
18
45
12
14
11
4
17
13
34
27
30
6
27
16
43
10
12
2
15
12
31
25
27
4
25
15
41
9
10
2
15
11
31
24
27
2
24
14
40
7
9
1
15
10
31
22
26
1
24
13
40
7
9
16
10
32
21
24
24
13
39
5
9
17
10
32
21
24
23
13
40
5
9
18
12
36
22
26
23
14
41
6
11
20
15
40
24
29
24
16
44
7
14
21
16
41
27
31
25
18
46
8
16
7
22
19
43
29
32
25
20
46
8
17
8
22
21
45
31
34
24
22
47
8
19
1
23
23
47
34
36
24
24
48
8
21
6
1
23
24
47
35
36
22
23
47
9
22
16
22
23
46
33
35
20
23
44
7
22
11
21
24
44
34
34
17
24
41
2
23
2
20
27
44
36
34
14
26
40
1
2
25
2
5
18
29
43
39
35
11
28
37
2
26
3
5
15
28
41
38
33
10
28
35
2
25
1
3
12
27
36
35
30
8
25
32
2
22
1
3
10
26
34
35
30
7
25
31
2
21
1
4
10
26
34
36
32
8
26
32
3
20
2
9
24
33
34
32
6
24
32
2
18
10
22
33
32
31
5
21
32
17
11
21
35
31
30
5
19
33
17
13
20
37
29
30
4
18
34
17
13
19
38
27
30
2
16
33
17
12
18
37
25
29
14
32
16
11
17
36
23
27
14
30
1
16
10
18
36
23
27
13
28
1
18
10
18
34
23
26
12
25
2
17
9
17
33
22
24
12
23
2
17
10
19
34
22
25
12
23
2
18
4
10
18
33
20
24
10
21
3
18
10
9
17
30
20
21
10
17
3
17
11
8
18
28
21
19
11
15
2
16
17
7
7
18
28
23
20
14
16
16
70
3
1
8
23
28
28
24
20
20
17
131
1
4
9
26
29
32
28
25
23
1
18
154
4
8
26
30
33
29
1
27
25
1
18
143
3
5
8
27
30
35
32
1
30
26
1
2
18
131
2
7
8
29
32
38
34
2
33
28
6
3
20
39
10
9
11
31
34
40
35
1
6
35
31
8
3
22
26
8
12
32
36
40
36
2
8
34
34
7
3
23
32
7
13
31
37
39
35
3
10
34
36
7
3
23
41
1
8
15
32
38
40
36
5
14
35
38
7
5
3
23
41
3
9
16
30
39
39
36
5
16
34
40
5
7
3
23
33
6
11
15
31
38
37
35
3
7
16
35
39
7
6
2
23
22
8
13
14
32
36
37
34
3
7
15
35
38
5
7
2
23
9
9
13
14
32
36
36
32
3
7
16
34
36
4
6
2
23
8
14
17
12
34
32
36
31
7
10
15
36
35
6
6
4
23
2
3
17
20
9
35
29
37
29
8
11
14
37
32
5
5
5
22
4
18
20
9
35
28
36
27
7
10
12
37
30
4
3
5
22
5
17
18
8
32
26
34
25
5
8
10
35
29
1
2
5
20
2
1
16
16
7
28
25
30
23
2
4
7
31
27
4
16
15
13
6
26
23
27
21
6
27
25
4
14
13
12
5
23
22
24
19
3
24
23
3
12
13
12
5
23
24
24
20
2
24
24
3
13
12
10
7
23
26
24
20
2
22
26
2
12
11
8
9
20
28
21
19
3
19
27
1
11
8
4
12
17
31
18
18
3
16
27
10
4
1
14
15
33
17
17
3
12
28
9
16
14
36
16
17
4
10
30
10
17
14
37
16
17
4
10
29
10
18
13
36
16
16
3
9
28
10
17
12
34
14
14
5
25
9
16
12
32
14
13
5
22
9
16
14
32
15
13
5
21
11
15
15
32
15
14
7
21
11
14
16
30
17
14
9
21
11
5
13
19
29
19
15
11
22
12
9
11
19
28
19
14
1
13
21
10
16
10
18
25
19
13
1
13
19
9
18
7
18
22
19
12
1
14
17
8
23
1
7
20
22
21
13
2
16
19
9
29
3
6
21
23
23
15
5
19
21
10
3
31
4
5
20
22
23
15
4
18
19
9
5
36
2
5
19
22
22
15
1
4
18
19
8
6
37
1
4
18
20
22
14
1
3
19
18
7
7
41
3
17
19
21
13
4
3
20
19
5
10
45
1
4
17
20
23
15
5
5
22
19
5
10
46
1
1
4
19
20
26
16
5
5
23
19
2
1
6
10
51
1
2
5
19
20
27
16
4
5
23
19
2
2
5
9
53
15
4
1
5
21
19
28
17
4
5
25
18
3
1
6
9
57
20
7
1
1
3
5
23
20
29
18
6
1
6
28
18
6
3
8
12
60
9
9
3
3
4
5
24
19
31
18
7
4
7
30
18
9
4
7
13
65
15
7
5
1
3
5
5
25
18
31
18
7
5
7
30
18
9
5
8
1
12
70
20
8
7
2
4
4
6
25
19
31
19
6
5
9
31
18
10
8
8
4
10
76
19
11
9
5
6
5
6
26
18
32
19
8
2
7
10
33
18
12
9
9
7
13
82
11
12
11
5
7
6
5
27
16
34
20
8
3
8
9
34
18
15
10
9
7
13
86
2
13
13
8
6
8
5
30
16
37
21
9
3
10
10
36
20
18
11
11
9
14
94
26
16
14
13
6
13
5
35
18
42
26
13
4
13
11
41
22
21
14
15
11
18
102
37
18
15
15
5
15
4
37
18
44
27
14
5
16
12
44
23
22
16
1
16
12
19
106
29
18
15
17
5
16
3
38
18
45
28
14
5
16
12
44
23
23
16
1
17
14
20
111
30
17
13
18
3
16
1
36
15
42
26
13
3
14
10
41
21
19
14
1
15
11
19
115
20
17
13
20
3
16
35
14
40
24
12
3
13
10
40
19
17
12
3
14
9
18
117
19
14
12
21
3
18
2
35
16
40
24
13
4
13
11
40
19
17
12
3
15
11
18
119
23
13
10
19
3
18
3
36
18
40
23
12
5
12
12
40
19
16
13
3
16
10
18
125
12
11
11
18
2
18
6
37
21
43
25
11
7
12
14
41
21
17
13
3
18
11
17
135
16
12
12
17
2
17
8
37
23
43
27
12
9
11
17
42
23
17
15
3
19
13
16
139
24
15
12
17
4
17
9
37
26
43
27
11
11
10
19
41
24
16
16
3
19
14
19
142
29
14
11
16
4
16
10
37
27
43
28
10
12
9
20
40
25
16
17
3
20
13
18
147
32
13
10
14
4
15
11
36
28
43
30
9
12
8
21
38
26
15
16
2
20
12
16
149
32
13
11
12
4
14
10
36
28
43
30
7
13
5
21
37
25
14
16
2
20
12
15
153
35
11
10
11
4
14
9
36
28
42
28
5
12
3
20
35
24
11
14
4
21
12
13
155
30
7
7
9
4
14
9
36
29
41
28
3
11
2
19
34
23
8
12
5
22
10
10
156
19
6
5
4
4
11
8
35
28
39
26
10
17
32
21
4
10
4
22
8
8
155
17
4
6
1
5
7
8
33
26
38
25
9
15
30
19
3
9
2
20
6
4
156
22
2
4
7
5
9
31
27
38
26
10
16
30
20
3
9
20
5
3
158
29
3
4
9
3
9
30
27
37
26
10
16
28
21
2
9
18
6
3
155
25
2
5
10
2
8
29
27
36
25
8
15
27
20
1
7
1
19
6
2
152
22
2
5
9
1
9
28
27
34
25
6
14
24
20
6
1
19
3
2
148
40
3
3
8
1
10
29
29
34
26
4
13
23
21
5
3
20
1
140
5
51
1
7
3
10
29
30
33
26
2
11
22
21
3
5
22
1
131
27
30
6
4
10
29
30
32
26
11
21
21
1
5
23
121
34
23
5
4
10
28
30
29
23
9
18
20
6
23
110
27
27
5
6
9
28
30
27
21
8
17
21
6
22
98
24
43
2
5
9
10
29
32
27
22
10
17
24
5
23
1
87
15
50
4
5
9
10
28
31
25
20
10
17
23
4
21
74
19
34
6
4
8
9
26
30
24
18
9
15
22
3
20
64
24
34
7
4
8
9
25
29
22
15
11
12
23
3
19
55
27
32
7
4
8
9
23
29
21
15
12
11
22
4
18
48
27
23
9
2
8
9
23
29
20
15
12
12
22
5
18
37
23
10
7
1
6
7
22
28
20
13
10
11
20
5
17
22
23
15
6
1
4
7
19
27
18
12
10
11
20
5
16
16
22
28
6
1
2
8
18
28
18
14
12
9
22
6
16
7
32
21
8
2
8
19
28
21
13
13
10
22
7
17
34
25
10
4
9
22
30
23
16
16
13
24
7
19
1
30
47
10
1
4
9
24
30
25
18
2
18
14
26
2
6
21
36
52
11
1
5
10
23
30
27
19
5
20
16
27
5
5
21
33
41
14
2
7
12
26
32
28
22
7
22
19
29
8
4
21
1
32
25
6
4
8
9
26
30
24
18
9
15
22
3
20
64
24
34
7
4
8
9
25
29
22
15
11
12
23
3
19
55
27
32
7
4
8
9
23
29
21
15
12
11
22
4
18
48
27
23
9
2
8
9
23
29
20
15
12
12
22
5
18
37
23
10
7
1
6
7
22
28
20
13
10
11
20
5
17
22
23
15
6
1
4
7
19
27
18
12
10
11
20
5
16
16
22
28
6
1
2
8
18
28
18
14
12
9
22
6
16
7
32
21
8
2
8
19
28
21
13
13
10
22
7
17
34
25
10
4
9
22
30
23
16
16
13
24
7
19
1
30
47
10
1
4
9
24
30
25
18
2
18
14
26
2
6
21
36
52
11
1
5
10
23
30
27
19
5
20
16
27
5
5
21
33
41
14
2
7
12
26
32
28
22
7
22
19
29
8
4
21
1
32
25
19
7
30
25
1
39
19
38
24
19
5
14
12
36
19
8
11
8
24
6
25
3
30
7
17
9
28
25
40
18
38
23
17
6
14
13
36
18
7
12
7
24
6
23
5
22
22
18
10
28
24
39
19
37
24
14
6
11
12
35
18
6
12
7
25
7
21
7
22
27
19
10
28
24
39
18
37
24
14
7
11
12
34
17
6
12
9
25
7
21
5
12
21
19
10
29
1
25
40
18
38
26
15
9
13
14
36
19
8
15
8
25
11
22
8
15
15
20
12
28
1
23
38
16
37
25
14
9
12
14
35
18
8
15
1
6
24
11
21
9
18
31
20
12
25
2
20
36
15
34
23
9
7
9
11
30
16
5
12
1
5
23
9
19
9
14
28
15
13
23
3
19
36
16
34
23
7
8
7
12
30
17
2
12
7
23
9
14
9
2
14
13
12
23
4
19
35
18
35
24
7
9
6
12
31
19
3
13
7
24
10
13
5
17
15
12
22
4
19
37
19
37
27
7
9
7
13
31
21
5
15
7
25
11
14
9
4
20
13
12
21
4
18
37
20
37
29
9
8
7
13
32
22
6
14
6
25
10
14
13
4
30
12
10
21
6
17
37
22
39
30
8
7
6
13
32
24
7
15
5
25
9
14
11
7
25
11
9
21
6
19
39
24
40
32
8
8
7
14
33
25
7
16
5
27
10
13
12
6
13
12
7
21
4
19
38
24
39
31
7
6
6
12
31
24
6
15
5
27
8
14
11
5
20
13
6
21
3
18
38
25
38
30
7
5
5
11
30
23
5
13
5
28
7
14
8
3
23
12
6
22
3
19
37
25
38
30
8
5
7
12
30
23
6
14
6
28
6
15
11
21
11
5
23
3
18
37
25
38
30
9
4
7
12
30
24
7
14
6
27
6
15
12
16
8
3
21
1
16
36
26
36
29
8
4
6
12
29
23
7
13
7
27
6
13
10
12
4
1
18
14
34
26
33
27
6
3
5
11
27
22
5
12
7
26
4
9
10
16
3
16
12
1
32
25
30
25
4
1
3
9
25
20
3
9
6
25
2
8
9
15
2
14
12
31
25
30
25
4
2
8
23
18
2
7
6
26
7
6
13
10
10
30
24
29
24
2
1
8
22
18
1
6
5
25
3
3
11
7
7
1
28
24
26
22
7
21
18
1
6
4
23
5
18
5
6
1
27
24
27
23
2
8
22
19
2
7
3
23
1
7
20
5
7
27
22
28
23
4
6
9
25
20
5
9
2
21
3
7
5
7
7
2
27
23
28
24
7
3
9
11
27
22
9
12
1
20
3
6
11
4
2
7
1
5
1
27
22
28
24
7
2
10
10
28
22
10
12
18
3
7
11
9
7
2
5
26
20
30
23
7
3
10
10
29
21
11
13
17
4
5
13
19
8
2
7
28
20
32
25
10
4
13
11
31
21
11
14
1
18
5
4
14
28
9
2
8
30
20
34
25
10
3
13
10
32
21
11
12
2
19
4
6
11
22
9
2
9
32
19
37
26
11
3
14
10
34
21
14
12
3
21
4
6
12
27
1
10
3
9
1
32
20
38
27
12
3
15
10
35
21
15
12
2
21
5
7
13
17
1
11
3
9
32
20
39
28
14
3
17
9
36
20
15
12
2
21
5
9
12
1
11
3
9
33
20
41
30
16
2
18
8
37
21
17
11
3
23
6
11
13
2
10
3
6
1
32
19
41
31
16
3
18
8
37
20
17
11
2
22
6
11
14
3
9
3
5
1
32
19
42
29
16
3
17
8
37
19
17
11
1
21
7
11
12
6
2
7
4
4
1
32
19
42
29
15
4
17
8
38
19
16
11
21
7
10
12
5
4
2
