56
31
61
69
11
86
75
2
37
45
64
71
51
34
56
42
51
46
23
31
60
70
38
57
72
15
96
85
23
54
59
10
75
77
70
46
65
37
56
50
41
60
73
37
59
71
15
92
82
30
51
53
3
71
76
64
41
65
41
55
49
42
57
72
34
56
67
8
84
74
11
50
44
2
61
71
52
37
64
47
48
56
34
56
75
32
48
63
9
83
73
18
58
44
8
61
72
55
40
65
46
47
50
36
9
65
77
43
62
66
14
84
77
17
56
40
9
63
78
54
45
72
45
48
58
1
39
71
82
49
5
61
63
11
80
73
16
65
40
12
61
75
55
45
78
50
46
63
1
36
60
69
35
47
51
8
70
65
17
47
45
51
72
51
34
71
53
39
43
28
52
60
34
53
59
6
71
63
8
37
32
54
72
48
32
66
49
40
38
25
4
68
76
48
59
62
8
78
68
23
58
48
16
62
67
57
45
76
48
44
53
5
38
72
77
51
63
60
10
78
70
27
59
57
15
64
75
62
46
77
49
45
57
14
41
62
70
43
57
62
7
74
63
19
45
42
2
59
70
52
37
71
52
43
53
4
32
56
61
34
65
74
10
88
72
19
53
46
13
67
74
61
47
57
42
50
51
1
43
63
70
38
57
72
11
89
75
28
67
51
24
70
75
63
54
61
40
51
57
7
47
12
66
67
44
61
66
14
89
77
31
57
59
15
70
78
65
52
62
36
52
61
8
46
64
67
37
56
65
15
89
77
31
59
56
18
70
80
68
55
61
38
51
57
11
50
63
66
38
53
65
9
82
70
23
48
51
13
66
73
63
49
61
45
47
54
9
46
67
68
45
58
64
9
81
71
24
57
52
14
67
75
63
50
64
43
45
57
10
47
6
72
72
46
63
66
12
87
76
38
62
58
20
72
82
70
57
68
40
49
58
23
52
65
71
44
64
68
12
83
71
36
54
55
8
70
81
67
50
67
43
47
51
12
45
62
68
41
62
68
4
77
63
29
53
47
17
66
70
62
50
66
47
42
51
6
41
69
76
47
62
59
3
74
61
31
61
57
22
62
71
63
54
72
49
40
55
14
41
40
76
82
53
1
66
61
10
78
67
39
65
55
18
66
82
69
57
77
45
43
64
22
50
76
79
51
67
61
10
78
66
36
63
52
21
65
77
65
57
75
45
42
66
21
47
71
73
45
53
56
10
76
66
34
61
58
16
64
81
66
56
68
48
41
63
16
53
69
71
45
58
63
5
78
65
36
59
52
18
67
75
68
55
67
47
42
59
18
51
21
66
71
43
60
62
8
81
67
27
52
53
17
66
73
63
52
67
42
45
51
9
49
72
72
48
63
67
9
88
72
36
58
58
29
73
79
71
61
69
41
48
58
16
51
70
68
47
64
67
6
84
67
36
54
56
12
72
71
69
50
67
47
45
50
20
42
62
65
41
58
64
6
81
65
28
42
51
7
66
70
62
45
64
48
42
39
11
35
14
69
70
44
62
67
9
85
69
34
52
53
12
70
71
63
47
67
42
46
51
16
36
2
72
72
47
62
64
10
85
70
37
53
59
10
71
71
67
47
68
39
47
53
20
40
59
62
36
53
59
5
76
60
24
37
44
60
62
56
36
60
42
42
39
9
27
46
48
24
45
52
2
65
51
13
19
32
47
51
38
20
51
45
36
17
10
57
59
37
57
61
4
80
65
22
47
47
5
62
69
56
43
58
38
44
38
5
28
19
67
71
51
68
67
11
85
71
26
64
46
17
69
77
56
50
69
40
48
52
9
34
64
70
46
57
60
11
80
68
28
48
49
12
64
69
58
48
70
48
45
45
10
38
55
63
34
53
57
9
77
69
23
50
47
10
57
74
58
46
62
47
43
48
6
41
50
57
33
57
59
12
75
67
25
38
37
57
72
47
37
58
44
44
32
24
30
60
61
39
58
61
15
84
75
30
47
53
5
66
75
61
45
61
38
49
34
10
37
62
61
39
58
62
10
82
71
28
51
54
21
65
66
61
47
61
41
47
40
14
34
58
60
36
55
65
9
80
68
28
44
50
5
64
71
56
43
57
42
46
39
8
27
66
66
42
61
70
13
88
76
30
57
56
18
72
79
67
55
61
39
51
52
18
44
47
76
78
54
4
73
73
19
94
82
44
62
65
27
79
85
76
64
74
41
53
57
29
47
87
89
63
8
76
72
17
94
81
54
74
69
31
80
88
80
66
83
46
53
63
31
52
82
78
56
68
66
8
82
69
44
58
58
18
68
73
67
53
77
51
47
55
32
42
65
67
42
59
61
9
78
68
30
40
50
4
62
71
60
46
66
47
44
46
16
33
47
65
69
40
62
66
13
83
74
29
57
41
16
64
76
59
50
64
39
49
48
12
38
22
59
61
37
56
61
13
80
73
20
48
41
17
60
75
54
49
59
37
48
38
8
33
56
55
33
48
52
10
75
69
26
36
53
5
56
70
55
44
55
42
44
31
8
32
55
51
31
56
60
9
74
66
18
33
36
55
64
48
32
54
42
45
19
6
26
65
77
74
50
60
64
13
85
75
37
56
58
17
67
77
65
52
70
39
49
47
26
41
50
87
85
58
1
68
66
16
86
76
50
58
61
19
71
80
69
58
79
44
50
60
37
47
81
76
50
61
63
10
80
68
36
53
52
13
65
73
63
48
75
49
44
50
30
43
75
69
47
56
59
6
76
63
36
39
51
3
61
67
60
40
70
49
41
39
25
38
51
75
69
51
68
65
8
81
67
39
42
52
7
66
67
63
43
70
43
45
39
26
43
48
79
70
53
64
66
11
89
74
41
52
61
11
74
72
73
51
69
38
48
48
32
41
62
59
41
59
64
5
82
65
32
34
48
65
65
61
36
61
43
44
33
14
29
61
53
42
59
60
76
57
25
30
47
60
54
55
31
58
46
41
21
13
25
10
68
60
38
58
61
3
82
63
34
30
54
65
64
64
38
61
41
43
28
21
28
31
78
69
53
71
68
6
88
68
43
45
59
2
73
70
70
44
70
41
47
43
30
42
81
68
57
74
70
1
85
62
42
42
58
14
74
57
67
48
71
49
45
42
36
44
68
63
37
58
66
1
78
58
41
35
49
65
61
59
36
63
49
41
32
22
32
13
67
59
42
54
58
3
77
60
33
30
55
60
60
62
39
60
44
41
35
20
37
46
73
62
49
63
60
7
83
67
43
46
61
10
68
66
68
48
62
39
46
39
27
46
66
56
39
59
60
4
77
61
40
36
54
62
60
60
35
58
41
43
30
23
35
63
50
37
54
57
71
54
30
23
48
55
52
54
30
55
45
38
23
20
31
72
62
42
54
58
75
59
35
38
48
59
60
59
39
61
42
41
32
24
34
20
80
63
51
65
61
5
79
62
42
36
54
64
61
61
40
67
40
42
39
31
40
80
65
53
66
62
7
83
64
49
41
63
68
65
68
40
68
43
42
33
34
46
77
64
48
61
64
4
79
61
38
31
52
3
63
63
61
37
65
47
41
25
30
47
76
63
47
61
66
5
81
63
38
35
54
9
64
64
60
42
65
45
43
36
34
57
28
77
65
49
62
66
11
90
74
51
47
65
10
70
74
70
48
64
37
48
42
31
70
1
74
57
45
64
64
11
86
70
44
32
53
5
67
66
65
41
60
37
47
27
27
63
66
53
38
54
62
4
80
64
32
31
49
1
61
59
58
39
57
41
42
20
20
59
64
53
37
51
62
4
76
62
29
26
40
57
60
53
33
57
42
41
24
17
62
45
82
69
56
66
62
6
81
68
45
42
56
7
62
66
64
41
69
40
44
33
40
71
22
91
70
61
64
60
8
83
71
53
46
64
11
66
71
68
48
72
40
45
37
43
76
68
56
41
59
57
5
72
61
37
26
48
57
66
57
30
60
43
40
24
25
64
64
54
37
54
53
66
54
30
16
47
52
57
52
21
57
44
36
11
19
64
24
75
59
45
62
58
71
55
38
30
48
10
58
52
57
37
63
40
39
22
27
66
23
67
55
45
73
61
3
74
60
28
28
48
3
61
63
58
36
62
39
42
21
23
61
72
55
45
52
59
3
77
61
33
34
57
4
62
64
62
38
61
41
42
23
27
72
66
51
37
52
58
72
56
35
23
50
59
56
58
32
56
43
39
13
23
68
4
75
59
45
56
61
3
79
62
36
28
56
64
63
66
36
60
38
42
25
34
81
14
83
68
51
62
65
6
86
68
59
42
64
7
71
65
71
43
67
37
45
40
44
85
70
58
44
62
66
5
83
62
39
19
49
69
60
64
33
61
41
43
15
30
73
68
54
41
59
64
78
56
31
22
48
63
53
61
26
58
43
39
11
26
84
69
54
41
68
65
79
58
43
29
56
64
55
63
31
57
38
40
18
27
90
21
79
61
50
62
65
5
87
65
50
30
68
74
60
74
37
65
36
45
23
40
79
72
55
47
63
62
4
84
63
47
24
65
70
57
70
30
63
39
43
14
34
71
61
43
36
57
64
77
55
30
4
43
60
46
52
17
55
43
39
20
53
70
51
45
61
64
79
58
43
16
51
62
50
56
21
59
40
41
8
32
52
44
76
54
49
68
65
2
84
65
45
21
61
65
55
62
26
60
34
45
13
37
60
65
43
37
56
62
3
80
63
35
8
51
60
54
56
21
52
34
45
32
45
51
34
30
61
60
70
56
19
1
38
51
46
45
11
46
40
41
15
25
55
37
30
52
58
71
57
19
42
51
50
45
16
48
39
41
13
21
38
59
39
36
50
60
7
79
69
32
17
45
56
69
52
25
52
35
46
16
23
11
61
43
33
62
63
6
75
65
30
8
37
54
57
43
19
54
37
45
23
13
72
52
40
59
62
77
63
44
22
53
6
60
54
56
33
58
43
43
9
39
23
65
42
39
53
59
5
75
64
39
2
52
56
62
55
21
55
43
41
29
19
64
76
51
46
66
68
7
84
68
45
5
54
65
60
60
28
60
37
47
2
40
28
37
84
57
55
68
68
8
87
72
56
25
65
70
67
68
35
65
36
48
11
50
34
69
48
44
61
64
3
78
62
40
15
47
60
58
56
25
59
42
43
35
17
61
35
40
62
62
74
58
31
7
45
58
53
52
21
52
42
41
29
16
50
60
32
37
63
61
75
58
29
41
58
52
51
14
52
38
41
25
18
44
77
44
48
60
60
5
78
63
50
59
62
55
59
16
58
38
45
45
18
77
42
47
61
61
2
77
60
55
2
61
62
55
62
15
56
42
43
46
10
64
34
42
69
63
71
52
30
42
57
45
51
12
52
44
39
29
4
17
74
40
49
70
66
78
59
33
2
53
64
50
58
18
56
38
42
43
10
34
74
43
46
62
68
5
82
63
53
10
57
69
57
63
20
57
35
46
42
16
67
37
41
57
56
1
75
57
44
58
60
47
59
10
54
40
41
37
12
61
29
39
55
61
74
55
34
48
58
44
52
7
49
40
40
33
11
60
29
41
61
63
1
74
57
38
45
60
47
52
8
49
36
42
31
16
30
77
44
52
68
63
6
81
65
50
4
62
66
54
65
16
55
31
47
47
20
76
42
47
66
64
6
79
62
50
54
64
54
58
14
54
36
46
46
22
72
36
44
61
61
74
55
41
52
58
45
53
13
52
41
42
44
41
77
39
48
59
62
76
54
46
2
52
60
41
56
16
55
38
41
47
85
28
73
38
52
64
61
3
78
58
43
54
60
48
54
10
55
34
44
41
133
74
38
48
60
63
2
83
62
47
4
55
63
51
59
21
53
32
46
46
202
63
30
35
53
58
73
53
36
41
54
40
47
3
47
37
40
37
330
64
29
39
57
60
76
56
34
41
57
40
52
48
36
41
38
516
38
72
34
46
63
64
3
88
69
44
50
70
51
71
6
53
32
46
48
670
8
68
29
46
58
56
5
85
70
46
58
66
54
70
5
51
34
46
41
757
59
23
35
55
61
82
64
34
47
65
44
66
42
36
43
36
819
52
12
29
49
57
79
62
29
42
62
41
65
37
36
41
29
854
42
68
28
41
58
64
3
91
72
46
54
74
53
77
6
45
29
48
40
778
25
72
38
45
63
66
7
95
77
46
4
61
76
61
82
20
50
29
51
47
623
68
37
43
58
60
2
84
68
41
51
64
57
67
20
51
39
46
43
397
71
43
38
57
64
81
62
43
3
42
62
54
57
22
52
39
43
45
170
48
79
46
52
69
63
3
82
64
44
11
53
62
59
62
25
59
36
43
52
165
48
81
49
52
66
68
5
86
67
51
16
51
68
63
62
29
61
33
46
2
54
179
78
47
49
57
62
81
61
58
12
54
64
57
60
31
57
36
43
56
149
79
44
54
65
55
74
53
47
7
54
57
48
59
14
57
41
38
53
148
24
78
42
48
64
62
79
59
48
2
50
61
54
56
17
55
38
42
52
125
43
82
49
52
64
61
3
82
63
56
14
59
64
63
64
29
60
36
45
59
121
84
53
55
70
64
80
57
53
20
59
65
54
65
28
62
38
44
59
108
82
52
49
59
65
77
55
57
18
58
64
48
64
31
59
41
42
2
61
107
7
87
57
57
67
68
6
85
65
58
21
60
70
65
70
36
64
38
47
16
65
109
46
92
65
58
73
70
13
92
74
65
26
67
2
77
68
75
41
69
35
51
15
72
114
88
59
57
67
65
8
86
68
59
26
62
71
63
68
33
65
37
47
5
66
102
78
47
49
65
66
79
58
53
18
50
64
52
57
26
55
37
42
2
59
90
75
42
48
60
53
71
54
51
5
56
57
46
53
16
55
38
38
55
82
58
83
44
55
66
59
79
60
59
12
59
65
53
65
25
60
34
43
58
87
79
48
50
64
61
1
80
61
54
21
56
66
57
65
30
59
35
45
3
59
94
74
45
50
63
62
75
56
50
13
52
63
53
56
25
57
40
41
54
90
83
48
52
65
66
78
55
55
14
53
65
52
59
25
59
39
41
64
99
66
90
53
59
70
60
3
82
61
68
18
69
66
58
69
29
65
34
44
2
70
104
23
80
42
53
67
61
3
79
59
56
6
53
64
53
59
23
57
34
44
62
102
69
32
40
55
57
73
55
44
47
56
50
52
19
47
36
40
53
101
66
32
41
52
53
70
54
45
47
51
51
50
19
46
36
38
50
101
66
73
39
46
58
56
2
74
59
44
5
45
55
55
50
20
52
32
41
54
107
42
70
35
41
59
56
4
77
62
50
11
51
57
57
56
26
50
30
43
52
104
68
31
41
55
58
75
57
43
5
43
55
51
52
21
47
34
41
49
108
82
41
50
64
64
3
81
63
60
6
58
64
58
63
25
54
35
43
66
130
55
88
50
56
69
67
10
91
74
69
19
68
3
73
71
73
40
59
32
47
75
136
54
89
47
56
69
65
10
89
73
65
18
64
4
70
70
68
39
57
30
47
1
75
136
78
34
45
60
59
5
79
66
59
8
57
61
65
61
29
47
30
43
68
135
65
28
36
52
56
73
60
47
47
54
60
52
20
40
31
39
56
131
31
66
34
42
56
54
73
57
47
5
50
56
51
57
27
46
29
40
56
145
44
72
32
47
61
54
73
60
54
6
50
55
57
55
25
48
28
42
62
140
65
26
39
62
55
69
56
46
45
52
53
48
18
45
34
40
51
145
74
30
45
56
56
69
54
50
50
54
50
52
18
49
38
39
61
152
14
83
34
52
61
58
1
75
62
64
3
55
58
61
58
25
55
35
42
71
157
57
86
43
58
72
64
7
83
70
64
19
62
5
66
67
68
38
62
34
47
70
182
83
41
55
64
61
6
78
65
62
12
58
61
63
62
30
61
37
44
71
183
68
28
43
56
54
65
53
47
45
50
52
49
18
51
40
37
58
175
71
28
45
55
53
68
56
51
49
52
54
54
20
49
35
38
60
190
46
75
34
48
58
51
2
71
59
53
3
50
54
57
54
22
51
30
40
64
209
62
22
38
52
45
63
49
41
39
44
45
42
11
44
31
34
52
200
56
13
33
49
46
59
44
38
35
41
38
40
6
38
32
32
49
204
62
21
38
52
50
66
51
45
43
47
46
47
13
42
32
36
53
224
40
70
25
45
57
52
2
70
57
48
48
52
51
51
14
47
28
39
60
234
4
79
26
55
65
59
2
76
59
56
54
57
54
56
19
50
28
42
70
256
71
19
45
61
59
74
54
57
52
55
48
54
17
48
34
40
65
272
73
20
48
65
60
73
52
55
56
57
46
57
12
50
35
39
69
280
43
87
32
65
73
65
4
83
64
68
3
65
66
60
67
25
58
31
45
80
307
16
83
34
55
63
59
7
80
64
66
60
63
62
65
25
56
30
43
77
321
77
26
51
61
56
74
56
56
54
58
51
59
19
52
34
37
72
322
67
18
44
55
56
74
56
52
52
57
51
59
14
46
34
36
64
332
52
69
21
46
60
57
3
79
62
57
57
63
60
64
14
45
29
40
65
350
47
73
24
50
65
60
4
84
64
59
61
68
56
70
21
47
27
43
70
365
75
25
50
66
66
2
87
66
67
63
74
58
77
29
46
31
43
74
371
82
23
55
74
71
2
90
67
61
60
76
65
75
28
47
32
44
79
378
48
88
34
60
71
69
6
92
70
69
75
79
62
83
31
53
30
46
85
391
63
96
42
64
71
70
9
98
76
91
11
83
5
83
70
90
40
58
27
51
96
392
82
23
55
70
66
3
88
66
66
64
73
57
73
24
48
28
46
83
372
72
16
45
62
60
78
55
58
57
62
44
64
10
42
30
39
72
353
11
73
15
51
66
65
84
59
62
57
66
47
66
13
43
28
43
75
345
39
78
19
54
66
65
2
89
65
66
64
71
50
72
16
47
26
47
79
336
82
21
52
67
62
1
84
62
65
63
67
51
69
18
49
31
45
81
309
75
14
48
60
59
77
54
59
55
60
45
61
10
45
36
40
75
270
12
84
24
57
67
63
81
59
66
62
67
53
68
19
51
33
42
87
255
62
95
35
66
77
70
7
92
70
79
5
72
77
66
79
34
58
28
49
98
240
1
89
31
64
70
66
8
88
68
79
71
73
63
75
28
56
32
47
87
208
81
21
55
63
64
1
82
62
61
60
66
57
66
24
48
34
43
84
177
77
15
47
61
61
79
59
61
56
61
53
60
18
44
33
42
82
147
48
84
23
59
68
63
2
83
61
67
54
63
55
61
21
51
29
44
82
