7
5
4
19
14
8
23
2
2
7
17
7
13
10
6
19
55
5
7
9
7
6
3
6
3
18
25
12
10
10
9
5
17
18
13
8
5
10
7
9
3
19
20
13
8
6
3
17
1
8
15
12
24
19
42
15
4
7
22
11
12
6
21
29
29
14
3
6
3
13
11
3
3
6
22
22
10
4
8
14
7
4
9
4
25
16
2
1
12
11
2
7
9
11
16
50
7
4
7
14
6
4
14
12
40
17
5
1
1
1
19
7
2
7
2
25
1
6
3
10
12
15
4
4
21
12
12
10
4
11
13
6
9
12
5
11
17
47
2
6
13
3
4
18
25
5
3
7
5
5
4
1
1
19
1
1
10
7
1
4
9
18
11
10
5
13
16
12
54
1
8
5
2
5
21
23
43
1
6
8
3
8
11
19
26
5
9
9
3
3
9
19
37
8
1
10
7
4
12
22
52
53
5
8
4
5
1
6
25
50
34
7
6
6
1
4
11
1
25
53
10
4
3
10
5
22
59
13
3
6
11
14
47
4
14
1
9
8
19
42
9
14
8
7
6
4
7
10
6
38
39
13
6
12
3
15
19
4
3
10
35
40
11
8
2
3
14
22
43
36
11
5
5
10
22
39
68
10
5
5
3
14
4
19
37
30
11
6
2
6
1
17
6
16
38
12
9
9
1
13
22
43
37
10
6
1
5
8
10
26
48
70
5
9
2
4
4
19
1
28
46
19
10
3
1
9
3
16
3
23
30
12
5
3
9
18
25
22
14
4
3
10
12
15
81
7
5
7
3
6
4
21
4
55
9
1
5
6
1
14
11
13
3
36
4
1
4
10
6
4
8
8
34
8
22
12
6
2
2
11
27
12
65
9
6
10
12
5
20
9
50
3
2
8
3
7
13
21
2
24
8
13
5
1
18
11
19
12
14
4
6
1
13
17
60
8
3
9
1
7
32
61
2
8
3
2
13
5
15
2
28
1
12
4
4
9
22
7
22
15
1
2
9
12
23
69
14
4
7
7
23
79
2
11
1
5
8
17
1
23
2
12
6
6
9
7
19
1
7
27
14
7
1
4
16
2
14
23
45
15
2
3
4
2
19
9
21
11
47
5
5
12
4
2
10
16
18
24
4
35
25
8
2
7
15
5
4
11
13
3
29
5
25
17
1
16
9
5
3
19
2
13
19
35
18
13
11
4
3
5
16
3
14
22
42
47
2
11
7
2
10
11
14
25
1
5
18
24
8
4
12
11
4
14
11
10
27
5
6
24
43
14
9
8
5
1
21
4
13
29
50
1
14
7
2
6
14
3
12
26
52
55
3
11
8
5
13
19
1
5
23
63
11
6
12
6
4
11
7
4
29
4
25
50
1
15
10
1
9
2
25
2
12
16
46
13
13
9
7
21
4
15
18
56
50
2
11
10
1
10
12
12
21
2
7
25
55
28
1
6
11
10
3
11
15
8
27
3
2
5
25
37
3
12
14
2
13
11
8
26
4
12
19
42
14
13
8
5
19
5
16
19
64
37
10
11
7
7
20
3
10
27
54
37
1
3
8
10
2
10
10
14
24
1
4
26
52
2
10
12
8
8
3
24
4
10
28
60
13
13
5
16
6
16
16
57
57
10
11
8
17
3
11
14
60
66
4
2
8
12
1
14
13
25
3
2
6
32
62
2
3
3
10
12
8
13
19
4
10
33
50
12
14
1
14
7
15
21
41
51
10
16
5
25
4
11
6
14
37
65
1
2
10
12
3
13
3
35
2
4
10
24
37
21
8
2
7
14
9
10
9
8
9
5
7
14
29
33
5
5
8
13
6
9
11
7
15
9
29
27
54
12
12
8
2
19
5
14
16
24
23
90
1
8
12
14
7
21
2
2
6
26
23
6
50
2
7
14
2
17
8
4
33
6
4
6
27
19
18
10
18
8
2
18
7
15
26
16
68
12
11
5
18
4
13
20
22
104
2
11
8
12
2
28
4
23
24
64
3
7
14
1
17
9
5
27
4
2
5
28
19
10
9
17
12
4
19
2
5
14
32
14
3
30
11
15
8
13
3
16
36
12
3
83
9
12
15
4
26
1
8
41
15
3
67
2
9
14
4
21
6
34
7
2
4
42
18
22
11
14
1
16
1
3
28
4
4
12
40
15
39
5
39
13
13
12
20
2
5
15
42
14
82
4
95
11
12
1
17
28
4
1
8
40
11
157
79
4
11
11
5
23
5
3
38
3
5
39
19
216
2
14
13
3
19
7
31
3
9
46
19
204
6
15
14
13
1
27
3
14
44
7
123
20
54
10
14
13
3
1
25
2
11
45
11
34
38
57
1
2
7
12
1
19
8
11
29
10
1
6
57
19
51
5
2
10
11
2
19
12
30
6
1
9
62
13
57
13
11
12
23
2
14
61
6
59
25
10
9
13
24
2
2
11
66
6
62
42
2
8
10
3
21
3
6
33
15
5
75
4
59
3
9
11
2
21
6
17
33
11
1
9
80
16
58
12
14
15
5
5
26
5
15
80
18
66
20
12
12
14
2
25
3
13
79
11
72
56
2
1
10
7
3
20
8
34
16
1
6
88
19
73
34
3
3
9
8
3
21
15
14
32
25
2
6
92
22
73
11
11
15
6
9
28
12
3
14
94
16
67
18
12
11
13
5
1
27
7
3
14
99
21
69
65
1
11
8
2
20
12
4
36
10
4
106
25
73
29
2
4
10
7
4
24
15
11
42
15
5
99
22
67
11
11
17
11
10
34
8
4
12
98
22
67
19
10
9
13
3
28
4
14
104
19
69
79
1
1
8
3
14
8
8
25
2
5
106
18
64
61
5
10
6
1
19
11
33
3
2
111
13
51
2
10
11
14
6
3
22
8
4
3
11
112
12
38
13
9
10
8
1
2
17
5
14
115
14
38
75
2
9
7
13
9
26
4
7
117
21
44
69
6
6
7
10
20
18
17
30
9
4
3
131
33
41
18
5
10
9
19
11
13
35
2
5
9
126
21
28
21
12
9
14
4
21
4
6
14
131
12
21
78
3
1
9
10
15
8
1
24
5
4
10
144
21
28
87
5
6
8
10
22
15
14
34
13
2
3
148
25
20
35
5
5
9
13
19
12
4
28
10
5
7
150
27
20
18
10
14
13
5
22
7
14
149
17
39
75
10
13
15
7
3
24
1
5
10
158
17
35
100
8
6
7
11
18
17
6
29
10
4
3
164
24
16
36
10
8
9
8
19
16
3
31
11
6
6
168
25
7
6
3
3
12
12
15
5
30
8
13
170
21
59
1
2
11
9
15
10
29
2
6
11
170
19
84
1
6
10
7
22
16
21
34
14
3
4
180
20
6
39
1
8
9
12
1
22
15
5
38
19
1
4
7
189
18
17
5
5
3
10
15
14
15
19
25
17
9
15
193
23
18
37
1
1
10
12
13
8
27
22
10
6
14
199
20
29
76
6
5
9
7
20
17
14
32
17
3
4
204
25
27
26
11
8
8
10
2
26
21
18
39
21
3
5
211
30
3
9
5
12
11
23
11
6
34
14
6
12
211
28
10
1
10
13
16
15
11
19
14
7
14
216
31
14
35
5
3
8
12
1
23
18
14
32
19
3
9
230
21
16
28
2
8
8
10
3
1
30
3
21
25
40
29
3
7
238
15
14
1
5
10
15
3
25
2
18
18
32
20
7
14
237
20
28
12
15
2
20
11
4
33
10
6
18
238
18
40
56
3
3
8
13
3
23
1
16
20
33
19
4
13
251
22
51
41
5
7
7
15
2
6
29
7
18
12
43
2
17
4
7
262
23
57
6
10
16
2
6
24
2
14
9
35
11
5
12
254
16
63
1
10
11
18
13
5
18
10
6
15
266
18
62
53
6
2
8
9
19
1
12
26
15
4
12
1
277
25
65
43
11
6
6
11
1
3
25
6
17
15
29
1
23
2
8
282
26
73
3
3
7
10
2
26
6
11
24
36
15
2
9
289
20
83
8
10
12
7
15
24
7
4
16
282
19
84
33
5
9
11
9
7
15
8
4
11
289
15
71
47
4
5
4
8
22
3
15
12
29
14
2
4
298
20
49
19
6
7
7
8
18
2
15
15
25
15
4
7
300
22
42
9
2
10
10
8
6
10
18
2
6
15
303
10
41
61
7
12
1
7
9
9
18
5
15
310
16
43
109
7
4
4
11
3
15
2
14
7
24
10
4
8
311
21
54
47
13
5
4
13
3
16
4
15
21
15
5
9
316
25
51
5
7
2
6
14
3
13
11
13
8
7
17
321
27
53
49
1
7
14
3
9
6
14
1
6
14
314
14
59
94
8
4
1
16
8
7
7
17
2
13
10
5
6
326
23
47
68
17
8
1
19
11
18
9
20
9
21
20
7
7
324
32
36
47
1
3
7
17
7
13
10
11
10
23
12
8
14
319
17
23
84
7
12
3
10
18
7
23
2
7
15
325
17
30
125
12
5
3
13
5
10
23
14
16
16
14
5
6
329
26
25
96
13
7
1
14
7
10
32
20
24
14
21
4
3
327
24
14
36
8
4
4
14
4
10
23
14
4
24
10
5
8
11
329
21
17
49
8
1
5
13
2
1
19
10
7
7
9
8
14
331
20
10
94
9
3
4
8
8
22
10
22
6
4
6
326
22
88
10
10
5
8
15
23
13
10
33
13
4
1
333
21
45
8
7
3
15
4
9
26
14
16
12
23
4
9
9
338
16
23
8
1
1
4
16
4
7
22
14
8
15
16
29
10
15
333
19
6
79
6
3
1
5
13
3
11
21
14
9
24
13
5
7
335
20
105
15
5
8
2
12
5
17
27
23
24
25
26
5
1
341
28
15
8
14
8
5
12
3
17
27
20
25
26
1
25
7
5
329
27
40
4
2
6
13
1
12
25
9
2
20
14
21
8
12
329
19
28
65
8
5
4
8
12
27
14
8
20
16
7
7
337
23
23
77
9
11
3
1
18
25
19
26
31
1
25
4
339
21
34
6
9
11
4
4
28
18
17
12
35
21
5
1
337
25
7
5
9
5
4
7
18
17
13
25
15
8
8
325
26
75
7
3
2
4
17
11
12
9
17
11
7
6
332
21
12
76
8
8
1
1
18
17
13
13
28
18
4
338
21
13
33
8
9
2
2
18
21
15
14
28
19
4
327
18
17
5
5
3
5
13
7
9
10
10
16
7
8
323
17
48
12
1
3
2
7
14
3
8
12
5
8
330
12
52
73
3
5
2
14
23
11
12
25
16
2
2
337
12
48
36
5
9
2
5
23
25
11
12
32
11
1
1
330
15
43
3
4
7
1
19
24
1
3
20
6
4
7
325
3
40
31
1
1
4
7
22
5
11
6
4
5
9
329
4
50
98
1
5
3
12
23
5
9
17
11
2
2
329
5
50
51
2
9
1
18
23
10
14
21
16
1
332
8
26
5
3
8
3
14
26
3
2
16
6
5
8
329
12
17
2
5
6
1
11
26
13
3
12
1
329
8
40
43
2
3
2
2
16
32
1
16
4
6
1
333
7
52
33
7
1
9
10
22
40
7
14
20
10
11
2
1
331
4
37
3
3
12
8
16
27
3
7
18
2
2
6
329
1
35
6
14
9
11
23
17
3
2
12
3
321
34
42
5
5
5
19
28
16
2
7
4
335
6
79
5
3
1
5
2
7
27
34
8
26
1
17
23
4
5
345
10
21
3
4
7
1
19
24
1
3
20
6
4
7
325
3
40
31
1
1
4
7
22
5
11
6
4
5
9
329
4
50
98
1
5
3
12
23
5
9
17
11
2
2
329
5
50
51
2
9
1
18
23
10
14
21
16
1
332
8
26
5
3
8
3
14
26
3
2
16
6
5
8
329
12
17
2
5
6
1
11
26
13
3
12
1
329
8
40
43
2
3
2
2
16
32
1
16
4
6
1
333
7
52
33
7
1
9
10
22
40
7
14
20
10
11
2
1
331
4
37
3
3
12
8
16
27
3
7
18
2
2
6
329
1
35
6
14
9
11
23
17
3
2
12
3
321
34
42
5
5
5
19
28
16
2
7
4
335
6
79
5
3
1
5
2
7
27
34
8
26
1
17
23
4
5
345
10
21
3
7
3
12
8
40
43
2
23
3
44
15
17
5
5
352
2
6
10
1
6
6
31
41
22
5
36
12
14
13
6
346
1
9
9
4
11
29
42
7
1
41
16
6
14
8
342
53
6
7
9
10
43
43
20
3
50
19
22
6
6
347
19
2
4
4
7
9
13
37
54
43
13
35
25
32
4
6
355
3
2
7
9
9
11
41
47
19
47
18
21
11
7
347
7
7
11
3
11
29
42
12
36
21
18
1
13
8
344
53
3
3
14
1
13
19
38
3
11
27
19
26
7
5
350
3
30
5
1
5
3
3
7
4
34
27
10
17
12
44
4
33
1
362
13
5
1
5
3
4
7
28
39
20
3
32
17
19
5
4
352
3
18
6
11
1
9
24
36
2
31
12
12
12
6
337
2
26
2
4
11
10
21
35
10
1
28
11
11
5
4
345
1
23
1
2
6
1
8
2
12
21
42
2
10
13
24
22
18
1
3
351
4
31
1
3
6
2
8
24
39
19
3
28
14
19
5
2
346
48
6
2
5
14
36
15
4
23
12
16
11
4
348
24
33
4
1
15
32
1
24
10
4
7
3
348
37
1
1
1
3
7
20
38
6
13
3
30
16
10
1
2
339
4
41
2
4
4
3
8
18
34
3
13
2
28
14
18
5
3
338
45
6
2
4
13
29
8
20
5
9
11
5
335
46
9
6
2
3
8
20
34
31
10
6
8
8
338
49
13
36
5
6
6
23
37
3
40
13
8
5
343
66
2
6
1
7
9
24
43
7
1
33
18
17
1
6
332
74
7
10
2
14
17
43
7
19
18
13
11
9
329
71
17
7
6
9
14
12
40
6
26
17
7
10
10
334
76
2
53
4
4
4
13
21
44
15
32
25
13
8
341
80
12
7
4
3
4
10
17
36
13
30
17
18
5
350
84
17
7
4
1
12
7
36
7
21
24
13
7
7
344
91
25
8
4
10
2
35
18
19
7
8
7
339
74
3
52
5
3
8
5
25
8
1
23
6
20
3
5
348
81
12
14
5
5
3
13
11
32
19
3
29
20
19
6
351
81
8
6
1
13
6
32
1
7
24
13
8
8
8
350
66
2
10
7
4
27
4
1
20
6
9
9
9
353
66
36
15
7
1
9
8
34
1
25
16
15
1
9
353
83
32
32
5
4
4
15
15
44
16
12
26
25
18
9
356
92
31
10
6
5
16
14
42
7
3
28
24
12
7
10
359
86
50
12
8
1
15
7
30
24
14
5
11
12
359
82
27
57
9
5
3
14
7
30
26
17
8
4
12
360
91
19
71
9
1
8
13
13
36
4
12
33
23
18
1
10
369
99
46
3
10
5
7
17
17
38
5
14
34
25
11
8
13
374
90
33
22
12
4
4
14
13
36
28
25
2
12
15
364
80
28
80
12
2
3
12
9
32
2
23
20
8
7
13
372
80
58
62
9
6
7
17
14
39
7
12
32
18
18
4
13
383
99
57
28
9
8
5
19
12
43
12
10
24
29
19
6
13
380
107
24
24
12
10
2
17
8
36
2
8
22
20
9
12
14
377
93
29
44
10
9
3
18
10
36
8
28
20
10
11
15
381
94
39
59
7
9
4
22
11
47
1
6
14
25
33
13
3
15
387
138
29
23
1
9
12
6
22
15
46
1
9
12
29
26
16
5
14
387
170
29
12
12
2
20
5
39
2
7
24
22
13
14
15
384
194
26
4
1
11
10
18
34
4
18
20
7
14
15
389
242
14
61
2
7
9
3
20
7
42
1
7
8
23
27
15
6
13
394
326
1
19
9
9
6
21
11
48
2
10
16
28
31
16
6
12
393
385
11
10
3
18
9
42
4
8
26
23
7
13
14
390
362
16
12
10
2
20
7
49
3
8
24
30
5
10
14
16
387
285
1
65
10
8
6
20
12
48
12
38
32
10
5
7
14
396
190
22
32
9
8
6
18
9
41
6
5
14
32
28
23
2
6
11
402
131
16
2
11
10
2
18
2
40
6
20
18
15
23
24
27
12
13
404
84
29
5
12
10
1
19
1
44
1
9
11
23
29
15
11
15
16
404
55
39
50
2
9
9
4
19
7
48
9
13
22
22
34
25
9
15
408
59
27
45
3
7
10
7
21
13
53
12
17
29
28
33
25
5
13
414
46
17
10
10
7
19
11
49
4
12
15
28
28
19
12
12
409
43
18
12
9
3
17
5
34
14
7
24
23
20
16
16
12
405
43
18
57
1
10
10
3
19
7
34
6
14
14
28
29
23
8
12
12
408
39
6
66
4
8
9
6
19
14
34
13
22
22
33
32
31
7
9
415
39
10
2
2
10
7
6
16
12
27
11
22
18
36
28
26
10
10
412
37
19
2
11
10
15
2
26
13
8
29
22
23
14
16
12
416
16
28
50
3
7
9
13
1
20
4
29
20
8
32
19
30
14
10
13
428
16
50
68
8
7
7
12
7
23
15
38
20
19
36
33
39
22
4
14
420
38
44
22
9
8
8
14
6
23
10
35
19
15
32
27
33
24
9
12
416
34
39
8
1
7
11
14
2
20
6
29
15
10
18
25
27
17
15
14
418
14
37
74
7
9
14
2
22
7
35
13
8
26
25
30
9
13
16
413
7
9
93
10
11
7
16
6
25
12
36
20
14
24
32
34
9
5
15
415
9
5
53
8
10
7
16
5
24
10
29
21
12
25
29
34
19
6
13
412
11
14
29
12
9
3
17
5
34
14
7
24
23
20
16
16
12
405
43
18
57
1
10
10
3
19
7
34
6
14
14
28
29
23
8
12
12
408
39
6
66
4
8
9
6
19
14
34
13
22
22
33
32
31
7
9
415
39
10
2
2
10
7
6
16
12
27
11
22
18
36
28
26
10
10
412
37
19
2
11
10
15
2
26
13
8
29
22
23
14
16
12
416
16
28
50
3
7
9
13
1
20
4
29
20
8
32
19
30
14
10
13
428
16
50
68
8
7
7
12
7
23
15
38
20
19
36
33
39
22
4
14
420
38
44
22
9
8
8
14
6
23
10
35
19
15
32
27
33
24
9
12
416
34
39
8
1
7
11
14
2
20
6
29
15
10
18
25
27
17
15
14
418
14
37
74
7
9
14
2
22
7
35
13
8
26
25
30
9
13
16
413
7
9
93
