4842
1166
4995
4911
4842
4999
682
4842
4842
4842
4896
4999
4842
4999
4841
4917
4911
4837
4836
1152
4999
4999
4837
4999
679
4836
4836
4837
4993
4999
4837
4999
4836
4911
4905
4830
4829
1103
4999
4994
4830
4999
653
4829
4829
4830
4995
4999
4830
4999
4829
4904
4898
4823
4823
1056
4999
4999
4823
4999
617
4823
4823
4823
4999
4999
4823
4998
4823
4898
4892
4817
4817
1025
4999
4999
4817
4999
602
4817
4817
4817
4999
4999
4817
4999
4816
4891
4885
4810
4810
1002
4999
4999
4810
4999
595
4810
4810
4810
4999
4999
4810
4999
4810
4885
4879
4804
4804
969
4999
4999
4804
4999
586
4804
4804
4804
4999
4999
4804
4999
4804
4878
4872
4798
4797
919
4995
4999
4798
4995
561
4797
4797
4798
4999
4995
4798
4969
4797
4871
4866
4791
4791
891
4999
4999
4791
4999
541
4811
4791
4791
4999
4999
4792
4974
4791
4865
4859
4786
4786
852
4999
4999
4787
4999
521
4922
4788
4787
4999
4999
4788
4999
4786
4859
4853
4862
4861
144
4836
4918
4867
4808
70
4998
4871
4864
4927
4782
4871
4812
4863
4852
4846
4997
4997
4463
4855
2601
4999
4349
1987
4988
1962
2470
2522
4999
4999
4898
4248
4999
4371
4998
1554
4846
4840
2774
2779
2049
2171
1063
2804
2127
813
2615
803
1024
1044
2939
2860
2223
2011
2875
2247
2885
651
3022
3023
50
31
3
31
30
91
22
62
6
1
7
108
109
85
122
49
16
126
1
140
141
132
87
6
92
92
72
47
95
96
96
96
142
93
4
60
60
137
90
2
56
59
56
56
159
103
3
8
8
186
121
4
3
3
7
7
186
120
1
10
11
218
141
3
16
222
144
2
16
16
245
159
3
8
258
166
3
7
7
272
175
3
288
186
3
1
300
193
4
2
2
316
203
4
2
326
210
3
2
2
340
219
4
1
352
226
4
1
1
363
234
4
375
241
4
386
247
5
397
254
5
407
261
5
417
267
5
427
274
5
436
279
5
445
285
5
453
290
6
462
296
6
471
301
6
479
307
7
488
313
9
498
319
10
506
325
12
513
330
12
521
334
13
528
340
14
535
344
15
542
348
15
549
353
16
556
357
18
562
362
19
568
366
19
572
368
19
577
371
19
582
374
20
586
377
19
591
379
19
595
381
19
599
384
19
603
387
20
606
389
20
611
391
20
614
393
20
617
396
20
621
397
20
623
400
20
626
401
20
629
403
20
632
405
20
634
406
20
637
407
21
640
409
20
642
410
20
644
411
21
646
412
20
648
414
20
650
415
21
652
416
21
654
417
20
655
418
20
657
419
20
659
420
20
660
421
20
661
421
21
662
422
20
664
423
20
665
424
20
666
424
20
668
425
20
669
426
21
669
426
20
671
426
20
671
427
21
672
427
21
673
428
20
673
428
20
674
428
20
674
429
20
676
429
20
676
429
21
676
429
20
677
430
20
677
430
20
677
430
20
677
430
21
678
430
20
678
430
21
678
430
20
679
430
20
679
431
21
679
430
20
679
430
20
679
431
20
679
430
20
679
430
20
679
430
20
679
430
21
679
430
20
679
430
20
679
430
20
678
429
20
678
429
20
678
429
20
677
429
20
677
429
20
677
429
20
677
429
20
677
428
20
676
428
20
676
428
20
676
428
20
675
428
20
675
427
20
674
427
20
674
426
20
674
426
19
673
426
19
673
425
20
672
425
19
672
425
20
671
424
20
671
424
19
671
424
19
670
423
19
670
423
19
669
423
19
668
422
19
668
422
19
667
422
19
666
421
19
666
420
20
666
421
19
665
420
19
664
420
20
664
419
19
663
419
19
662
418
19
662
418
19
661
418
19
660
417
19
659
417
19
659
417
19
659
416
19
658
415
19
657
415
19
657
414
19
656
414
19
655
413
19
654
413
19
654
413
19
653
412
19
652
412
19
651
411
19
651
411
19
650
410
18
650
410
18
649
409
19
648
409
19
647
408
18
646
408
19
646
408
19
645
407
19
644
407
19
644
406
19
643
406
18
642
405
18
641
404
18
640
404
18
640
403
19
639
403
18
638
403
19
638
402
19
637
402
18
636
401
19
635
401
18
634
400
18
633
400
19
633
399
19
632
398
18
631
398
18
630
397
18
630
397
18
629
397
18
628
396
18
628
396
18
627
395
18
626
395
18
625
395
18
625
394
18
633
399
19
632
398
18
631
398
18
630
397
18
630
397
18
629
397
18
628
396
18
628
396
18
627
395
18
626
395
18
625
395
18
625
394
18
618
393
23
618
392
23
1
617
392
24
1
616
392
24
1
616
391
23
1
615
391
24
1
614
390
24
1
439
281
17
1
347
354
82
87
39
330
60
28
189
26
32
30
276
312
60
52
302
39
304
14
381
340
75
72
143
157
72
86
117
58
134
57
72
75
110
100
171
151
105
121
104
49
188
94
51
32
2
123
121
137
149
68
126
108
54
142
52
65
67
132
128
148
131
130
103
127
41
148
123
25
15
1
72
72
52
57
26
73
41
20
63
19
23
24
69
72
52
47
71
37
70
14
137
72
5
2
14
14
2
13
1
1
8
12
10
10
13
7
6
21
24
11
9
17
9
17
8
10
1
11
12
10
23
23
10
18
9
7
12
6
7
4
1
1
28
20
19
21
24
11
21
17
9
21
9
10
1
11
21
21
21
21
21
16
20
6
80
19
4
2
1
1
12
12
7
9
5
13
6
4
9
3
3
1
1
4
11
12
7
8
12
6
10
2
23
11
1
1
1
1
1
1
1
46
3
2
1
3
1
1
1
2
3
2
46
1
3
3
4
6
3
4
4
3
3
3
2
1
1
3
4
5
4
7
4
4
2
1
13
2
1
1
1
1
5
5
4
6
3
5
3
3
4
3
2
1
1
3
5
6
3
6
5
3
3
1
37
3
1
1
1
1
1
1
2
2
1
39
4
4
1
4
3
4
2
3
1
2
2
1
1
2
2
3
4
1
4
3
1
1
1
13
2
2
2
3
2
2
1
3
2
1
2
2
2
2
2
3
2
1
1
3
3
2
1
2
1
3
1
2
1
2
2
1
2
3
3
2
1
29
1
3
3
1
4
2
3
2
3
1
1
2
1
2
2
2
3
4
1
4
2
2
1
80
1
3
2
2
1
2
1
3
1
1
1
2
2
2
2
3
3
2
1
59
3
3
1
3
2
3
2
4
1
2
2
1
3
2
3
3
4
1
4
3
2
1
1
1
3
3
1
3
2
2
1
3
1
1
2
1
2
2
1
2
3
3
2
2
1
33
4
4
1
1
4
3
3
1
3
1
1
2
2
2
2
2
3
4
3
3
1
1
84
1
3
3
1
4
2
3
2
4
1
1
3
2
3
2
2
3
4
1
4
3
2
1
65
1
3
3
1
4
2
3
2
3
1
2
3
2
2
3
2
3
4
1
4
3
2
1
10
1
4
4
1
1
4
3
3
2
4
1
2
3
1
2
3
2
3
4
1
4
3
2
1
20
1
3
4
1
1
4
2
3
2
4
2
2
3
2
3
3
3
3
4
1
4
3
2
1
56
1
4
4
1
1
4
3
3
2
4
2
2
3
2
3
3
3
3
4
1
4
3
2
1
51
1
4
4
1
1
4
3
3
2
4
1
2
3
1
3
2
3
3
4
1
4
3
2
1
16
1
4
4
1
1
4
3
4
2
4
2
2
3
2
3
3
3
3
4
1
4
3
1
1
1
2
1
4
4
1
1
5
3
3
2
5
2
2
3
3
3
3
3
4
5
1
5
3
2
1
1
44
1
5
4
1
1
5
3
4
3
5
2
2
3
2
3
3
3
4
5
1
5
3
2
1
36
1
5
5
1
1
5
3
4
2
5
1
2
3
2
3
3
3
4
5
1
5
3
2
1
1
5
5
1
1
5
3
4
2
5
2
3
3
2
4
3
3
4
5
2
5
3
3
1
2
1
5
5
1
1
5
3
4
3
5
2
3
3
3
3
4
3
4
5
2
5
3
2
1
2
1
5
5
1
1
5
3
4
3
5
2
3
3
2
3
3
3
4
5
1
5
3
2
1
21
1
5
5
1
1
5
3
5
2
5
2
3
3
2
4
4
3
4
5
2
5
4
2
1
2
1
5
5
1
1
5
3
4
3
5
2
3
3
3
4
4
4
4
6
2
5
3
2
1
2
1
5
6
1
1
6
4
4
3
5
2
3
4
3
4
4
3
4
6
2
5
3
2
1
2
6
1
5
6
1
1
6
4
4
3
6
2
3
4
3
4
4
4
4
6
2
6
4
2
1
2
19
1
5
6
1
1
5
3
4
2
5
2
4
4
3
4
4
4
5
6
2
6
4
2
1
2
2
6
6
1
1
6
4
5
3
6
2
3
4
3
4
4
4
5
6
2
6
4
2
1
2
2
6
7
1
1
6
4
5
3
6
2
3
4
3
4
4
4
5
6
2
6
4
2
1
2
2
1
5
6
1
1
6
4
4
3
6
2
4
4
3
5
4
4
5
6
3
6
4
2
1
2
46
1
6
7
1
1
6
4
5
3
6
3
4
4
3
4
4
4
5
6
2
6
4
3
1
2
6
2
6
7
1
2
6
4
5
3
6
3
4
5
3
5
4
4
5
6
2
6
4
3
1
2
1
5
7
1
1
6
5
5
3
6
3
4
4
3
5
4
4
5
6
2
6
4
3
1
2
21
2
6
7
2
1
6
5
5
3
7
3
4
5
4
5
5
4
6
7
2
7
5
3
1
3
53
2
5
5
1
1
5
3
5
2
5
2
3
3
2
4
4
3
4
5
2
5
4
2
1
2
1
5
5
1
1
5
3
4
3
5
2
3
3
3
4
4
4
4
6
2
5
3
2
1
2
1
5
6
1
1
6
4
4
3
5
2
3
4
3
4
4
3
4
6
2
5
3
2
1
2
6
1
5
6
1
1
6
4
4
3
6
2
3
4
3
4
4
4
4
6
2
6
4
2
1
2
19
1
5
6
1
1
5
3
4
2
5
2
4
4
3
4
4
4
5
6
2
6
4
2
1
2
2
6
6
1
1
6
4
5
3
6
2
3
4
3
4
4
4
5
6
2
6
4
2
1
2
2
6
7
1
1
6
4
5
3
6
2
3
4
3
4
4
4
5
6
2
6
4
2
1
2
2
1
5
6
1
1
6
4
4
3
6
2
4
4
3
5
4
4
5
6
3
6
4
2
1
2
46
1
6
7
1
1
6
4
5
3
6
3
4
4
3
4
4
4
5
6
2
6
4
3
1
2
6
2
6
7
1
2
6
4
5
3
6
3
4
5
3
5
4
4
5
6
2
6
4
3
1
2
1
5
7
1
1
6
5
5
3
6
3
4
4
3
5
4
4
5
6
2
6
4
3
1
2
21
2
6
7
2
1
6
5
5
3
7
3
4
5
4
5
5
4
6
7
2
7
5
3
1
3
53
2
7
7
2
1
7
5
5
3
7
3
4
5
4
5
5
4
5
7
3
7
5
3
1
2
43
1
6
7
1
1
7
5
5
3
7
3
4
5
4
5
5
4
5
7
3
7
5
3
1
3
9
2
7
8
1
2
7
5
5
3
7
3
4
5
4
5
5
5
6
7
3
7
5
3
1
3
1
2
7
8
1
1
7
5
5
3
7
3
4
5
4
5
5
5
6
7
3
7
5
3
1
2
78
1
7
8
1
1
7
5
5
3
7
3
5
5
4
5
5
5
6
7
2
7
5
3
1
2
73
1
7
8
1
1
7
5
5
3
7
3
5
5
4
6
5
5
6
7
3
7
5
3
1
3
2
7
8
1
1
7
5
5
3
7
3
4
5
4
5
5
5
6
7
3
7
5
3
1
3
20
1
7
8
2
1
7
5
5
3
8
4
4
5
4
6
5
5
6
7
3
7
5
3
1
2
79
1
7
9
1
1
8
5
6
3
7
4
5
5
4
6
5
5
6
7
3
7
5
3
2
3
69
2
7
8
1
1
8
5
5
4
8
3
5
5
5
6
5
6
6
7
3
8
6
3
2
3
5
2
8
9
2
1
8
5
6
4
8
4
5
6
4
6
5
5
6
7
3
7
5
3
1
3
5
2
8
9
1
2
8
5
6
4
8
4
5
5
5
6
6
5
7
7
3
7
6
3
1
3
39
2
7
8
1
1
7
5
6
4
8
4
5
5
5
6
6
6
7
8
4
8
6
4
1
3
55
2
8
9
2
1
8
5
6
4
8
4
5
6
5
6
5
5
7
7
3
8
5
3
2
3
26
2
8
9
2
2
8
6
6
4
8
4
5
6
5
6
6
6
7
8
4
8
6
3
1
3
2
8
9
1
1
8
5
6
4
9
4
5
6
5
6
6
6
7
8
4
8
6
4
2
4
17
2
8
9
2
1
9
6
6
4
8
5
6
6
5
7
6
6
7
8
4
9
6
4
2
3
29
2
9
10
2
1
8
6
6
4
9
5
6
6
5
6
6
6
7
8
4
8
6
3
1
3
20
2
9
9
1
1
9
6
6
4
9
4
6
6
5
6
6
6
7
9
4
8
6
4
2
3
7
2
8
10
2
1
9
6
6
4
9
5
6
6
5
7
7
7
8
9
4
9
6
4
2
3
24
2
9
10
2
2
9
6
6
4
9
5
6
6
5
7
6
6
7
9
4
8
6
3
1
3
72
2
9
10
2
2
9
6
6
5
9
4
6
7
5
7
6
6
7
9
4
9
6
4
2
4
42
2
9
10
2
1
9
6
7
5
9
5
6
7
5
7
7
6
8
9
4
9
6
4
2
4
2
9
10
2
2
9
6
7
5
9
5
6
7
6
7
7
7
8
9
4
9
6
3
2
3
26
2
9
10
2
1
9
7
7
4
10
5
6
6
5
7
7
7
8
9
4
9
6
3
1
4
72
2
9
10
2
1
9
6
7
4
9
5
7
7
5
7
7
7
8
9
4
9
7
4
2
4
53
2
9
11
2
2
9
6
7
5
10
5
7
7
6
7
7
7
8
9
5
9
7
4
2
4
2
3
9
11
2
2
10
7
7
5
10
5
7
7
6
7
7
7
8
9
5
9
6
3
2
4
15
2
9
11
2
1
9
6
7
5
10
5
7
7
6
7
7
7
8
10
5
10
7
4
2
4
60
2
10
11
2
2
9
7
7
4
10
5
7
7
6
8
7
7
9
10
5
10
7
4
2
4
53
2
10
11
2
2
10
7
7
5
10
5
7
7
6
8
7
7
8
9
5
9
7
4
2
4
1
2
10
11
2
2
10
7
7
5
10
5
7
7
6
8
7
7
9
10
5
10
7
5
2
4
13
2
10
11
2
2
10
7
7
5
11
6
7
7
6
8
7
8
9
10
6
10
7
5
2
5
36
3
10
12
2
2
10
7
7
5
10
5
7
8
6
8
7
7
9
10
5
10
7
4
3
4
54
2
10
12
2
2
10
7
7
5
11
5
7
7
6
8
7
7
9
10
5
10
7
4
2
4
14
2
10
12
2
2
10
7
7
5
11
6
7
7
6
9
8
8
9
10
6
10
7
5
3
5
3
10
12
2
2
10
7
7
5
11
6
7
8
7
9
8
7
9
10
5
10
7
5
2
4
46
2
10
12
2
2
11
8
7
5
11
5
7
8
6
8
7
8
9
10
5
10
7
4
2
4
49
2
10
12
2
2
10
7
8
5
11
5
8
8
7
8
8
8
9
10
6
10
7
5
3
5
15
3
10
12
2
2
11
7
7
5
11
6
8
8
7
8
8
8
9
10
5
11
7
5
2
4
2
10
13
3
2
11
8
8
5
12
6
8
8
6
9
7
8
9
10
5
10
7
4
2
4
29
2
11
12
2
2
11
7
8
5
12
6
8
8
7
9
8
8
9
10
5
11
7
4
2
5
61
2
10
12
2
2
11
8
8
5
11
6
8
8
7
9
8
8
10
10
6
11
7
5
3
5
24
2
11
13
3
2
11
8
8
6
12
6
8
8
7
9
8
8
10
11
6
10
8
5
2
5
2
11
13
3
3
11
8
8
6
12
6
8
9
7
9
8
8
10
11
6
11
8
4
2
5
2
11
13
2
2
11
8
8
5
12
6
8
8
7
9
8
8
10
11
6
11
7
5
3
5
31
3
11
13
2
2
11
8
8
5
12
6
8
8
7
9
8
8
10
11
6
11
8
5
3
5
10
3
11
13
3
2
12
8
9
6
12
6
8
9
7
9
8
8
10
11
6
11
8
4
2
5
2
11
13
2
2
12
8
8
6
12
7
9
9
7
9
9
9
10
11
6
11
8
5
3
5
12
3
11
13
2
3
12
8
8
6
12
6
9
9
7
9
9
9
10
11
6
11
8
5
3
5
34
2
11
14
3
3
12
9
8
6
13
6
9
9
7
9
8
9
10
11
6
11
8
5
3
5
26
2
12
14
3
3
12
9
9
6
13
7
9
9
7
9
8
9
10
12
6
11
8
5
3
5
2
12
13
2
2
12
9
8
6
13
7
9
9
7
9
9
9
10
12
6
11
8
5
3
5
6
2
12
14
3
2
12
9
9
6
13
6
9
9
8
10
8
9
10
12
6
12
8
5
3
5
75
3
12
14
3
3
12
9
9
6
13
7
9
9
8
10
8
9
11
12
6
12
8
5
3
5
56
2
12
14
3
3
12
9
9
6
13
7
9
9
8
10
9
9
11
12
7
12
9
5
3
5
2
12
14
3
2
12
9
9
6
13
7
9
9
8
10
9
9
11
12
6
12
9
5
3
5
11
3
12
14
3
2
13
9
9
6
13
7
9
9
8
10
9
9
11
12
6
12
8
5
2
5
49
2
12
14
3
2
12
9
9
6
13
7
9
9
8
10
9
9
11
12
7
12
9
5
3
5
39
3
12
15
3
3
13
9
9
6
13
7
9
10
8
10
9
10
11
13
7
12
9
5
3
6
8
3
12
15
3
3
13
9
9
6
14
7
9
9
8
10
9
9
11
12
7
12
9
5
3
5
1
2
12
15
3
3
13
9
9
6
14
7
10
9
8
10
9
9
11
12
7
13
9
5
3
6
45
2
13
15
2
3
13
9
9
6
14
7
10
10
8
10
10
10
11
13
7
13
9
6
3
6
51
3
13
15
3
3
13
9
9
7
14
8
10
10
8
10
9
10
11
13
7
12
9
5
3
5
4
2
13
15
3
3
13
9
9
7
14
8
10
10
8
11
9
10
11
12
7
12
9
5
3
6
2
13
15
3
2
13
9
9
7
14
7
10
10
8
10
9
10
12
13
7
13
9
6
3
6
28
3
13
16
3
2
13
9
9
7
14
8
10
10
8
11
10
10
12
13
7
13
9
5
3
6
28
3
13
15
3
3
14
9
10
7
14
8
10
10
8
11
9
10
11
12
7
12
9
