4897
4896
4896
4897
4907
4896
4895
4896
4998
4999
4766
4896
4995
4896
4896
4763
4896
4896
4895
4803
4980
4974
4998
4901
4900
4900
4900
4904
4900
4900
4901
4999
4999
4790
4901
4999
4901
4900
4788
4901
4900
4900
4821
4971
4968
4999
4885
4884
4884
4885
4892
4884
4885
4885
4999
4999
4759
4885
4999
4885
4885
4757
4902
4885
4885
4795
4965
4959
4999
4885
4884
4884
4885
4891
4884
4884
4884
4999
4999
4768
4884
4999
4884
4884
4766
4981
4884
4884
4801
4959
4955
4999
4875
4874
4875
4875
4880
4875
4875
4876
4999
4999
4755
4876
4999
4875
4875
4753
4997
4875
4875
4785
4951
4947
4999
4869
4868
4869
4869
4876
4869
4868
4869
4999
4999
4749
4869
4999
4869
4869
4747
4999
4869
4868
4726
4946
4941
4999
4864
4863
4863
4864
4869
4863
4863
4864
4999
4999
4746
4864
4999
4864
4864
4744
4999
4864
4863
4580
4938
4934
4999
4856
4855
4855
4855
4862
4855
4855
4856
4999
4999
4735
4856
4999
4856
4855
4733
4999
4855
4855
4429
4932
4928
4999
4851
4850
4850
4851
4856
4850
4850
4851
4999
4999
4733
4851
4999
4851
4851
4731
4999
4851
4850
4323
4925
4921
4999
4843
4842
4842
4843
4849
4842
4843
4843
4999
4999
4723
4843
4999
4843
4843
4721
4999
4843
4842
4199
4919
4914
4999
4838
4837
4837
4837
4843
4837
4837
4837
4999
4999
4719
4838
4999
4837
4837
4717
4999
4837
4837
4064
4913
4908
4999
4831
4830
4830
4831
4836
4830
4830
4831
4999
4999
4712
4831
4999
4831
4831
4710
4999
4830
4830
3960
4906
4901
3975
4969
4968
4968
129
4968
1850
4283
4375
4719
4221
1820
1486
3996
4945
4969
4045
4601
4968
4743
3888
4967
4712
4822
4817
3872
4958
4957
4958
143
4958
1810
4161
4249
4581
4137
1953
1598
3891
4909
4958
3943
4470
4958
4746
3771
4916
4577
4815
4811
3803
4953
4952
4952
115
4953
1863
4039
4119
4445
4080
1703
1389
3820
4919
4953
3873
4334
4953
4687
3691
4777
4441
4809
4805
3707
4947
4946
4946
126
4947
1806
3918
3994
4308
4003
1808
1478
3723
4907
4944
3780
4210
4946
4748
3584
4627
4306
4803
4798
3635
4939
4938
4938
109
4939
1846
3806
3875
4181
3943
1654
1349
3649
4898
4883
3707
4083
4938
4681
3500
4500
4180
4796
4792
3554
4934
4933
4933
110
4934
1818
3691
3757
4053
3878
1652
1347
3567
4898
4732
3628
3964
4933
4747
3409
4364
4053
4790
4786
3478
4926
4925
4925
104
4926
1826
3584
3645
3933
3816
1600
1304
3490
4884
4586
3553
3847
4926
4843
3323
4238
3935
4784
4779
3406
4920
4919
4920
97
4920
1824
3479
3534
3813
3757
1530
1247
3417
4884
4457
3482
3733
4920
4983
3242
4113
3816
4777
4773
3325
4888
4887
4888
95
4891
1814
3371
3422
3691
3691
1517
1236
3340
4869
4315
3409
3623
4903
4992
3158
3992
3702
4771
4766
2174
2786
2791
2796
62
2809
1311
2198
2224
2359
2393
1040
847
2217
2859
2684
2262
2350
2897
2783
2139
2547
2405
3022
3025
120
28
27
25
6
267
316
6
107
110
111
152
33
11
8
12
177
18
473
140
140
102
370
416
87
93
74
448
689
230
96
96
397
613
441
57
13
679
870
437
56
56
6
714
880
496
878
1021
590
3
3
19
1001
1121
592
10
11
1093
1191
696
10
1240
1317
710
16
16
1320
1375
782
1
1450
1485
823
7
7
1
1540
1556
867
1644
1642
920
3
1744
1723
956
2
2
1833
1794
1006
1
1930
1874
1042
2
2
2014
1941
1086
2103
2014
1124
1
1
2184
2080
1160
2264
2146
1199
2343
2209
1233
2417
2270
1268
2491
2330
1301
2562
2387
1334
2630
2443
1365
2696
2496
1395
2760
2549
1425
2822
2599
1453
2882
2648
1480
2941
2696
1506
2997
2741
1533
3051
2786
1558
3105
2829
1582
3156
2871
1606
3206
2913
1630
3255
2952
1652
3302
2991
1674
3348
3028
1696
3392
3064
1717
3435
3099
1737
3477
3134
1757
3516
3166
1775
3555
3198
1794
3592
3229
1812
3628
3258
1828
3661
3285
1843
3695
3312
1859
3727
3338
1875
3757
3363
1888
3787
3388
1902
3816
3411
1915
3843
3433
1928
3869
3454
1940
3895
3475
1952
3919
3495
1963
3943
3514
1973
3966
3533
1985
3988
3551
1995
4008
3568
2004
4029
3584
2013
4049
3600
2023
4067
3615
2031
4085
3630
2039
31
4103
3644
2048
158
4119
3658
2055
309
4135
3671
2063
431
4151
3683
2070
567
4165
3695
2077
689
4179
3706
2083
812
4193
3717
2089
931
4206
3728
2096
1045
4218
3739
2101
1158
4230
3748
2106
1265
4242
3758
2112
1371
4253
3766
2117
1472
4263
3774
2122
1571
4273
3782
2126
1667
4282
3790
2130
1760
4291
3797
2134
1850
4300
3804
2138
1937
4307
3810
2142
2023
4315
3816
2145
2104
4322
3822
2149
2184
4329
3827
2152
2262
4336
3833
2155
2337
4342
3837
2158
2410
4348
3842
2161
2480
4353
3847
2163
2549
4358
3850
2165
2615
4363
3854
2168
2679
4368
3858
2170
2742
4372
3861
2172
2801
4375
3864
2173
2860
4379
3867
2175
2917
4383
3870
2176
2972
4386
3872
2177
3025
4389
3874
2179
3077
4391
3876
2180
3127
4393
3877
2181
3175
4395
3879
2182
3221
4397
3880
2183
3267
4399
3881
2184
3311
4400
3882
2184
3353
4401
3883
2185
3394
4402
3884
2185
3434
4403
3884
2185
3473
4404
3884
2185
3510
4404
3885
2186
3546
4404
3884
2185
3581
4405
3884
2186
3614
4404
3884
2185
3647
4404
3883
2185
3679
4403
3882
2184
3708
4403
3882
2185
3738
4402
3881
2184
3767
4401
3880
2183
3793
4400
3879
2183
3820
4399
3878
2182
3846
4397
3876
2181
3871
4396
3875
2180
3894
4394
3873
2180
3917
4393
3872
2179
3940
4391
3870
2178
3961
4389
3868
2177
3982
4387
3866
2176
4001
4385
3864
2175
4020
4383
3862
2174
4039
4381
3860
2173
4057
4378
3858
2172
4074
4375
3855
2170
4090
4373
3853
2169
4106
4370
3850
2167
4121
4367
3848
2166
4135
4364
3845
2165
4149
4362
3843
2163
4163
4358
3839
2162
4175
4355
3837
2160
4188
4352
3834
2159
4200
4348
3831
2156
4211
4346
3828
2155
4222
4342
3825
2154
4233
4338
3822
2152
4243
4335
3818
2150
4252
4331
3815
2148
4261
4327
3812
2146
4270
4324
3808
2144
4278
4320
3806
2143
4285
4317
3802
2141
4293
4312
3798
2138
4300
4309
3795
2137
4307
4305
3792
2135
4313
4301
3788
2133
4319
4297
3784
2131
4325
4293
3781
2129
4330
4288
3777
2127
4335
4284
3773
2125
4340
4281
3769
2123
4344
4276
3766
2121
4349
4271
3762
2118
4352
4267
3759
2116
4355
4263
3754
2114
4359
4258
3750
2112
4362
4254
3747
2109
4365
4250
3743
2108
4367
4245
3739
2105
4369
4240
3734
2103
4372
4236
3731
2101
4374
4232
3727
2099
4375
4226
3722
2096
4376
4222
3718
2094
4378
4218
3714
2092
4379
4213
3710
2089
4380
4208
3706
2087
4380
4203
3702
2085
4381
4199
3698
2083
4381
4194
3693
2080
4382
4190
3689
2078
4382
4185
3685
2075
4381
4180
3681
2073
4381
4176
3677
2071
4380
4170
3673
2069
4380
4166
3668
2066
4379
4161
3664
2063
4378
4156
3660
2061
4377
4151
3656
2059
4376
4146
3651
2056
4375
4141
3647
2054
4373
4137
3643
2051
4371
4131
3638
2049
4370
4127
3634
2047
4368
4122
3630
2044
4381
4176
3677
2071
4380
4170
3673
2069
4380
4166
3668
2066
4379
4161
3664
2063
4378
4156
3660
2061
4377
4151
3656
2059
4376
4146
3651
2056
4375
4141
3647
2054
4373
4137
3643
2051
4371
4131
3638
2049
4370
4127
3634
2047
4368
4122
3630
2044
4336
4057
3573
2013
4333
4052
3568
2010
4331
4048
3565
2008
4329
4047
3564
2009
4323
4042
3560
2007
4317
4035
3554
2003
4312
4031
3550
2001
4306
4025
3545
1999
4300
4020
3541
1996
4294
4015
3535
1993
4289
4010
3531
1991
4283
4004
3527
1988
4277
3999
3522
1985
4271
3994
3517
1983
4266
3988
3513
1981
4245
3980
3508
1977
2685
2578
2355
1447
65
343
341
343
3
323
81
82
113
41
34
28
48
196
43
87
286
44
135
88
357
346
104
77
78
79
5
85
160
165
160
89
74
63
113
135
112
173
108
133
158
174
136
92
148
164
187
173
102
124
124
125
5
126
149
153
153
81
67
57
101
142
99
155
131
115
148
154
144
123
96
98
99
78
39
73
72
74
2
71
55
56
60
29
25
21
36
64
36
57
69
40
59
56
109
73
49
43
33
12
11
14
13
14
11
9
10
15
14
16
8
7
9
1
8
21
23
23
12
11
10
16
17
16
24
11
18
20
23
7
6
14
16
20
22
30
15
20
19
20
19
21
22
23
12
10
10
15
22
16
24
20
17
22
23
70
19
16
16
16
12
24
5
12
11
12
11
6
7
8
4
4
4
5
9
5
8
10
5
7
7
27
11
7
1
6
4
1
38
2
2
3
1
1
1
3
53
2
4
3
3
4
1
3
2
4
4
2
3
3
3
4
3
5
2
3
4
4
16
2
1
2
1
4
3
4
3
4
4
5
4
2
3
3
1
3
3
3
5
4
4
4
3
3
4
47
4
1
3
1
3
3
2
52
2
3
3
3
1
2
1
1
2
3
1
3
1
2
2
1
1
1
25
2
1
1
1
1
1
1
2
1
2
1
1
1
1
1
1
1
22
1
2
1
2
1
1
2
1
1
1
1
1
47
1
1
2
2
3
1
1
1
1
1
3
1
1
2
1
2
1
1
1
1
59
1
1
1
1
2
1
2
1
1
1
1
44
1
2
2
3
1
1
1
1
1
3
1
1
2
2
2
1
1
1
1
1
7
1
1
2
1
2
1
1
1
1
1
3
1
2
1
1
1
1
1
21
1
2
1
2
1
1
1
1
3
1
1
2
2
1
1
1
1
1
45
1
1
2
1
2
1
1
1
1
3
1
1
2
2
1
1
1
1
1
1
1
16
1
2
2
2
3
1
1
1
1
1
1
3
1
1
2
1
1
1
1
1
1
1
1
1
2
2
3
2
1
1
1
1
3
1
1
2
1
2
1
1
1
1
1
1
1
1
2
1
2
1
1
1
1
1
3
1
2
2
1
2
1
1
1
1
1
1
4
1
2
2
2
3
1
1
1
1
1
3
1
2
2
2
2
1
1
1
1
1
1
1
2
2
2
3
2
2
1
1
1
1
3
1
2
2
2
1
1
1
1
1
1
1
2
2
2
3
1
1
1
1
1
1
3
2
2
3
2
2
2
1
2
1
1
2
2
2
2
2
3
1
1
1
1
1
1
3
2
2
3
2
2
1
1
1
1
1
2
43
2
2
2
2
3
1
2
1
1
1
1
1
3
1
2
3
2
1
1
2
1
1
1
2
60
1
2
2
2
3
2
1
1
1
1
2
3
2
2
3
2
2
1
2
2
1
1
2
4
1
2
3
2
3
2
2
1
1
1
1
1
3
2
2
3
3
2
2
2
2
1
2
1
2
2
3
2
3
2
2
1
1
1
1
1
3
1
2
3
2
2
2
2
2
1
1
2
53
1
2
2
2
3
2
2
1
1
1
1
4
1
2
3
2
2
2
2
1
1
2
2
70
2
2
2
2
3
1
2
1
1
1
1
4
2
2
3
2
2
2
2
2
1
2
2
29
2
3
3
2
3
2
2
2
1
1
1
4
2
2
3
3
2
2
2
2
1
2
2
33
1
2
3
2
3
2
2
1
1
1
1
1
3
2
2
3
2
2
1
2
2
1
1
2
82
2
2
3
2
3
2
2
1
2
1
1
1
4
2
2
3
2
2
2
2
2
1
2
2
90
2
3
3
2
3
2
2
1
1
1
1
4
2
2
4
2
2
2
2
2
1
2
2
55
2
3
3
3
4
2
2
2
1
1
1
4
2
2
4
2
2
2
2
2
1
2
2
20
1
3
3
3
4
2
2
1
2
1
2
2
4
2
3
4
3
3
2
2
2
1
2
3
32
2
2
3
2
4
2
2
1
2
1
1
2
4
2
3
4
2
3
2
3
2
1
2
3
64
2
3
3
3
4
2
3
1
2
2
2
2
4
2
3
3
2
2
2
2
2
1
2
2
60
2
3
3
3
4
3
2
1
2
1
2
2
5
2
3
4
3
2
2
2
2
2
2
2
49
2
3
3
2
4
2
2
1
2
1
2
1
5
2
3
3
3
2
2
3
3
2
3
3
52
2
3
3
3
4
2
3
1
2
1
2
2
4
2
3
4
3
2
2
2
3
2
2
3
89
2
3
4
3
4
3
3
1
2
1
2
1
4
2
3
4
3
3
2
2
2
2
2
2
98
2
3
3
2
4
2
2
1
2
2
2
2
5
2
3
4
3
3
2
3
3
2
3
3
36
2
3
3
3
4
3
2
1
2
1
2
2
5
2
3
4
3
3
3
3
3
2
3
3
35
2
3
4
3
4
3
3
1
2
2
2
1
5
2
3
4
2
2
2
3
3
2
2
3
70
1
3
4
3
4
3
3
1
2
1
2
1
5
3
3
5
3
3
2
3
3
2
3
3
76
2
3
3
3
4
3
3
1
2
1
2
2
5
3
3
5
3
3
2
3
3
2
3
3
47
2
3
4
3
4
3
3
1
1
2
2
2
2
5
3
3
4
3
3
2
3
3
2
2
3
54
2
3
4
3
4
3
3
1
1
2
2
2
1
5
2
3
5
3
3
2
3
3
2
3
3
105
2
3
4
3
4
3
3
1
3
1
2
2
5
3
4
5
3
3
3
3
3
2
3
3
68
2
3
4
3
4
3
3
1
1
2
2
2
2
5
3
4
4
3
3
3
3
3
2
3
3
29
2
4
4
3
4
3
3
1
1
2
2
2
1
5
3
4
5
3
3
2
3
3
2
2
3
36
2
4
3
3
4
3
3
1
1
3
2
2
2
5
3
4
5
3
3
3
3
3
2
3
3
66
2
4
4
3
5
3
3
1
1
3
2
2
2
6
3
4
5
3
3
3
3
3
2
3
3
71
2
4
4
3
5
3
4
1
1
3
2
2
2
5
3
4
5
3
3
3
4
3
2
3
3
50
2
4
4
3
5
3
3
1
1
3
2
2
2
5
3
3
5
3
3
3
4
4
2
3
3
51
2
4
4
3
5
3
3
1
1
3
2
2
2
6
3
4
5
4
3
3
4
4
2
3
4
74
2
4
4
3
5
3
3
1
1
3
2
3
2
5
3
4
5
3
3
3
3
4
2
3
3
103
2
4
4
4
5
4
4
1
1
3
2
3
2
6
3
4
5
4
4
3
4
3
2
3
3
100
2
4
4
3
5
3
4
1
3
2
3
2
6
4
4
5
4
4
3
4
4
3
4
4
63
2
4
4
3
5
4
4
1
1
3
2
3
2
6
3
4
5
4
3
3
4
4
3
3
4
65
2
4
5
3
5
4
4
1
1
3
2
3
2
6
3
4
5
4
3
3
4
4
2
3
4
105
2
4
4
3
5
4
4
1
1
3
2
3
2
6
3
4
5
4
4
3
4
4
3
4
4
71
2
4
4
4
5
4
3
1
1
3
2
3
2
6
4
4
6
4
3
3
4
4
3
4
4
35
2
4
5
4
5
4
4
1
1
4
2
3
2
6
4
4
6
4
3
3
4
4
2
3
3
70
2
4
5
3
5
4
4
1
1
4
2
3
2
6
4
4
6
4
4
3
4
4
3
4
4
83
2
4
5
3
5
3
4
1
1
3
2
3
2
6
4
5
6
4
4
3
4
4
3
4
4
62
2
5
5
4
5
4
4
2
2
4
2
3
2
6
4
5
6
4
3
3
4
4
3
4
4
33
2
4
4
3
5
3
3
1
1
3
2
2
2
6
3
4
5
4
3
3
4
4
2
3
4
74
2
4
4
3
5
3
3
1
1
3
2
3
2
5
3
4
5
3
3
3
3
4
2
3
3
103
2
4
4
4
5
4
4
1
1
3
2
3
2
6
3
4
5
4
4
3
4
3
2
3
3
100
2
4
4
3
5
3
4
1
3
2
3
2
6
4
4
5
4
4
3
4
4
3
4
4
63
2
4
4
3
5
4
4
1
1
3
2
3
2
6
3
4
5
4
3
3
4
4
3
3
4
65
2
4
5
3
5
4
4
1
1
3
2
3
2
6
3
4
5
4
3
3
4
4
2
3
4
105
2
4
4
3
5
4
4
1
1
3
2
3
2
6
3
4
5
4
4
3
4
4
3
4
4
71
2
4
4
4
5
4
3
1
1
3
2
3
2
6
4
4
6
4
3
3
4
4
3
4
4
35
2
4
5
4
5
4
4
1
1
4
2
3
2
6
4
4
6
4
3
3
4
4
2
3
3
70
2
4
5
3
5
4
4
1
1
4
2
3
2
6
4
4
6
4
4
3
4
4
3
4
4
83
2
4
5
3
5
3
4
1
1
3
2
3
2
6
4
5
6
4
4
3
4
4
3
4
4
62
2
5
5
4
5
4
4
2
2
4
2
3
2
6
4
5
6
4
3
3
4
4
3
4
4
33
2
4
5
4
5
4
4
1
1
4
2
3
2
6
4
5
6
4
4
3
4
4
3
4
4
54
2
4
4
3
5
4
4
1
1
3
2
3
2
6
4
5
6
5
4
3
4
5
3
4
4
90
2
5
5
4
5
4
4
1
2
4
2
3
2
6
4
5
6
4
4
3
5
4
3
4
4
92
2
5
5
4
5
4
5
2
2
4
2
3
2
6
4
5
6
4
4
3
4
4
3
4
4
75
2
5
5
4
5
4
4
1
2
4
3
3
2
6
4
5
6
5
4
3
5
5
3
4
4
39
3
5
5
4
5
4
4
1
2
4
2
3
3
7
4
5
6
4
4
3
5
5
4
4
4
66
2
5
5
4
6
4
5
1
2
4
2
4
2
7
4
5
6
4
4
3
4
5
3
4
4
103
2
4
5
4
5
4
4
1
1
4
2
3
2
7
4
5
6
4
4
4
5
5
3
4
4
44
3
4
5
4
5
4
4
1
2
3
2
4
2
7
5
5
7
4
5
3
5
5
3
4
5
21
2
5
5
4
6
5
5
1
2
4
3
4
2
7
4
5
6
4
4
3
5
5
3
4
4
46
2
5
5
4
6
5
5
1
2
4
3
4
2
7
5
5
6
5
4
3
5
5
3
4
4
56
2
5
5
4
5
4
4
1
2
4
2
4
2
7
5
6
7
5
4
4
5
5
3
5
5
16
3
5
5
4
6
5
5
2
2
4
3
4
2
7
4
5
7
5
4
3
5
5
3
4
4
1
2
5
5
4
6
5
5
2
2
4
3
4
2
7
4
5
7
5
4
3
5
5
3
5
4
34
2
5
5
4
6
5
5
1
2
4
2
3
2
7
5
6
7
5
4
4
5
5
3
5
5
60
2
5
5
4
6
5
5
1
2
5
2
4
2
7
5
5
7
5
4
3
5
5
3
5
5
48
2
5
5
4
6
5
5
1
2
4
2
4
2
7
5
6
7
4
4
4
5
5
3
5
5
37
2
5
5
4
6
5
5
2
2
4
3
4
3
7
5
6
7
5
4
4
6
5
4
5
5
54
3
6
5
5
6
5
6
2
2
5
3
4
2
8
5
6
7
5
5
4
6
6
4
5
5
49
2
5
5
5
6
5
5
2
2
4
2
4
2
7
5
5
7
5
4
3
5
5
3
5
5
61
1
6
5
4
6
5
5
1
2
4
2
4
2
8
5
6
7
5
4
3
5
5
3
5
5
34
2
5
6
4
6
5
5
1
2
5
3
4
3
8
5
6
8
5
5
4
6
6
4
5
5
5
2
6
6
4
6
5
5
2
2
5
3
4
2
7
5
6
7
5
4
4
5
5
3
5
5
41
2
6
6
4
6
5
5
2
2
5
2
4
3
8
5
6
7
5
4
3
5
5
3
5
5
37
2
5
6
5
6
5
5
2
2
5
3
4
3
8
5
6
7
5
5
4
6
6
4
5
5
2
5
6
5
6
5
5
2
2
5
3
4
2
8
5
6
7
5
5
4
5
6
4
5
5
48
2
5
6
5
7
5
5
2
2
5
3
4
2
7
5
6
7
5
4
4
6
5
3
5
5
139
2
6
6
5
