122
44
110
32
34
54
44
34
40
34
37
57
51
18
61
222
18
122
41
109
27
35
53
44
29
12
26
28
56
56
18
60
5
242
18
124
37
105
24
28
46
35
34
17
32
49
30
51
54
17
56
6
240
11
17
135
35
116
23
31
46
37
27
38
25
35
31
47
44
16
55
2
245
18
127
33
119
21
34
46
38
24
39
27
24
29
42
49
16
54
3
227
16
135
33
113
16
33
40
38
23
36
25
32
16
52
35
17
53
3
150
1
13
136
30
114
14
37
40
40
23
56
14
21
16
57
46
2
17
53
1
89
7
12
135
23
125
10
40
36
36
18
32
6
12
46
21
16
52
25
13
127
22
111
9
34
39
43
18
30
7
36
6
52
10
15
50
17
12
143
22
117
7
29
36
37
18
25
7
96
9
52
23
1
15
48
84
12
151
22
119
3
29
26
28
15
4
17
4
39
18
7
15
44
5
79
12
144
19
116
1
31
25
30
18
7
55
2
51
28
1
14
44
68
4
11
122
23
106
10
32
36
46
43
65
30
57
21
65
58
16
50
6
89
16
117
26
98
12
25
37
46
49
57
36
23
27
54
45
15
49
5
85
15
108
29
93
11
24
34
40
44
40
35
30
27
59
49
1
15
48
12
86
12
117
26
84
7
12
29
37
45
39
35
47
12
48
43
3
11
41
13
2
67
22
18
112
27
82
7
8
27
35
41
72
37
10
42
38
9
39
4
70
17
102
27
80
8
5
28
35
52
53
36
23
15
42
39
8
38
4
2
81
17
118
25
76
4
23
31
54
46
31
60
9
45
37
1
6
34
3
10
73
19
106
32
69
9
27
34
53
24
46
25
20
45
59
1
5
36
16
7
81
2
18
109
29
75
8
28
33
56
43
44
37
20
34
57
5
33
14
6
89
18
103
25
66
4
24
28
53
109
38
39
12
36
56
3
30
11
11
108
16
103
28
75
2
21
26
55
53
40
32
11
34
59
4
30
13
8
93
16
114
27
84
1
14
22
49
73
38
40
6
33
40
6
4
26
19
8
81
1
11
121
18
92
4
13
21
45
76
31
19
4
32
50
4
3
25
11
11
93
6
14
119
16
90
3
5
51
46
31
2
19
40
2
20
11
85
4
16
112
19
77
44
78
32
23
18
36
5
16
4
13
85
10
12
119
16
86
43
59
30
14
52
12
1
16
14
12
82
5
2
11
137
11
99
3
47
45
24
16
33
10
2
16
6
12
72
1
10
9
14
124
10
94
3
6
48
51
23
32
22
34
4
1
18
15
76
12
9
14
120
12
97
3
7
52
48
19
74
30
22
7
2
19
23
77
9
2
16
134
16
102
7
3
57
67
27
36
39
34
14
2
20
6
29
76
5
5
21
119
21
91
6
3
10
66
74
36
33
5
36
47
9
2
22
12
28
76
29
9
1
23
123
21
99
13
6
15
72
65
40
56
5
44
44
2
2
25
6
30
91
10
26
128
23
104
15
8
17
73
46
47
33
8
41
83
5
1
25
4
39
88
15
5
27
135
25
107
16
8
17
73
21
45
42
7
45
61
13
25
5
47
80
25
19
27
132
23
107
18
4
13
73
55
46
49
8
49
49
13
24
7
58
67
41
27
36
29
135
19
108
18
3
11
70
77
38
28
5
40
43
7
23
1
55
77
3
20
20
29
144
17
120
22
4
9
66
46
32
40
1
40
45
7
23
49
87
35
25
30
128
15
110
18
6
61
36
25
27
36
41
14
19
60
62
40
42
35
116
13
85
4
63
51
19
15
23
13
16
12
10
64
61
25
43
32
37
118
9
89
5
64
34
17
50
27
34
9
9
7
66
58
1
49
38
34
133
4
103
6
58
3
8
36
28
13
10
7
62
62
41
46
36
139
7
98
60
36
11
27
12
19
4
62
62
52
35
38
131
9
91
62
19
18
42
1
11
21
1
65
47
10
53
42
41
108
9
71
64
75
19
4
12
12
66
42
12
46
30
41
117
9
77
62
37
25
3
20
9
61
37
36
35
38
133
11
87
59
26
36
15
17
53
34
37
36
40
111
14
68
56
19
24
22
18
52
33
22
43
11
42
90
16
52
56
30
30
4
14
8
54
33
36
26
17
40
102
15
59
54
33
22
4
43
25
14
10
38
108
15
60
45
26
5
9
34
20
11
4
39
107
19
57
37
31
12
30
16
11
5
39
86
25
51
39
42
17
2
21
16
42
37
73
23
43
44
27
9
21
23
40
81
25
45
26
34
11
18
41
78
32
49
14
43
23
3
25
22
84
32
64
33
43
3
34
12
24
41
23
85
31
60
3
26
47
10
32
14
8
29
55
41
31
12
17
52
23
21
54
17
39
21
58
46
35
19
21
55
32
45
24
39
24
67
47
43
23
1
12
54
28
64
27
43
36
19
68
47
51
28
10
1
11
49
30
1
33
33
55
17
68
50
61
37
26
15
6
48
43
9
17
2
40
51
17
45
59
31
47
38
22
8
60
61
6
76
3
45
65
11
61
58
46
49
44
28
5
57
59
12
65
7
51
65
2
26
11
71
57
68
55
11
55
36
54
61
20
71
11
57
69
8
72
58
63
60
7
65
41
52
15
69
18
70
12
61
65
5
61
63
59
65
10
72
50
1
55
13
73
27
67
15
66
74
5
72
63
68
67
20
75
56
1
57
77
38
84
17
71
83
9
6
71
62
75
70
22
87
69
57
38
84
43
73
17
74
69
1
9
74
59
72
68
20
84
61
5
54
27
79
42
54
16
72
81
11
87
60
70
64
16
77
49
9
15
54
35
72
39
75
15
69
78
15
62
66
59
68
14
84
61
16
36
65
25
83
47
97
13
70
9
88
18
78
64
68
68
15
81
59
21
67
12
85
45
79
12
69
86
5
18
80
60
76
66
21
84
66
22
28
60
14
77
59
67
13
70
57
20
74
62
71
66
21
86
70
25
28
59
48
78
65
53
13
71
5
83
23
94
65
73
65
17
81
64
30
10
63
56
81
53
70
13
69
6
87
9
28
79
65
68
63
17
76
61
40
43
67
29
74
63
66
11
68
13
4
89
11
9
32
75
65
66
65
13
76
59
43
31
71
66
77
66
74
10
66
4
2
102
2
32
83
70
64
66
9
77
57
47
28
75
28
86
53
90
9
65
2
2
96
30
84
63
70
57
10
72
53
58
6
59
30
70
45
68
10
63
16
8
103
32
82
57
64
54
6
70
52
60
44
64
49
64
44
71
9
59
15
13
101
26
34
71
62
51
57
69
48
61
39
70
20
77
31
85
7
57
7
11
111
33
77
56
61
50
64
43
64
13
61
22
67
27
90
7
55
5
14
95
30
86
55
66
45
3
63
47
59
18
59
19
54
35
78
8
54
7
16
78
30
84
53
65
43
2
61
46
61
13
57
18
53
36
63
9
54
8
12
91
24
29
82
50
69
43
4
61
43
61
32
59
17
54
36
68
9
54
11
95
28
82
49
70
43
8
68
52
56
31
56
23
54
37
65
10
56
8
90
27
88
50
68
40
3
63
44
58
54
26
50
26
83
10
55
2
12
75
25
92
48
73
37
6
56
41
63
55
45
31
75
10
54
4
7
82
6
25
89
44
64
40
7
69
53
63
18
50
6
51
35
75
11
56
4
81
26
79
45
60
38
3
62
43
63
5
54
7
49
31
83
10
54
7
80
33
80
45
62
30
3
45
28
56
6
49
37
30
55
10
50
3
90
28
85
44
66
31
4
51
37
54
48
41
28
63
11
52
6
82
12
80
37
62
31
6
53
39
74
55
41
40
66
11
52
9
89
23
83
37
66
28
1
48
32
59
48
38
39
25
69
11
48
2
83
20
87
37
69
24
42
29
61
50
11
36
18
72
11
46
5
79
16
89
35
66
21
36
25
62
51
34
23
70
11
45
1
71
21
82
36
62
24
39
28
60
52
28
40
27
88
10
45
1
81
12
19
80
32
64
22
36
24
65
1
50
35
27
65
10
43
6
91
20
90
34
66
21
37
21
59
47
14
33
17
60
11
43
7
78
19
77
39
55
25
39
24
61
9
59
25
47
22
97
10
43
10
79
19
83
36
61
24
39
21
59
59
47
14
91
10
41
6
81
4
18
93
33
78
22
2
37
18
52
54
10
39
31
65
12
43
1
79
19
80
36
60
22
38
20
55
56
12
43
37
57
10
41
6
82
19
85
30
52
19
41
21
64
50
41
19
69
9
39
12
71
18
90
32
67
21
45
25
56
7
54
22
41
28
74
10
42
9
66
11
16
95
33
73
26
54
33
56
57
26
52
28
78
12
44
4
71
15
105
31
86
25
6
54
30
54
59
54
41
79
13
46
71
18
96
36
72
23
3
44
20
52
20
62
9
48
48
63
12
44
7
70
20
85
37
56
24
44
18
52
29
69
2
52
19
78
10
41
14
68
18
107
33
77
25
48
21
46
62
3
54
33
90
11
43
5
58
16
98
32
78
27
5
54
26
54
59
19
56
41
95
12
45
1
61
16
83
35
77
28
2
56
30
45
3
64
60
39
94
11
46
6
48
16
97
34
63
24
48
26
40
4
53
54
45
43
58
10
43
7
42
24
90
31
60
22
48
30
30
43
19
40
40
43
8
42
54
19
103
28
78
21
5
44
25
22
7
40
18
39
44
47
9
43
33
9
84
30
58
23
47
26
46
35
52
23
44
47
59
9
42
7
34
18
106
29
75
18
4
45
30
26
46
5
42
53
57
8
40
40
16
102
22
72
13
2
38
25
23
10
35
32
36
65
5
36
47
16
85
19
60
11
41
28
24
29
30
30
49
3
32
46
15
101
20
68
9
45
34
11
18
25
25
28
48
26
4
33
32
7
106
17
78
5
3
37
26
11
23
23
45
32
5
32
37
10
101
16
73
5
36
22
7
25
11
25
38
46
3
29
38
9
91
16
58
6
38
27
10
15
22
23
26
29
37
2
28
50
5
115
15
75
2
23
12
6
24
21
28
42
4
27
34
5
104
20
59
4
22
9
3
20
33
7
22
21
49
1
3
26
22
1
103
21
59
7
24
13
4
28
28
15
35
3
27
25
16
105
10
70
18
12
2
7
11
12
26
39
4
26
39
81
10
50
17
8
6
22
7
10
30
1
25
36
101
15
64
1
15
5
23
17
7
22
4
3
26
13
122
7
97
2
16
9
7
7
28
13
3
7
31
16
26
108
8
87
3
20
8
16
12
9
32
5
31
18
89
9
70
5
26
13
13
16
6
25
5
33
13
122
4
82
22
6
52
2
9
5
31
106
7
66
18
38
12
1
9
5
2
27
28
68
1
50
28
11
1
12
5
2
2
30
21
83
55
25
10
3
2
28
7
90
1
70
24
5
3
9
4
3
30
83
2
58
31
9
10
3
3
3
31
13
72
3
58
3
35
14
15
20
3
33
75
3
64
5
37
13
20
6
27
3
34
12
82
7
68
6
38
14
20
17
14
4
35
5
82
10
76
9
44
20
15
23
28
15
1
5
37
29
79
8
68
12
2
49
23
28
32
26
3
37
19
68
10
53
12
48
27
28
38
12
1
35
1
92
13
74
12
4
44
23
4
15
28
44
20
1
2
37
4
1
85
18
78
15
7
43
18
13
7
34
42
27
5
1
37
8
7
70
21
68
19
5
51
31
17
34
39
44
1
37
9
22
12
86
24
75
23
11
53
30
21
42
56
30
37
5
10
12
16
83
27
74
25
8
54
31
3
37
48
48
61
3
37
15
7
15
16
18
93
32
74
24
7
47
27
7
42
28
49
37
24
10
35
15
4
23
20
23
97
29
78
22
8
43
17
14
33
45
38
31
7
33
29
24
29
12
27
85
28
72
25
9
44
20
16
17
41
44
39
51
34
34
14
35
16
27
98
32
85
26
15
41
17
11
41
41
41
37
5
35
34
33
26
28
90
35
74
28
2
42
14
13
43
30
46
22
39
12
33
29
37
31
30
92
36
63
28
34
6
14
2
47
57
45
11
47
9
30
32
9
27
44
34
33
105
32
73
26
3
30
5
12
37
11
35
26
45
5
30
39
9
44
31
34
97
35
76
27
2
30
11
13
42
27
35
16
30
7
30
39
1
53
42
34
99
37
63
24
20
4
14
44
11
29
16
29
15
27
46
45
44
35
105
36
70
24
17
3
13
2
44
24
32
18
37
13
25
40
14
41
43
36
93
35
66
24
15
3
14
45
6
35
8
47
3
23
36
11
41
29
36
95
33
56
19
5
14
43
18
28
5
39
4
18
40
18
35
21
32
100
31
67
13
2
32
19
12
25
11
17
34
36
29
32
89
27
54
7
26
8
2
17
9
13
28
28
35
39
94
23
51
1
18
31
1
26
8
21
1
29
25
30
101
19
59
16
19
9
27
1
30
13
21
106
18
56
11
20
15
7
9
29
20
19
30
113
16
67
5
9
4
16
8
8
23
22
25
28
97
15
48
15
16
28
1
7
29
30
35
31
106
14
38
16
1
16
25
1
5
30
35
29
29
110
9
50
24
17
26
16
9
8
38
18
31
37
29
101
13
48
35
28
21
3
12
11
12
38
16
30
30
34
98
16
50
4
38
30
28
1
10
27
2
16
5
40
14
32
17
28
103
13
63
8
18
43
4
30
14
38
34
23
45
20
24
25
25
124
18
83
8
14
23
39
28
34
39
20
4
30
36
9
22
38
24
126
20
83
2
7
19
25
51
60
29
45
7
19
25
9
1
33
19
34
14
25
22
24
112
20
80
9
20
32
37
57
52
38
29
13
43
42
1
4
41
18
37
26
11
15
17
23
126
24
84
17
27
40
42
53
29
47
77
24
55
42
7
47
1
27
32
7
17
18
141
25
106
21
39
47
48
57
36
39
49
31
53
54
12
54
23
25
5
1
18
128
32
104
29
45
60
63
54
46
52
28
43
61
52
3
14
61
8
26
22
3
4
13
129
30
110
34
55
65
61
51
53
49
21
45
69
50
16
66
5
16
26
13
8
12
133
30
120
38
65
75
67
51
61
53
19
49
71
83
19
71
7
28
7
10
141
33
120
43
62
82
76
47
42
59
101
61
77
81
19
73
9
20
6
11
138
37
109
42
56
75
65
48
37
59
86
61
72
75
1
3
19
72
9
16
15
11
146
37
111
43
56
73
57
45
59
61
48
63
60
67
1
18
72
4
9
44
10
12
134
36
122
47
61
82
66
45
56
59
83
70
71
76
19
74
5
36
20
128
39
114
48
60
84
69
39
31
59
79
68
74
87
17
73
21
1
20
135
43
102
47
54
81
66
34
71
64
96
72
74
90
16
70
2
16
5
120
41
107
51
57
89
72
52
52
71
57
78
79
102
18
74
17
6
33
6
13
133
38
114
48
60
90
72
37
33
58
10
73
73
98
16
72
1
27
2
13
143
36
103
44
49
86
70
33
54
55
23
70
61
70
13
67
12
12
133
37
91
40
36
79
63
33
40
52
81
58
57
51
1
12
63
10
2
30
17
108
43
93
44
37
84
66
29
51
61
67
66
58
92
11
63
17
2
28
1
16
110
41
82
45
30
83
62
26
30
59
50
71
48
86
9
59
16
5
28
17
108
40
87
43
30
78
56
18
48
54
62
47
70
8
57
40
12
99
37
79
42
25
79
57
25
52
52
25
64
40
85
9
57
7
38
1
13
98
41
66
41
16
74
52
19
33
50
38
62
40
87
7
54
21
36
12
110
40
85
41
25
68
50
14
16
48
43
54
52
71
9
54
7
30
12
115
39
89
42
24
67
51
16
3
48
26
54
43
66
10
55
29
16
94
49
76
47
22
69
52
18
11
55
9
60
46
67
11
57
5
2
39
1
12
108
50
90
48
32
67
53
19
44
54
60
61
68
15
61
12
2
26
14
111
52
88
52
27
69
55
21
57
31
64
54
75
15
62
16
33
2
13
143
36
103
44
49
86
70
33
54
55
23
70
61
70
13
67
12
12
133
37
91
40
36
79
63
33
40
52
81
58
57
51
1
12
63
10
2
30
17
108
43
93
44
37
84
66
29
51
61
67
66
58
92
11
63
17
2
28
1
16
110
41
82
45
30
83
62
26
30
59
50
71
48
86
9
59
16
5
28
17
108
40
87
43
30
78
56
18
48
54
62
47
70
8
57
40
12
99
37
79
42
25
79
57
25
52
52
25
64
40
85
9
57
7
38
1
13
98
41
66
41
16
74
52
19
33
50
38
62
40
87
7
54
21
36
12
110
40
85
41
25
68
50
14
16
48
43
54
52
71
9
54
7
30
12
115
39
89
42
24
67
51
16
3
48
26
54
43
66
10
55
29
16
94
49
76
47
22
69
52
18
11
55
9
60
46
67
11
57
5
2
39
1
12
108
50
90
48
32
67
53
19
44
54
60
61
68
15
61
12
2
26
14
111
52
88
52
27
69
55
21
57
31
64
54
75
15
62
16
33
5
94
41
80
50
41
101
113
23
49
58
77
74
110
110
68
21
71
41
63
2
79
38
83
45
36
91
95
19
31
50
77
65
91
83
57
18
67
28
56
73
36
71
40
30
84
96
12
23
44
54
54
89
56
32
16
63
26
59
71
35
68
38
25
86
94
5
18
39
43
57
79
58
18
14
60
18
47
58
29
59
34
19
77
79
1
7
36
14
52
77
47
4
10
55
38
56
25
53
30
14
71
75
27
46
62
54
7
49
23
46
25
44
25
4
65
65
19
42
44
44
4
44
11
56
21
41
16
51
53
14
4
30
43
29
2
36
50
14
35
12
46
44
6
24
28
34
29
54
5
35
7
41
38
23
25
23
26
35
8
13
1
33
29
17
8
12
3
19
40
3
10
32
26
8
1
4
13
16
58
30
26
24
1
7
7
10
17
39
14
18
14
2
12
44
10
13
11
3
10
10
29
2
9
8
14
7
36
10
6
3
9
6
2
2
43
8
5
2
7
46
6
9
10
51
13
15
1
9
15
56
8
14
12
10
13
14
66
17
7
12
18
18
68
20
2
7
15
28
23
59
3
15
10
12
1
31
19
58
30
26
24
1
7
7
10
17
39
14
18
14
2
12
44
10
13
11
3
10
10
29
2
9
8
14
7
36
10
6
3
9
6
2
2
43
8
5
2
7
46
6
9
10
51
13
15
1
9
15
56
8
14
12
10
13
14
66
17
7
12
18
18
68
20
2
7
15
28
23
59
3
15
10
12
1
31
19
31
42
35
115
30
68
7
5
