2
38
9
5
83
20
34
35
4
39
9
5
36
5
40
9
6
36
6
39
9
7
97
404
527
228
35
6
37
7
7
31
246
235
133
33
6
35
6
7
31
6
34
5
7
30
7
33
5
9
56
265
393
154
31
7
32
5
9
66
360
421
210
32
7
33
5
8
32
7
32
4
8
30
5
29
4
10
21
117
223
62
29
3
26
3
10
101
438
550
262
29
2
25
2
8
28
1
24
2
8
26
22
1
9
25
20
9
102
426
579
254
24
21
8
1
105
80
66
24
21
7
23
20
7
7
22
20
7
19
93
358
511
216
21
19
6
31
48
262
300
164
21
18
5
49
20
18
4
62
20
16
4
1
74
51
229
360
132
3
20
15
3
2
89
86
374
466
224
6
19
13
2
2
101
7
16
1
3
10
1
1
117
5
12
2
5
5
2
132
11
66
165
30
4
10
3
7
1
3
144
108
434
572
272
5
9
1
4
10
2
162
6
9
6
11
1
178
7
8
2
5
11
1
190
8
8
3
3
11
2
203
98
407
551
252
9
9
3
4
11
1
219
14
143
125
91
9
9
4
4
12
234
9
8
4
2
11
242
8
7
6
10
1
246
77
331
465
196
9
7
5
9
245
50
293
321
164
10
7
4
8
242
9
6
4
6
241
9
5
6
4
223
37
188
311
119
10
5
7
4
208
91
412
495
248
13
7
6
5
191
14
7
7
6
168
14
6
10
6
145
19
98
11
16
8
13
7
120
102
445
571
265
18
10
13
11
97
37
6
19
10
13
13
76
18
9
14
13
50
18
7
16
13
29
98
396
548
234
19
8
17
14
10
26
190
183
115
21
9
15
14
21
10
15
13
21
9
18
13
72
292
442
179
21
9
19
14
1
73
334
393
204
23
9
18
15
23
8
18
15
21
5
21
15
2
36
155
273
94
20
3
23
2
15
4
106
429
542
264
20
3
23
3
17
4
19
2
22
4
17
3
18
23
4
16
3
49
17
23
6
16
3
109
439
577
264
18
23
9
18
3
67
20
41
18
22
10
18
3
17
21
10
16
3
17
21
10
15
3
90
383
541
231
18
20
12
17
3
37
228
242
145
19
18
15
18
2
18
18
17
19
2
18
20
18
21
3
77
265
412
156
19
20
19
22
3
81
364
435
216
22
2
1
20
22
25
3
22
2
1
19
23
26
2
21
1
1
20
23
26
2
25
106
212
58
21
1
2
21
24
27
3
112
434
554
267
23
2
5
19
26
29
3
23
2
5
19
26
30
2
21
1
3
20
23
28
3
18
20
20
26
3
105
418
575
262
16
19
19
25
3
100
72
68
15
17
18
24
2
12
17
17
23
3
9
19
14
21
5
92
367
515
225
8
19
14
21
5
47
270
292
161
8
17
14
21
5
8
18
13
21
5
6
18
9
17
5
49
219
362
130
5
17
9
17
6
85
377
473
231
6
16
10
18
5
6
17
12
19
5
5
19
13
21
6
48
152
31
5
1
21
15
22
7
96
422
569
264
6
3
21
17
25
8
8
1
6
21
19
27
8
7
4
23
18
26
7
8
3
24
17
26
8
107
419
576
259
10
2
4
23
17
26
7
16
153
145
92
12
4
4
23
18
26
6
12
4
3
22
17
25
5
11
3
2
24
15
24
6
85
328
475
209
11
3
2
23
14
23
6
64
307
342
192
11
3
3
21
15
23
6
11
2
2
21
14
23
5
10
2
1
21
13
21
5
44
197
327
108
11
2
2
21
13
21
5
89
409
511
240
12
4
4
17
15
21
4
13
4
4
15
15
21
2
12
3
3
15
14
19
3
13
89
8
11
4
3
14
12
17
3
102
435
578
268
14
8
5
13
14
18
2
22
6
17
12
5
13
15
20
1
18
13
4
14
14
19
1
17
14
4
14
13
18
2
111
408
558
250
18
15
4
13
13
18
2
33
198
196
134
19
17
4
12
12
19
1
17
18
3
12
11
19
16
18
1
13
10
18
2
78
297
442
178
16
19
1
12
11
18
2
77
334
394
198
18
21
2
10
10
19
18
22
1
10
9
19
16
20
11
8
18
1
32
150
261
81
15
18
10
8
17
1
110
426
537
252
15
17
1
7
9
17
1
14
15
2
5
9
16
12
13
2
6
10
15
34
10
10
4
7
12
15
2
113
432
591
269
9
9
6
6
15
17
2
62
27
43
9
7
7
5
17
16
1
7
5
8
3
18
14
1
5
3
8
3
17
12
1
105
385
548
244
6
4
9
3
18
12
1
48
237
252
151
7
4
11
2
19
13
1
6
4
10
1
18
12
1
4
4
8
3
18
11
2
58
260
407
155
4
5
7
4
18
11
2
77
360
452
222
5
7
8
2
18
10
1
5
9
7
2
16
10
5
9
6
3
14
8
1
15
92
219
45
4
9
6
4
14
8
1
101
430
563
253
5
11
9
3
16
10
1
5
11
9
16
9
4
10
9
15
9
4
10
9
1
16
8
116
436
589
265
6
11
12
17
10
1
112
72
56
7
12
14
18
11
2
6
12
16
18
11
2
6
11
17
1
20
13
3
2
75
352
498
208
7
13
2
19
1
22
15
5
3
46
264
294
160
8
13
2
19
22
15
1
6
2
7
14
1
17
21
14
5
1
5
13
15
19
12
2
2
57
232
368
136
5
15
15
19
11
3
2
84
394
483
241
6
17
1
15
18
11
2
1
6
18
1
15
18
12
2
3
17
13
16
10
1
52
148
27
1
16
13
15
9
2
102
443
568
263
17
14
15
8
1
17
14
14
6
1
16
13
11
4
24
17
13
11
3
1
101
98
418
583
243
18
14
12
4
190
7
146
134
82
20
16
14
7
319
19
16
13
7
456
21
16
12
6
1
477
85
329
484
195
23
16
10
4
3
382
60
306
347
183
25
16
9
3
6
228
27
16
9
3
8
90
27
14
8
1
8
40
183
316
113
28
13
8
1
9
100
410
512
258
29
1
14
9
2
10
28
13
10
2
10
26
12
9
1
8
90
1
25
11
8
8
104
426
565
264
3
25
11
7
8
40
2
24
3
24
11
6
8
1
21
9
3
7
17
8
3
81
348
494
217
14
8
1
9
109
86
64
12
8
8
8
4
8
79
290
429
174
1
9
53
266
293
161
10
9
5
40
162
263
91
4
90
384
464
230
6
7
7
50
7
101
426
541
254
2
2
9
30
6
2
5
12
4
11
3
12
104
384
518
224
5
15
1
29
193
165
105
1
3
8
18
3
4
1
3
7
19
3
4
5
1
3
7
19
4
6
5
71
277
415
157
2
5
8
20
5
10
7
2
72
328
375
193
5
7
9
21
6
1
14
9
5
1
2
4
7
8
20
4
1
14
9
4
1
1
5
6
17
1
1
13
6
1
20
113
232
61
3
6
16
2
2
9
5
91
396
511
242
2
6
17
5
8
8
6
8
2
7
17
7
12
7
7
1
18
5
16
8
14
5
5
21
14
5
15
9
15
3
5
1
19
107
422
571
258
5
16
9
13
5
6
2
30
66
24
34
6
17
7
5
6
6
2
37
5
16
3
5
5
35
4
15
5
3
35
94
365
515
222
5
15
8
3
45
41
220
232
133
1
7
16
12
6
59
2
8
17
15
8
66
3
8
16
16
7
71
50
234
382
136
5
8
15
19
8
81
68
338
418
207
8
8
14
21
9
92
1
9
7
11
22
9
105
9
4
7
22
4
112
3
65
170
29
10
2
3
23
2
119
98
409
531
254
10
1
1
23
1
130
11
1
23
139
11
24
150
10
22
160
94
400
551
242
10
24
172
6
99
66
63
12
26
1
187
13
28
2
194
13
27
2
198
85
321
469
204
16
30
4
209
50
258
289
162
18
32
1
4
213
19
32
1
5
210
19
32
4
202
44
208
320
128
21
32
5
190
84
376
451
227
21
32
1
4
176
21
31
3
160
20
3
31
2
140
1
30
112
12
20
6
30
2
118
102
416
547
255
21
3
10
31
2
1
1
99
21
5
14
30
4
3
79
21
5
15
31
4
3
56
19
4
15
29
4
1
31
96
405
566
247
19
4
15
29
4
1
13
3
136
126
91
19
4
16
30
4
2
17
3
15
27
2
14
1
13
25
78
315
458
197
11
13
23
65
296
341
179
11
1
14
23
9
1
13
21
6
10
17
1
41
160
276
90
4
10
15
1
87
385
480
229
4
11
14
2
11
11
10
7
67
8
4
1
106
419
566
263
9
4
1
16
4
9
3
1
8
1
2
7
3
91
378
538
224
8
2
17
175
176
106
11
2
1
12
5
12
6
1
62
256
404
152
14
10
1
58
303
368
178
2
16
13
1
2
16
14
3
1
1
15
14
4
26
114
227
64
1
15
15
6
1
99
411
522
251
4
18
18
11
5
5
19
19
15
8
6
19
21
17
9
1
6
7
20
21
19
10
2
101
408
566
256
8
20
22
20
12
48
7
39
9
20
22
21
13
9
18
22
21
13
8
17
20
21
14
1
92
360
514
221
9
17
19
21
15
4
32
224
234
132
10
17
20
23
2
17
7
10
17
2
20
25
4
18
8
10
17
5
19
25
4
16
8
57
231
367
140
11
16
5
18
25
4
17
8
79
345
424
219
12
17
4
17
25
6
19
10
13
17
3
16
24
8
20
12
13
17
4
15
23
9
20
13
11
72
165
39
14
17
5
15
22
11
21
14
92
410
528
246
2
2
16
19
6
17
24
14
25
1
18
4
3
17
20
5
17
25
16
26
2
20
4
4
17
21
6
18
25
17
26
2
19
2
3
16
20
7
17
24
16
25
1
17
97
407
551
244
3
3
16
20
6
17
24
16
26
2
18
103
70
57
5
3
17
20
6
16
24
17
27
2
19
5
4
17
20
7
15
23
17
27
1
19
4
3
16
18
7
12
20
16
25
17
88
326
490
203
5
4
16
18
6
11
19
17
26
18
44
248
285
155
6
5
16
17
4
10
18
18
27
19
6
5
16
16
3
8
16
18
27
19
5
4
15
15
3
7
14
18
26
17
58
210
326
127
6
6
16
16
4
7
13
20
27
19
81
385
461
233
8
9
18
17
2
8
13
24
31
22
9
10
20
18
1
8
12
25
31
23
7
9
20
18
1
6
11
24
29
21
6
41
112
19
6
9
20
18
2
6
10
24
28
19
111
438
558
267
6
10
21
20
2
6
11
25
29
20
7
11
22
21
2
6
11
25
29
21
5
10
21
19
2
5
10
24
28
18
4
9
20
18
4
6
10
24
27
17
104
403
558
236
6
11
22
20
5
9
12
26
30
20
9
147
123
84
8
12
24
22
5
11
14
27
32
1
22
9
13
24
21
5
11
13
29
32
1
23
9
12
23
21
5
11
11
29
32
1
22
70
305
445
179
10
12
23
22
3
11
11
30
33
3
24
57
296
341
175
10
13
24
22
1
12
11
30
34
4
25
10
13
24
22
12
10
30
35
5
25
10
12
23
21
1
11
9
29
36
5
25
48
159
282
99
10
12
24
22
1
12
8
30
37
7
26
95
407
506
246
10
12
24
23
13
9
31
38
8
28
10
12
25
24
14
10
31
39
8
28
8
11
24
23
13
9
30
38
6
27
67
7
10
24
22
1
11
8
30
37
5
26
110
433
571
266
8
11
25
22
11
9
31
37
5
27
16
11
10
12
26
23
11
9
32
38
5
28
9
11
26
21
8
7
31
36
2
27
8
11
25
20
6
5
31
35
27
106
393
543
233
9
12
25
21
6
5
32
36
27
17
180
183
110
9
13
25
22
7
5
32
35
1
27
8
12
24
21
6
4
31
35
26
8
12
23
19
3
2
30
33
24
68
273
419
156
8
11
23
18
3
30
33
24
70
337
395
199
8
11
24
19
2
1
30
34
25
8
11
23
19
2
30
34
26
7
9
21
18
1
29
32
24
29
113
224
72
6
7
20
18
1
28
32
23
107
418
525
255
6
7
21
18
1
28
34
24
7
8
21
19
2
28
34
26
5
6
19
17
1
27
34
25
5
5
18
17
2
27
34
26
88
424
569
252
7
6
19
18
4
1
29
37
3
29
54
8
22
9
6
20
19
6
4
31
40
5
31
8
5
19
19
6
4
30
40
5
32
8
4
17
18
1
6
5
30
40
6
32
91
367
517
236
9
3
18
19
4
9
8
31
43
9
35
36
233
243
151
9
3
18
20
5
11
12
31
45
11
38
9
2
17
19
7
12
14
30
44
11
38
7
15
17
9
11
14
28
43
10
36
67
236
368
147
7
15
17
11
10
15
27
42
10
36
82
365
436
227
7
15
18
11
12
17
27
43
11
37
6
15
18
11
12
17
26
41
9
35
4
14
16
13
10
17
25
39
6
33
1
73
6
76
173
40
1
14
16
14
9
16
24
38
6
31
1
158
97
426
551
261
15
17
13
11
19
23
37
9
31
1
268
17
19
14
13
21
22
38
10
31
1
431
16
19
15
13
20
20
37
9
29
2
547
16
18
16
13
18
19
37
9
28
3
522
102
420
580
247
17
19
15
14
18
19
39
10
30
2
397
104
77
56
17
20
13
14
17
20
40
11
31
234
1
16
19
13
13
16
19
40
10
31
103
1
16
18
13
11
15
18
40
10
30
21
82
312
474
191
3
16
18
11
11
14
19
42
11
31
5
37
256
282
159
5
18
21
9
13
15
22
45
14
35
15
6
19
21
9
13
16
23
48
17
37
1
11
6
19
21
11
15
15
22
49
18
37
2
52
192
323
121
6
19
22
12
16
16
22
2
50
20
38
3
93
385
476
238
8
19
24
11
19
19
22
4
52
24
40
6
8
19
25
12
22
21
22
5
53
27
41
8
8
18
25
15
23
23
21
6
53
28
40
8
26
105
5
8
17
25
17
25
24
20
7
53
29
40
8
1
100
435
561
259
9
18
27
17
28
27
21
8
56
31
41
11
1
10
18
28
17
30
29
20
8
54
33
42
12
1
9
17
28
19
31
29
20
8
53
33
41
11
2
8
17
27
20
29
28
18
7
52
32
40
11
3
109
422
561
247
8
17
28
20
29
29
17
7
51
31
40
11
3
12
158
118
77
7
18
29
20
31
30
19
7
50
30
40
13
3
6
17
28
20
30
28
17
6
47
28
37
10
4
4
17
26
22
28
26
15
5
44
25
33
8
5
72
310
446
183
3
17
26
22
27
26
14
5
43
23
32
8
5
51
316
351
186
4
17
27
21
27
27
14
6
43
24
33
10
5
4
16
26
23
27
28
14
6
42
1
24
32
11
5
3
16
26
26
27
27
13
5
41
2
23
31
10
7
43
164
274
88
3
16
26
28
26
27
13
6
41
3
23
31
10
7
101
423
511
255
3
17
27
27
26
28
14
7
44
5
25
32
12
6
3
18
27
26
27
28
14
7
46
5
26
34
12
5
3
3
18
27
27
26
28
15
6
47
4
27
34
10
6
6
1
53
2
18
26
27
26
27
15
5
47
3
28
34
9
6
7
107
440
574
271
2
19
27
25
26
26
15
5
49
3
29
36
10
6
10
20
2
19
28
22
25
25
16
4
51
2
29
37
10
5
12
3
18
27
22
24
24
14
4
50
1
28
35
8
5
13
2
16
25
24
22
22
14
3
49
28
34
6
5
14
114
400
545
240
2
15
25
23
21
22
13
4
50
27
35
7
4
17
29
200
191
113
3
15
25
22
21
23
13
5
51
1
27
35
8
4
22
4
15
24
22
22
23
12
6
50
2
27
34
8
5
25
4
14
23
25
21
22
10
6
49
3
27
33
7
7
25
65
274
420
156
4
12
22
24
21
21
9
6
48
2
27
31
6
6
29
65
348
408
212
5
13
23
23
21
22
9
6
48
2
26
31
6
6
36
4
12
22
23
21
21
7
5
46
1
25
30
4
6
35
2
10
21
24
22
20
5
2
44
23
27
7
35
24
125
226
75
2
9
21
24
21
19
3
41
22
24
7
41
111
432
553
261
2
10
22
22
22
19
2
39
21
24
6
48
2
10
22
20
22
19
2
38
21
24
6
56
1
9
21
20
22
18
1
35
20
23
7
61
8
20
19
21
17
1
34
20
23
6
66
116
437
585
265
1
9
21
16
20
16
3
35
21
25
4
78
71
20
36
2
10
21
14
20
15
5
36
21
26
3
92
1
9
20
13
19
14
5
36
19
27
2
99
2
9
19
13
17
13
5
35
17
26
2
106
77
363
511
216
3
10
19
12
17
13
8
36
17
28
1
119
31
235
248
141
5
11
20
11
17
14
11
38
18
32
134
6
11
19
10
17
14
12
38
17
32
1
145
5
10
18
11
16
14
12
38
17
32
1
158
58
232
369
133
5
10
19
11
17
15
12
39
19
32
2
171
81
374
448
217
5
11
20
10
19
17
13
42
21
34
4
186
5
10
20
9
18
16
12
43
20
33
3
200
3
9
19
8
18
14
10
42
21
30
213
13
66
164
30
1
8
19
7
17
11
10
41
22
30
224
100
433
556
252
2
10
19
4
17
11
11
44
23
32
238
1
10
18
1
16
9
12
45
23
33
249
9
16
14
5
12
45
23
33
256
8
15
12
2
12
46
22
33
264
102
419
566
250
2
9
16
12
1
14
48
24
35
272
3
109
80
68
3
9
16
11
16
50
25
37
1
273
3
10
15
9
16
49
25
37
1
267
3
9
15
7
16
48
25
37
255
83
343
479
202
1
2
9
15
6
16
47
23
37
240
51
291
303
171
1
3
9
15
5
16
47
22
37
1
222
1
3
7
13
2
15
45
20
36
200
1
6
12
14
43
18
34
173
56
212
322
130
6
11
13
41
17
33
144
94
403
492
248
6
11
14
40
15
33
119
6
11
13
38
13
32
91
4
9
12
35
9
30
62
33
105
11
2
6
10
31
5
28
37
104
443
569
265
2
5
12
31
3
29
21
1
2
6
13
32
2
30
6
1
5
11
30
1
29
3
10
28
27
96
410
548
252
1
1
4
11
29
2
29
1
155
125
94
2
2
6
13
2
32
2
31
4
1
3
2
6
13
4
31
3
31
6
3
1
5
12
5
29
4
29
6
87
312
448
182
3
1
6
10
7
29
7
29
7
70
323
361
197
3
3
9
1
11
9
31
10
30
9
1
2
10
1
3
10
8
32
12
29
9
2
9
1
3
8
7
31
13
28
8
32
163
264
89
2
10
1
4
8
8
33
14
29
9
93
416
515
249
3
11
6
8
11
36
