1
1
24
5
1
23
1
17
2
17
5
4
2
3
19
1
1
13
4
3
6
21
2
4
2
3
17
5
3
2
5
3
5
7
12
2
2
18
22
13
3
5
6
1
3
9
18
9
6
8
11
9
18
11
11
5
25
21
21
15
12
7
19
2
11
28
15
4
1
12
1
3
6
11
17
15
16
9
36
20
24
14
15
3
19
3
3
14
34
16
1
10
9
6
13
16
21
18
16
32
19
8
13
4
19
4
3
16
35
10
2
17
14
22
7
18
14
23
16
7
19
10
17
7
13
17
7
5
18
30
16
24
9
17
25
17
14
5
13
12
18
12
28
31
11
13
4
9
13
9
2
13
28
7
13
12
14
39
5
7
2
9
8
15
11
32
5
19
3
6
4
14
12
1
8
22
7
13
22
7
26
13
7
11
8
18
7
3
7
1
7
9
3
10
22
7
12
1
10
7
3
3
3
24
8
2
12
9
7
5
21
6
10
4
15
10
24
3
10
5
6
3
19
5
3
9
15
1
5
5
13
3
10
6
17
4
7
5
20
4
15
1
10
1
7
19
3
2
4
3
11
2
1
6
2
3
3
2
3
3
7
10
11
16
4
1
9
1
10
16
9
8
25
9
14
3
16
13
6
14
2
12
18
8
24
13
8
1
16
9
4
21
11
22
11
13
2
13
14
9
5
14
10
6
8
3
16
10
7
32
21
17
2
10
3
13
2
6
13
24
2
3
3
9
3
2
19
7
1
3
5
9
10
13
2
1
6
2
3
4
7
26
1
1
3
6
1
3
5
16
1
14
1
3
7
2
5
4
13
2
8
3
2
7
4
1
2
12
9
13
7
7
4
2
8
1
12
7
3
6
14
5
8
4
2
18
24
13
21
7
10
19
12
2
7
6
8
10
16
14
4
19
1
3
8
11
14
6
7
3
6
6
5
5
1
5
1
5
6
7
5
5
3
26
3
6
2
28
28
11
10
1
9
5
8
28
13
4
5
5
5
16
2
22
12
10
3
1
25
10
9
16
3
8
6
7
5
14
1
39
3
13
21
3
8
7
22
17
8
9
5
5
11
5
1
2
16
4
43
13
20
10
33
2
1
5
2
7
8
6
16
4
16
6
8
11
5
3
17
22
6
20
23
7
6
3
8
4
3
22
5
7
5
4
10
10
7
6
24
5
5
6
3
1
9
1
3
1
4
2
4
3
4
10
3
10
19
10
16
3
7
5
5
1
3
12
11
10
21
2
3
4
19
11
1
9
15
7
13
23
18
10
1
2
8
4
12
13
11
19
5
24
1
7
21
15
4
14
39
15
22
11
15
9
24
2
14
27
2
5
9
9
10
4
19
9
4
34
1
8
12
10
3
15
14
18
3
22
6
20
7
8
20
12
10
17
21
4
12
2
14
3
6
18
13
42
6
9
1
5
5
11
2
3
22
20
20
4
7
1
5
12
10
32
6
6
3
2
4
6
15
1
10
3
1
8
9
6
9
3
1
11
13
10
5
1
12
8
17
11
6
13
9
11
4
9
4
14
16
7
16
14
6
4
13
3
9
9
31
16
8
5
11
5
5
11
3
10
16
20
11
14
25
4
7
16
9
10
12
32
21
21
14
14
17
6
23
4
8
20
15
8
10
5
4
25
14
22
13
16
15
7
12
2
8
21
22
6
13
3
9
24
12
13
2
21
10
14
12
12
14
17
11
23
9
8
17
5
18
7
11
7
15
1
16
1
11
5
12
6
29
21
19
13
4
4
7
10
6
4
9
4
16
11
19
8
53
44
14
8
1
8
15
6
7
2
2
6
6
16
12
8
5
3
3
19
14
7
25
24
18
9
45
7
10
22
7
18
17
12
14
12
1
59
8
13
28
24
21
4
17
15
6
60
4
36
1
15
5
16
13
11
11
7
82
3
9
37
24
20
9
1
29
51
21
12
1
11
13
9
36
1
16
16
21
18
12
1
40
25
21
15
10
12
9
60
12
3
28
22
33
28
14
7
37
1
16
22
12
13
8
5
62
9
18
16
11
25
43
14
3
31
4
17
7
9
6
2
54
7
12
7
3
23
52
9
8
4
8
3
18
7
29
1
4
5
1
19
5
6
1
12
7
4
2
13
3
41
43
8
8
10
3
26
18
32
29
7
4
6
33
3
6
12
6
10
3
6
9
14
66
7
14
7
14
17
13
1
9
9
54
16
3
5
1
6
7
5
39
25
6
10
12
12
3
8
7
45
10
5
19
4
17
2
11
11
11
4
38
24
14
15
6
18
12
8
10
14
34
3
3
1
14
21
3
16
12
19
13
38
27
11
23
8
20
15
7
9
17
49
2
38
26
2
14
10
12
7
28
27
9
18
5
16
10
9
10
17
40
7
1
25
10
14
2
7
7
6
33
3
10
9
2
6
7
13
38
10
27
23
16
8
6
34
5
3
10
2
4
5
8
13
18
43
3
28
28
16
6
32
21
9
6
12
16
41
11
19
7
28
3
2
7
7
15
10
30
17
28
6
6
1
3
11
11
22
7
10
1
43
1
30
7
5
1
6
7
35
4
9
6
13
9
3
31
27
3
18
9
7
3
10
10
34
2
5
10
7
18
4
17
10
36
18
6
18
10
12
11
3
10
14
38
5
8
13
7
21
13
30
12
10
14
18
14
3
9
15
34
10
16
17
10
7
19
16
32
26
10
16
14
14
11
3
10
17
31
16
6
4
4
13
13
23
28
4
11
7
5
5
1
8
15
28
16
18
7
1
14
16
9
7
14
4
2
4
11
16
16
3
23
16
3
2
5
5
5
3
8
8
4
2
5
4
4
8
6
18
6
2
13
9
1
9
2
8
6
25
3
17
15
9
10
9
14
26
10
6
5
18
7
7
20
27
21
32
6
20
6
28
10
20
13
6
11
39
15
1
25
27
6
32
24
35
5
39
10
30
15
27
19
2
9
17
34
16
14
2
25
30
2
32
15
36
30
58
17
40
19
38
27
29
27
8
12
20
1
49
33
3
13
5
19
7
14
6
29
22
39
37
59
25
43
37
42
35
34
33
7
9
21
7
55
32
16
8
20
4
30
7
30
21
37
36
44
22
26
34
32
30
32
34
8
10
22
7
48
41
14
10
12
24
8
27
19
32
31
38
16
10
29
35
28
33
30
5
7
19
5
46
41
3
16
25
3
18
10
21
18
36
18
27
13
22
14
1
3
12
43
19
33
19
35
8
2
12
4
19
11
19
1
5
3
3
5
5
36
3
16
15
11
36
10
2
2
4
3
5
25
2
19
1
13
10
1
24
10
3
13
14
13
10
4
1
3
4
1
12
26
1
8
16
19
12
6
2
27
9
39
12
9
5
7
11
4
7
9
41
62
8
23
14
9
9
47
9
24
10
6
18
14
5
6
13
45
78
24
18
18
13
14
5
33
4
33
9
24
2
18
8
2
7
18
30
59
23
18
2
18
14
6
2
24
25
3
12
6
6
6
18
28
14
8
20
3
14
10
28
5
13
32
30
37
2
13
8
7
14
13
10
62
38
19
6
2
12
9
4
13
17
14
6
22
18
5
5
39
22
3
16
6
10
16
35
21
16
12
2
2
43
30
3
13
5
6
11
33
35
1
10
28
17
5
4
6
7
28
28
24
18
4
3
2
40
1
20
5
12
2
6
3
9
13
37
8
4
3
26
24
22
8
6
24
4
3
23
9
5
6
11
14
21
19
13
24
29
18
11
38
6
30
7
21
4
4
14
20
42
4
2
21
28
29
24
40
65
31
14
28
11
2
17
26
18
4
15
22
20
24
13
22
29
3
22
2
13
9
5
12
19
28
24
12
11
26
8
6
13
14
6
22
10
2
5
16
7
2
6
7
13
2
37
5
11
19
5
8
6
4
16
11
9
1
3
9
18
5
21
10
5
2
15
4
10
1
2
5
10
22
11
11
21
4
14
1
2
4
3
5
11
12
20
4
24
2
26
13
13
22
4
17
1
25
2
2
18
2
1
10
7
7
6
3
2
21
10
21
3
2
9
1
5
5
18
10
16
19
2
6
9
6
7
38
16
22
12
7
8
10
2
4
22
24
1
15
4
10
13
14
7
29
6
28
9
9
16
2
9
29
28
5
6
15
11
10
3
22
22
1
15
4
12
11
24
17
7
9
3
9
14
9
15
9
3
8
7
3
4
13
8
1
15
2
9
18
9
3
9
11
1
3
10
16
2
3
5
6
2
3
8
24
1
4
6
6
5
2
10
13
8
2
7
7
15
8
17
4
12
1
20
12
4
1
8
4
7
11
2
12
8
12
20
9
12
24
8
15
10
13
3
16
16
12
5
12
6
17
20
10
11
28
2
12
13
12
2
15
5
17
23
7
1
11
8
13
21
13
12
7
28
18
13
14
7
12
3
18
17
26
3
3
8
5
4
17
21
20
16
31
20
16
19
7
12
5
20
21
18
5
17
1
19
1
14
11
4
5
1
26
12
6
10
3
5
12
14
6
23
12
3
1
2
10
1
3
1
8
8
9
9
14
3
1
4
2
4
1
1
11
6
4
7
6
17
8
7
8
6
1
20
3
8
3
2
8
5
14
11
9
18
19
29
3
9
2
1
3
8
9
9
10
3
1
3
16
11
6
6
17
9
5
2
3
7
11
18
6
21
10
12
3
10
10
5
9
1
15
3
3
10
11
2
6
4
6
5
9
3
5
8
3
10
6
1
5
7
4
1
3
19
13
1
1
7
10
6
18
3
25
7
10
2
2
4
6
11
1
3
4
1
8
15
1
18
8
16
13
13
1
16
3
9
16
1
4
19
4
11
3
42
27
5
6
3
4
1
32
14
2
6
3
3
6
5
9
33
13
7
1
23
7
18
18
12
18
1
1
8
4
16
3
14
11
2
7
5
6
2
3
14
1
1
11
23
10
12
7
3
5
13
2
5
12
41
11
9
6
3
6
21
1
1
9
7
1
1
7
4
13
4
13
3
5
17
3
5
13
1
6
5
1
7
10
12
8
3
5
1
5
7
2
1
5
9
11
8
2
8
9
7
6
7
11
14
2
6
9
2
5
3
2
9
1
4
9
3
1
16
29
13
12
1
4
9
5
1
4
8
9
5
4
6
7
4
2
10
3
5
9
16
1
7
2
5
1
16
2
4
7
2
9
1
5
2
2
11
1
4
3
5
5
20
5
6
14
4
1
2
4
6
9
7
1
7
10
5
21
10
7
1
2
5
10
9
3
5
6
14
3
2
8
5
5
8
5
14
1
1
2
5
2
18
1
5
8
2
4
10
8
6
7
3
2
1
7
3
1
6
3
3
9
12
20
9
2
3
7
15
5
9
16
1
7
2
5
1
16
2
4
7
2
9
1
5
2
2
11
1
4
3
5
5
20
5
6
14
4
1
2
4
6
9
7
1
7
10
5
21
10
7
1
2
5
10
9
3
5
6
14
3
2
8
5
5
8
5
14
1
1
2
5
2
18
1
5
8
2
4
10
8
6
7
3
2
1
7
3
1
6
3
3
9
12
20
9
2
3
7
15
5
28
9
4
7
15
5
6
17
7
3
9
8
1
4
4
28
10
2
1
1
1
1
1
5
7
8
6
2
13
3
21
1
5
5
1
20
4
9
1
10
3
7
1
1
5
6
4
4
13
5
1
14
2
1
7
1
4
2
2
4
2
6
1
3
1
1
1
4
17
2
1
2
13
7
2
3
3
7
6
1
12
3
1
11
8
3
2
1
3
5
6
3
6
1
17
10
6
2
4
3
1
2
4
3
4
20
24
3
9
13
4
1
4
2
5
5
19
8
14
7
12
2
14
10
9
34
14
5
6
27
13
40
5
6
1
5
5
31
31
56
5
2
3
12
14
54
81
14
9
1
12
5
63
88
12
3
10
15
19
18
72
95
1
18
12
13
15
23
78
104
21
22
17
10
4
14
89
107
52
6
24
24
5
2
107
126
36
21
14
25
37
5
131
151
23
20
3
21
86
10
25
124
146
14
20
24
31
5
27
120
144
9
30
21
17
5
7
143
163
13
24
6
25
68
2
11
154
173
24
20
9
4
32
83
25
163
180
28
20
34
76
21
157
182
28
30
33
69
164
183
39
25
11
36
2
76
5
164
180
42
18
9
36
2
74
8
33
168
186
32
21
5
33
48
6
32
172
189
26
20
14
30
66
6
13
178
196
28
25
12
6
35
97
5
13
187
209
22
23
6
38
96
10
30
181
198
34
13
2
36
88
14
38
186
203
47
27
3
41
3
86
16
24
185
208
30
34
39
1
86
18
10
186
201
71
17
30
45
8
72
12
21
196
210
40
33
9
3
18
41
3
94
12
30
200
221
29
21
6
39
1
117
16
19
208
223
48
13
5
1
8
45
5
110
7
11
207
226
26
43
36
41
114
5
13
200
225
38
29
1
41
94
4
25
220
237
40
30
17
44
116
1
19
228
248
55
31
7
1
49
117
6
1
216
241
53
26
2
49
91
6
218
234
56
36
5
49
116
25
215
234
39
33
50
128
19
226
246
57
37
20
56
5
108
211
236
63
32
14
52
4
86
216
243
20
32
6
45
124
16
236
260
42
36
4
50
121
16
235
258
60
35
1
15
51
126
5
247
266
43
32
20
51
142
5
231
260
30
34
13
48
115
13
218
251
48
34
49
101
15
231
261
41
33
50
109
6
238
268
30
24
3
49
141
3
231
263
55
31
49
2
115
1
18
220
253
43
40
43
1
111
3
24
227
259
30
26
3
42
3
115
13
233
273
21
46
1
42
100
12
252
282
38
24
23
48
148
31
251
270
40
21
22
48
133
41
236
267
37
35
47
121
22
237
271
46
23
1
48
131
12
240
271
39
34
45
114
20
250
278
50
27
6
49
1
95
32
259
281
48
30
9
49
4
142
26
249
279
35
34
11
46
1
155
7
247
275
54
34
11
50
2
116
10
249
279
34
47
47
131
28
254
288
27
33
11
50
128
3
34
254
278
51
5
16
57
7
139
4
24
254
289
41
32
7
54
134
32
278
303
80
38
1
65
138
49
279
296
97
43
16
4
68
146
46
273
300
36
53
15
2
59
158
39
279
309
44
44
11
59
164
1
26
273
300
48
35
22
57
135
8
30
266
291
53
33
2
57
138
6
30
253
280
54
32
53
135
4
9
251
279
28
31
4
51
146
12
8
266
283
60
37
1
59
144
18
14
263
280
68
37
2
62
4
140
19
19
249
266
80
33
63
6
124
14
7
250
270
75
25
14
61
7
135
4
246
272
34
29
26
55
5
138
6
8
242
260
18
30
33
50
1
137
4
21
228
250
35
26
4
50
4
129
5
5
235
253
37
34
15
48
136
9
240
256
34
33
49
139
19
7
217
231
56
21
3
5
49
1
124
25
9
214
226
52
22
10
45
132
32
7
208
229
33
43
43
116
39
192
217
43
38
41
95
44
13
187
214
26
3
4
43
8
4
111
34
30
171
197
11
18
3
34
1
88
19
10
173
193
30
35
1
85
14
170
192
22
10
36
1
10
89
7
2
163
187
26
29
5
31
7
83
13
175
208
28
25
19
10
34
44
125
17
163
193
35
34
33
36
107
1
2
134
161
24
31
2
26
10
56
5
5
123
154
15
19
12
26
2
13
53
24
135
157
30
6
20
32
4
26
84
18
124
151
14
17
2
28
24
64
11
4
118
143
25
11
1
29
1
29
61
12
124
148
10
13
9
28
34
72
10
11
128
157
18
28
4
30
46
73
13
24
121
151
34
27
3
3
32
50
55
6
14
112
136
21
20
30
41
69
2
10
104
126
32
14
8
30
2
40
59
1
26
90
110
65
17
29
30
3
27
17
33
82
101
13
18
3
20
27
61
21
93
117
8
32
7
4
20
51
51
9
106
125
44
9
2
24
20
1
30
3
67
55
13
103
123
8
20
31
11
26
59
78
19
97
116
22
16
14
13
13
1
28
3
57
52
3
5
85
103
38
17
4
2
9
30
7
47
54
84
103
26
18
7
6
12
29
8
48
51
84
107
18
11
7
9
5
27
9
56
24
76
94
24
8
4
23
8
40
9
65
81
17
6
17
5
31
28
59
83
4
11
1
35
43
4
9
61
83
21
9
15
31
23
2
16
54
74
15
11
32
29
7
5
65
82
15
16
17
32
33
4
67
84
32
8
1
10
21
4
41
35
65
80
10
12
1
18
3
43
19
4
14
67
78
31
8
7
20
6
40
10
6
11
55
71
10
9
2
26
12
14
9
1
50
48
13
1
57
65
15
1
7
3
22
4
2
18
9
34
46
17
9
56
70
9
8
1
5
16
5
40
22
17
31
53
72
3
9
3
14
2
50
21
21
39
56
71
21
14
16
39
22
16
28
58
77
6
4
9
19
16
1
51
29
13
24
60
83
2
18
17
25
2
9
1
16
66
13
7
5
26
50
71
18
2
16
4
5
3
1
11
58
30
10
28
51
67
16
5
3
18
6
7
1
9
7
14
61
29
4
16
56
73
11
13
8
13
1
1
2
6
6
14
56
32
2
54
65
27
6
14
4
15
51
19
4
5
13
50
65
25
6
5
7
9
3
16
1
52
28
17
7
30
62
70
25
10
12
4
1
1
16
3
57
57
43
15
29
56
66
16
5
12
17
6
3
18
5
55
25
17
23
26
48
62
21
19
10
13
18
5
50
10
19
32
51
58
25
7
6
2
18
4
46
2
22
46
50
60
32
8
6
2
19
5
42
25
40
37
58
16
16
11
11
6
51
21
19
30
36
52
16
10
4
1
50
50
8
8
46
48
56
18
1
4
1
12
3
51
19
2
60
41
53
7
4
6
8
8
9
3
44
38
4
51
39
48
6
1
7
5
9
3
45
8
4
7
35
29
44
2
3
10
2
5
5
4
44
5
14
48
29
41
3
2
8
3
3
42
16
11
68
28
40
5
10
5
5
3
34
8
19
63
21
37
3
2
2
30
17
34
33
24
34
5
2
2
1
31
36
28
25
38
9
5
1
5
30
7
34
41
23
35
1
6
2
6
9
24
2
25
48
16
28
8
6
6
1
4
4
11
24
36
22
30
3
6
3
1
6
9
28
14
19
26
22
33
2
2
9
1
2
4
7
29
11
22
29
22
33
3
5
1
2
6
29
6
33
35
25
36
1
1
7
1
7
1
1
3
36
13
37
13
30
38
6
4
4
4
5
33
15
39
25
32
3
1
1
4
29
16
37
13
14
25
1
9
19
3
9
33
20
29
36
14
