49
83
43
62
55
1
36
28
19
17
62
10
62
52
74
48
59
49
9
36
31
20
16
57
11
67
61
70
56
62
15
48
20
40
43
25
16
55
20
70
65
62
59
59
23
43
27
42
48
27
12
49
20
67
61
54
56
59
38
27
47
48
25
7
40
21
63
57
52
57
58
10
36
30
44
51
25
4
35
21
61
59
47
54
54
21
32
30
41
55
23
2
28
19
60
57
42
47
52
12
30
21
45
49
21
1
20
21
50
53
36
40
50
27
16
47
38
20
17
4
18
50
56
36
38
51
27
19
42
45
27
7
20
15
61
66
37
37
3
55
37
31
21
39
63
37
14
23
3
17
66
73
36
31
10
59
23
33
18
43
64
42
15
23
20
24
18
62
69
36
26
5
63
36
12
46
54
45
19
23
14
27
8
61
71
41
19
5
65
18
40
8
45
58
43
18
18
12
27
64
74
43
9
14
63
49
42
3
45
61
39
13
8
20
22
20
57
61
45
1
55
41
41
45
34
10
2
15
63
63
60
4
63
10
51
34
46
37
15
10
2
15
61
62
68
7
65
54
34
43
34
12
15
5
10
57
57
75
14
61
7
57
3
33
39
30
9
23
6
59
60
87
27
64
8
64
11
33
38
36
19
40
3
4
64
63
99
42
2
65
19
71
23
27
45
42
28
59
2
57
54
104
44
67
35
74
23
27
46
33
21
62
1
47
47
108
49
65
8
74
23
29
34
23
16
65
43
41
105
47
62
14
72
16
26
30
14
10
63
37
36
99
41
62
2
69
12
26
27
4
1
56
31
29
96
45
63
68
15
28
20
56
28
29
94
54
62
64
21
26
21
57
26
29
90
63
61
2
59
24
29
28
54
16
16
79
58
61
54
14
39
15
45
21
23
75
60
62
52
20
37
11
45
37
43
77
68
67
54
21
29
30
52
9
35
39
72
64
70
52
14
36
24
47
10
20
24
63
53
69
47
5
49
17
33
8
28
31
65
48
69
47
36
22
30
11
34
36
63
46
70
46
4
32
24
28
15
16
19
46
30
70
36
50
6
14
14
30
30
44
29
72
38
40
18
16
18
26
26
30
15
71
31
45
13
4
19
14
13
17
4
68
22
52
4
12
27
27
18
8
72
25
47
8
16
43
41
21
13
5
79
30
45
10
16
5
28
44
47
17
5
73
27
36
33
19
1
20
31
36
6
69
20
43
15
11
18
6
10
60
10
50
8
17
31
11
67
19
48
13
9
3
44
56
32
79
30
37
22
34
6
13
17
41
48
37
77
34
35
21
30
7
17
16
26
37
36
70
30
33
19
2
16
3
10
20
31
59
25
24
3
6
35
42
48
76
40
40
22
21
5
21
17
37
48
50
72
39
32
12
24
7
21
12
20
28
48
62
35
25
9
5
12
16
19
49
3
61
33
32
3
9
34
34
66
28
66
43
6
21
16
5
29
6
30
34
66
27
66
4
40
2
27
28
25
8
9
16
54
22
53
27
23
11
14
9
17
58
32
57
27
32
10
22
18
27
70
47
55
32
10
13
14
33
17
21
70
50
59
32
10
21
20
32
1
28
31
74
55
67
33
12
31
34
38
9
41
38
83
66
71
41
18
22
23
49
12
35
32
76
60
80
40
14
40
22
43
20
27
22
65
45
70
33
22
15
31
7
17
10
53
30
72
29
26
8
19
10
14
7
45
24
73
25
32
10
14
7
55
44
67
46
6
84
43
7
14
30
11
1
43
15
51
38
58
30
9
92
43
28
32
7
35
29
28
19
42
10
86
32
37
20
20
22
52
41
50
19
16
89
38
16
34
16
2
33
24
42
29
40
5
13
92
35
30
38
7
26
31
14
8
22
86
24
39
8
26
16
13
21
1
84
25
29
7
29
27
27
35
7
89
35
8
9
6
25
19
36
37
38
19
105
39
34
11
32
39
29
30
34
12
103
35
47
23
2
21
41
28
23
45
8
95
39
13
15
5
24
21
29
20
51
12
97
42
16
6
27
25
16
8
45
2
93
36
26
6
14
22
18
3
55
10
11
101
41
43
22
21
34
5
54
12
94
39
36
16
25
52
12
90
33
31
21
8
22
21
7
81
49
13
93
50
9
16
4
37
16
1
69
36
91
42
28
15
25
21
58
23
89
32
41
41
14
28
26
22
82
49
16
95
49
16
9
44
25
9
75
46
5
92
41
31
37
38
26
11
73
44
3
89
39
30
30
38
25
31
19
79
50
11
89
43
5
17
30
9
47
25
17
6
72
45
84
36
4
23
52
39
20
28
21
80
58
1
88
12
41
19
24
68
8
2
50
21
24
13
73
52
84
36
11
13
44
44
16
28
14
61
37
9
94
32
39
28
32
35
29
20
55
32
12
96
8
30
3
39
75
28
42
44
35
62
39
19
92
8
36
7
11
59
9
39
20
41
30
48
22
16
96
31
32
39
29
34
39
25
40
11
21
97
31
26
64
24
34
66
55
42
5
39
104
38
16
42
16
3
30
36
58
49
27
36
111
3
33
44
67
5
19
54
70
55
28
49
115
36
35
19
14
4
27
52
78
63
22
53
110
32
20
4
18
2
25
50
56
47
16
1
33
109
13
26
43
71
6
15
52
66
64
26
12
36
106
7
29
28
38
19
20
42
76
66
30
17
51
107
26
30
24
82
25
1
19
50
76
63
40
21
51
113
35
36
39
96
31
7
23
57
1
63
48
39
9
39
108
7
32
35
49
20
14
58
71
59
59
24
32
93
24
38
3
58
33
10
30
27
88
84
75
36
47
100
7
48
20
5
54
28
45
4
40
67
63
71
36
37
105
28
40
2
38
75
39
14
35
55
73
66
84
52
33
99
47
43
17
21
99
47
21
47
35
6
72
63
84
53
35
96
22
41
8
19
48
43
13
46
40
78
75
90
60
39
98
21
43
10
19
26
47
16
52
43
75
76
90
63
30
87
29
39
14
11
48
43
13
51
27
69
71
85
60
27
84
40
33
19
16
72
37
7
46
33
2
76
88
86
62
24
77
34
33
17
47
45
16
54
23
99
113
95
77
42
25
88
64
42
36
19
94
66
36
72
34
11
36
29
106
121
91
75
54
38
96
74
41
39
32
110
71
38
72
65
18
56
51
74
83
67
47
20
75
35
25
8
12
59
44
14
47
28
75
79
64
43
21
82
28
25
5
23
52
45
16
46
34
94
100
66
44
43
3
92
35
32
3
19
63
61
31
54
11
8
44
3
92
100
60
38
35
10
85
36
33
1
69
61
31
51
30
3
23
13
73
75
49
29
24
91
53
31
5
12
120
46
20
41
12
29
37
85
83
54
31
42
99
39
39
6
72
56
32
50
32
4
97
105
50
31
55
14
112
28
42
27
48
65
41
54
33
14
50
76
83
28
16
43
111
19
31
40
42
45
26
36
52
75
84
24
20
30
94
14
27
10
41
23
34
2
21
69
77
21
26
25
87
32
23
54
32
14
28
13
80
81
35
41
44
110
43
34
4
22
82
42
27
39
40
7
77
81
37
43
37
103
52
33
5
4
91
38
24
39
33
34
30
32
34
8
10
70
12
7
32
3
39
43
23
21
8
82
11
17
19
10
17
8
98
95
1
68
60
63
3
109
43
48
15
1
42
63
49
66
1
18
39
105
98
3
70
52
70
14
117
41
45
3
45
48
64
49
65
28
26
59
90
92
77
54
55
18
105
74
42
22
14
99
55
41
64
57
12
47
46
75
72
73
38
41
91
50
34
4
2
64
39
27
56
11
34
10
63
57
69
27
24
78
26
27
40
25
14
48
18
113
114
107
67
65
27
104
61
55
21
18
60
66
52
87
49
32
53
24
83
85
90
46
36
85
36
41
12
52
34
21
62
16
38
70
67
80
35
25
79
23
30
8
41
18
3
47
31
106
103
104
64
57
12
103
58
47
18
29
77
52
34
75
40
22
56
31
113
118
105
67
46
29
80
61
46
19
90
58
38
77
66
27
17
37
78
78
70
34
25
68
16
21
28
18
40
21
22
101
98
89
56
43
80
26
34
42
42
22
64
24
18
30
131
138
107
80
62
44
98
56
48
28
37
68
72
50
93
76
45
47
28
88
105
72
47
19
20
70
42
21
5
55
34
14
60
65
25
30
100
117
82
64
24
26
69
55
30
14
76
49
30
76
66
7
10
35
141
153
4
104
87
69
52
103
70
55
36
40
79
85
62
107
81
51
58
42
112
121
69
50
49
19
85
39
34
2
5
50
54
29
72
47
24
46
18
132
142
73
68
60
47
97
71
43
25
17
77
71
45
83
100
43
48
58
118
132
59
66
47
40
86
65
34
20
4
65
64
36
72
86
29
30
45
88
99
39
49
24
66
14
21
37
12
44
14
2
4
140
151
10
72
94
68
54
101
67
52
41
9
50
87
58
82
75
53
40
30
103
119
44
67
37
32
84
68
30
20
4
85
56
26
46
72
15
24
45
115
119
51
70
58
26
92
56
34
19
40
61
27
44
60
31
51
19
131
130
3
63
76
68
36
104
74
47
29
12
72
77
37
51
75
45
54
37
105
115
54
61
41
32
92
71
39
21
25
62
64
20
33
77
17
20
42
107
114
55
55
42
28
84
52
38
11
15
63
20
30
70
19
21
12
112
114
63
61
46
25
86
66
45
18
4
59
68
30
40
70
24
13
27
133
133
12
74
73
77
45
109
79
60
34
34
66
86
47
57
78
50
49
34
87
95
43
37
21
11
80
48
33
3
16
47
10
25
56
11
90
95
57
39
26
11
92
45
43
2
13
52
20
36
50
11
3
125
123
13
96
71
74
33
118
68
69
27
15
64
83
54
73
57
44
44
13
106
113
98
65
47
30
98
58
64
20
26
68
42
65
73
23
16
14
71
79
86
46
74
38
49
7
38
17
44
52
87
100
114
81
21
36
100
94
67
34
36
113
63
44
75
93
11
71
113
121
13
135
102
66
42
119
63
84
36
33
40
81
63
95
59
28
41
11
90
90
106
73
19
80
15
59
4
46
26
62
25
4
93
96
99
69
36
17
85
46
57
6
35
48
21
62
72
12
16
18
127
120
1
111
86
77
31
111
58
69
26
12
41
76
43
84
71
52
57
20
95
100
95
73
28
13
85
45
53
16
32
60
25
70
52
12
94
108
85
61
36
18
93
28
50
11
17
61
21
65
51
5
17
132
135
90
71
72
40
114
51
56
12
45
51
81
35
77
89
55
61
23
122
131
79
55
67
44
98
47
50
1
37
73
28
68
122
44
35
37
113
115
66
41
67
22
101
33
42
14
25
65
23
60
73
33
48
14
88
93
55
30
29
81
16
32
37
30
46
11
48
16
5
27
112
117
66
39
42
13
84
16
43
13
65
28
60
63
28
22
119
113
68
54
44
12
112
38
38
4
34
41
67
30
62
64
39
55
12
89
89
50
39
26
78
17
20
25
39
7
39
34
11
26
121
118
75
71
78
20
97
38
42
4
45
64
36
66
68
49
38
8
143
140
87
92
99
40
126
63
54
31
45
70
83
50
78
93
71
78
33
99
100
49
45
42
2
76
19
24
9
39
28
64
27
24
101
103
59
60
45
21
80
58
30
14
21
76
46
6
34
88
27
33
40
125
132
2
80
77
74
39
101
63
49
21
2
73
72
31
55
84
44
49
31
115
110
61
52
68
7
100
25
36
17
2
52
11
32
46
46
45
116
107
57
48
49
21
81
51
33
11
41
54
14
28
70
55
13
13
105
101
51
36
30
16
77
50
28
6
50
50
15
23
65
40
28
12
102
104
45
32
36
23
82
60
23
5
23
62
55
23
27
74
16
36
28
158
151
18
1
72
58
81
62
105
74
52
22
43
62
101
68
68
105
92
46
32
125
128
1
61
44
58
45
97
73
40
16
33
60
83
54
58
99
44
46
39
126
131
3
64
37
42
47
90
75
38
10
28
68
86
57
63
99
33
32
47
168
155
35
1
89
52
51
53
103
65
57
17
25
39
113
80
88
85
101
47
6
114
106
68
21
67
15
74
44
40
18
68
42
58
54
41
18
87
83
60
6
19
49
37
30
11
48
23
44
46
149
147
35
9
6
114
66
67
61
109
94
72
40
31
86
111
84
107
105
65
49
55
144
146
13
4
116
71
94
61
108
94
72
35
22
106
102
77
106
105
68
41
63
115
113
102
56
32
27
76
51
57
16
9
25
76
52
83
69
41
7
142
148
35
14
140
93
57
62
121
77
95
44
25
60
109
86
119
105
55
50
34
118
115
5
113
63
4
28
85
53
74
15
39
78
51
86
78
32
20
19
70
70
86
36
47
16
43
33
11
53
33
99
97
109
65
64
19
92
54
65
23
23
44
51
31
77
60
26
23
15
95
94
105
59
24
20
87
52
70
15
20
42
50
25
71
69
16
21
19
125
122
3
126
84
63
48
103
80
88
36
34
95
70
45
93
104
54
44
54
121
106
111
74
19
27
79
59
68
27
12
51
54
26
74
77
58
37
22
74
65
78
46
60
15
37
14
35
37
7
82
84
93
73
51
12
115
55
51
19
21
58
26
52
68
15
18
23
80
85
88
72
30
12
87
51
45
16
4
50
31
3
51
69
23
18
68
75
75
62
21
83
46
38
8
9
39
21
39
61
19
18
100
104
91
84
56
25
107
65
56
33
18
48
49
22
60
84
22
48
29
75
80
58
47
27
4
85
36
33
38
19
24
28
62
20
5
46
50
24
9
66
5
6
34
4
21
6
86
73
32
14
41
81
1
19
1
19
2
18
18
51
86
71
24
12
34
75
19
13
6
16
39
30
33
55
49
9
9
60
6
2
12
2
44
41
54
56
79
70
9
34
69
8
16
9
10
10
28
81
75
16
49
70
13
15
5
16
32
9
29
123
110
38
44
12
96
27
36
44
13
53
12
12
65
53
59
1
138
122
38
64
17
108
31
37
65
21
63
20
14
69
70
69
8
107
99
33
25
1
83
25
27
6
17
42
4
3
54
28
40
1
122
102
35
61
5
91
21
27
10
2
40
4
5
55
75
58
76
70
20
27
68
15
36
13
27
11
10
71
80
43
27
75
26
32
6
18
27
11
46
24
3
133
121
70
23
79
26
110
51
55
36
46
67
31
45
74
70
73
26
84
91
51
3
55
83
17
36
37
32
3
22
49
5
33
83
76
48
1
31
69
16
31
20
17
31
12
26
145
131
18
94
53
92
34
117
58
71
20
46
38
78
46
70
74
79
96
24
118
106
77
33
47
7
89
25
52
54
54
21
51
56
58
41
100
84
68
25
22
74
33
39
10
18
34
1
36
64
37
20
14
124
113
6
100
63
78
33
111
65
67
35
37
45
66
30
69
84
52
68
37
75
62
61
16
31
68
14
35
5
4
21
24
33
10
10
79
79
71
28
29
78
13
43
35
36
35
45
31
103
97
81
36
35
7
82
19
50
1
16
50
9
46
42
31
32
87
80
72
25
26
6
72
37
39
34
36
35
56
13
23
22
121
112
4
102
62
31
40
105
73
61
37
77
64
76
35
69
92
44
66
52
99
88
77
32
45
7
85
42
42
6
34
32
48
5
39
64
30
50
28
94
81
71
30
72
79
27
39
3
37
31
47
22
39
91
81
67
32
10
77
33
36
5
56
8
40
30
48
14
36
1
103
98
72
36
52
12
87
32
40
1
53
4
47
2
36
61
28
43
2
107
96
66
30
39
13
81
36
40
17
7
47
32
64
34
40
10
96
88
51
17
16
13
74
42
30
8
22
39
19
71
22
40
28
138
126
72
43
86
47
115
77
50
25
35
67
73
28
50
99
75
90
60
96
96
40
6
45
16
86
37
25
57
16
41
17
59
25
50
16
81
94
29
19
10
75
22
21
49
35
6
55
29
115
101
28
21
22
84
41
23
16
13
50
3
10
60
61
51
20
100
97
18
34
18
85
35
19
52
14
42
56
35
52
18
103
118
30
7
80
44
102
61
30
3
87
38
61
18
16
84
14
69
43
103
101
8
37
21
75
31
12
21
44
57
37
40
12
100
104
5
45
22
82
36
12
40
16
45
62
23
59
19
118
114
12
47
36
85
56
16
38
44
59
7
1
76
44
64
43
110
103
1
49
18
79
30
10
49
48
57
40
52
12
107
109
7
60
26
83
28
16
39
51
5
2
57
34
56
5
135
131
37
64
46
101
56
37
57
29
73
26
27
88
65
78
39
101
101
33
48
10
83
19
27
54
43
2
13
46
27
57
99
103
47
31
17
69
19
31
31
42
1
18
53
25
40
77
75
54
5
12
68
22
30
46
2
24
13
35
3
34
2
69
65
65
16
24
72
10
32
39
17
16
18
36
82
82
83
38
37
79
16
43
39
29
31
41
13
49
73
68
81
40
23
68
9
38
22
20
25
19
3
32
71
63
86
47
20
68
7
39
3
44
19
27
15
2
33
66
62
87
46
12
65
1
38
1
35
14
25
19
33
75
65
94
50
30
68
6
41
5
28
19
33
19
8
39
69
60
95
53
18
65
14
41
12
35
3
17
34
26
32
64
58
87
47
15
58
7
34
8
26
13
28
23
29
65
59
86
49
19
62
12
36
15
33
17
30
23
36
66
57
76
43
17
61
9
30
14
28
17
24
27
36
63
53
64
34
15
56
10
23
10
28
14
17
21
32
61
56
59
32
14
56
14
23
14
30
16
15
18
29
75
68
55
27
25
61
23
25
17
28
3
27
17
36
6
38
68
61
39
12
20
59
23
17
12
29
9
23
8
31
33
68
63
26
4
21
59
20
13
9
28
4
24
3
29
34
71
65
18
23
60
18
13
5
26
27
30
3
35
67
60
9
21
61
12
12
25
25
22
35
73
68
7
25
65
24
15
1
27
9
30
35
3
41
73
73
3
22
2
63
31
16
21
18
30
43
1
34
11
81
77
6
32
1
70
28
22
26
12
36
39
11
41
7
77
68
3
29
69
15
20
24
32
19
9
38
80
69
7
28
68
19
19
21
7
34
24
10
35
89
75
17
3
36
74
23
23
7
25
12
40
33
19
43
4
86
75
25
8
31
69
19
21
9
19
8
38
2
33
15
36
1
81
68
32
13
29
69
23
22
14
22
13
38
6
29
10
36
73
60
32
9
23
66
12
20
10
20
1
32
11
1
35
80
74
48
18
28
69
18
29
20
22
11
38
2
1
30
10
40
2
74
66
57
21
22
67
19
35
21
20
13
33
33
2
33
