4879
4878
4878
4878
4715
4719
4877
4675
4878
4701
4704
4715
4697
4879
4711
4858
4879
4721
4879
4879
4745
4762
4736
4952
4946
4675
4870
4869
4869
4869
4698
4704
4869
4655
4869
4683
4686
4698
4679
4869
4693
4848
4869
4707
4869
4870
4733
4750
4719
4947
4940
4681
4867
4865
4866
4866
4703
4708
4865
4662
4866
4689
4692
4703
4685
4866
4698
4846
4866
4710
4866
4866
4734
4751
4723
4939
4934
4665
4858
4856
4857
4857
4688
4693
4856
4646
4857
4673
4677
4688
4669
4857
4683
4836
4857
4696
4857
4857
4721
4738
4709
4933
4927
4665
4853
4852
4852
4852
4687
4692
4852
4645
4852
4673
4676
4687
4669
4852
4682
4832
4852
4695
4852
4853
4720
4736
4707
4927
4921
4656
4846
4844
4845
4844
4678
4683
4844
4637
4845
4664
4667
4678
4660
4845
4674
4824
4845
4686
4845
4845
4711
4727
4699
4920
4914
4650
4839
4838
4838
4838
4672
4678
4838
4630
4839
4658
4661
4672
4654
4839
4667
4818
4839
4680
4839
4839
4705
4722
4693
4913
4908
4645
4833
4832
4832
4832
4667
4672
4832
4626
4832
4653
4656
4667
4649
4833
4663
4812
4833
4675
4832
4833
4700
4716
4688
4907
4901
4637
4826
4825
4825
4825
4659
4664
4825
4618
4826
4645
4648
4659
4641
4826
4654
4805
4826
4667
4826
4826
4692
4709
4680
4900
4895
4633
4820
4819
4819
4819
4655
4660
4819
4614
4819
4641
4644
4655
4637
4820
4650
4799
4820
4663
4820
4820
4687
4703
4675
4894
4888
4625
4813
4812
4813
4813
4647
4652
4812
4606
4813
4633
4636
4647
4629
4813
4643
4792
4813
4655
4813
4813
4680
4696
4668
4887
4881
4620
4807
4806
4807
4806
4642
4647
4806
4601
4807
4628
4631
4642
4624
4807
4637
4786
4807
4650
4807
4807
4674
4691
4662
4881
4875
4898
4943
4942
4942
4942
4707
3052
4942
4897
4942
4417
4905
4540
4897
4942
671
4942
4942
893
4942
4942
1363
1248
4898
4797
4791
4901
4937
4936
4936
4936
4681
3028
4936
4901
4937
4333
4906
4484
4901
4936
695
4937
4937
913
4936
4937
1384
1268
4901
4791
4785
4891
4930
4930
4930
4930
4701
3031
4930
4890
4930
4379
4897
4525
4890
4930
660
4930
4930
880
4930
4930
1353
1237
4891
4785
4779
4908
4923
4922
4923
4923
4671
3029
4922
4883
4923
4348
4890
4484
4884
4923
691
4918
4923
910
4922
4923
1378
1263
4884
4778
4772
4960
4892
4892
4893
4894
4662
3014
4898
4863
4902
4336
4875
4491
4873
4912
666
4842
4917
885
4917
4917
1356
1241
4881
4772
4766
2685
2776
2781
2786
2791
2863
2077
2807
2825
2817
2753
2842
2808
2851
2843
494
2861
2858
655
2868
2873
999
917
2901
3023
3025
328
30
29
28
26
22
11
19
8
4
12
7
4
3
494
108
109
110
111
139
198
113
118
115
142
120
148
122
119
60
121
79
123
124
121
111
130
140
141
435
753
92
93
93
93
93
103
94
94
94
95
94
94
95
95
29
95
37
96
96
56
51
96
96
96
694
966
60
60
26
60
52
27
60
58
60
51
58
49
58
59
4
59
6
59
59
8
7
57
56
56
981
1
3
4
6
6
1141
8
8
8
2
7
6
7
6
6
7
6
6
6
5
3
3
1246
1
7
7
11
23
7
8
8
12
8
12
9
8
7
9
10
9
9
15
14
10
10
11
1330
1464
16
16
16
16
16
16
16
16
16
16
16
16
4
16
5
16
16
8
7
16
16
16
1532
1652
8
5
7
3
8
11
8
7
8
6
8
8
8
8
8
75
7
7
1729
1
58
1
1
1
219
1824
219
58
364
1911
1
2
3
1
368
1
2
1
2
215
1
1
1
1
1
1
2
2
495
2
2
1987
492
357
626
2073
2
2
2
2
639
2
2
2
2
494
2
2
2
2
1
1
754
2
2
2148
9
763
635
878
2229
1
105
1
897
1
1
766
1
1
1
1
1002
1
1
2302
275
1018
897
1119
2375
412
1140
1022
1234
2444
554
1258
1144
1345
2510
692
1369
1261
1452
2576
821
1479
25
1
1373
1555
2636
951
1583
147
38
1483
1655
2696
1072
1686
312
178
1589
1752
2754
1192
1783
440
337
1690
1845
2806
1303
1875
579
464
1785
1932
2855
1412
1963
708
30
605
1878
2016
2907
1520
2051
834
162
733
1969
2100
2955
1621
2135
958
325
861
2056
9
2180
2998
1718
2214
1073
451
982
2139
95
2255
3042
1813
2293
1189
594
1099
2221
263
2329
3089
1910
2373
1302
728
1219
2303
403
2406
3133
2001
2448
1412
858
1331
2381
543
2478
3175
2090
2522
1520
986
1442
2458
683
2549
3216
2178
2594
1623
1107
1548
2533
812
2617
3256
2261
2663
1723
1227
1651
2604
943
2683
3294
2341
2729
1820
1341
1752
2673
1065
8
2748
3331
2419
2794
1914
1452
1848
2740
1
1187
89
2809
3366
2495
2857
2005
1560
1942
2805
43
1303
248
2869
3401
2569
2917
2093
1665
2032
2868
189
1416
2
381
2928
3435
2640
2976
2178
1766
2121
2929
348
1526
51
512
2985
3468
2709
3034
2262
1864
2207
2988
481
1632
199
645
3040
3499
15
2777
3089
2343
1960
2290
3046
627
1735
347
768
3093
3527
119
2840
3141
2419
2050
2368
3100
756
1833
473
892
3144
3554
287
2899
3190
2491
2136
2443
3151
885
1927
609
1005
3191
3582
422
2959
3239
2564
2221
2517
3201
1009
2019
733
1120
3239
3608
565
3018
3288
2635
2305
2590
3252
1131
2109
860
1232
3286
3633
700
3073
3334
2702
2385
2660
3299
1250
2195
979
1339
3330
3658
830
3128
3378
2767
2462
2727
3346
1363
2279
1095
1444
3374
3681
960
3179
3420
2830
2537
2792
3390
1473
2360
1209
1544
3415
3705
1081
3230
3463
2892
2609
2855
3433
1580
2438
1318
1643
3456
3726
1203
3279
3504
2952
2680
2916
3475
1683
2514
1424
1738
3494
3747
1316
3326
3542
3009
2748
2975
3515
1783
2588
1527
1830
3532
3768
1429
3372
3579
3064
2813
3033
3554
1880
2659
1628
1920
3570
3787
1538
3416
3616
3118
2876
3088
3591
1974
2728
1725
2006
3605
3806
1642
3459
3651
3170
2938
3141
3628
2064
2794
1818
2091
3639
3824
1743
3500
3684
3220
2997
3192
3663
2152
2859
1909
2172
3672
3842
1842
3539
3717
3269
3054
3243
3696
2237
2921
1998
2251
3704
3858
1937
3578
3749
3316
3109
3291
3729
2319
2980
2083
2328
3734
3874
2029
3615
3779
3361
3163
3337
3760
2398
3038
2166
2402
3764
3890
2118
3651
3809
3405
3215
3383
3791
2475
3095
2246
2474
3793
3904
2204
3685
3837
3448
3265
3426
3820
2549
3149
2324
2543
3821
3918
2288
3719
3865
3489
3313
3468
3848
2622
3200
2399
2612
3847
3931
2368
3751
3891
3528
3360
3509
3876
2692
3252
2473
2678
3874
3944
2446
3782
3916
3566
3405
3548
3902
2759
3300
2544
2741
3899
3957
2522
3811
3940
3604
3449
3587
3927
2823
3348
2612
2802
3923
3969
2595
3840
3964
3639
3490
3623
3952
2888
3394
2679
2863
3946
3980
2666
3868
3986
3674
3531
3658
3975
2948
3437
2744
2920
3968
3990
2733
3895
4009
3707
3571
3692
3998
3007
3480
2805
2976
3990
4001
2800
3920
4029
3739
3608
3725
4019
3064
3522
2866
3030
4011
4011
2864
3945
4050
3770
3644
3757
4040
3119
3561
2925
3083
4031
4020
2926
3969
4070
3800
3680
3788
4061
3172
3599
2981
3134
4050
4030
2985
3992
4088
3828
3714
3817
4080
3224
3636
3036
3183
4068
4038
3043
4014
4105
3857
3747
3846
4099
3273
3672
3090
3231
4087
4046
3099
4035
4123
3883
3778
3873
4116
3321
3706
3140
3276
4104
4053
3153
4056
4140
3909
3808
3899
4133
3367
3739
3190
3321
4119
4060
3205
4075
4156
3934
3838
3925
4150
3412
3771
3238
3365
4135
4068
3255
4095
4171
3957
3866
3949
4166
3456
3802
3284
3406
4151
4074
3304
4112
4185
3981
3894
3973
4180
3497
3831
3329
3445
4165
4080
3352
4130
4200
4003
3919
3995
4195
3538
3859
3373
3485
4180
4085
3396
4147
4213
4024
3945
4017
4209
3576
3888
3415
3524
4192
4091
3440
4163
4226
4044
3969
4038
4222
3613
3914
3455
3559
4205
4096
3483
4178
4237
4064
3992
4058
4234
3649
3939
3495
3594
4218
4101
3524
4192
4250
4084
4015
4078
4247
3684
3964
3533
3629
4230
4105
3563
4207
4261
4102
4037
4096
4259
3718
3987
3570
3663
4240
4110
3600
4220
4271
4119
4058
4114
4270
3751
4010
3604
3694
4252
4114
3637
4233
4282
4136
4077
4132
4280
3782
4032
3640
3725
4262
4117
3673
4246
4292
4152
4096
4148
4290
3812
4053
3673
3755
4271
4120
3707
4258
4301
4167
4115
4164
4301
3841
4073
3704
3784
4281
4124
3740
4269
4309
4182
4133
4179
4309
3869
4093
3736
3811
4290
4126
3772
4279
4318
4197
4149
4194
4318
3897
4111
3766
3838
4299
4129
3802
4290
4326
4210
4166
4207
4326
3922
4129
3794
3864
4306
4132
3831
4299
4333
4223
4182
4220
4334
3947
4146
3822
3889
4314
4134
3860
4308
4340
4236
4196
4234
4342
3971
4163
3849
3913
4322
4135
3888
4318
4347
4248
4210
4246
4349
3995
4178
3875
3936
4328
4136
3914
4326
4354
4259
4225
4257
4355
4017
4193
3899
3958
4334
4138
3939
4333
4359
4270
4237
4269
4361
4038
4208
3924
3979
4341
4139
3964
4341
4366
4281
4249
4280
4368
4059
4221
3947
4000
4347
4140
3987
4349
4371
4290
4262
4289
4373
4078
4234
3969
4020
4352
4141
4010
4355
4375
4299
4273
4299
4378
4097
4247
3991
4040
4358
4142
4032
4361
4380
4309
4284
4308
4383
4116
4259
4011
4058
4363
4142
4053
4368
4385
4318
4294
4317
4387
4133
4270
4031
4076
4367
4142
4073
4373
4389
4325
4304
4325
4392
4150
4282
4050
4093
4371
4142
4092
4379
4392
4333
4314
4333
4396
4166
4293
4069
4111
4375
4143
4111
4383
4396
4340
4323
4341
4399
4181
4302
4087
4126
4379
4142
4129
4388
4400
4347
4331
4347
4403
4196
4311
4104
4141
4382
4141
4145
4392
4402
4354
4339
4354
4406
4211
4320
4121
4156
4385
4141
4161
4396
4405
4360
4347
4360
4408
4224
4329
4136
4170
4388
4141
4177
4400
4407
4365
4354
4366
4411
4237
4337
4151
4183
4390
4140
4192
4403
4409
4371
4361
4372
4414
4249
4345
4166
4195
4393
4138
4206
4407
4412
4376
4367
4377
4415
4261
4352
4180
4209
4395
4137
4220
4409
4413
4381
4374
4382
4418
4273
4359
4192
4220
4397
4136
4234
4412
4414
4385
4379
4386
4419
4283
4366
4206
4232
4398
4135
4246
4414
4416
4390
4384
4391
4420
4293
4372
4218
4242
4400
4133
4258
4417
4417
4393
4389
4395
4422
4303
4377
4230
4253
4402
4132
4270
4419
4418
4397
4394
4398
4422
4312
4383
4241
4262
4402
4130
4281
4420
4419
4400
4398
4402
4423
4322
4388
4252
4272
4403
4128
4291
4421
4418
4403
4402
4405
4424
4329
4393
4262
4281
4404
4127
4301
4423
4420
4406
4406
4407
4424
4338
4397
4272
4290
4404
4123
4310
4423
4419
4408
4409
4410
4424
4345
4401
4281
4298
4404
4122
4319
4424
4419
4410
4412
4412
4424
4352
4405
4290
4306
4405
4120
4328
4425
4419
4413
4415
4414
4424
4358
4408
4298
4313
4404
4117
4336
4425
4418
4414
4418
4417
4424
4365
4411
4307
4320
4404
4115
4344
4426
4418
4416
4420
4418
4424
4372
4415
4314
4327
4404
4113
4351
4425
4417
4417
4423
4419
4422
4376
4417
4321
4333
4403
4110
4358
4425
4416
4418
4424
4421
4421
4382
4419
4328
4338
4402
4107
4364
4425
4415
4419
4426
4421
4421
4387
4421
4334
4344
4402
4104
4370
4424
4414
4420
4428
4422
4420
4392
4423
4341
4349
4401
4102
4376
4424
4412
4420
4428
4423
4418
4395
4425
4347
4354
4400
4099
4382
4423
4411
4421
4429
4424
4417
4400
4426
4352
4359
4399
4095
4386
4422
4410
4421
4430
4424
4416
4404
4428
4357
4363
4397
4092
4391
4421
4408
4420
4431
4423
4414
4407
4429
4362
4368
4395
4089
4395
4419
4406
4420
4431
4423
4412
4410
4430
4366
4371
4394
4086
4400
4418
4405
4421
4431
4423
4410
4413
4430
4371
4375
4393
4083
4404
4417
4403
4420
4431
4423
4409
4416
4430
4375
4378
4390
4080
4407
4416
4401
4419
4431
4421
4407
4418
4431
4378
4381
4388
4076
4410
4413
4398
4418
4431
4421
4404
4419
4431
4382
4384
4387
4073
4412
4411
4396
4417
4430
4420
4401
4421
4430
4385
4386
4384
4070
4416
4410
4393
4416
4429
4419
4399
4423
4430
4388
4388
4381
4066
4418
4407
4391
4415
4429
4418
4397
4425
4430
4390
4391
4379
4062
4420
4406
4388
4413
4428
4416
4395
4426
4429
4392
4393
4377
4059
4422
4403
4385
4411
4427
4415
4392
4426
4428
4394
4393
4374
4055
4423
4400
4383
4410
4425
4413
4388
4427
4427
4396
4395
4372
4051
4426
4398
4380
4408
4424
4412
4386
4428
4426
4398
4397
4369
4048
4426
4395
4377
4407
4423
4409
4383
4428
4425
4398
4397
4366
4044
4427
4393
4374
4404
4421
4407
4380
4428
4423
4400
4398
4363
4040
4428
4389
4371
4403
4419
4406
4377
4428
4422
4402
4399
4360
4036
4429
4387
4368
4401
4417
4403
4374
4428
4420
4402
4400
4358
4032
4429
4385
4364
4397
4415
4401
4371
4428
4419
4403
4399
4354
4028
4429
4381
4360
4395
4414
4398
4367
4427
4417
4403
4399
4351
4025
4430
4378
4357
4393
4411
4396
4364
4426
4414
4404
4399
4348
4020
4429
4375
4354
4390
4408
4393
4360
4425
4412
4404
4399
4344
4016
4429
4372
4351
4388
4406
4390
4357
4425
4410
4404
4399
4341
4012
4429
4368
4346
4385
4403
4388
4353
4423
4408
4403
4398
4338
4008
4428
4364
4343
4382
4401
4385
4349
4422
4405
4403
4397
4334
4003
4427
4362
4340
4379
4399
4382
4346
4421
4403
4402
4396
4330
4000
4426
4358
4335
4375
4396
4379
4342
4420
4401
4402
4395
4327
3996
4425
4354
4331
4373
4392
4376
4338
4418
4397
4401
4394
4323
3991
4423
4350
4328
4370
4390
4373
4334
4416
4394
4400
4393
4319
3986
4422
4347
4324
4366
4387
4369
4331
4414
4392
4398
4392
4316
3983
4421
4343
4320
4363
4383
4366
4326
4412
4389
4398
4390
4312
3978
4420
4339
4316
4360
4380
4363
4322
4410
4385
4396
4388
4308
3973
4418
4335
4312
4356
4376
4359
4319
4407
4382
4394
4387
4304
3969
4415
4331
4308
4352
4373
4355
4315
4405
4380
4393
4385
4300
3965
4414
4327
4304
4349
4370
4352
4310
4402
4376
4391
4382
4296
3961
4412
4324
4300
4346
4366
4349
4306
4400
4372
4389
4380
4292
3955
4409
4319
4296
4342
4363
4345
4302
4398
4369
4387
4379
4288
3951
4407
4315
4291
4338
4359
4341
4298
4395
4366
4385
4376
4284
3948
4405
4311
4286
4334
4356
4337
4293
4391
4362
4383
4373
4279
3943
4402
4307
4282
4330
4351
4333
4288
4389
4358
4381
4371
4275
3938
4399
4303
4279
4326
4348
4329
4285
4386
4355
4378
4369
4271
3934
4396
4299
4274
4322
4345
4325
4280
4383
4351
4376
4366
4266
3929
4394
4294
4269
4318
4340
4321
4276
4379
4348
4373
4363
4262
3925
4391
4289
4265
4315
4336
4318
4272
4376
4344
4371
4360
4258
3920
4389
4286
4261
4310
4332
4313
4267
4373
4339
4368
4357
4254
3915
4385
4281
4256
4306
4329
4309
4262
4370
4336
4365
4355
4249
3911
4381
4276
4251
4302
4325
4305
4258
4367
4332
4362
4352
4245
3907
4379
4272
4246
4298
4320
4301
4253
4363
4328
4359
4348
4240
3902
4375
4268
4242
4294
4315
4296
4248
4360
4323
4356
4345
4236
3897
4372
4263
4237
4289
4312
4292
4244
4356
4319
4353
4342
4231
3893
4368
4258
4233
4285
4308
4288
4240
4352
4316
4350
4339
4227
3888
4365
4253
4228
4281
4303
4283
4235
4349
4311
4347
4335
4222
3883
4362
4249
4223
4276
4298
4279
4230
4345
4306
4343
4332
4217
3878
4357
4245
4219
4272
4294
4274
4225
4341
4303
4340
4329
4213
3874
4355
4240
4214
4267
4290
4270
4220
4337
4298
4337
4325
4208
3870
4351
4235
4209
4263
4285
4265
4215
4332
4294
4333
4321
4203
3864
4347
4230
4205
4258
4281
4261
4211
4329
4289
4329
4318
4199
3860
4343
4226
4200
4253
4277
4256
4207
4325
4285
4325
4313
4194
3856
4339
4221
4195
4248
4272
4252
4201
4321
4280
4322
4309
4189
3851
4335
4216
4190
4244
4267
4247
4196
4317
4276
4318
4306
4185
3845
4331
4212
4186
4240
4263
4243
4192
4313
4272
4315
4303
4180
3841
4327
4207
4181
4235
4259
4238
4187
4308
4267
4310
4298
4175
3837
4323
4201
4176
4231
4254
4233
4182
4304
4263
4306
4294
4170
3832
4319
4197
4170
4226
4248
4229
4177
4300
4258
4303
4290
4166
3883
4362
4249
4223
4276
4298
4279
4230
4345
4306
4343
4332
4217
3878
4357
4245
4219
4272
4294
4274
4225
4341
4303
4340
4329
4213
3874
4355
4240
4214
4267
4290
4270
4220
4337
4298
4337
4325
4208
3870
4351
4235
4209
4263
4285
4265
4215
4332
4294
4333
4321
4203
3864
4347
4230
4205
4258
4281
4261
4211
4329
4289
4329
4318
4199
3860
4343
4226
4200
4253
4277
4256
4207
4325
4285
4325
4313
4194
3856
4339
4221
4195
4248
4272
4252
4201
4321
4280
4322
4309
4189
3851
4335
4216
4190
4244
4267
4247
4196
4317
4276
4318
4306
4185
3845
4331
4212
4186
4240
4263
4243
4192
4313
4272
4315
4303
4180
3841
4327
4207
4181
4235
4259
4238
4187
4308
4267
4310
4298
4175
3837
4323
4201
4176
4231
4254
4233
4182
4304
4263
4306
4294
4170
3832
4319
4197
4170
4226
4248
4229
4177
4300
4258
4303
4290
4166
3775
4266
4137
4111
4168
4192
4171
4118
4245
4200
4252
4238
4106
3769
4259
4131
4105
4161
4185
4164
4111
4238
4194
4244
4232
4100
3765
4254
4127
4100
4156
4180
4159
4106
4233
4188
4239
4227
4095
3760
4248
4120
4094
4151
4174
4154
4101
4227
4183
4234
4220
4089
3755
4243
4115
4089
4145
4168
4148
4095
4223
4177
4228
4215
4084
3750
4237
4110
4084
4140
4163
4143
4090
4217
4172
4222
4209
4078
3745
4231
4105
4079
4135
4158
4137
4085
4211
4167
4217
4204
4074
3741
4227
4099
4073
4129
4152
4132
4079
4206
4161
4212
4199
4069
3735
4221
4094
4068
4124
4147
4126
4074
4200
4156
4206
4193
4062
3731
4215
4089
4063
4118
4142
4120
4069
4195
4150
4200
4188
4057
3726
4210
4083
4057
4113
4137
4116
4063
4189
4145
4195
4182
4053
3708
4189
4064
4042
4099
4123
4104
4053
4182
4139
4190
4176
4047
2397
2653
2595
2590
2625
2641
2634
2612
2684
2673
2711
2707
2645
342
370
339
343
366
350
351
267
348
326
343
453
344
74
68
80
79
74
80
83
112
87
97
90
197
95
166
150
155
158
158
157
158
161
157
161
161
161
167
123
120
124
124
121
122
123
132
123
127
124
50
125
99
96
97
97
98
99
98
98
97
98
98
97
98
71
74
72
72
74
73
73
68
73
73
72
234
74
40
49
46
46
47
47
46
44
46
45
46
45
42
12
16
13
14
16
14
14
6
15
14
14
15
6
5
7
8
6
6
6
11
7
9
7
83
8
19
15
15
16
16
17
17
16
15
16
16
15
16
145
19
18
19
20
20
19
20
20
20
21
19
61
20
16
17
17
18
18
19
18
17
16
17
16
16
16
11
11
10
12
12
11
12
10
12
13
11
48
12
6
7
7
7
8
9
7
7
6
7
7
5
6
125
1
2
1
2
2
2
2
3
3
1
39
3
2
1
2
3
1
3
2
1
1
1
3
3
3
5
2
3
4
4
4
5
5
6
4
4
4
4
3
3
3
3
3
2
5
5
4
5
4
4
5
4
126
5
4
4
3
4
5
6
5
4
3
4
1
4
2
3
86
1
3
2
2
3
4
1
3
3
3
4
4
1
3
2
2
3
2
3
3
4
3
3
1
2
1
2
3
2
1
1
2
1
2
1
1
1
3
1
3
3
2
2
1
1
1
3
2
3
1
104
2
2
1
3
1
2
2
2
1
2
2
1
1
2
1
1
2
1
3
1
1
137
2
3
1
1
2
3
2
1
3
1
3
4
3
2
2
2
1
2
2
3
1
2
1
1
2
2
1
1
2
2
1
2
3
1
2
2
2
1
2
1
2
3
1
4
2
1
2
2
1
3
2
2
1
4
1
4
4
3
2
1
2
1
2
2
3
1
2
1
104
1
3
2
1
1
4
2
2
2
3
2
2
3
2
1
2
1
2
3
2
4
2
1
133
2
3
1
1
3
3
2
2
3
1
3
3
3
2
2
2
2
2
3
3
2
2
1
8
2
3
2
1
1
3
3
3
2
3
1
3
3
3
2
2
2
2
3
2
4
1
2
1
1
2
3
3
1
1
3
3
3
2
4
2
3
3
2
3
2
2
1
3
2
4
2
1
79
2
3
2
3
3
2
2
3
2
3
4
3
3
2
2
2
2
2
3
2
2
1
126
2
3
2
1
3
3
2
2
4
2
4
4
3
2
3
2
2
3
2
5
2
2
1
32
2
3
3
1
3
3
2
2
4
2
4
4
3
3
2
2
1
3
2
4
1
2
1
1
1
3
3
4
2
2
2
4
3
4
4
2
3
2
2
2
3
2
4
2
1
1
63
2
3
2
1
4
3
3
2
4
2
4
4
3
3
3
3
2
3
3
4
2
2
2
142
2
4
3
1
1
4
3
3
3
5
2
4
4
3
3
2
3
3
4
2
5
1
2
1
1
45
2
3
3
1
4
3
3
2
5
2
5
4
3
3
2
3
2
4
2
4
2
2
1
1
2
3
3
1
4
3
3
2
5
2
5
5
3
3
3
3
3
4
3
4
2
3
1
2
36
3
4
2
1
5
3
3
3
5
3
4
5
4
3
3
3
3
3
3
5
2
2
1
2
133
2
4
3
1
1
5
3
3
3
5
3
5
5
4
3
3
3
3
4
3
5
2
2
2
63
2
4
3
1
1
4
4
3
3
5
2
5
5
3
3
3
4
3
4
2
5
2
3
1
2
1
3
4
1
1
5
3
3
2
5
2
5
5
4
3
3
3
2
4
3
6
3
2
1
1
23
1
4
4
1
4
3
3
3
6
3
4
5
3
4
3
3
3
4
3
5
2
2
1
2
127
2
4
3
1
1
5
4
3
3
5
3
4
5
4
4
3
3
3
3
3
6
2
3
1
2
101
2
4
4
1
1
4
4
3
3
5
3
5
5
5
3
3
3
4
5
4
6
2
3
