4902
4827
4799
4999
4901
1391
1988
1422
4901
4816
3244
4902
3947
4902
4902
4901
4778
4841
2928
4999
4888
4888
4803
4783
4999
4889
1382
1977
1407
4890
4791
3202
4888
3801
4888
4888
4889
4763
4817
2922
4999
4884
4884
4806
4775
4999
4884
1298
1865
1320
4884
4787
3041
4884
3670
4884
4884
4884
4753
4820
2770
4999
4878
4878
4798
4776
4999
4879
1279
1834
1308
4880
4703
2987
4878
3562
4878
4878
4878
4757
4811
2720
4999
4869
4870
4788
4760
4999
4869
1235
1767
1256
4870
4539
2867
4870
3447
4869
4870
4869
4739
4803
2631
4999
4866
4866
4787
4762
4999
4866
1190
1706
1214
4867
4408
2783
4866
3345
4866
4866
4866
4743
4800
2544
4999
4857
4857
4776
4750
4999
4857
1155
1658
1179
4860
4260
2694
4857
3236
4857
4857
4857
4730
4790
2480
4999
4852
4852
4773
4747
4999
4852
1111
1593
1140
4911
4137
2601
4852
3141
4852
4852
4852
4727
4787
2395
4999
4845
4845
4764
4740
4999
4845
1082
1547
1122
4997
4017
2539
4845
3044
4845
4845
4845
4720
4778
2349
4999
4839
4839
4759
4733
4999
4839
1038
1487
1063
4995
3873
2445
4839
2941
4839
4839
4839
4712
4773
2264
4999
4832
4832
4753
4728
4999
4833
998
1437
1026
4999
3751
2365
4833
2838
4832
4833
4832
4708
4766
2188
4998
4825
4826
4746
4720
4999
4826
960
1384
986
4999
3621
2287
4826
2738
4825
4826
4826
4700
4760
2118
4994
4819
4820
4740
4715
4999
4820
929
1338
952
4999
3503
2213
4820
2649
4819
4820
4820
4695
4754
2052
4997
4823
4825
4727
4888
4825
806
1164
823
4842
2486
1923
4824
2130
4826
4826
4824
4706
1794
4870
4929
4933
3479
4900
4733
4935
336
159
498
4579
262
151
4932
4938
4938
4931
4887
3242
4742
4995
4995
4892
4992
4464
4994
1896
925
2802
4161
1468
884
4995
4993
4993
4995
4992
4997
4482
4979
4979
4838
4977
4458
4979
1137
546
1682
4149
878
523
4979
4980
4980
4979
4976
4785
4479
4984
4984
4998
4985
4372
4984
1326
645
1964
4016
1026
614
4984
4984
4984
4984
4986
4964
4400
4969
4970
4993
4967
4295
4969
1321
639
1954
3891
1021
610
4970
4969
4969
4969
4966
4908
4327
4968
4968
4999
4969
4238
4968
1155
560
1712
3805
893
534
4968
4968
4968
4968
4969
4945
4275
4959
4959
4999
4958
4159
4959
1277
620
1892
3679
988
590
4959
4959
4959
4959
4958
4910
4201
4952
4953
4999
4953
4107
4953
1094
529
1621
3597
845
504
4953
4953
4953
4952
4952
4918
4153
4947
4947
4999
4947
4035
4947
1170
568
1734
3485
904
541
4947
4937
4947
4947
4947
4909
4085
4939
4939
4999
4938
3979
4939
1072
519
1590
3397
828
493
4939
4841
4939
4939
4938
4897
4033
4934
4934
4999
4934
3916
4934
1060
513
1574
3300
818
487
4934
4676
4934
4934
4934
4899
3975
4926
4926
4999
4925
3859
4926
1036
501
1538
3209
799
475
4926
4539
4926
4926
4925
4884
3921
4920
4921
4999
4920
3806
4920
984
476
1461
3126
759
452
4921
4405
4889
4920
4920
4884
3872
4887
4888
4973
4889
3738
4876
980
475
1457
3037
757
450
4914
4268
4755
4913
4913
4874
3819
2780
2785
2686
2795
2401
2869
666
323
995
2056
518
309
2866
2673
2859
2886
2892
2905
2533
33
45
30
106
65
74
41
30
28
225
4
77
110
78
276
181
219
164
108
109
352
40
7
3
11
4
3
125
126
130
65
239
106
149
106
370
240
289
204
92
92
511
59
83
59
202
135
162
97
97
110
408
113
159
112
390
254
306
211
60
60
630
109
155
109
382
251
303
59
112
209
606
125
177
124
435
285
342
172
234
6
722
149
211
149
519
340
410
5
349
283
788
149
212
149
519
340
410
9
479
282
834
176
249
176
611
400
482
589
334
930
179
253
179
623
408
492
16
744
339
962
197
279
197
686
448
541
838
374
1046
207
293
207
721
472
569
8
977
394
1092
219
309
219
760
498
600
1080
415
1155
233
328
232
807
528
636
1196
442
1211
241
341
241
838
548
661
2
1306
458
1261
254
359
255
882
578
696
1407
483
1319
264
372
264
914
598
721
2
1514
501
1366
275
388
275
952
623
751
1609
522
1418
285
402
285
986
645
777
1708
542
1464
295
415
295
1018
667
803
1800
560
1511
305
429
305
1052
688
829
1890
579
1556
314
441
314
1082
708
852
1978
595
1599
323
454
323
1113
728
877
2062
614
1642
331
466
332
1141
747
899
2145
630
1682
339
477
340
1170
765
922
2224
646
1722
348
488
348
1197
784
943
2303
661
1760
355
500
356
1224
800
964
2377
677
1797
363
510
363
1249
817
984
2450
691
1830
368
518
368
1272
832
1001
2519
703
1864
374
527
375
1295
846
1019
2586
716
1898
381
536
382
1319
861
1037
2653
729
1930
387
545
388
1341
876
1054
2717
742
1961
393
554
394
1362
889
1071
2778
753
1991
399
562
400
1383
902
1087
2838
766
2021
405
570
406
1403
915
1103
2897
777
2049
410
578
411
1422
928
1118
2953
787
2076
415
585
416
1441
940
1132
3007
798
2102
420
592
422
1459
951
1146
3060
809
2128
426
600
426
1477
963
1159
3112
819
2152
430
606
431
1493
973
1172
3161
829
2176
435
612
436
1510
984
1185
3208
838
2199
439
619
440
1526
994
1197
3255
847
2221
443
625
445
1540
1004
1209
3300
856
2243
448
631
449
1555
1013
1220
3343
864
2264
451
636
452
1570
1022
1231
3386
872
2284
455
641
457
1584
1031
1242
3426
881
2304
459
647
461
1597
1040
1252
3466
888
2322
462
652
464
1609
1047
1262
3504
895
2340
466
657
467
1622
1056
1271
3540
902
2358
469
661
471
1633
1063
1280
3576
909
2375
472
666
474
1645
1071
1289
3610
916
2391
475
670
477
1656
1078
1297
3644
923
2406
478
674
480
1667
1085
1306
3676
928
2421
481
678
483
1677
1090
1313
3707
935
2436
484
682
486
1687
1097
1321
3737
940
2450
486
686
489
1697
1103
1328
3766
946
2463
489
690
491
1706
1109
1335
3794
951
2476
491
693
493
1714
1114
1342
3821
957
2489
494
696
496
1723
1120
1348
3847
962
2501
496
700
498
1731
1125
1354
3873
967
2513
498
702
500
1739
1130
1360
3896
972
2524
500
705
502
1747
1135
1366
3920
975
2534
502
708
504
1754
1139
1372
3943
980
2545
504
711
506
1761
1144
1377
3964
985
2555
506
714
508
1768
1148
1382
3985
988
2564
507
716
510
1775
1152
1387
4006
992
2573
509
718
512
1781
1156
1391
4026
996
2583
511
721
513
1786
1159
1396
4044
1000
2590
512
723
515
1792
1163
1400
4062
1003
2599
514
725
516
1797
1167
1404
4080
1007
2606
515
727
518
1802
1169
1407
4095
1010
2613
516
729
519
1807
1172
1411
4112
1013
2621
518
730
521
1812
1175
1415
4128
1016
2628
519
732
522
1817
1178
1418
4142
1018
2634
520
734
523
1821
1181
1421
4157
1021
2640
522
735
524
1825
1183
1425
4171
1024
2646
522
737
525
1829
1186
1427
4184
1026
2652
523
738
526
1833
1189
1430
4196
1028
2657
524
740
527
1837
1191
1434
4209
1030
2662
525
741
528
1840
1193
1436
4220
1032
2667
526
742
529
1843
1194
1438
4231
1034
2671
527
743
530
1846
1197
1440
4242
1036
2675
528
744
531
1849
1199
1442
4252
1038
2680
528
746
531
1851
1200
1444
4261
1040
2684
529
746
532
1854
1202
1446
4271
1042
2687
529
747
532
1857
1203
1448
4280
1044
2691
530
748
533
1859
1204
1449
4288
1045
2694
531
749
534
1861
1206
1451
4296
1046
2697
531
749
534
1863
1207
1452
4304
1047
2700
532
750
535
1865
1208
1454
4311
1049
2703
532
751
535
1867
1209
1455
4317
1050
2705
532
751
536
1868
1210
1456
4324
1051
2707
533
752
536
1869
1211
1457
4330
1052
2710
533
753
536
1871
1211
1458
4336
1053
2711
533
753
536
1872
1212
1459
4341
1054
2713
533
753
537
1873
1213
1460
4346
1054
2715
534
754
537
1874
1213
1460
4351
1056
2717
534
754
537
1875
1213
1461
4355
1056
2718
534
754
537
1876
1215
1462
4360
1056
2719
534
754
538
1877
1215
1462
4364
1057
2720
534
755
538
1877
1215
1462
4367
1058
2721
535
755
538
1878
1216
1463
4371
1058
2722
534
755
538
1879
1216
1463
4374
1059
2723
535
755
538
1879
1215
1463
4376
1060
2723
535
755
538
1879
1216
1463
4379
1060
2724
535
755
538
1880
1216
1463
4382
1060
2724
535
755
538
1880
1216
1463
4384
1060
2724
535
755
538
1880
1216
1463
4385
1061
2724
535
755
538
1880
1216
1463
4388
1060
2724
535
755
538
1880
1216
1463
4389
1061
2724
535
755
538
1880
1215
1462
4390
1061
2724
535
755
538
1880
1216
1463
4391
1061
2723
534
754
538
1879
1216
1462
4392
1061
2723
534
754
538
1878
1215
1461
4393
1060
2723
534
754
537
1877
1214
1461
4393
1061
2722
533
754
537
1878
1214
1461
4394
1060
2721
534
753
537
1877
1214
1460
4394
1060
2721
533
753
537
1876
1213
1459
4393
1060
2720
533
753
536
1876
1213
1459
4394
1059
2719
533
752
536
1875
1212
1459
4393
1059
2718
533
752
536
1874
1212
1458
4392
1059
2717
532
752
536
1873
1211
1457
4392
1059
2716
532
751
536
1873
1211
1457
4391
1059
2714
532
751
535
1872
1210
1455
4390
1058
2713
531
750
535
1871
1209
1455
4389
1058
2712
531
750
534
1870
1208
1454
4388
1057
2711
531
750
535
1869
1207
1453
4386
1057
2709
531
749
534
1868
1207
1452
4385
1056
2707
531
749
534
1867
1206
1451
4384
1055
2705
530
748
534
1866
1206
1451
4382
1055
2704
529
748
533
1864
1205
1449
4380
1054
2703
529
747
533
1863
1204
1448
4378
1054
2701
529
747
532
1862
1203
1447
4376
1053
2699
529
746
532
1861
1202
1446
4374
1053
2697
528
746
532
1859
1201
1445
4372
1052
2695
527
745
531
1858
1201
1444
4370
1052
2694
527
744
531
1857
1200
1443
4367
1051
2691
527
744
530
1855
1199
1442
4365
1050
2689
526
743
530
1854
1198
1441
4362
1049
2688
526
743
530
1852
1197
1440
4360
1049
2686
525
742
529
1851
1196
1438
4356
1048
2683
525
741
529
1849
1195
1437
4354
1047
2681
525
741
528
1848
1194
1436
4351
1046
2679
524
740
528
1846
1192
1434
4348
1045
2677
523
739
527
1845
1191
1433
4345
1045
2674
523
739
527
1843
1190
1432
4342
1044
2672
523
738
526
1841
1189
1430
4338
1043
2670
522
737
526
1840
1188
1429
4335
1042
2667
522
737
525
1838
1187
1428
4332
1041
2665
521
736
525
1837
1186
1427
4329
1041
2663
521
735
524
1835
1184
1425
4325
1040
2660
520
735
524
1833
1184
1424
4322
1039
2657
520
734
523
1831
1183
1423
4318
1038
2655
519
733
523
1829
1181
1421
4314
1037
2653
519
732
522
1827
1180
1419
4310
1036
2650
518
732
522
1826
1179
1419
4308
1035
2648
517
731
521
1824
1178
1417
4303
1034
2645
517
730
521
1822
1176
1415
4299
1033
2642
516
729
520
1820
1175
1414
4295
1032
2639
516
728
519
1819
1174
1412
4291
1031
2637
515
728
520
1817
1173
1410
4287
1030
2634
515
727
518
1815
1172
1410
4283
1029
2631
514
726
518
1813
1170
1408
4279
1028
2629
514
725
517
1811
1169
1407
4275
1027
2626
513
724
517
1809
1168
1405
4271
1026
2623
513
724
516
1807
1167
1404
4267
1025
2620
512
723
515
1805
1165
1401
4262
1024
2618
511
722
515
1803
1164
1400
4258
1023
2614
511
721
515
1801
1163
1399
4254
1021
2612
510
721
514
1799
1162
1397
4250
1020
2609
510
720
514
1797
1160
1396
4245
1020
2606
509
719
513
1795
1159
1394
4241
1018
2603
508
718
512
1793
1158
1393
4237
1017
2601
508
718
511
1791
1156
1391
4232
1016
2598
507
717
511
1790
1155
1389
4228
1015
2594
507
715
510
1787
1153
1388
4224
1014
2592
506
715
510
1785
1152
1385
4219
1013
2589
506
714
509
1783
1151
1384
4214
1011
2585
505
713
509
1781
1150
1383
4210
1010
2583
504
713
508
1779
1148
1381
4205
1009
2580
504
711
508
1777
1147
1379
4200
1008
2577
503
711
507
1775
1146
1378
4196
1007
2574
502
710
506
1773
1144
1376
4191
1006
2571
502
709
506
1771
1143
1374
4187
1005
2568
502
708
505
1769
1141
1373
4182
1004
2565
501
707
504
1767
1140
1371
4177
1002
2562
500
706
504
1764
1139
1369
4172
1001
2559
500
706
503
1763
1137
1368
4168
1000
2556
499
705
503
1761
1136
1367
4163
999
2553
498
704
502
1758
1135
1365
4158
998
2550
498
703
501
1756
1133
1363
4154
997
2546
497
702
501
1754
1132
1361
4149
995
2543
497
701
500
1752
1131
1360
4144
994
2541
496
700
499
1750
1129
1358
4139
993
2538
496
700
499
1748
1128
1356
4134
992
2535
495
699
498
1746
1127
1355
4130
991
2532
494
698
498
1744
1125
1353
4125
990
2529
493
697
497
1741
1124
1352
4120
988
2525
493
696
496
1739
1122
1350
4115
987
2522
492
695
496
1737
1121
1348
4110
986
2519
492
695
496
1735
1119
1346
4105
985
2516
491
694
494
1733
1118
1345
4100
983
2513
490
693
494
1730
1117
1343
4096
982
2510
490
691
494
1728
1115
1341
4090
981
2507
489
691
493
1726
1114
1340
4085
980
2504
488
690
492
1724
1113
1338
4081
979
2501
488
689
492
1722
1111
1336
4075
977
2498
487
688
491
1719
1109
1335
4071
977
2494
487
688
491
1718
1108
1334
4066
975
2491
486
686
490
1716
1107
1331
4061
973
2489
487
687
490
1714
1107
1331
4057
973
2489
490
690
493
1715
1109
1332
4055
975
2487
489
690
493
1714
1109
1332
4050
975
2483
488
688
492
1711
1105
1329
4043
973
2480
488
688
492
1710
1105
1328
4039
973
2476
487
687
491
1707
1104
1326
4033
971
2473
487
686
491
1705
1102
1324
4028
970
2470
486
685
490
1703
1101
1322
4023
969
2466
485
684
489
1701
1099
1321
4018
967
2463
485
684
489
1698
1098
1319
4013
966
2460
484
683
488
1696
1096
1317
4006
965
2457
484
682
488
1694
1096
1316
4002
964
2453
483
681
487
1692
1094
1314
3997
962
2450
483
680
487
1690
1092
1312
3991
961
1750
347
490
351
1222
793
955
2617
709
341
340
331
43
301
25
11
31
59
16
8
303
174
246
300
313
17
77
78
83
77
95
47
22
68
135
38
22
102
144
122
106
101
88
203
41
57
40
144
93
113
172
86
124
124
125
73
130
44
21
62
122
34
19
130
143
136
130
127
70
99
20
27
19
68
44
52
100
39
73
73
72
28
71
18
8
22
45
13
7
71
62
67
70
71
24
17
3
4
3
11
7
8
43
6
14
14
6
12
10
2
2
1
7
4
11
6
5
10
11
6
8
8
8
12
10
9
4
9
20
7
3
10
18
13
10
9
12
25
5
7
5
18
12
14
18
12
20
21
19
12
21
8
4
10
20
7
3
21
22
22
21
20
11
13
3
4
2
10
7
8
18
8
13
14
12
5
12
5
2
3
7
3
1
12
9
11
11
11
4
1
2
1
1
1
2
2
1
1
1
7
2
3
3
1
2
2
2
1
1
1
2
2
1
2
2
2
1
2
2
3
4
5
3
4
4
4
2
2
5
3
1
4
4
4
4
2
3
3
1
1
1
1
1
4
1
2
3
5
4
5
6
4
3
5
4
2
2
5
3
2
6
4
5
5
4
2
1
1
1
2
1
2
1
1
2
2
1
2
2
4
3
5
5
3
3
4
3
3
1
3
3
2
1
4
2
3
3
3
2
1
3
3
1
2
2
3
1
3
1
1
3
1
3
2
1
3
1
1
1
1
1
3
2
1
3
4
1
2
2
3
1
3
1
1
2
2
3
1
1
3
1
1
2
2
1
2
2
1
4
4
2
3
3
3
1
3
1
3
1
3
2
3
1
2
2
2
2
1
2
1
3
4
1
3
2
3
1
3
1
1
1
2
2
3
2
1
3
2
1
2
2
1
2
3
1
4
5
2
3
3
3
1
3
1
2
1
3
1
3
2
1
4
1
2
3
3
2
1
2
1
3
4
1
3
3
3
1
3
1
1
1
2
2
3
2
1
3
1
1
2
1
1
2
3
2
4
5
1
3
3
3
1
3
1
2
1
3
1
3
2
1
4
1
3
2
3
2
1
2
1
4
5
1
4
3
3
1
3
1
2
1
3
1
3
2
2
4
1
2
2
3
2
2
2
2
4
5
2
3
3
3
1
4
1
2
1
3
2
3
2
2
4
1
2
2
2
2
1
3
2
4
5
2
4
4
4
1
3
1
2
1
3
2
3
2
2
4
1
2
3
3
2
2
3
1
4
5
2
4
3
3
1
3
1
2
2
3
2
3
3
2
4
2
3
3
3
2
2
3
1
5
5
2
4
3
3
1
4
1
2
2
3
2
3
3
2
5
2
3
3
3
2
1
3
2
4
6
2
4
4
4
1
4
1
2
2
3
2
4
3
2
4
1
2
3
2
2
2
3
2
5
6
2
4
4
3
1
4
2
3
2
4
3
4
3
2
5
1
3
3
3
3
2
3
2
5
6
2
4
4
4
2
4
1
3
2
4
2
4
3
2
4
2
3
3
3
2
2
3
2
5
6
2
4
4
4
2
4
1
3
2
3
2
4
3
2
4
1
3
3
2
2
2
3
2
5
6
2
4
4
4
2
5
1
3
2
4
2
4
3
2
5
2
4
3
3
3
2
3
2
5
6
2
4
4
4
2
5
2
3
2
4
2
4
3
3
5
2
3
3
3
2
2
3
2
6
7
2
5
4
4
2
5
2
3
2
4
3
4
3
3
5
2
4
3
3
2
2
3
3
6
7
2
5
5
4
2
5
2
3
2
4
3
4
3
2
5
2
3
3
3
2
2
4
3
5
7
1
5
5
4
2
5
1
3
3
4
3
4
3
3
5
2
4
4
3
3
2
3
2
6
7
2
5
5
5
2
5
2
3
3
4
3
5
3
3
5
2
4
4
3
3
2
4
3
7
7
2
5
5
5
2
5
2
3
3
4
3
5
4
2
6
2
4
3
3
3
2
4
3
6
7
2
5
5
5
2
5
2
3
3
5
3
5
4
3
6
2
4
4
4
3
2
3
2
6
7
2
5
5
5
2
5
3
3
3
5
3
5
4
3
6
2
4
4
4
3
2
4
2
6
8
3
6
5
5
2
6
2
4
3
5
3
5
4
3
6
2
4
4
4
3
2
4
2
7
7
2
6
6
5
2
6
2
4
3
5
3
5
4
3
6
2
4
5
4
3
2
4
3
7
8
2
6
6
5
2
6
2
4
3
5
3
5
4
3
7
2
5
5
4
4
3
4
3
7
8
3
6
6
5
2
6
3
4
3
5
3
5
4
3
6
2
5
4
4
3
2
4
3
7
8
3
6
6
5
2
7
3
4
3
5
3
5
4
3
6
2
5
4
4
3
2
4
3
7
8
2
6
6
5
2
6
3
4
3
5
4
5
4
3
6
3
5
5
4
3
3
4
3
7
9
2
6
6
5
3
6
3
4
4
5
4
5
4
4
6
3
5
5
4
3
2
4
3
8
9
3
7
6
5
2
6
2
4
3
5
4
5
4
3
7
3
5
4
4
4
2
4
3
7
9
3
6
5
5
2
6
3
5
3
5
4
5
5
4
7
3
5
5
4
4
2
4
3
8
9
3
6
6
5
2
6
3
5
3
5
4
5
4
4
7
3
5
5
4
3
2
4
3
8
9
3
7
6
6
2
7
3
4
3
5
4
6
5
3
7
3
5
5
4
3
2
4
3
8
9
3
7
6
5
3
7
3
5
4
5
4
6
5
4
7
3
6
5
4
4
3
4
3
8
9
3
7
7
6
3
7
3
5
4
6
5
6
5
4
8
3
6
5
5
4
3
5
3
8
10
3
7
7
6
3
7
3
5
4
6
4
6
5
4
7
3
5
5
4
4
2
5
4
9
10
3
7
7
5
3
7
3
5
4
6
4
6
5
4
8
3
6
5
4
4
3
4
4
8
10
3
7
7
6
3
7
3
5
4
6
5
7
5
4
8
3
6
6
5
4
3
4
4
8
10
3
7
7
6
3
8
3
5
5
6
4
7
5
5
8
3
6
6
5
4
3
5
3
9
10
3
7
7
6
3
8
3
5
5
6
5
6
5
4
8
3
6
5
4
4
3
5
3
9
10
3
7
7
6
3
7
3
6
4
6
5
7
5
4
8
3
6
6
5
4
3
5
4
9
10
3
8
7
6
3
8
4
6
5
6
5
7
6
5
8
3
7
6
5
4
3
5
4
9
11
3
8
7
6
3
8
4
5
5
7
5
6
5
5
8
3
6
6
5
4
3
5
4
10
11
3
8
7
7
3
8
4
6
5
7
5
7
6
5
8
4
7
6
5
4
3
5
4
9
11
