12
3
17
13
12
14
23
22
3
20
10
20
11
12
21
29
7
13
29
6
31
8
20
4
19
13
11
14
21
22
2
20
8
19
9
11
20
27
9
2
13
28
5
29
12
19
6
20
13
10
14
20
22
4
19
8
19
9
10
19
24
11
4
13
28
1
4
28
12
18
6
19
13
8
12
19
20
3
18
6
18
8
10
17
22
12
3
12
26
2
3
27
12
18
7
19
13
8
12
19
19
2
17
6
16
8
9
15
22
12
4
12
25
2
2
25
11
15
7
18
12
9
11
18
18
3
15
8
14
8
7
15
21
11
6
12
24
1
3
23
7
12
4
15
10
9
10
17
16
2
9
8
10
8
3
14
15
9
5
11
17
2
18
3
5
2
9
6
8
8
15
13
3
6
4
6
12
7
5
3
10
9
11
1
5
2
9
4
13
9
5
5
11
1
3
8
5
6
1
4
10
2
11
8
6
6
9
3
7
2
4
2
5
1
1
9
3
12
8
6
7
11
4
7
3
3
1
9
4
14
9
3
7
11
2
8
10
5
15
9
7
10
9
9
4
15
9
6
7
9
9
6
14
11
5
10
3
9
8
15
12
2
3
1
10
1
5
6
8
9
16
12
6
4
3
3
10
6
10
10
8
11
18
14
4
11
5
5
5
3
4
11
4
12
2
12
13
10
14
19
17
9
16
7
8
1
12
4
4
13
10
18
3
12
13
11
14
20
17
9
3
16
9
8
5
13
5
4
13
13
19
3
12
11
10
12
18
14
7
3
13
8
6
5
10
5
3
11
10
16
3
11
9
8
10
15
11
6
3
11
6
3
5
7
5
3
10
8
3
14
5
12
11
9
11
15
11
7
5
12
7
2
3
8
6
3
10
8
21
15
5
13
12
7
11
14
11
7
5
12
7
3
5
8
7
4
10
9
43
14
1
10
11
7
11
13
9
5
5
10
5
3
5
8
7
4
10
7
51
13
1
6
9
6
10
11
7
1
5
8
5
1
3
6
5
3
9
3
54
10
1
5
6
9
10
7
6
3
6
4
3
1
1
8
60
6
7
7
9
6
7
5
8
60
1
6
4
7
5
5
3
7
60
7
2
6
4
3
3
6
62
7
2
4
3
2
2
5
60
6
2
3
3
3
2
5
64
6
1
4
3
3
2
4
72
6
2
3
2
3
1
3
73
6
4
3
5
2
1
1
2
4
75
1
1
7
7
6
8
2
2
2
3
3
3
6
82
1
4
3
6
7
10
8
10
5
2
4
1
6
6
7
3
7
87
6
2
6
5
8
8
12
9
12
2
8
6
6
4
10
6
8
3
8
2
89
3
9
4
9
7
9
8
13
9
13
4
10
8
7
5
10
10
10
3
7
4
92
5
11
3
1
9
7
9
7
11
7
12
3
10
6
6
3
7
10
10
4
6
4
92
4
11
6
3
5
5
6
2
6
1
7
2
4
3
3
6
3
4
89
2
7
4
1
2
3
1
5
2
3
2
2
84
2
3
1
3
3
2
5
1
2
4
87
1
2
4
5
1
4
5
2
2
5
90
3
4
5
7
4
8
1
8
3
4
1
1
7
96
3
3
2
3
7
8
6
9
3
10
5
5
1
8
97
4
3
7
7
7
8
7
4
3
9
97
2
1
6
7
6
8
5
4
2
9
99
5
6
5
7
1
2
8
101
5
5
4
7
1
8
103
5
6
4
7
8
104
3
6
8
6
10
1
8
108
6
8
10
7
12
1
3
1
9
111
2
5
9
10
9
12
4
1
9
114
1
9
9
10
12
5
1
9
116
1
10
9
10
12
6
9
120
1
9
9
10
12
1
6
9
123
1
9
9
9
11
2
6
8
129
1
7
9
9
10
5
7
1
3
6
135
1
9
9
11
12
8
9
1
4
2
6
144
9
8
11
12
11
11
7
2
7
151
2
10
9
12
12
11
11
1
8
1
8
152
3
11
9
12
13
9
11
2
7
1
8
157
1
10
10
12
14
10
11
3
8
4
9
165
1
2
2
10
10
12
14
10
2
11
4
9
6
8
170
2
5
2
9
9
11
13
8
2
9
5
8
5
7
171
1
5
2
8
9
9
12
7
3
7
4
6
4
7
172
1
4
8
7
8
10
7
2
6
2
4
2
5
167
3
2
9
8
9
11
8
3
6
3
4
3
7
166
1
6
4
11
9
11
12
9
5
7
4
7
4
7
167
2
8
4
9
8
9
10
6
7
6
4
3
4
6
162
8
3
8
8
6
8
1
4
3
1
1
6
154
5
1
8
6
4
6
1
5
141
1
1
7
5
3
4
5
131
1
7
5
1
1
4
115
6
2
3
97
6
2
3
83
6
1
2
63
5
2
44
5
3
25
6
3
10
5
3
1
4
1
4
2
3
3
4
1
4
5
5
1
1
5
1
1
3
5
5
3
3
1
5
1
1
5
4
2
4
1
3
1
7
2
3
3
1
2
1
1
7
2
4
3
1
1
3
1
8
2
4
3
2
2
3
8
1
3
2
1
1
3
1
7
2
1
2
5
2
2
2
5
1
3
4
3
5
4
4
5
5
1
4
3
4
4
5
4
3
4
4
5
4
4
3
5
6
1
4
4
2
4
5
2
5
5
3
4
5
1
2
5
5
4
5
5
2
3
7
5
5
6
1
6
3
3
7
5
5
6
1
1
1
6
4
2
6
5
3
5
1
4
3
1
5
5
4
5
1
4
3
2
6
6
6
8
1
2
5
4
4
8
8
9
10
4
4
3
1
1
6
3
7
1
3
8
7
9
9
1
4
6
3
2
1
3
5
5
9
1
1
4
7
6
8
8
1
3
6
3
2
3
4
4
9
1
4
7
7
6
7
4
5
2
2
3
4
4
7
2
7
5
5
6
3
2
1
2
3
1
5
6
1
4
3
1
1
5
2
5
3
1
1
1
5
1
3
1
1
2
2
5
2
4
1
3
3
5
3
3
2
6
4
3
3
7
5
4
2
1
2
4
2
9
7
6
5
4
1
4
5
1
3
9
7
7
5
5
3
5
5
4
2
9
6
5
3
3
2
4
5
3
1
8
5
5
2
1
2
5
1
6
4
3
1
4
6
4
3
3
5
4
5
2
3
6
4
5
3
4
1
7
5
3
2
2
1
5
2
1
1
1
5
2
1
1
4
6
3
2
4
1
2
1
4
6
2
3
5
2
2
2
4
6
4
4
5
1
1
4
6
2
6
5
5
2
5
1
1
3
5
2
1
5
6
3
2
5
2
3
5
2
1
5
7
3
3
5
4
1
6
5
2
3
1
4
7
3
5
6
3
2
4
5
2
3
5
1
7
2
4
4
4
4
4
5
1
2
5
1
8
2
4
3
4
1
4
7
6
1
3
1
5
1
7
4
3
4
4
1
4
6
5
3
3
1
5
1
7
4
3
5
4
1
4
4
3
2
1
4
6
6
3
5
1
3
2
3
3
2
7
8
5
7
2
4
3
2
5
2
2
9
10
6
10
3
2
6
2
4
5
6
4
4
8
12
8
12
2
5
6
4
4
8
7
1
5
4
7
11
9
11
2
4
6
5
6
7
6
5
2
7
8
7
10
5
4
7
3
8
8
4
1
1
5
1
7
5
7
10
6
3
6
8
8
2
1
2
6
1
1
6
4
7
8
4
5
6
6
10
1
5
8
5
3
5
7
4
7
5
2
7
9
1
6
1
10
4
3
4
5
1
3
7
3
5
8
1
7
11
1
3
3
1
4
1
1
7
1
1
7
8
11
1
3
1
4
3
2
7
5
1
7
10
1
3
1
3
2
2
5
2
1
5
8
3
2
1
3
3
7
2
6
2
4
5
1
6
10
6
7
2
5
6
1
7
10
4
4
1
3
4
7
3
1
4
1
5
5
1
2
1
5
5
1
3
4
2
1
5
5
1
5
5
2
2
1
4
4
1
6
3
1
2
2
4
1
6
3
1
1
4
4
1
1
3
1
2
1
1
1
1
1
1
1
3
1
3
1
2
1
10
33
47
53
54
59
63
64
1
65
1
3
1
68
3
1
6
3
1
72
5
2
6
3
3
74
5
1
5
1
2
74
4
4
6
1
1
2
3
77
4
4
6
1
2
4
3
79
4
3
5
1
2
4
2
84
2
2
4
2
4
85
1
1
2
2
3
4
85
2
3
2
4
4
88
3
2
1
4
2
90
3
3
4
1
96
3
3
3
4
2
97
5
3
3
1
4
4
96
2
3
2
1
3
4
97
2
1
2
95
3
99
3
101
3
106
2
1
110
1
2
1
1
107
1
2
2
111
2
3
3
115
3
3
2
6
119
3
1
2
3
5
7
128
5
1
4
3
3
8
10
1
1
3
132
8
5
6
5
3
12
14
3
4
7
138
13
6
8
7
3
14
16
4
7
9
144
16
5
7
6
3
13
16
5
9
10
148
17
8
7
5
3
13
17
5
8
1
11
152
17
9
7
5
4
15
18
5
7
1
3
11
157
18
3
7
7
5
4
15
17
4
7
3
4
10
164
18
6
7
6
4
3
13
15
1
3
11
3
5
10
171
17
7
11
1
8
5
3
15
14
3
2
11
6
9
11
176
16
9
13
5
10
3
5
2
3
16
2
13
6
2
11
9
11
14
179
17
11
13
7
9
5
3
3
1
16
2
12
7
1
12
8
11
14
182
17
12
12
8
9
4
3
4
15
3
10
7
11
9
11
13
181
14
11
10
10
7
3
1
2
11
2
5
5
8
7
9
9
179
11
9
8
9
5
1
7
2
2
4
5
7
6
179
5
5
5
2
1
2
2
2
4
3
173
2
2
1
167
160
148
136
118
103
85
2
66
2
50
1
32
3
17
3
1
2
2
1
1
2
5
2
1
2
3
9
8
1
3
6
11
1
11
1
3
7
11
1
12
1
1
1
2
9
12
2
13
3
1
3
2
3
10
12
3
14
2
1
1
1
10
11
1
4
15
2
1
1
1
10
10
1
4
14
5
1
1
1
11
10
1
3
2
5
14
5
5
1
1
10
10
1
5
1
5
5
13
3
1
7
6
2
1
6
1
11
4
5
3
2
2
8
8
5
2
1
2
1
8
5
6
2
7
3
4
2
2
4
1
4
2
7
5
2
6
3
2
4
1
2
3
2
3
4
1
2
1
3
2
3
2
4
2
3
2
3
1
1
1
2
2
1
2
1
3
2
4
5
1
2
1
5
7
1
1
4
1
4
3
5
6
7
1
1
4
1
6
4
3
5
6
1
4
1
1
6
4
1
2
4
1
1
3
2
1
2
4
1
1
2
1
1
2
5
2
2
1
5
1
1
1
2
5
3
2
2
2
1
3
1
2
3
1
2
1
3
4
3
4
2
5
3
5
2
5
2
5
3
6
2
3
3
6
2
3
4
6
1
3
4
1
1
4
1
3
2
4
3
2
1
4
1
3
1
4
4
2
3
2
4
2
1
2
3
1
1
4
4
3
3
5
3
1
4
2
4
1
5
4
2
5
4
7
3
6
1
1
1
5
3
7
7
10
4
2
1
6
2
2
4
3
6
8
9
3
3
6
4
4
7
10
9
3
1
1
7
6
6
8
12
12
4
1
1
8
5
7
8
13
11
2
1
9
1
7
5
11
8
8
6
3
10
6
8
7
3
11
6
8
10
3
12
8
9
10
3
13
7
9
11
2
12
7
1
10
10
11
5
10
8
9
3
8
8
7
2
8
7
7
3
7
7
1
8
6
1
1
8
6
1
6
2
6
6
5
4
2
7
10
1
5
3
6
5
5
6
2
7
12
1
3
4
5
4
4
5
5
1
1
7
12
1
1
5
2
7
1
4
7
7
2
1
6
2
14
5
3
6
8
5
9
9
6
1
5
6
16
4
1
2
8
9
1
7
8
9
3
5
6
6
3
6
16
1
2
8
12
3
8
7
8
5
6
7
6
3
4
15
3
1
4
10
13
2
9
6
7
8
3
7
8
6
6
1
14
6
5
10
3
4
15
15
2
11
5
5
9
13
6
10
10
5
10
3
15
10
7
8
5
7
16
16
3
12
5
6
7
14
7
10
12
1
2
6
12
3
13
11
6
7
5
9
17
14
3
11
3
6
4
15
8
10
12
3
4
6
12
2
10
11
5
9
5
9
16
12
1
8
5
1
13
5
9
6
5
5
3
10
1
7
10
3
9
5
10
15
9
5
3
10
5
6
8
2
7
2
7
1
7
4
9
14
7
4
1
8
5
5
9
1
4
4
8
3
8
12
6
5
7
8
4
7
1
2
3
4
3
6
9
4
5
3
10
4
5
1
3
2
5
2
1
3
10
3
4
1
2
5
1
3
1
2
3
1
7
4
5
2
3
7
7
6
5
6
7
6
6
8
8
5
1
6
8
7
2
1
6
7
6
2
5
8
5
3
4
9
5
4
4
10
10
6
4
4
37
8
5
2
3
51
6
3
1
1
57
6
2
1
1
65
4
1
2
69
5
1
1
6
3
74
10
3
10
7
3
78
15
1
5
1
11
10
4
82
18
2
6
1
13
11
3
7
87
20
4
7
3
15
13
6
9
91
22
6
7
4
17
17
11
3
1
10
99
25
12
4
10
1
4
3
1
19
20
1
16
7
8
15
103
29
3
16
10
13
4
6
5
2
1
20
3
22
4
1
17
10
2
11
19
107
30
7
16
13
11
5
4
4
1
1
20
4
20
5
17
11
3
11
17
111
29
7
14
10
10
4
3
5
2
18
4
18
6
16
12
2
11
15
113
25
9
15
6
8
4
2
8
3
5
17
6
17
10
16
15
2
14
17
117
24
12
17
14
9
8
1
12
1
8
1
10
17
11
16
16
4
16
19
3
3
18
17
118
23
17
16
12
9
9
14
11
4
13
16
13
13
19
9
16
19
4
1
5
18
14
120
21
19
13
11
8
10
16
13
4
15
13
14
8
21
11
14
18
5
3
6
19
11
121
18
19
10
12
7
9
16
14
3
14
9
13
4
20
11
10
16
5
4
6
17
9
118
12
18
8
9
5
7
16
14
2
13
4
11
20
10
4
15
4
5
7
15
5
119
7
16
3
6
3
6
14
12
10
8
16
9
9
3
4
5
11
113
2
13
1
3
12
10
8
5
14
7
6
2
4
3
7
111
10
3
13
10
8
3
13
6
7
2
4
3
8
115
10
4
5
14
10
9
4
14
6
7
2
5
3
8
115
10
6
5
15
10
1
11
5
14
7
8
2
4
3
8
121
11
3
12
8
1
8
3
12
4
7
1
1
3
7
122
10
3
11
6
6
2
9
1
6
1
2
2
6
121
7
4
1
6
11
6
1
6
2
9
8
4
4
2
7
125
7
7
4
10
13
6
1
7
6
11
1
7
8
5
2
9
131
10
2
13
6
15
15
5
3
7
11
14
2
4
9
11
5
1
14
137
1
13
5
13
7
15
15
5
2
7
11
2
15
2
6
12
10
2
15
138
5
14
7
13
8
14
1
13
1
3
3
6
1
9
5
13
7
10
10
1
15
2
144
7
13
4
10
6
10
2
11
1
3
5
1
7
6
11
6
9
8
1
12
146
9
11
4
3
6
1
9
1
2
4
5
9
5
6
5
8
146
9
9
5
3
5
1
8
1
1
3
6
8
6
5
5
1
7
152
8
8
10
3
7
2
10
2
1
5
8
9
5
6
7
3
7
156
9
8
3
3
6
1
10
2
1
5
10
10
5
6
6
3
8
160
11
9
3
3
2
9
1
1
3
10
9
3
4
4
2
7
165
10
8
5
3
4
1
10
3
4
12
10
5
4
4
1
5
167
13
8
2
4
5
2
12
1
1
1
4
4
14
12
7
5
4
2
8
172
15
9
3
3
2
12
3
3
3
6
3
15
11
1
5
5
2
7
176
17
8
1
2
9
4
3
3
5
7
2
17
10
3
9
4
3
177
19
7
3
6
4
3
3
5
7
16
10
3
1
10
5
3
182
19
7
2
5
5
4
3
5
6
16
9
4
1
10
7
1
3
184
17
7
1
6
5
5
3
7
6
16
8
4
1
11
8
2
4
185
18
8
7
5
6
5
7
6
15
10
4
3
11
10
3
5
186
19
9
9
5
6
6
8
5
3
13
11
4
4
13
10
3
6
185
18
10
3
2
10
5
6
6
9
5
5
12
11
4
3
14
12
4
8
183
16
12
2
4
12
6
8
7
11
3
7
10
14
4
4
15
13
4
11
177
14
13
3
14
5
9
7
11
8
5
14
2
5
11
11
5
10
166
10
13
2
3
13
4
9
6
10
8
1
14
6
11
10
1
5
10
155
8
13
5
4
14
3
10
6
11
9
15
6
10
12
1
5
12
145
5
15
4
3
13
3
10
5
12
8
16
6
7
13
5
12
131
3
15
1
3
3
12
5
9
7
11
6
15
6
7
12
1
4
12
111
3
14
2
7
5
12
4
11
8
13
8
17
9
6
13
3
6
13
93
1
15
1
8
6
14
4
12
8
14
9
18
9
6
13
3
8
13
75
16
1
9
7
16
5
14
10
17
11
19
10
5
14
4
2
9
14
57
18
11
9
18
3
16
10
18
13
22
11
2
14
4
3
10
16
41
20
11
11
19
2
16
10
17
16
24
12
2
13
5
1
9
17
30
21
16
15
21
2
16
11
17
19
26
14
3
16
7
2
9
20
21
23
14
15
22
3
17
12
18
20
27
14
5
18
8
1
9
21
13
23
6
12
20
3
16
11
17
15
22
10
1
15
4
1
8
16
6
19
1
7
15
2
12
8
13
7
16
6
8
6
8
12
2
11
2
10
7
10
3
11
3
6
6
5
8
9
4
10
7
10
8
5
7
3
5
8
5
9
8
11
6
3
8
2
4
5
6
7
6
8
5
1
6
3
3
7
5
7
8
4
1
6
1
2
9
5
9
10
4
3
2
3
6
1
2
3
9
4
9
9
2
4
6
3
4
5
2
3
2
10
3
9
9
6
4
9
6
4
4
3
5
3
4
1
11
3
8
7
9
3
9
6
3
3
1
8
2
1
11
4
8
7
11
3
9
5
3
5
10
1
3
12
6
9
9
14
5
10
7
5
6
12
3
4
13
7
8
9
4
17
7
12
1
12
8
6
2
18
5
1
5
13
7
8
9
7
19
9
13
4
17
11
5
5
21
7
2
1
7
14
9
10
11
8
3
21
12
14
6
19
15
6
9
23
12
3
7
1
1
9
14
10
12
13
10
8
22
15
15
7
21
15
7
13
