3
11
6
1
17
3
2
19
5
4
1
1
2
4
15
4
4
7
8
5
5
5
5
1
5
10
9
14
7
1
9
3
5
1
10
2
10
8
15
10
10
13
14
3
8
1
4
14
3
6
1
2
2
11
9
18
10
23
17
3
11
3
2
5
22
8
12
14
9
16
12
8
3
17
4
7
5
3
3
5
6
5
11
10
16
12
55
5
12
17
5
11
5
5
4
1
3
5
7
1
8
9
10
7
18
14
9
1
1
4
15
14
4
6
3
2
7
13
10
9
21
2
1
10
5
3
1
2
2
5
2
8
3
7
7
17
15
13
26
1
5
6
14
11
7
5
7
17
16
8
9
9
16
14
15
17
8
9
14
8
8
7
10
4
5
13
6
17
23
19
7
18
7
10
4
15
3
8
13
3
1
13
3
4
1
18
11
2
1
2
19
12
16
4
19
7
9
4
9
4
1
24
6
6
9
3
4
1
11
9
2
7
5
2
9
2
13
9
8
2
6
2
17
1
7
1
2
8
7
2
7
4
3
5
1
6
1
5
3
1
10
1
7
4
4
2
17
27
1
4
13
2
1
1
4
3
3
6
1
1
2
4
2
2
11
13
10
13
11
7
6
2
7
10
3
3
4
18
12
3
19
12
15
19
11
14
12
18
7
9
6
3
20
3
8
15
4
21
14
19
5
12
15
18
21
14
16
6
6
14
4
14
16
2
18
11
12
9
16
3
8
12
17
8
8
5
8
9
16
3
19
9
14
43
11
14
5
11
19
10
11
6
8
3
18
1
17
3
10
4
15
3
8
6
11
6
6
9
12
5
2
3
10
2
6
8
1
3
11
5
10
2
14
6
15
10
5
1
21
2
5
10
6
7
7
4
6
10
2
6
1
1
3
8
5
8
3
25
5
9
3
5
9
4
10
5
12
5
5
14
4
7
5
1
11
8
9
9
4
13
2
5
3
14
3
11
4
1
6
18
6
9
12
3
5
14
11
1
7
3
2
2
3
12
2
9
1
16
10
66
5
9
16
5
8
4
2
3
2
2
12
10
1
6
1
8
6
15
9
13
13
8
5
16
6
10
5
2
3
3
8
11
2
7
7
6
8
5
11
9
2
26
5
13
3
8
3
2
4
3
2
14
6
3
3
5
8
8
11
8
17
11
11
8
2
19
5
13
4
3
3
3
12
8
4
4
2
23
15
17
13
10
17
16
3
6
4
19
12
17
15
6
7
4
4
12
10
11
24
1
15
12
17
18
70
20
10
8
21
15
19
17
7
6
5
24
22
3
13
11
27
12
9
23
18
9
16
6
10
23
13
21
16
10
6
4
8
19
15
13
17
12
7
8
7
18
14
22
14
22
6
20
10
20
13
12
9
3
14
21
28
15
5
1
7
9
17
15
33
13
24
6
19
13
16
13
14
5
4
14
14
7
6
13
4
16
7
5
13
9
7
11
6
2
5
5
4
3
15
9
9
3
9
9
11
14
17
9
11
10
11
1
5
5
9
4
13
1
14
9
14
14
4
7
15
9
12
5
8
1
4
2
6
17
11
17
26
4
13
24
12
20
14
19
7
21
15
5
6
17
13
20
29
28
22
19
17
21
21
18
8
6
15
8
3
15
11
17
7
2
5
11
14
16
14
15
7
8
15
5
3
16
13
18
9
8
11
17
19
14
20
7
15
9
3
1
17
4
11
2
16
12
16
11
7
14
16
4
11
3
6
14
5
2
6
4
18
2
19
11
19
49
22
5
21
14
21
10
19
3
8
3
9
11
21
3
20
12
18
70
35
12
13
17
21
19
20
9
7
11
7
7
10
26
14
7
7
27
10
12
6
7
6
1
12
27
2
13
1
9
5
19
4
18
10
7
5
2
23
4
3
1
3
3
17
7
3
4
5
14
7
12
7
4
1
3
2
2
21
2
2
2
14
2
4
3
35
4
1
4
1
2
32
5
4
14
9
10
1
7
1
7
5
17
15
9
17
5
2
13
20
5
8
6
7
3
34
2
15
34
5
7
6
7
16
7
25
10
16
11
17
17
9
9
4
18
8
13
2
11
9
14
8
5
30
7
13
15
14
22
18
10
5
18
9
3
14
36
25
20
13
10
1
3
4
19
8
9
3
1
2
16
11
1
5
1
7
6
14
8
13
9
5
25
8
19
7
5
7
9
41
21
9
14
9
15
14
14
6
2
17
10
10
19
11
9
3
5
6
13
10
66
25
16
1
19
9
18
10
6
3
3
13
15
28
15
8
12
22
9
16
4
9
7
17
10
21
12
4
22
10
18
11
9
4
3
12
12
43
27
6
5
2
11
3
13
12
25
17
35
20
18
19
30
18
23
19
5
1
4
17
15
4
22
4
18
12
17
11
8
11
12
23
20
31
9
16
23
17
19
18
11
5
4
21
13
4
8
15
27
18
17
7
5
9
12
15
11
38
1
14
12
14
11
13
15
8
2
21
19
20
12
21
23
5
9
9
13
25
21
41
28
20
24
25
22
27
23
15
4
4
34
29
52
13
18
15
3
10
9
13
22
18
20
27
17
17
21
19
22
23
10
3
4
13
34
4
1
15
8
14
18
15
22
20
9
11
17
16
18
16
6
18
11
2
27
6
14
10
9
10
7
1
10
9
9
5
6
4
16
3
4
18
5
11
8
5
6
10
5
6
4
4
10
43
10
9
3
7
11
11
3
12
6
23
12
7
13
8
4
7
7
10
20
5
4
5
8
4
1
3
6
8
5
6
5
8
5
3
3
2
3
3
5
15
3
2
6
1
6
11
2
6
5
5
11
9
1
2
2
8
2
7
14
5
3
3
27
18
2
2
6
2
1
3
18
31
5
7
10
7
11
9
6
11
5
7
12
7
12
7
9
2
10
15
21
13
1
7
6
6
4
6
9
3
13
9
10
85
41
19
24
3
11
7
9
7
35
40
25
1
11
2
18
17
1
7
2
6
8
12
9
9
34
1
2
3
41
26
2
7
12
2
4
6
32
23
10
13
12
20
26
14
8
9
10
9
4
14
12
11
3
20
18
9
3
3
9
6
10
9
6
8
14
12
14
3
1
7
33
17
22
3
18
16
4
12
4
20
17
1
2
9
15
3
1
1
1
6
6
33
8
14
12
1
10
3
1
1
8
4
2
5
2
6
8
3
8
5
10
2
10
5
3
9
7
2
1
1
5
9
9
5
4
3
9
5
7
6
5
9
7
11
2
4
3
4
1
3
7
4
1
6
18
1
3
5
28
12
2
2
16
9
3
2
4
4
1
2
17
7
5
4
3
7
6
4
1
3
10
1
10
11
4
7
2
6
10
2
3
6
2
4
6
14
5
11
12
5
4
13
11
1
4
2
4
2
5
9
4
11
15
7
15
11
12
5
12
5
4
7
6
4
9
3
4
13
1
18
8
19
12
19
4
13
2
20
2
16
5
4
5
8
7
22
1
10
10
21
7
24
17
24
70
19
7
17
16
26
14
21
1
1
7
15
3
20
9
14
1
21
7
23
11
20
5
30
3
22
16
21
12
15
9
7
18
12
5
2
9
7
10
8
16
4
20
9
19
22
25
26
16
14
14
16
8
5
1
7
7
11
3
17
6
12
21
1
19
7
17
18
5
25
14
15
17
14
11
3
6
2
9
27
3
2
4
7
1
17
2
13
5
12
4
20
8
8
12
11
6
5
3
21
2
5
11
5
8
8
8
12
9
16
7
11
6
4
5
26
17
1
1
1
10
1
2
4
2
5
13
10
22
1
1
4
1
4
1
37
3
5
4
2
55
12
9
2
3
2
1
6
8
25
36
8
11
28
2
14
7
5
12
3
19
22
5
1
3
22
9
19
11
10
2
8
1
118
12
34
7
8
1
39
15
8
8
3
1
187
8
25
3
7
10
26
3
1
1
1
6
236
6
9
6
5
10
1
3
3
1
342
8
8
1
2
2
7
1
3
421
8
25
3
6
3
3
8
4
289
22
28
1
3
9
2
1
3
5
4
73
41
1
10
1
3
11
7
6
6
10
5
61
5
2
1
14
16
9
44
4
1
10
12
6
79
1
1
2
1
10
7
2
3
4
88
9
4
3
9
8
3
11
6
4
74
4
7
7
2
26
10
12
4
4
50
3
10
2
3
33
5
1
32
2
1
16
14
10
5
3
5
13
5
12
1
9
1
1
5
5
20
8
2
4
1
17
3
4
17
9
3
12
5
5
7
2
3
9
39
5
2
6
16
1
2
3
10
24
12
10
1
15
14
2
5
2
3
1
18
12
5
7
5
3
4
3
2
15
11
4
5
10
5
9
2
6
13
1
5
1
4
13
6
7
7
23
13
1
5
12
10
14
4
3
2
5
1
15
2
5
20
7
7
11
10
11
22
8
7
14
14
15
43
13
1
4
6
2
18
3
6
3
23
38
18
7
13
9
10
17
21
22
12
19
19
16
11
13
5
19
4
6
14
28
22
14
11
2
8
14
16
19
21
51
21
4
8
17
11
9
7
16
5
6
8
9
14
2
10
15
9
9
21
16
14
21
20
22
12
9
16
10
4
8
13
6
4
6
14
14
2
17
18
9
12
11
13
13
24
19
11
10
11
16
14
10
11
14
5
2
5
7
11
21
14
16
12
9
18
12
18
16
13
16
8
6
3
9
3
1
10
9
5
9
9
8
4
3
14
3
18
6
9
8
20
7
6
3
1
8
1
8
1
4
15
2
19
6
42
7
6
21
1
8
1
3
3
22
5
8
4
5
10
2
13
2
4
16
4
1
2
7
4
4
12
3
10
18
13
5
3
3
2
2
3
7
10
4
26
7
13
3
4
4
13
20
7
4
5
8
2
8
1
2
8
5
2
1
4
8
4
5
10
4
27
12
8
10
2
2
3
2
2
1
19
10
6
2
4
2
2
6
6
2
21
2
3
7
2
10
3
3
17
15
19
4
1
8
6
7
3
6
7
5
4
14
3
3
7
2
3
5
16
7
11
7
2
4
2
22
2
3
3
7
4
7
18
4
1
51
2
6
7
17
5
2
24
1
3
3
3
6
1
1
3
14
4
6
15
13
13
4
23
7
1
1
5
4
2
1
1
16
8
16
1
4
5
5
2
1
35
40
6
3
2
9
8
2
13
7
4
5
8
5
58
5
6
7
2
5
4
2
11
43
12
18
2
2
1
7
2
7
3
1
23
18
11
12
7
6
7
8
7
3
11
17
3
14
5
17
5
4
7
6
7
12
14
1
11
2
35
21
4
14
7
43
9
9
10
11
7
11
1
6
6
5
6
11
6
36
4
15
13
14
9
6
1
4
26
10
8
15
4
4
1
3
11
1
2
1
2
4
6
5
30
1
5
8
1
39
1
21
12
1
1
12
4
4
11
10
7
1
4
31
4
15
2
10
5
1
10
17
5
6
1
45
26
16
10
1
5
3
3
2
3
1
7
51
4
5
3
3
7
9
5
2
1
3
4
8
5
4
2
1
75
8
15
9
2
11
9
6
20
6
6
4
9
8
7
2
6
1
2
2
38
14
12
8
8
3
12
14
11
15
31
8
9
11
14
13
14
9
2
2
19
25
19
7
8
3
3
5
11
14
13
20
14
9
10
13
15
16
19
11
2
3
24
76
21
13
31
7
1
3
6
13
7
2
5
2
12
10
18
13
12
4
1
14
103
27
14
29
16
5
3
1
3
12
6
47
30
8
3
14
9
14
12
16
7
14
61
7
11
15
4
2
6
11
11
88
17
20
6
17
13
21
17
8
4
1
2
18
46
1
6
2
5
2
8
13
12
11
11
12
17
16
21
18
1
1
2
16
92
5
5
3
7
18
11
26
16
7
8
17
12
16
14
2
4
122
5
6
9
14
12
2
7
7
14
14
15
16
2
105
8
2
3
6
11
14
14
10
3
3
6
13
13
12
14
3
8
70
8
9
6
10
13
9
14
14
6
10
7
3
2
98
8
8
2
1
2
10
9
4
11
4
11
5
3
146
9
25
6
4
1
1
3
5
5
1
130
1
1
3
3
7
4
2
40
6
2
77
3
5
19
20
4
17
12
4
1
1
101
3
4
10
5
11
3
3
1
163
2
1
6
3
154
2
6
3
7
1
4
114
14
10
7
4
6
3
6
4
129
15
3
14
7
9
12
3
3
186
1
1
14
3
12
23
18
8
2
195
1
2
9
2
8
5
14
14
14
1
151
1
4
12
6
12
3
9
1
1
15
5
12
1
2
143
8
9
6
12
5
4
6
13
7
7
1
2
186
1
4
7
8
11
8
66
12
2
9
10
6
6
2
200
4
2
6
7
13
9
1
9
8
6
3
2
150
6
20
4
5
3
6
6
4
4
1
1
119
8
7
8
6
5
7
8
13
4
8
3
156
13
9
5
7
9
9
13
7
4
1
12
5
1
184
9
14
3
9
16
15
71
8
17
12
11
18
10
5
2
2
12
135
20
15
1
5
5
2
10
12
13
5
3
9
7
12
2
7
1
2
7
81
5
8
4
15
13
15
20
16
4
9
11
12
10
8
4
12
102
2
1
3
9
3
14
13
12
3
12
1
2
10
14
11
12
3
133
10
3
12
1
27
12
8
11
7
9
13
8
8
1
82
5
4
7
18
11
11
15
7
12
8
12
12
15
11
12
1
5
10
22
6
11
17
15
8
9
9
22
1
11
10
10
10
8
9
6
1
43
16
16
8
6
10
12
14
33
15
9
6
13
12
12
10
9
4
7
69
1
10
15
6
7
6
10
6
10
5
10
4
6
4
6
9
4
4
21
1
18
14
3
11
5
10
8
3
6
3
3
2
1
2
2
4
4
16
9
15
10
6
9
3
4
5
1
5
6
18
2
12
7
10
6
1
9
2
1
5
1
9
16
10
3
5
12
9
4
5
13
2
8
1
8
1
1
4
10
9
12
3
9
14
9
9
2
3
3
2
1
3
9
3
14
13
12
3
12
1
2
10
14
11
12
3
133
10
3
12
1
27
12
8
11
7
9
13
8
8
1
82
5
4
7
18
11
11
15
7
12
8
12
12
15
11
12
1
5
10
22
6
11
17
15
8
9
9
22
1
11
10
10
10
8
9
6
1
43
16
16
8
6
10
12
14
33
15
9
6
13
12
12
10
9
4
7
69
1
10
15
6
7
6
10
6
10
5
10
4
6
4
6
9
4
4
21
1
18
14
3
11
5
10
8
3
6
3
3
2
1
2
2
4
4
16
9
15
10
6
9
3
4
5
1
5
6
18
2
12
7
10
6
1
9
2
1
5
1
9
16
10
3
5
12
9
4
5
13
2
8
1
8
1
1
4
10
9
12
3
9
14
9
9
2
3
3
8
6
8
12
9
12
2
14
8
2
5
2
3
2
6
4
4
9
1
18
7
13
2
6
2
1
1
12
8
6
2
15
1
4
9
2
5
3
5
1
2
8
2
12
2
4
5
5
9
10
7
8
6
5
5
5
5
4
14
5
7
3
7
8
15
5
9
10
13
7
13
5
5
5
5
11
11
5
7
5
14
12
29
21
7
18
14
16
14
3
3
6
1
7
10
4
8
15
10
1
6
17
14
12
12
5
3
1
7
7
6
9
12
8
8
10
14
2
19
10
15
7
15
7
3
1
12
6
1
13
12
7
5
6
1
16
7
8
12
10
6
3
19
5
16
12
8
5
4
1
2
7
8
12
1
7
8
3
2
16
10
8
6
4
2
7
10
2
4
1
2
1
6
1
17
7
1
9
6
6
7
3
1
2
2
4
8
3
15
7
11
48
11
10
8
3
16
4
19
17
16
2
12
19
10
3
1
6
4
18
11
13
9
8
14
4
3
9
19
12
17
37
9
4
12
14
18
8
14
5
1
3
5
8
15
12
14
3
7
12
15
5
8
4
3
15
13
6
8
5
7
6
5
2
1
17
19
4
4
4
2
3
4
3
8
4
8
4
6
12
2
5
7
3
3
1
5
9
7
8
9
14
2
6
3
1
1
9
4
3
2
1
2
2
3
4
9
7
8
1
3
5
1
9
8
1
5
2
12
14
8
2
5
19
15
6
3
2
2
17
8
12
7
3
2
7
3
5
4
1
6
3
1
4
17
2
14
9
3
2
6
7
3
7
1
3
3
5
8
14
10
3
4
5
1
7
1
7
13
4
18
8
1
6
3
1
7
1
4
2
2
7
14
3
6
17
5
7
2
5
2
7
9
15
18
6
1
3
13
18
23
9
1
3
8
14
16
1
20
3
14
6
12
8
11
5
11
6
9
13
1
1
4
8
11
12
6
9
5
14
7
2
3
13
10
8
14
5
8
12
11
3
1
13
17
7
11
25
10
14
2
2
2
11
15
4
7
2
4
4
7
11
16
3
12
10
1
7
9
2
1
1
16
16
8
11
12
13
10
18
15
6
14
7
17
22
21
18
6
10
12
7
13
19
12
21
24
3
13
10
12
7
17
22
4
1
7
5
20
3
12
22
10
20
4
31
13
10
7
16
4
15
4
8
18
6
12
17
11
7
9
16
11
18
11
3
2
7
12
14
1
8
10
14
7
10
14
9
3
17
10
4
5
16
3
1
4
8
6
12
3
3
6
8
3
7
8
5
1
1
6
2
3
1
2
1
1
6
1
3
5
8
2
7
3
3
1
7
8
6
3
1
4
3
3
1
1
5
24
4
1
2
8
11
1
5
66
3
3
7
8
13
5
1
3
2
5
2
6
1
5
3
9
2
8
5
1
17
4
1
3
2
5
2
1
6
10
6
5
7
8
2
14
9
4
4
1
2
3
9
3
1
7
3
1
14
7
8
8
2
2
3
8
1
4
2
2
4
2
6
7
3
5
6
8
3
5
2
5
3
2
6
9
1
3
3
1
2
2
3
8
9
17
4
13
2
3
2
27
2
6
2
5
10
15
3
3
2
2
22
10
1
2
3
4
1
9
2
3
3
4
25
13
7
2
8
4
7
3
26
19
3
3
2
1
1
7
4
2
3
9
12
9
7
11
9
38
23
15
10
6
7
7
6
9
5
5
12
10
15
14
38
35
23
36
12
9
13
12
1
19
3
14
16
6
14
10
11
12
2
14
10
8
9
6
10
2
2
13
23
12
6
11
8
7
6
1
9
9
3
5
1
1
1
4
22
1
15
8
9
7
2
3
15
1
3
6
5
3
1
3
7
10
15
8
8
6
5
64
2
6
5
5
4
4
1
7
9
13
1
24
9
6
5
5
2
14
5
5
2
1
7
1
10
10
5
3
8
6
