37
6
16
3
20
4
15
18
20
30
33
17
14
2
1
20
4
10
17
29
42
12
18
6
20
4
14
12
7
32
40
15
17
5
19
3
19
7
14
27
38
9
18
1
7
17
3
9
8
12
22
37
10
16
8
15
2
7
8
6
31
37
15
14
4
15
3
24
4
12
35
43
15
15
1
2
2
6
16
2
23
2
19
38
43
18
17
2
3
1
4
12
3
15
2
30
9
19
26
42
11
20
7
5
20
8
5
14
2
23
5
13
31
47
14
17
4
3
1
13
4
1
14
1
21
18
5
39
45
13
17
5
5
4
15
4
4
14
2
32
18
17
19
24
7
12
1
11
10
17
23
17
3
19
5
10
1
11
8
24
25
7
18
5
9
1
8
8
15
12
7
17
2
8
8
7
8
3
13
2
6
1
6
10
1
9
1
3
5
11
5
9
1
5
14
2
4
10
5
11
3
2
11
5
1
2
4
3
17
5
11
5
5
1
3
4
9
2
2
3
1
6
4
9
5
1
5
51
18
2
5
2
12
7
1
6
40
12
8
9
6
20
11
3
2
2
16
18
6
3
2
9
7
14
12
7
4
2
14
34
11
8
2
7
4
11
9
3
1
1
13
20
15
10
5
4
13
8
4
2
12
20
9
5
3
11
6
3
4
3
5
43
9
1
7
5
1
1
10
10
4
7
9
7
1
11
42
26
4
2
12
2
10
8
6
7
3
8
33
37
3
2
2
2
12
5
8
5
6
15
4
7
33
20
3
3
1
4
6
12
4
8
2
22
7
17
1
3
2
1
2
10
5
6
8
3
14
3
7
14
2
2
10
4
6
6
3
14
5
12
18
4
1
2
13
5
7
7
4
13
7
18
9
7
3
1
7
1
1
1
12
7
3
4
12
11
9
14
9
2
11
4
1
3
7
1
7
3
4
6
5
2
2
3
2
8
2
3
3
2
3
3
7
34
13
4
3
3
5
2
1
14
52
3
20
4
4
3
4
12
24
2
16
5
4
7
5
1
3
12
34
12
10
9
3
14
12
8
7
2
2
20
55
2
24
1
12
10
1
15
12
7
4
3
20
50
4
18
11
9
11
9
5
1
3
3
15
61
1
23
10
10
2
9
8
5
3
4
14
63
14
21
10
10
3
9
8
6
3
5
15
78
29
27
8
9
1
6
7
5
2
1
4
13
92
24
47
3
5
1
2
7
70
11
37
2
1
5
52
2
19
5
4
3
3
12
99
4
19
8
84
16
27
1
9
92
5
18
7
100
7
1
6
103
5
16
1
1
14
123
22
10
121
18
5
95
16
9
114
19
6
132
10
9
135
10
11
143
1
8
149
12
168
4
3
5
6
2
2
1
20
196
9
2
2
7
6
1
18
175
3
4
3
7
8
4
5
19
186
10
9
5
14
15
11
1
13
2
27
224
5
11
9
2
4
19
15
10
2
7
28
222
19
13
11
5
19
20
15
16
1
1
34
248
13
12
11
3
20
21
14
13
2
1
33
256
4
11
9
16
15
10
9
2
21
263
2
26
11
9
15
16
12
13
2
28
299
8
30
7
6
11
12
7
5
1
20
285
12
25
3
3
6
7
3
1
3
12
278
3
20
3
4
8
10
6
8
22
324
21
2
4
1
1
14
314
1
29
3
1
2
12
332
3
26
1
13
343
22
7
337
30
2
358
28
2
363
27
333
25
4
354
7
25
3
344
13
23
1
2
4
340
17
20
5
342
23
11
2
3
2
326
24
7
318
14
13
5
307
12
18
1
5
5
266
16
5
241
16
4
1
1
1
3
1
9
238
18
15
1
1
1
1
7
203
22
18
1
2
183
9
5
2
1
1
13
144
12
3
1
8
123
11
6
2
11
120
6
5
11
83
10
8
47
1
5
5
3
20
61
2
9
7
2
6
1
23
33
5
13
5
3
12
11
7
8
2
24
25
16
9
6
5
1
9
12
9
11
1
23
22
16
3
10
10
6
12
1
16
15
3
20
2
24
5
17
24
13
14
9
14
17
18
17
2
2
24
8
3
32
10
14
3
10
8
15
16
14
4
20
5
19
5
11
4
8
2
8
2
11
3
5
4
11
1
4
1
12
8
10
1
7
2
11
6
5
12
5
2
4
10
9
9
3
4
8
4
7
10
22
5
7
9
6
7
5
1
6
8
7
9
5
6
11
4
5
4
2
6
7
15
5
1
7
4
3
5
21
3
4
2
1
7
22
2
2
8
23
1
1
20
17
2
3
20
5
25
4
27
1
3
26
1
4
19
1
11
12
1
3
3
1
3
11
3
1
4
4
3
1
3
2
1
2
15
3
3
6
5
7
7
9
2
20
2
1
4
7
8
7
7
1
19
1
3
1
4
8
11
10
11
27
3
1
3
7
9
8
10
22
2
6
2
4
12
13
11
14
1
1
25
2
5
3
8
10
11
12
1
24
1
4
6
8
7
7
1
19
3
7
6
6
3
1
16
2
1
3
3
2
11
2
3
6
2
1
9
7
8
5
11
6
3
3
1
15
9
8
6
7
6
2
2
13
9
9
5
9
6
2
2
1
8
2
12
11
8
15
11
7
2
2
20
2
11
9
10
15
10
8
1
19
7
7
4
11
8
5
14
6
7
3
10
7
3
16
5
7
6
10
8
4
13
2
4
4
7
5
4
15
5
2
4
4
3
1
14
15
1
1
2
3
1
11
17
2
1
2
2
1
3
1
14
6
3
1
3
1
3
2
5
2
12
5
1
3
4
2
4
5
3
16
2
4
4
2
12
1
1
1
2
3
1
14
3
2
5
4
3
3
8
5
2
20
3
1
1
1
1
14
1
1
13
3
1
2
17
4
2
2
4
18
1
5
3
4
15
1
4
3
5
6
5
14
1
6
4
6
7
9
20
1
6
3
8
9
9
24
2
4
3
6
9
8
13
3
4
6
8
9
10
14
1
1
4
6
1
6
16
2
3
6
7
10
16
1
6
6
4
6
16
1
6
2
3
2
2
1
10
2
1
2
3
1
3
7
1
3
2
1
1
2
7
1
2
1
1
8
4
2
5
4
6
12
4
6
6
3
7
14
11
3
4
5
3
14
12
1
5
7
2
3
5
1
3
2
4
5
9
13
2
3
2
4
7
12
2
2
2
4
4
6
5
1
2
3
7
6
2
10
6
8
3
4
8
2
9
4
8
1
1
1
1
1
7
6
2
1
5
3
3
1
5
1
3
2
1
3
3
2
3
1
4
6
9
2
4
4
3
5
9
3
9
10
14
3
5
4
8
6
7
5
1
14
8
10
1
4
9
11
11
8
4
15
11
11
5
11
15
12
10
2
5
12
6
5
1
2
3
7
6
2
10
6
8
3
4
8
2
9
4
8
1
1
1
1
1
7
6
2
1
5
3
3
1
5
1
3
2
1
3
3
2
3
1
4
6
9
2
4
4
3
5
9
3
9
10
14
3
5
4
8
6
7
5
1
14
8
10
1
4
9
11
11
8
4
15
11
11
5
11
15
12
10
2
5
12
5
2
2
2
1
4
4
2
1
4
5
1
2
7
4
6
2
3
1
3
1
3
2
3
2
2
1
3
3
2
2
7
53
1
1
1
8
5
2
3
4
6
48
2
8
6
1
3
2
7
17
5
2
11
10
1
5
6
11
17
2
5
6
1
2
4
2
7
6
3
4
2
4
3
8
6
1
4
3
5
3
20
3
1
4
3
2
1
7
16
3
2
5
3
2
1
6
8
5
6
3
3
9
5
4
5
12
1
2
9
7
7
3
5
12
7
2
6
8
1
3
4
7
8
4
14
10
8
1
5
3
6
7
8
2
14
12
6
2
2
3
9
7
6
12
9
3
1
2
1
5
12
9
16
14
6
5
2
2
5
7
4
12
8
15
13
4
3
1
3
4
12
6
16
12
3
4
3
3
7
12
5
15
11
1
5
3
3
6
10
1
11
7
4
1
9
12
4
14
10
3
5
6
8
9
1
14
6
3
9
7
16
6
3
12
10
3
2
21
12
5
3
1
1
3
12
12
6
18
7
1
3
4
10
10
3
15
5
2
4
4
9
2
1
14
3
19
9
8
11
1
27
1
9
6
7
1
27
5
20
8
8
2
36
13
26
10
10
1
3
1
32
18
29
3
9
1
9
4
8
32
12
32
12
13
3
54
14
36
14
14
3
44
23
45
1
14
13
5
10
48
21
36
11
11
3
3
52
21
33
2
11
11
4
10
59
28
48
5
15
14
8
13
79
22
35
12
12
4
66
15
32
10
13
3
60
22
39
13
1
12
1
6
3
87
25
37
2
12
2
11
7
8
73
28
44
14
5
10
2
9
10
88
18
29
3
9
1
9
4
8
32
12
32
12
13
3
54
14
36
14
14
3
44
23
45
1
14
13
5
10
48
21
36
11
11
3
3
52
21
33
2
11
11
4
10
59
28
48
5
15
14
8
13
79
22
35
12
12
4
66
15
32
10
13
3
60
22
39
13
1
12
1
6
3
87
25
37
2
12
2
11
7
8
73
28
44
14
5
10
2
9
10
88
26
48
3
20
9
2
20
7
11
1
11
98
32
50
7
23
11
3
24
9
15
3
10
94
33
46
5
20
9
15
4
16
3
6
107
1
32
49
11
22
8
17
1
17
3
14
107
2
23
43
2
22
8
16
2
16
4
100
23
43
23
10
19
6
15
5
122
40
52
11
28
10
27
7
21
5
21
131
31
46
9
25
8
27
7
18
3
1
14
148
19
38
4
21
6
19
3
13
3
3
157
17
32
18
4
15
11
3
156
21
39
3
18
3
16
12
1
12
177
6
22
34
2
16
3
12
10
1
12
190
1
14
30
1
13
1
6
8
3
190
3
11
26
1
12
8
6
204
2
11
29
13
11
5
2
227
1
12
33
11
5
5
237
1
5
12
5
3
1
256
1
11
6
11
1
6
272
9
21
10
3
16
5
3
4
1
292
13
9
5
1
16
6
2
1
314
1
13
7
3
1
12
2
4
3
1
5
313
10
13
3
8
2
4
2
1
7
14
7
6
5
3
4
14
328
3
8
7
5
4
3
1
7
9
4
3
4
3
5
8
348
3
10
7
5
5
1
3
11
7
4
1
2
3
4
12
352
9
23
3
9
3
2
7
17
9
7
4
3
2
5
5
12
18
365
2
5
1
3
2
1
8
12
11
6
4
2
7
5
1
11
4
363
1
2
1
13
8
4
5
7
4
10
373
9
3
1
4
14
4
2
1
1
16
1
370
2
358
2
338
3
340
1
4
7
1
335
2
3
1
312
19
289
17
5
5
266
17
4
2
11
244
19
3
3
1
10
228
14
10
4
1
1
12
184
7
8
3
153
5
137
5
9
5
93
10
16
2
9
79
9
9
53
16
5
1
1
7
35
19
7
8
7
3
2
19
33
11
11
1
6
2
6
2
3
19
5
21
4
1
6
4
4
16
11
2
4
3
3
12
4
13
3
10
15
25
14
4
11
10
2
11
32
9
1
3
9
19
5
14
7
5
16
41
3
1
4
1
13
19
8
15
1
8
9
18
41
2
1
4
3
9
21
2
16
4
10
9
18
39
4
7
4
8
8
5
27
20
5
15
12
24
48
3
7
4
10
11
21
17
4
14
11
22
2
43
4
7
7
12
14
20
18
3
15
8
22
4
39
10
1
4
11
12
13
12
2
10
4
14
3
31
7
1
8
7
6
5
4
6
3
24
1
5
11
10
7
7
3
6
11
6
27
3
10
7
3
3
4
3
1
3
4
23
4
9
5
4
1
5
3
2
4
20
4
11
10
2
11
32
9
1
3
9
19
5
14
7
5
16
41
3
1
4
1
13
19
8
15
1
8
9
18
41
2
1
4
3
9
21
2
16
4
10
9
18
39
4
7
4
8
8
5
27
20
5
15
12
24
48
3
7
4
10
11
21
17
4
14
11
22
2
43
4
7
7
12
14
20
18
3
15
8
22
4
39
10
1
4
11
12
13
12
2
10
4
14
3
31
7
1
8
7
6
5
4
6
3
24
1
5
11
10
7
7
3
6
11
6
27
3
10
7
3
3
4
3
1
3
4
23
4
9
5
4
1
5
3
2
4
20
3
1
7
10
8
8
10
5
7
4
8
7
26
2
1
6
8
6
6
10
5
7
1
6
5
25
2
1
5
5
4
6
8
2
6
5
3
25
2
4
5
3
5
7
1
6
6
2
24
1
1
5
5
5
6
10
10
11
2
27
6
2
1
6
6
7
4
12
1
12
16
2
31
1
3
6
7
9
8
14
7
15
19
2
27
2
4
9
12
14
10
17
7
19
5
24
4
27
6
4
12
16
18
17
1
23
5
25
9
30
5
38
8
3
11
13
16
25
25
9
27
6
30
3
40
5
3
7
11
11
19
22
10
23
6
28
1
38
4
2
6
10
9
21
22
7
21
10
31
41
3
2
4
9
7
18
18
6
18
3
26
36
2
1
7
4
12
13
6
13
3
20
34
1
1
9
4
12
10
7
10
4
17
34
2
10
4
6
5
8
7
5
11
25
1
6
6
1
1
5
13
1
7
3
8
3
6
7
13
1
6
3
9
2
8
6
14
1
6
4
7
2
1
9
3
9
12
27
5
1
7
6
9
3
5
10
5
14
12
31
14
5
5
1
7
3
10
8
22
19
5
5
4
5
4
5
7
12
28
21
5
6
9
8
5
7
6
10
32
10
1
5
7
9
8
2
8
4
9
24
2
2
4
7
10
8
11
2
11
3
12
3
23
7
11
13
18
11
17
6
18
10
17
8
28
11
16
16
21
18
22
6
22
7
24
1
10
35
5
15
18
15
22
27
26
7
25
4
25
2
12
37
6
18
23
17
25
27
29
9
29
8
29
3
14
37
1
6
18
22
14
23
24
26
27
6
27
4
13
33
5
9
7
18
21
13
20
28
27
1
25
5
24
4
12
36
13
19
6
15
19
12
17
28
25
3
23
6
23
2
11
37
12
18
3
11
14
9
13
23
19
19
1
21
1
9
32
9
20
9
11
5
8
18
14
14
14
6
30
23
6
8
5
6
15
10
12
12
4
21
26
5
1
8
8
8
13
9
3
13
14
5
16
25
2
2
5
6
6
6
7
3
10
9
3
12
16
3
3
5
6
6
7
6
4
8
8
3
14
5
34
4
3
4
6
6
8
5
5
8
5
2
18
12
44
3
1
4
3
4
3
1
7
13
25
4
2
7
7
7
5
3
2
2
4
3
15
3
2
8
7
9
6
3
2
2
7
6
28
3
5
4
9
2
3
3
4
18
2
5
2
2
7
2
2
5
9
1
3
5
4
6
3
3
1
10
10
2
2
3
8
4
5
5
20
12
1
3
1
1
5
9
6
2
10
1
30
13
2
1
4
11
8
12
8
9
2
20
7
21
14
2
3
2
2
5
15
9
12
1
10
13
8
1
20
25
15
14
1
7
4
3
1
7
20
14
12
7
12
3
16
15
2
25
28
19
24
7
2
1
9
3
8
24
9
13
12
8
16
15
30
4
22
26
5
4
1
3
10
7
9
25
13
15
13
11
19
15
25
21
20
2
7
7
7
10
11
15
23
13
17
9
14
20
16
2
31
15
15
17
5
6
1
9
10
9
14
8
24
8
18
8
17
16
21
1
3
31
15
17
18
4
6
1
12
14
8
18
19
26
11
20
7
21
14
24
5
32
20
16
22
8
15
17
8
21
21
26
9
20
4
23
11
23
2
7
28
20
11
33
4
12
17
6
18
9
21
6
19
4
20
10
20
1
6
28
11
1
22
3
11
15
4
16
7
18
6
17
2
17
8
12
1
6
27
11
18
6
10
10
2
12
2
8
9
3
7
4
14
4
2
28
2
5
5
4
2
3
1
1
10
9
1
23
2
2
2
2
3
3
2
12
1
2
7
1
13
4
7
1
11
1
5
2
4
4
1
3
13
1
4
10
21
1
1
3
4
9
11
22
1
2
3
6
9
16
1
2
4
11
5
22
5
4
2
1
10
36
6
5
1
4
17
28
4
2
9
6
3
1
4
13
4
30
1
4
3
5
6
6
5
2
3
17
9
29
1
6
5
2
2
10
5
5
1
8
2
1
14
24
27
11
6
5
8
4
8
11
8
4
11
3
9
18
19
30
16
13
13
11
3
5
15
16
3
10
1
5
13
4
16
36
22
8
40
16
12
11
12
4
7
15
16
5
11
4
6
14
4
17
32
48
7
48
8
4
8
8
3
6
1
11
11
4
10
7
3
11
3
11
24
8
10
37
5
7
7
8
5
6
3
5
14
13
6
10
10
4
9
10
2
14
26
6
21
11
8
11
9
5
6
4
7
18
17
7
10
2
10
7
9
10
16
37
22
2
4
8
5
4
4
3
1
7
18
14
10
7
4
9
8
6
5
8
24
9
21
2
5
3
1
2
1
7
12
1
9
1
4
6
6
4
2
20
26
20
2
2
1
1
3
7
8
11
9
5
12
1
23
29
17
1
2
5
7
9
11
8
4
16
9
28
7
6
4
3
2
1
2
11
11
6
11
26
30
15
2
3
2
2
7
11
8
12
17
25
20
4
3
3
6
10
10
14
3
28
21
1
3
3
14
11
8
11
28
31
16
1
2
1
10
10
5
9
22
15
21
1
5
7
1
1
18
11
27
1
3
1
9
8
19
16
13
2
1
7
7
20
2
5
7
4
1
12
9
36
15
1
2
2
6
9
4
4
17
22
2
3
1
6
10
7
1
5
20
29
1
5
3
4
2
4
9
9
10
2
4
27
27
2
5
4
5
5
10
11
1
9
8
33
1
3
4
8
16
14
8
4
10
1
30
46
11
2
8
4
2
2
4
12
8
7
1
5
2
33
41
2
7
6
1
7
9
4
21
31
3
3
4
6
8
3
2
1
24
9
9
37
1
3
3
11
7
2
1
23
20
10
37
3
4
4
9
6
1
25
26
14
42
11
6
6
5
4
7
11
4
4
6
7
30
35
14
30
7
1
7
3
4
9
6
4
1
6
1
28
38
5
21
6
9
3
5
9
5
3
5
1
22
42
3
35
7
5
9
7
4
1
3
13
2
4
2
6
9
21
55
12
39
9
3
7
7
3
2
7
12
4
6
5
6
10
28
61
16
41
5
6
4
2
3
14
11
5
11
1
3
8
4
9
31
71
24
44
10
9
12
5
5
4
17
16
5
16
5
6
11
5
16
35
76
22
54
10
9
8
4
2
6
3
1
20
18
8
17
