30
57
46
58
25
25
35
3
9
35
46
42
25
68
34
33
82
58
41
16
59
48
43
53
25
48
29
49
16
10
28
59
90
72
38
85
42
55
91
66
52
15
8
60
61
42
54
34
28
27
42
11
5
33
58
70
55
29
78
34
45
89
62
47
2
13
44
38
49
57
48
68
23
44
32
56
38
16
66
12
31
87
63
44
9
49
34
55
50
43
47
28
45
7
3
16
40
79
53
25
75
28
41
86
62
47
12
56
38
46
46
49
8
32
43
16
11
43
67
81
73
33
81
43
49
85
59
49
34
55
48
45
42
42
34
31
48
20
13
3
93
70
75
40
81
58
50
87
62
51
1
56
46
59
40
47
33
26
37
8
29
52
55
48
33
65
41
23
86
58
42
13
3
64
48
47
58
44
36
26
34
6
36
47
71
52
31
57
39
8
91
60
40
54
7
64
61
45
51
44
34
32
39
14
36
75
81
54
40
68
69
43
90
62
45
4
62
60
41
49
49
39
34
40
13
42
52
74
34
41
63
58
38
87
61
45
8
3
50
40
44
50
54
26
35
32
11
19
56
67
58
42
57
59
30
85
58
43
10
9
57
46
52
62
50
36
33
38
13
19
37
68
42
37
46
42
16
86
61
49
23
5
56
44
57
42
56
34
33
38
13
10
50
60
44
32
51
25
22
83
60
49
38
59
51
42
48
45
44
36
45
20
3
49
33
73
39
41
52
44
25
86
65
55
10
13
55
49
41
46
39
55
35
53
20
10
32
70
71
50
41
61
37
34
85
66
58
10
11
65
50
56
26
48
18
33
38
16
4
7
74
69
55
37
57
39
32
81
59
51
33
66
42
51
31
48
30
32
42
14
1
29
44
68
39
35
54
42
19
81
62
52
18
9
64
49
50
37
53
48
30
43
8
25
57
74
35
30
49
41
81
62
50
17
66
54
51
37
54
33
30
38
8
17
58
66
46
31
53
28
36
84
61
49
43
58
40
42
43
51
29
33
41
13
5
25
54
77
53
34
63
33
35
85
64
51
4
12
59
49
49
44
37
26
30
40
11
1
26
63
91
38
35
57
54
20
85
63
49
12
25
62
55
42
43
45
39
30
39
9
28
51
68
60
33
61
52
50
84
63
48
33
52
4
64
40
60
44
45
19
25
26
26
23
81
59
29
52
41
16
82
56
38
55
55
58
48
53
61
45
37
23
31
29
38
59
34
27
50
34
27
86
58
38
12
50
73
69
37
55
48
27
32
37
13
3
60
59
47
53
38
67
46
51
88
62
47
15
94
15
64
36
53
42
55
25
32
29
7
30
48
80
46
36
56
49
28
81
58
42
34
112
22
57
50
46
34
50
45
32
32
7
30
81
88
35
34
55
52
35
83
59
43
102
9
67
49
61
17
44
9
27
27
8
41
59
59
38
37
58
44
38
81
53
38
47
79
7
62
39
56
56
44
34
25
29
3
25
33
63
48
34
53
33
27
87
58
39
32
34
63
57
46
63
39
57
29
36
10
23
42
84
41
37
55
33
16
91
62
44
10
64
33
61
17
50
2
31
25
12
31
96
77
66
42
58
47
32
81
52
39
30
69
60
50
46
45
17
30
29
12
44
79
82
56
41
59
42
26
86
55
40
41
70
61
49
51
49
38
28
30
7
44
47
84
34
36
51
31
86
57
40
53
7
61
45
54
39
52
28
30
31
11
17
52
79
33
37
56
29
40
84
57
42
10
7
52
39
53
49
58
47
26
28
4
16
21
76
26
30
44
32
14
82
56
38
5
59
44
48
56
59
61
30
33
6
35
29
73
33
34
46
46
13
85
58
42
22
75
56
53
59
30
16
34
38
22
10
43
64
79
66
49
72
45
65
91
59
50
36
56
1
63
43
54
48
43
8
33
34
18
7
44
79
74
68
43
69
49
46
87
58
48
23
35
2
60
57
43
58
50
41
33
40
17
3
41
31
64
37
41
61
51
45
89
62
50
21
44
66
56
50
43
37
36
31
41
17
5
44
64
77
48
46
62
57
32
87
60
50
42
54
62
41
54
36
51
27
32
40
16
6
33
78
69
57
43
64
45
30
83
58
50
30
64
65
53
59
50
50
20
32
38
14
6
32
70
74
53
36
65
34
32
85
57
48
23
35
1
66
52
57
48
46
42
32
45
15
7
27
52
83
43
40
69
56
34
86
61
52
24
43
5
58
29
45
53
51
53
33
49
14
8
37
41
74
41
40
69
51
44
84
63
53
36
52
16
64
44
57
53
47
45
27
42
5
2
22
37
75
39
32
63
36
29
84
59
47
45
37
9
68
51
55
56
52
34
30
47
9
8
27
46
77
49
33
74
27
31
84
60
51
41
45
73
56
49
54
50
37
34
50
14
13
58
103
79
82
36
81
58
50
84
63
55
34
54
14
84
61
50
57
39
36
29
44
11
8
53
66
87
68
40
73
60
65
86
61
50
46
71
6
66
45
53
52
49
29
25
39
37
62
60
54
29
67
27
37
82
58
45
48
45
3
54
58
49
51
50
43
29
41
2
20
53
65
57
32
66
35
34
84
62
48
40
4
62
40
52
63
50
43
26
39
37
38
76
37
29
60
40
38
83
61
43
21
40
4
3
69
48
50
37
59
47
21
37
39
70
56
16
21
57
44
32
81
58
39
44
41
10
13
62
47
53
39
48
42
20
31
25
53
81
41
25
53
27
10
81
57
37
26
50
74
44
67
36
35
9
20
23
41
57
74
69
28
57
30
27
81
54
35
50
42
71
64
45
61
45
46
26
37
1
47
48
66
58
34
64
42
48
87
62
43
18
57
9
69
58
49
74
43
32
23
35
45
57
79
72
33
67
28
47
86
58
40
45
55
2
67
49
63
45
54
33
22
29
19
74
68
53
27
60
24
39
80
54
36
38
40
78
67
61
52
47
36
24
33
2
33
57
78
59
34
62
35
37
83
57
41
39
67
80
63
50
62
41
27
27
38
8
57
83
75
57
39
72
41
47
86
59
45
55
79
3
65
35
55
53
52
46
30
39
8
48
70
87
48
41
66
44
36
81
59
45
54
78
9
74
47
61
39
50
13
30
30
13
49
68
88
82
41
69
48
46
79
54
43
72
79
3
67
63
52
34
52
23
34
37
19
5
38
59
72
57
44
74
60
51
80
58
49
4
88
70
64
56
53
47
40
31
41
18
3
39
43
75
53
46
71
50
41
82
59
49
7
77
78
67
57
53
49
35
29
38
19
3
44
58
79
59
41
72
52
34
82
57
47
48
67
13
73
47
61
25
61
17
34
36
20
4
45
88
88
53
45
67
49
12
75
53
48
38
84
2
72
42
67
45
50
25
35
40
22
9
43
55
79
57
51
71
53
28
77
57
52
44
89
69
57
56
57
54
40
37
44
26
12
58
40
76
56
51
75
59
54
80
61
56
35
112
74
50
54
31
75
24
39
36
19
1
50
72
77
51
47
63
34
47
74
58
51
56
108
9
80
63
61
43
45
35
37
42
23
5
53
65
92
53
53
67
52
53
80
60
54
56
121
3
71
51
55
54
43
54
37
48
21
5
57
42
92
41
49
67
54
45
81
65
56
47
124
68
36
58
47
57
28
39
39
18
1
44
34
94
37
46
62
48
36
77
62
54
60
124
4
69
50
52
53
52
31
38
42
21
3
54
60
77
42
52
64
68
42
80
63
54
34
129
13
74
74
62
36
58
36
31
34
9
37
88
68
66
41
57
59
35
77
57
45
23
119
3
76
60
59
52
54
8
35
31
12
35
77
101
71
43
66
53
45
79
57
47
55
146
4
71
49
47
46
51
40
37
45
16
2
68
66
81
45
50
70
56
46
82
66
54
20
148
5
5
76
63
57
36
49
35
30
39
10
57
76
81
54
46
67
60
29
81
61
48
39
142
6
11
82
60
61
59
47
39
26
33
4
47
46
79
61
38
60
49
11
83
60
43
75
143
6
77
57
64
39
56
23
25
28
49
63
72
63
31
60
18
38
79
56
39
37
143
10
71
53
63
37
56
22
28
31
1
41
72
92
54
38
65
29
49
79
56
41
26
148
7
72
55
65
57
47
46
19
29
45
50
77
48
31
55
46
17
82
57
35
48
144
4
79
74
48
62
48
41
25
34
65
73
91
59
35
67
40
64
85
58
39
51
148
81
63
50
53
43
35
27
41
9
68
72
69
58
45
75
56
71
85
60
44
57
155
75
43
66
46
50
34
21
35
61
45
64
36
35
64
50
34
81
57
39
52
140
73
49
55
56
54
39
25
37
2
48
55
95
68
35
72
41
50
82
60
42
47
140
4
74
50
55
46
48
39
26
42
6
44
96
78
72
38
75
49
47
82
60
44
46
130
5
73
50
53
52
58
46
24
42
45
74
61
60
32
71
40
44
82
60
43
58
101
70
51
56
59
52
64
22
39
41
28
72
52
28
70
28
43
84
61
42
22
87
78
56
56
71
30
57
24
46
6
52
36
89
63
34
77
47
46
88
63
47
42
91
77
73
52
61
50
25
37
10
37
110
71
89
37
81
52
56
85
56
43
46
79
77
59
57
43
48
51
26
46
8
56
85
75
55
37
76
43
46
84
60
47
39
68
76
55
65
50
52
39
27
42
6
44
66
61
48
34
73
50
34
82
58
45
53
59
80
65
62
61
45
24
26
39
9
47
85
70
60
36
70
40
16
85
57
45
59
31
79
70
45
65
40
52
30
52
17
7
59
69
79
74
42
78
43
49
88
64
54
46
36
70
64
56
56
50
33
31
48
16
8
41
84
73
64
40
81
39
76
84
59
51
19
33
75
52
59
52
44
56
31
51
16
6
47
54
84
46
40
72
34
42
85
63
52
54
1
78
65
56
62
51
49
29
48
11
3
38
63
76
40
36
67
24
20
86
61
49
41
82
68
45
61
49
41
34
52
20
13
66
70
77
70
47
80
37
55
86
63
54
49
7
77
58
59
64
50
32
28
39
13
3
45
52
68
80
40
69
31
53
84
56
45
82
76
64
49
65
48
36
30
48
18
8
32
82
74
65
42
78
45
55
86
59
50
24
77
61
49
42
47
32
34
46
20
7
50
56
81
69
49
78
65
59
84
60
52
10
14
75
50
67
61
48
42
25
38
5
31
45
70
37
34
61
39
33
84
56
41
57
12
65
49
46
59
56
50
29
49
11
30
44
67
42
37
72
44
46
84
59
47
25
9
66
55
59
56
60
23
24
31
25
60
68
54
27
57
22
30
82
53
37
37
80
61
59
31
36
29
27
39
9
36
102
92
65
40
67
33
21
84
57
44
50
78
55
43
42
40
49
29
49
15
3
53
48
80
54
43
73
33
26
84
62
52
64
10
67
57
55
57
43
60
19
42
41
54
69
39
29
58
30
22
85
59
43
24
4
1
65
54
49
50
46
23
26
46
10
4
25
62
84
67
37
76
50
52
84
59
48
6
9
4
71
48
63
52
47
25
26
50
11
7
32
56
74
46
38
81
35
69
84
59
49
50
12
8
72
57
58
49
44
45
26
58
14
10
41
81
58
69
39
86
47
54
84
62
53
35
6
14
75
66
40
67
45
49
31
63
22
20
41
71
75
92
46
98
68
79
87
67
61
66
16
22
63
49
50
69
40
77
29
72
20
21
33
34
72
58
42
97
58
65
86
71
63
35
10
6
58
46
41
54
49
49
31
66
22
23
39
75
69
84
39
97
39
59
83
68
63
11
72
51
44
50
44
44
35
67
29
30
29
83
73
81
43
106
34
76
85
68
65
40
6
27
66
44
60
56
42
62
27
65
18
19
17
62
59
63
38
94
36
41
84
65
57
30
1
31
72
53
59
39
47
34
29
59
23
24
32
91
69
79
42
94
48
50
82
60
57
57
1
32
74
55
45
59
47
45
37
64
34
33
59
69
64
77
50
102
57
68
86
66
64
46
4
20
59
47
42
54
56
39
41
60
33
29
46
62
77
68
53
94
47
55
83
65
64
24
9
14
67
39
53
54
53
32
38
53
30
23
23
28
83
56
49
87
37
67
83
60
58
72
5
6
64
38
46
49
59
40
41
56
34
26
55
57
78
53
56
89
58
71
82
62
60
13
3
63
57
48
42
53
40
43
56
34
25
35
83
91
51
58
87
56
65
82
63
61
9
61
47
60
49
43
50
37
52
27
17
22
44
89
32
48
78
35
51
82
62
56
41
61
24
56
39
62
23
43
45
26
12
58
51
96
52
53
69
52
34
77
59
55
42
75
51
55
49
48
19
41
40
29
12
43
71
97
58
61
67
73
34
81
58
52
81
62
48
57
49
53
63
39
41
22
3
43
27
89
23
54
56
66
25
81
61
51
26
65
33
59
52
60
26
41
34
20
56
16
69
34
53
56
57
48
80
59
49
33
72
45
57
36
57
5
40
31
23
3
34
64
71
47
59
62
58
54
79
56
48
45
74
57
50
20
57
19
42
32
25
1
50
76
103
44
64
57
73
48
78
56
48
34
1
77
58
57
41
49
16
36
26
17
64
40
99
35
57
48
64
28
81
55
43
75
2
68
45
69
25
62
7
34
17
8
43
50
101
5
53
37
49
37
75
50
37
40
8
70
45
49
37
61
12
41
26
18
64
56
96
27
62
48
68
49
79
56
44
47
4
72
48
49
48
52
19
37
27
15
67
47
106
52
60
45
65
27
81
57
43
44
3
76
58
62
40
51
5
29
17
3
53
57
89
34
53
34
51
33
80
52
34
49
71
41
53
43
49
21
29
28
9
52
66
67
32
52
46
71
45
81
57
41
51
70
40
61
41
53
25
23
24
56
15
78
5
37
34
51
15
80
55
35
65
10
77
53
61
62
58
25
17
17
30
25
58
36
29
29
41
1
83
52
27
94
9
80
60
53
43
37
19
23
32
4
41
82
100
50
45
54
69
60
85
56
39
12
68
54
60
48
36
33
18
32
50
53
97
25
33
45
53
36
84
56
35
24
67
45
59
63
51
35
16
24
27
38
65
34
26
39
38
24
84
55
31
57
69
40
61
48
38
32
19
34
40
70
70
44
34
52
42
42
84
57
37
30
73
51
57
36
48
19
17
28
60
70
74
44
33
50
41
32
83
52
33
76
79
58
47
38
43
48
23
37
3
73
40
82
21
41
49
51
34
84
60
42
55
68
33
57
45
44
50
16
35
34
42
56
27
29
43
40
81
60
39
50
70
41
49
40
45
5
21
33
7
37
57
71
44
38
52
52
11
80
58
42
54
68
47
54
38
40
20
20
36
5
44
41
69
31
36
49
46
36
81
59
43
39
68
47
47
45
46
15
19
32
52
54
71
38
33
47
48
30
83
60
42
40
71
57
49
49
37
21
21
35
5
44
55
88
29
35
49
44
23
84
62
45
55
57
39
48
63
44
51
23
43
5
17
10
66
10
34
47
27
15
82
64
47
21
58
31
48
40
47
39
27
44
8
27
38
60
13
38
50
34
11
78
62
49
20
61
38
67
10
49
24
32
7
45
30
59
33
39
52
46
9
72
53
43
61
67
39
51
47
52
14
30
35
10
25
29
74
35
42
54
39
10
79
58
46
59
60
36
51
31
61
28
32
35
9
46
52
84
32
40
48
40
31
77
59
45
29
3
61
38
47
36
53
19
34
39
16
64
32
87
35
47
56
51
22
79
59
48
29
7
63
32
47
48
34
34
35
44
18
3
39
24
93
35
50
61
36
24
83
63
53
38
61
34
49
26
54
23
33
40
16
47
44
67
30
50
61
45
41
78
61
50
27
6
62
43
55
37
56
32
30
38
10
32
64
70
30
43
58
42
27
79
61
45
48
7
66
48
57
52
50
47
24
33
17
32
71
27
34
47
43
14
81
60
39
39
2
85
58
43
47
32
46
25
43
11
63
39
80
35
48
63
68
35
86
63
47
58
4
5
76
53
50
43
39
34
24
37
5
72
59
80
46
42
62
51
56
84
61
43
65
5
7
66
46
50
51
50
11
27
33
4
31
52
75
41
41
56
52
34
82
60
42
40
2
69
46
56
28
48
11
28
36
6
43
60
91
37
44
58
51
35
78
58
43
66
62
44
63
37
52
25
21
27
37
12
88
43
34
47
36
19
77
56
36
40
64
50
46
54
47
38
25
37
37
56
73
41
40
53
51
16
83
62
43
20
8
74
54
45
60
44
31
29
41
6
50
44
71
52
42
63
48
39
85
64
47
41
16
65
41
56
46
46
21
23
36
2
35
47
68
46
38
57
38
20
80
60
42
38
10
67
49
49
35
45
39
24
46
7
54
67
66
47
42
66
48
49
80
65
47
23
76
63
48
53
54
28
22
39
2
49
49
57
48
35
62
38
59
82
64
43
52
66
50
50
51
45
43
21
44
4
34
71
74
50
38
63
38
26
83
66
45
49
72
43
65
46
31
31
18
39
2
36
63
79
46
38
59
39
19
82
62
41
46
75
64
52
50
46
39
21
39
45
72
66
23
36
53
46
28
82
62
42
64
77
69
48
57
46
45
24
46
4
1
39
51
75
40
37
61
40
50
84
64
45
45
70
49
51
61
46
36
22
41
5
44
28
66
56
39
60
59
30
83
62
44
32
73
42
54
40
45
46
23
43
5
49
63
58
34
40
56
51
31
80
61
44
78
72
43
60
39
43
28
22
41
4
34
49
75
31
40
53
27
24
79
58
42
40
67
57
49
53
48
19
25
33
5
48
67
91
60
46
54
60
20
81
58
40
28
71
50
64
37
55
5
21
18
65
53
92
43
37
37
42
21
77
53
31
74
66
36
55
45
49
16
24
28
3
59
31
87
27
42
42
46
23
78
59
38
28
1
71
38
56
34
46
46
23
32
37
24
82
5
38
34
37
10
78
60
38
62
69
60
55
44
48
39
21
31
47
30
68
16
41
32
44
9
79
59
37
35
77
66
61
28
54
25
20
5
52
72
62
59
52
43
53
26
76
55
36
35
78
51
63
34
53
14
24
22
73
37
89
26
43
34
39
77
57
34
70
77
51
51
57
52
22
24
28
2
75
24
70
34
45
41
48
4
82
58
36
62
69
48
59
21
63
2
27
21
2
45
61
79
31
46
41
39
33
74
54
35
54
69
55
57
45
38
33
27
33
6
51
45
90
31
50
47
53
7
81
62
42
40
70
37
67
42
54
12
27
24
3
49
37
70
34
44
45
39
30
76
57
36
61
75
51
65
38
53
24
27
28
4
61
54
88
7
46
44
44
