9
22
2
12
3
5
2
8
10
113
26
9
7
3
12
15
1
2
4
3
1
3
7
5
11
2
313
15
10
12
8
5
1
1
6
4
12
3
14
3
1
5
4
9
6
7
13
12
4
12
10
20
8
4
2
5
20
22
5
12
9
12
3
2
5
5
1
1
9
341
18
10
13
13
12
5
7
3
3
6
8
6
6
18
7
7
3
15
4
1
4
8
10
12
15
5
5
9
5
17
15
17
1
22
11
7
10
8
28
4
13
4
1
4
8
5
1
1
337
26
13
7
3
5
1
3
6
1
13
1
21
7
13
10
21
14
5
5
18
17
14
8
17
9
9
3
17
15
18
13
5
9
10
2
15
5
19
19
323
23
14
24
6
11
7
10
21
16
4
8
53
104
11
8
6
5
5
6
12
3
8
8
8
9
2
8
2
2
4
2
5
2
14
6
9
12
6
18
5
7
3
8
2
4
281
19
7
13
9
13
5
6
4
11
18
187
19
13
21
13
14
5
4
9
13
11
14
11
8
5
7
12
9
10
8
22
3
12
15
2
11
12
14
4
5
17
205
23
1
5
9
9
7
267
3
7
1
10
7
9
9
3
6
9
23
6
20
12
1
13
6
16
6
22
3
5
5
9
1
19
9
6
8
5
6
12
4
20
139
14
5
3
8
14
6
3
2
3
13
25
4
1
13
9
2
1
18
8
343
13
6
11
24
2
11
11
3
7
9
30
4
16
16
18
13
9
5
7
9
2
6
2
4
5
12
10
2
5
4
11
10
8
7
21
8
1
5
8
29
10
34
9
8
2
2
6
3
10
66
16
5
13
7
10
6
6
17
8
9
5
3
2
392
4
6
4
8
6
9
14
6
9
8
17
12
2
19
3
7
4
9
7
7
10
5
18
4
11
3
8
5
12
20
11
20
5
5
21
9
6
16
24
9
7
9
11
5
10
7
7
9
4
11
1
12
4
7
1
7
21
14
10
4
7
20
7
1
5
3
405
7
3
27
5
12
4
5
3
1
1
7
68
8
15
3
12
5
14
6
8
4
6
8
3
9
1
1
6
8
16
12
10
7
1
15
9
11
9
13
9
8
3
8
2
2
11
4
10
10
16
10
23
11
27
6
12
10
6
5
4
4
20
9
2
12
2
4
13
7
390
10
13
17
18
14
9
13
7
7
7
1
7
6
9
3
10
3
5
23
39
162
2
4
9
19
6
12
6
4
5
1
10
3
1
4
13
4
4
17
11
4
13
1
17
8
12
5
3
1
4
3
9
3
2
5
4
8
20
4
7
8
22
10
16
9
7
6
8
4
6
8
3
5
3
7
5
14
333
16
1
12
3
4
21
12
12
9
7
8
21
14
6
3
9
8
23
5
2
6
21
236
2
14
23
7
20
4
19
15
16
14
15
1
27
24
13
17
13
22
12
5
11
34
21
12
22
12
16
3
18
9
11
7
10
8
27
13
6
12
2
13
12
2
7
30
13
2
4
9
14
2
17
3
1
2
7
30
4
6
6
22
241
9
4
5
11
5
7
5
9
3
10
6
16
12
286
4
4
8
3
11
4
1
6
6
3
15
7
9
6
12
2
9
7
4
3
3
5
3
5
4
1
4
3
2
11
1
17
3
5
10
19
6
12
1
3
10
1
4
16
141
6
2
14
2
4
6
1
5
1
1
7
3
2
337
3
1
17
21
11
8
7
2
4
23
20
5
4
6
11
8
4
18
6
14
9
3
9
8
4
14
1
8
4
1
31
10
1
7
13
4
15
11
8
5
6
15
5
1
7
5
9
12
6
5
31
24
41
5
11
10
5
9
12
5
1
15
5
1
4
8
3
3
7
364
3
2
18
7
15
3
4
2
20
3
5
6
3
2
33
11
19
2
25
7
11
1
9
3
7
3
19
7
7
8
16
13
6
5
19
7
3
2
9
2
20
6
3
2
14
7
5
1
2
12
7
1
3
30
1
2
1
2
30
18
5
2
1
2
13
355
4
2
11
3
23
3
1
2
5
13
19
7
12
15
12
14
11
15
24
8
20
8
16
12
12
10
13
13
19
11
30
17
9
15
15
15
14
14
23
24
15
13
17
12
18
22
12
14
16
34
13
5
2
16
3
8
16
10
8
6
5
4
20
4
3
1
6
4
8
9
35
5
317
4
12
8
11
10
17
14
12
13
8
4
23
10
6
15
5
12
14
15
90
1
13
6
16
16
10
8
7
5
13
9
6
1
10
2
8
11
25
3
1
12
14
8
11
7
11
9
9
5
11
8
41
8
3
2
6
7
12
23
1
11
3
17
14
5
9
7
7
3
2
9
7
1
1
7
7
10
4
248
5
2
8
9
16
14
17
10
8
7
3
2
7
2
12
14
8
7
9
22
165
1
7
23
3
5
20
8
11
5
5
10
19
18
17
9
2
5
7
5
7
17
25
7
20
13
5
14
8
5
6
5
5
21
12
3
7
3
11
8
3
6
16
25
6
3
11
1
3
14
11
8
9
8
7
19
4
17
6
8
3
18
7
5
9
32
186
13
2
5
3
7
25
5
3
3
1
3
9
8
247
3
5
12
3
17
6
3
3
2
7
2
8
10
6
2
3
16
19
35
23
5
21
12
17
13
14
3
24
17
9
16
9
19
18
13
16
32
37
12
14
4
23
14
14
4
18
3
28
3
1
12
6
5
84
19
7
26
12
1
5
5
2
292
14
5
11
5
4
1
17
3
9
1
4
14
16
7
2
7
11
14
12
9
8
12
8
11
15
8
11
5
1
20
1
8
1
10
8
13
9
5
18
6
13
15
12
16
1
15
4
11
6
21
11
14
3
17
11
18
2
13
18
12
5
13
5
10
345
19
4
9
3
13
10
7
6
1
3
3
9
10
2
9
3
13
14
6
2
7
19
10
3
17
1
14
2
9
13
1
9
13
5
1
7
2
16
11
12
14
6
3
13
6
17
7
16
9
6
5
12
357
15
2
1
3
13
7
6
3
11
21
5
42
8
3
12
7
4
5
18
10
17
11
1
3
11
18
8
13
1
5
3
19
12
21
12
27
10
18
11
6
5
2
26
1
10
11
10
9
6
9
24
3
24
12
15
13
22
11
20
10
14
6
35
5
32
12
18
7
20
10
12
18
7
334
23
5
10
18
19
8
18
9
14
20
32
21
3
21
34
8
11
15
24
114
12
1
12
21
14
7
13
7
10
13
19
6
15
20
6
7
12
15
9
10
28
7
1
5
11
8
1
1
8
4
1
6
7
15
9
14
19
18
7
14
7
8
15
14
6
12
9
18
6
8
14
22
1
286
22
4
21
3
25
18
25
18
20
7
26
34
22
20
22
7
25
11
16
24
18
205
11
1
15
14
13
15
11
11
9
8
8
11
12
3
9
18
12
10
19
26
14
19
12
13
10
11
8
13
8
11
5
11
20
18
3
16
12
16
10
3
8
2
2
7
6
3
10
2
5
10
227
13
14
6
18
6
1
6
1
1
10
2
1
2
4
7
4
28
299
6
5
8
17
11
6
9
4
5
9
5
6
1
5
3
6
10
12
8
2
12
13
21
13
17
12
12
27
18
14
10
18
18
9
12
19
10
14
7
15
10
18
14
16
13
12
7
24
4
14
11
23
10
10
12
19
8
5
167
16
18
16
10
12
15
12
12
7
6
40
11
14
7
10
6
12
17
374
19
21
13
9
10
4
6
5
16
4
5
8
4
10
13
13
11
9
15
16
16
10
11
6
9
11
14
14
10
8
11
7
9
14
19
15
1
10
5
15
12
12
14
12
14
12
12
14
13
13
3
15
7
10
17
24
89
13
12
21
3
4
2
3
2
2
5
8
5
413
2
21
16
14
13
12
10
13
22
11
9
14
10
11
23
13
10
13
15
12
14
18
14
1
5
9
7
5
4
9
8
3
24
1
4
1
10
3
21
11
7
1
8
10
7
393
9
20
7
8
3
2
9
6
7
6
47
1
1
7
16
3
4
1
3
1
6
6
5
12
4
1
13
19
15
10
10
5
9
25
15
4
12
4
11
9
9
12
28
12
10
2
15
16
13
18
19
19
14
19
10
26
33
18
16
22
26
35
12
13
19
43
353
18
18
8
23
14
13
10
5
5
9
20
5
6
8
11
6
4
6
11
2
124
3
10
15
23
15
18
14
10
9
9
10
12
16
3
16
4
7
15
7
6
9
23
10
15
14
6
9
10
8
8
14
15
3
7
14
10
12
29
24
10
6
3
5
7
21
6
10
1
8
281
11
21
27
28
26
23
22
29
20
27
5
25
25
34
32
6
15
25
22
205
7
6
7
29
13
17
15
10
10
17
47
11
13
12
13
7
14
15
22
6
28
5
20
16
18
17
16
15
21
4
11
15
16
19
22
4
7
16
16
11
7
13
29
18
28
24
30
25
26
31
32
28
31
23
32
32
32
11
15
26
49
217
16
5
20
25
18
14
18
12
15
7
18
13
30
7
17
14
6
8
15
18
8
293
4
5
5
24
18
18
19
15
16
1
14
12
12
16
5
22
4
8
16
16
12
32
8
9
7
3
1
1
11
13
1
5
18
6
25
7
16
9
34
11
7
6
4
1
13
6
4
1
9
1
5
9
14
120
14
1
7
16
17
13
14
24
22
24
19
30
9
22
25
20
33
21
13
12
20
23
22
332
12
14
8
22
14
25
16
19
12
12
11
21
4
24
10
35
13
5
8
17
16
19
28
23
26
20
23
16
26
13
50
12
29
11
8
16
8
11
21
13
10
5
4
24
20
20
24
22
21
18
20
26
21
23
20
15
1
24
12
12
20
15
7
35
21
10
4
8
25
14
20
16
15
12
8
25
18
12
16
9
20
20
9
10
15
30
2
362
20
2
12
14
21
18
20
20
16
12
10
3
24
34
14
18
8
22
16
11
10
15
27
28
7
3
6
25
20
18
19
15
11
11
2
14
17
10
16
5
18
4
10
8
14
17
7
9
3
21
18
18
10
12
10
7
8
11
15
7
6
4
10
8
10
4
9
10
8
19
24
6
21
10
12
10
8
6
3
20
5
6
5
5
12
10
7
3
9
17
336
21
3
13
24
24
21
20
17
16
28
18
3
16
15
12
20
9
11
12
18
20
1
15
9
12
21
19
12
11
12
5
7
2
4
4
6
12
10
6
10
16
10
18
1
21
3
9
7
2
1
24
1
12
11
6
2
5
17
32
14
3
7
15
14
19
13
11
10
4
6
3
18
1
5
16
13
6
8
16
24
88
289
16
2
11
11
18
18
11
11
3
5
8
10
4
4
15
10
9
14
22
133
74
3
19
25
2
6
163
1
14
5
23
16
5
166
17
1
6
3
12
14
27
11
4
12
137
245
30
4
9
9
2
5
23
1
84
170
15
2
6
7
10
23
1
20
11
2
14
4
23
3
22
9
2
18
6
4
25
9
208
30
2
12
18
7
3
21
8
265
17
16
11
10
3
18
8
2
3
11
28
12
10
4
3
18
9
3
3
7
2
11
17
13
2
6
1
16
23
8
1
2
13
9
5
12
92
11
14
4
21
19
10
11
2
1
11
27
9
4
7
16
18
12
12
9
28
10
3
312
8
22
21
17
15
13
10
7
5
22
8
13
7
10
19
19
13
11
10
17
58
5
11
27
17
18
10
11
7
12
11
8
32
13
10
11
12
8
9
32
6
14
33
18
14
3
3
9
7
18
6
4
4
6
2
4
23
30
10
9
2
14
23
27
30
23
27
21
24
46
56
68
31
25
26
37
11
14
22
49
66
367
13
10
22
11
21
26
17
21
14
17
12
14
49
25
32
18
16
5
29
10
9
14
46
46
64
11
4
27
34
23
21
14
16
11
11
41
25
37
22
16
8
28
6
8
15
47
57
2
19
12
24
14
27
29
24
27
22
26
42
40
41
35
26
20
32
11
13
24
61
58
5
1
25
23
25
16
18
11
10
7
18
14
19
15
10
22
19
4
5
12
20
36
54
365
14
11
13
28
25
25
19
19
15
21
23
31
18
18
21
33
4
12
20
14
79
24
4
32
3
22
11
16
9
8
5
10
26
16
7
8
21
1
6
11
17
59
1
1
14
30
15
19
13
10
8
21
39
26
18
11
20
26
2
8
15
39
8
57
12
13
23
22
25
22
19
15
14
4
34
10
25
16
14
20
25
6
12
19
30
95
327
16
6
14
12
25
22
21
21
16
16
1
34
27
14
18
27
33
7
12
18
34
2
88
116
6
1
8
19
29
16
25
20
24
17
18
1
35
13
32
16
21
17
29
14
14
22
40
7
72
11
4
21
29
15
20
7
18
5
10
27
8
23
12
1
15
10
9
13
24
64
14
7
7
17
23
12
23
9
18
7
40
5
25
1
18
4
25
8
12
18
31
10
69
290
21
2
6
11
18
13
5
14
9
13
5
5
11
7
8
12
3
56
83
225
7
7
14
18
18
16
4
17
1
9
18
11
10
8
16
9
10
12
13
1
77
2
19
24
12
31
16
30
14
23
30
35
15
29
7
23
20
26
15
19
26
39
79
5
3
8
5
18
18
23
8
18
9
7
21
2
10
9
16
11
10
12
16
25
31
75
232
2
4
17
6
24
5
3
10
3
7
12
17
4
4
19
7
6
7
9
14
6
102
304
16
1
34
4
3
5
1
2
3
2
97
4
25
7
12
15
6
15
9
10
7
10
9
8
13
14
95
4
3
19
23
8
20
14
26
9
22
36
22
10
47
5
21
12
20
15
14
22
34
106
143
21
2
14
30
9
5
11
4
4
4
14
6
14
5
5
8
15
12
100
357
12
3
18
11
15
8
10
12
2
6
9
3
7
6
9
7
12
133
17
22
1
13
10
3
5
6
6
31
11
5
8
15
10
9
6
12
10
29
124
2
5
3
27
4
11
7
2
2
4
6
6
10
129
41
1
12
26
10
1
4
4
7
138
370
57
21
8
12
7
4
17
141
7
1
18
25
8
18
6
9
3
23
2
17
22
8
8
7
11
11
173
5
18
5
27
4
21
8
13
7
21
25
29
5
23
4
36
13
9
8
14
26
13
171
9
17
27
16
14
6
24
11
13
11
9
3
7
15
24
147
355
6
7
6
3
23
5
16
7
9
8
6
11
6
5
7
6
145
11
4
7
22
18
11
2
8
7
5
9
177
12
22
14
8
10
11
7
2
6
199
4
20
24
12
4
6
2
5
3
192
309
1
37
16
7
9
5
1
5
225
93
6
7
29
13
4
5
4
11
5
3
223
10
12
9
4
6
19
14
1
10
22
21
19
15
6
13
1
19
205
1
15
1
7
20
20
3
15
3
15
19
15
19
35
14
9
15
233
269
9
12
1
19
11
4
2
5
9
3
6
224
202
8
5
25
8
11
8
2
4
3
13
4
9
29
251
20
16
8
5
3
3
10
2
6
277
21
7
3
9
1
3
252
186
7
1
9
9
16
6
6
12
2
2
12
2
3
12
257
256
6
21
15
3
12
11
2
248
5
3
21
7
6
2
6
10
1
4
245
4
14
6
16
3
9
10
247
99
3
17
15
9
12
221
317
6
6
19
3
7
2
10
2
3
197
1
13
17
8
176
6
1
10
2
21
9
4
9
173
14
4
10
17
24
9
7
174
324
5
1
29
12
5
5
2
10
1
15
155
3
1
12
7
21
28
3
4
10
5
5
116
10
10
23
1
4
66
8
6
15
7
8
7
3
2
69
334
4
23
4
4
3
2
75
3
17
23
5
11
3
33
1
10
19
11
2
3
9
15
19
5
6
5
9
26
12
7
23
9
1
2
3
4
6
3
314
15
15
18
13
7
9
1
14
4
7
8
7
7
106
10
28
28
6
1
3
30
9
16
7
15
2
4
6
6
3
9
24
2
12
5
2
1
262
7
1
24
17
8
13
1
9
3
5
6
200
7
6
7
11
12
9
2
2
18
10
19
13
7
8
41
7
10
18
3
8
2
3
7
1
2
5
7
28
3
2
4
199
11
21
18
2
28
7
1
10
291
12
3
8
15
4
9
2
3
14
21
7
7
1
12
7
7
9
15
11
4
22
4
2
4
6
8
6
14
1
4
17
3
14
6
5
3
25
5
10
9
2
3
129
22
2
1
10
14
5
14
14
4
10
4
2
5
36
343
16
11
22
3
3
6
2
3
2
2
18
2
5
4
8
4
4
8
5
3
14
16
24
14
1
5
1
12
38
25
4
7
17
16
20
1
8
6
4
13
1
12
4
4
9
2
378
29
1
6
9
4
19
10
2
7
5
21
8
11
7
7
4
11
11
19
25
1
1
5
1
5
2
18
3
16
2
12
4
13
1
9
7
7
11
6
7
9
4
11
7
1
2
23
4
15
6
5
3
36
11
23
8
14
4
5
8
10
5
9
18
22
390
15
8
16
25
3
25
7
4
6
7
9
17
64
12
13
14
8
3
22
1
11
5
2
4
40
14
7
13
12
7
14
19
11
2
5
23
16
11
3
3
32
2
9
7
23
4
3
15
15
6
14
7
11
4
5
20
29
2
5
8
7
1
359
21
10
15
25
7
7
11
11
13
8
13
13
13
16
13
7
15
12
27
14
4
9
26
24
153
6
4
5
29
4
17
4
2
5
3
1
19
2
6
5
9
2
21
19
10
5
14
25
11
8
12
2
6
21
7
2
7
6
9
3
10
9
3
10
12
17
6
4
14
18
14
8
15
6
11
21
8
37
12
8
12
19
14
10
4
11
10
310
20
14
14
28
14
14
21
11
18
8
12
11
19
9
9
15
1
18
16
7
14
25
36
251
15
5
4
25
15
16
16
4
11
3
3
7
3
8
2
19
11
3
8
20
13
3
9
24
3
11
14
6
10
7
3
1
5
13
19
23
9
5
13
25
7
9
13
6
16
16
14
21
11
16
21
19
9
12
21
11
31
15
11
19
31
6
231
9
30
21
4
2
5
5
11
313
1
7
17
9
27
6
6
5
31
5
15
8
1
6
17
7
16
6
14
15
11
12
16
9
12
9
10
16
15
16
18
30
13
8
14
35
7
12
7
21
2
15
2
7
10
6
6
13
10
11
8
13
7
33
14
9
5
11
28
133
12
1
5
28
3
11
10
6
8
14
19
26
18
13
8
22
14
6
5
11
23
1
350
6
7
4
9
18
9
11
12
8
10
2
5
16
7
12
10
19
25
9
7
12
22
17
3
11
1
29
2
6
3
1
5
4
2
8
3
2
13
1
26
7
2
1
5
