12
4
53
48
41
16
5
59
3
42
17
6
59
2
44
16
5
54
45
15
5
56
48
44
19
5
63
4
27
46
21
7
64
5
49
19
7
62
1
2
2
50
19
7
64
1
3
32
52
22
9
70
6
2
18
50
24
9
72
1
7
1
1
48
25
8
70
4
2
5
1
52
22
7
60
12
28
10
51
21
8
63
27
26
28
51
23
9
67
2
20
22
49
22
9
67
1
2
14
50
21
8
63
19
13
21
51
21
8
65
8
20
76
47
24
9
72
1
9
21
42
44
23
9
72
1
1
9
16
2
48
18
9
66
3
9
14
17
48
18
9
66
3
11
16
56
45
20
9
73
2
1
8
41
45
18
10
72
3
1
8
1
46
16
9
68
5
11
7
4
46
15
9
68
7
10
6
50
45
14
10
71
4
1
6
10
48
44
15
10
73
4
3
6
11
46
12
9
68
6
23
8
47
11
8
66
7
7
11
26
47
11
8
70
3
3
28
47
14
9
72
1
2
6
47
13
8
68
1
49
11
7
65
2
16
14
19
50
13
9
69
1
27
31
56
50
15
10
72
1
10
27
4
48
16
8
70
14
48
17
6
69
1
14
2
51
17
5
70
1
13
31
49
21
5
74
4
13
4
50
21
6
72
3
25
52
19
6
68
25
16
51
19
6
70
2
32
50
51
23
7
76
5
13
18
54
26
6
76
5
16
2
57
25
8
71
3
23
3
2
56
25
9
74
2
3
14
14
29
52
30
9
81
3
2
6
2
38
2
25
1
55
32
10
81
3
1
2
7
2
36
1
6
4
56
31
10
77
6
1
8
2
4
5
27
6
26
6
3
58
27
11
76
8
1
1
2
3
4
2
7
3
4
15
5
80
4
59
29
12
81
5
3
1
3
5
6
2
7
7
76
4
1
58
32
12
83
3
6
6
6
8
8
3
11
2
30
8
8
5
61
30
12
79
6
2
6
9
2
5
17
3
29
9
4
61
28
11
76
6
7
7
3
9
2
44
46
4
60
28
11
80
3
3
1
6
5
5
5
1
41
54
2
59
30
12
82
1
7
3
3
2
2
7
7
2
26
9
4
59
28
12
79
3
4
3
5
1
5
4
1
37
6
1
61
26
11
75
4
4
2
3
17
39
3
60
28
10
77
1
5
6
8
53
57
31
11
81
3
3
8
7
2
2
59
27
11
77
5
2
3
62
25
11
72
2
4
25
6
61
25
10
74
3
19
34
57
29
7
81
17
8
18
8
3
1
56
32
5
82
15
3
1
9
3
29
3
58
26
6
73
4
27
60
24
7
72
3
18
34
58
25
7
77
6
3
9
54
27
6
79
7
56
25
5
72
3
57
22
5
71
2
10
23
54
23
5
76
5
9
13
55
20
6
75
5
57
20
5
71
3
13
57
20
4
70
2
26
57
20
5
74
5
3
18
55
23
6
77
7
13
58
21
6
72
5
15
2
57
23
3
72
5
29
16
57
23
4
76
7
60
32
57
25
6
81
9
91
59
25
6
77
6
105
4
62
22
7
74
4
90
8
1
61
23
8
78
6
79
12
24
58
27
9
83
9
36
9
61
26
10
81
7
11
4
64
25
9
76
4
15
2
65
26
11
80
11
6
8
25
64
29
10
87
10
1
1
9
5
1
62
31
7
87
8
1
2
10
1
6
3
62
29
8
82
3
4
1
4
7
3
5
5
3
62
30
9
84
1
6
6
7
8
28
1
62
31
9
88
3
10
5
61
29
11
86
8
3
65
26
11
81
3
4
1
4
65
26
10
80
1
1
4
3
1
5
62
27
11
86
2
6
4
62
26
12
86
6
17
2
64
24
11
81
1
3
23
2
64
22
11
79
3
19
8
63
24
11
84
5
11
4
63
25
12
86
6
16
64
23
11
82
4
18
66
23
10
80
3
13
64
25
10
85
6
2
7
60
27
11
89
7
62
23
12
85
4
4
63
21
10
83
3
8
3
16
60
22
7
87
2
1
5
1
5
39
59
23
9
91
2
7
4
24
58
23
9
89
3
3
6
1
5
62
19
9
83
5
2
3
36
3
61
19
11
85
4
1
3
23
11
39
57
22
12
90
2
6
5
33
8
6
58
23
12
88
4
6
2
22
10
58
21
10
84
6
4
10
25
60
20
10
85
6
4
38
20
14
57
23
7
91
4
1
8
6
13
12
56
24
9
91
5
1
7
6
8
58
20
9
84
6
1
3
14
3
59
21
8
84
6
3
23
1
40
58
21
11
87
4
5
2
11
48
57
20
11
86
3
6
2
26
3
59
18
11
81
6
2
16
4
59
16
11
80
5
1
11
4
40
59
17
12
83
2
3
24
34
60
18
12
85
1
4
24
62
17
12
80
3
2
21
63
16
12
79
5
1
1
51
62
18
13
83
2
3
4
59
63
19
14
84
1
5
20
11
65
19
14
81
3
3
32
1
68
19
14
78
5
2
29
25
70
20
14
81
4
5
42
37
68
23
16
86
3
7
35
3
68
23
16
84
6
6
45
5
72
22
17
81
7
4
55
4
70
22
17
84
6
5
46
22
3
67
26
16
90
5
2
10
2
40
5
2
68
28
14
92
7
4
12
2
1
4
2
10
3
47
1
11
6
70
25
12
88
10
5
1
5
2
3
4
3
7
3
50
19
8
4
69
26
13
91
9
7
1
3
2
2
1
8
1
3
62
15
22
2
68
28
15
97
7
9
1
2
4
1
7
10
10
7
64
4
3
67
29
14
97
7
9
1
8
6
1
1
10
10
6
45
4
3
67
27
13
92
9
10
4
1
6
5
2
8
1
40
3
68
23
12
91
6
7
1
7
41
40
67
24
13
95
1
5
9
2
30
28
64
27
14
98
7
1
1
10
2
20
2
63
25
12
93
2
6
3
7
16
4
65
24
10
92
1
5
7
14
64
25
10
95
1
10
10
62
25
10
96
11
1
63
25
10
92
1
8
2
5
65
23
9
88
7
8
5
12
65
21
9
92
8
11
34
65
24
9
93
10
6
64
22
9
88
9
2
62
21
7
84
6
1
3
63
19
7
85
7
25
62
19
8
88
8
61
19
8
85
7
64
16
8
80
5
65
15
9
80
5
11
43
66
15
12
83
6
11
10
65
14
13
81
5
6
64
14
12
78
3
2
66
13
12
79
3
3
7
67
15
12
82
6
8
65
16
9
85
7
14
66
14
11
80
3
4
6
67
12
10
79
2
3
10
21
65
14
12
85
1
6
10
65
16
13
88
1
6
1
66
16
12
85
5
5
14
69
14
13
84
7
1
4
16
12
69
18
14
90
6
3
8
4
14
14
69
21
17
94
8
5
9
8
23
2
69
18
18
91
13
8
7
6
27
4
69
17
18
90
17
12
1
6
4
2
5
7
36
14
2
72
19
17
94
15
12
2
3
2
7
12
20
31
70
21
19
97
14
12
1
1
9
15
13
4
71
19
19
93
17
13
3
4
5
2
7
12
35
8
1
71
19
18
91
18
14
2
5
5
7
6
5
9
39
7
5
71
20
19
94
14
11
3
1
7
10
54
31
1
73
19
20
94
9
7
5
4
2
9
11
51
5
71
20
18
92
9
6
8
6
9
7
3
30
10
7
67
25
12
90
8
5
6
5
3
8
2
38
5
9
5
69
25
11
90
2
3
10
36
32
3
69
25
12
91
12
35
3
4
69
24
11
87
11
35
5
6
1
72
21
12
81
7
30
5
1
71
22
12
81
8
34
24
70
22
11
86
10
33
71
21
13
85
10
21
4
72
17
14
78
5
23
5
2
71
17
15
81
3
5
27
14
50
69
19
17
88
2
7
37
5
46
69
22
18
91
3
8
21
3
4
72
17
18
87
7
4
8
11
8
70
16
17
86
8
3
20
4
58
68
21
17
93
5
8
2
31
60
68
21
17
94
4
8
4
44
12
68
19
16
91
7
2
5
1
38
15
5
1
71
22
12
81
8
34
24
70
22
11
86
10
33
71
21
13
85
10
21
4
72
17
14
78
5
23
5
2
71
17
15
81
3
5
27
14
50
69
19
17
88
2
7
37
5
46
69
22
18
91
3
8
21
3
4
72
17
18
87
7
4
8
11
8
70
16
17
86
8
3
20
4
58
68
21
17
93
5
8
2
31
60
68
21
17
94
4
8
4
44
12
68
19
16
91
7
2
5
1
38
15
3
69
20
11
89
4
2
7
14
1
1
70
19
12
88
2
7
41
70
22
12
93
11
2
25
1
70
25
10
94
13
1
20
5
1
72
23
9
88
10
33
9
5
1
72
24
10
87
10
22
3
54
2
68
26
9
93
14
22
4
36
68
28
9
94
14
18
4
71
23
9
86
10
20
5
72
21
9
85
9
21
10
3
71
24
9
89
12
14
10
3
72
23
10
89
13
14
3
69
20
11
89
4
2
7
14
1
1
70
19
12
88
2
7
41
70
22
12
93
11
2
25
1
70
25
10
94
13
1
20
5
1
72
23
9
88
10
33
9
5
1
72
24
10
87
10
22
3
54
2
68
26
9
93
14
22
4
36
68
28
9
94
14
18
4
71
23
9
86
10
20
5
72
21
9
85
9
21
10
3
71
24
9
89
12
14
10
3
72
23
10
89
13
14
11
3
78
19
16
84
8
6
73
15
6
81
17
16
79
1
5
9
101
12
3
81
16
16
79
5
3
104
22
5
81
16
18
83
7
91
12
7
78
18
18
83
8
77
12
5
74
19
16
82
2
6
4
36
11
4
76
19
14
82
1
2
6
1
42
9
3
77
22
15
86
10
2
19
6
2
74
24
16
89
12
1
9
5
76
22
16
84
1
8
14
9
78
26
13
86
4
10
4
12
9
6
74
30
11
93
1
14
1
1
1
25
7
5
74
32
12
96
1
16
3
3
12
10
75
32
11
92
3
15
2
15
12
74
33
10
92
4
14
15
9
10
9
72
36
10
98
6
4
17
2
4
9
3
18
6
7
70
38
10
102
8
2
19
7
8
27
10
9
72
36
12
97
8
17
2
4
40
2
13
12
74
36
12
95
2
9
1
14
2
38
9
10
10
10
71
39
10
101
2
11
1
1
18
4
8
22
45
6
7
69
41
10
105
1
12
1
21
10
13
34
7
9
70
38
12
103
3
14
5
18
6
10
44
11
12
73
38
11
99
5
15
6
4
3
16
1
7
37
15
11
11
74
39
12
102
3
13
3
2
1
17
3
8
28
6
38
6
6
73
39
12
104
2
12
3
19
8
13
37
2
9
10
72
41
13
103
5
14
5
20
6
13
45
13
14
73
39
14
99
8
15
8
2
1
16
1
8
32
10
10
75
37
15
99
6
14
7
15
1
8
33
33
6
7
74
39
16
103
3
12
2
18
6
12
22
17
8
11
72
42
14
104
5
14
1
5
20
7
13
29
15
14
73
40
11
100
8
16
1
8
3
3
18
2
9
3
52
14
12
75
37
13
97
7
12
3
16
7
3
52
41
8
9
75
39
14
101
5
12
2
18
5
11
55
35
7
8
74
39
15
103
4
12
2
18
6
12
44
12
13
76
37
14
97
5
10
1
5
16
6
48
1
13
13
76
34
14
94
7
10
2
1
13
4
2
48
66
7
6
75
33
14
98
5
10
1
15
3
9
48
74
5
6
75
34
16
97
2
5
16
3
8
57
16
9
9
76
31
16
93
5
6
13
4
52
6
10
9
76
30
14
91
7
8
11
3
50
57
5
5
75
31
15
95
5
7
13
7
60
59
3
3
75
30
17
96
4
6
1
15
4
9
69
4
7
5
76
28
17
91
7
6
12
5
55
5
8
6
78
25
17
86
8
4
9
42
17
17
6
4
79
25
18
88
5
3
10
2
41
15
52
3
1
78
27
19
91
3
2
13
5
51
5
9
6
5
76
27
19
88
5
11
1
63
3
10
9
77
26
16
84
7
1
2
9
1
59
11
29
8
5
77
24
15
84
4
9
59
10
58
3
2
76
24
18
89
2
12
63
15
3
5
3
78
25
18
88
2
12
57
18
9
7
78
25
17
84
5
9
68
14
7
5
76
23
16
83
3
9
63
15
40
4
76
25
16
88
12
62
11
40
3
2
75
27
17
90
13
60
3
6
5
76
26
16
85
1
10
48
6
3
8
6
76
28
14
87
11
49
18
46
5
4
72
32
13
94
16
2
52
19
27
6
6
73
35
13
95
17
2
37
5
10
11
74
34
13
91
15
42
8
5
77
24
15
84
4
9
59
10
58
3
2
76
24
18
89
2
12
63
15
3
5
3
78
25
18
88
2
12
57
18
9
7
78
25
17
84
5
9
68
14
7
5
76
23
16
83
3
9
63
15
40
4
76
25
16
88
12
62
11
40
3
2
75
27
17
90
13
60
3
6
5
76
26
16
85
1
10
48
6
3
8
6
76
28
14
87
11
49
18
46
5
4
72
32
13
94
16
2
52
19
27
6
6
73
35
13
95
17
2
37
5
10
11
74
34
13
91
15
42
10
10
73
34
10
92
1
2
14
50
5
7
8
72
36
11
96
2
17
3
2
41
4
6
8
71
39
12
100
2
19
6
3
45
10
12
74
38
10
95
2
17
1
30
12
14
74
39
10
94
5
17
43
10
11
74
41
11
98
5
19
4
2
52
7
12
71
43
11
103
6
21
8
6
37
10
15
72
43
12
101
9
19
4
4
23
14
16
76
42
11
97
8
17
9
11
10
72
43
10
101
10
19
5
5
30
4
31
9
13
68
48
12
108
11
1
23
12
11
38
11
19
71
48
12
106
1
13
3
21
9
9
28
16
18
73
47
12
103
4
15
3
3
18
4
6
19
6
14
19
73
48
13
106
4
16
2
2
19
7
10
16
12
9
15
72
50
15
112
5
18
1
3
2
3
22
11
16
19
14
17
76
50
16
109
6
17
14
3
20
8
13
2
16
19
20
80
47
17
104
9
17
1
9
6
4
17
2
7
8
29
19
20
80
47
18
106
9
18
4
9
7
5
18
3
9
1
6
28
2
14
15
81
46
19
109
7
16
1
3
3
1
3
19
6
13
7
23
16
15
81
45
21
109
10
18
4
6
3
7
7
1
5
1
9
19
5
14
11
39
22
20
84
43
21
104
14
18
5
8
8
11
1
10
6
7
3
3
16
8
4
14
41
21
19
85
40
22
102
15
19
6
12
6
3
9
7
10
6
8
15
9
8
14
54
22
17
16
83
42
23
106
12
18
8
11
7
7
5
7
8
12
17
3
14
6
11
45
7
16
14
84
41
25
106
11
18
8
10
3
5
1
6
4
5
9
11
17
3
13
3
12
47
1
82
16
22
77
4
6
3
34
6
85
14
22
70
6
2
2
8
31
11
3
84
15
23
71
6
3
27
7
62
1
80
18
23
75
3
8
22
12
22
1
82
17
23
73
4
6
1
25
5
5
83
15
23
68
6
4
1
29
11
2
4
82
16
22
69
5
5
29
19
59
81
18
22
73
2
7
35
5
55
81
19
22
73
1
7
43
3
82
18
23
70
6
4
43
6
4
83
18
22
70
5
5
1
30
56
80
20
21
77
3
7
20
36
80
22
23
79
3
8
31
3
83
20
23
74
5
5
2
33
6
82
20
21
75
6
1
4
4
32
22
1
82
22
22
80
4
7
2
35
32
80
24
23
85
3
10
40
2
80
24
23
83
7
7
49
2
83
23
23
81
9
5
37
27
84
26
25
87
7
8
30
11
52
82
29
27
91
6
10
10
2
2
19
23
7
4
79
33
24
93
9
5
10
1
3
2
35
15
10
4
82
34
21
92
12
7
5
1
3
10
1
7
46
8
27
7
3
82
37
22
96
9
7
4
12
1
3
6
47
9
61
3
79
40
23
103
8
9
15
7
8
3
59
4
18
5
78
39
23
101
11
11
14
5
8
53
9
5
79
40
21
99
14
13
1
3
1
13
1
5
1
47
1
5
10
10
80
43
20
101
14
13
3
5
1
15
4
8
4
36
11
48
6
5
77
47
21
108
12
15
1
1
1
19
11
14
42
9
11
7
8
77
49
21
108
12
16
3
2
19
9
12
44
8
12
12
79
47
20
104
15
16
2
1
4
2
17
3
8
3
44
11
13
13
10
78
47
19
106
16
18
1
5
5
4
6
5
18
5
10
6
48
18
68
9
9
79
52
21
111
13
17
2
3
5
4
5
4
2
21
9
14
7
46
15
62
9
10
78
53
21
111
15
19
5
8
5
9
7
8
4
7
22
8
15
1
2
56
12
19
13
13
82
52
21
105
17
18
5
11
4
10
3
11
10
10
3
1
18
1
9
9
45
23
25
13
11
85
48
22
102
17
16
4
9
6
8
5
9
12
8
9
17
7
12
57
28
68
3
79
40
23
103
8
9
15
7
8
3
59
4
18
5
78
39
23
101
11
11
14
5
8
53
9
5
79
40
21
99
14
13
1
3
1
13
1
5
1
47
1
5
10
10
80
43
20
101
14
13
3
5
1
15
4
8
4
36
11
48
6
5
77
47
21
108
12
15
1
1
1
19
11
14
42
9
11
7
8
77
49
21
108
12
16
3
2
19
9
12
44
8
12
12
79
47
20
104
15
16
2
1
4
2
17
3
8
3
44
11
13
13
10
78
47
19
106
16
18
1
5
5
4
6
5
18
5
10
6
48
18
68
9
9
79
52
21
111
13
17
2
3
5
4
5
4
2
21
9
14
7
46
15
62
9
10
78
53
21
111
15
19
5
8
5
9
7
8
4
7
22
8
15
1
2
56
12
19
13
13
82
52
21
105
17
18
5
11
4
10
3
11
10
10
3
1
18
1
9
9
45
23
25
13
11
85
48
22
102
17
16
4
9
6
8
5
9
12
8
9
17
7
12
57
28
68
8
8
82
49
23
107
16
17
6
9
6
1
4
10
11
9
12
12
19
5
13
5
69
21
66
7
7
83
49
24
106
14
15
5
7
8
2
3
7
8
6
9
9
19
5
12
10
63
10
5
12
11
86
47
22
98
13
13
5
9
3
3
8
4
6
1
16
5
11
54
6
11
12
84
46
21
97
15
13
1
6
1
7
2
11
7
8
1
5
15
5
1
2
47
8
37
5
6
84
46
22
99
11
12
3
2
7
1
2
5
16
1
8
1
49
11
53
2
4
84
47
22
100
8
10
5
8
18
3
9
47
8
9
5
7
82
43
23
93
10
7
4
4
14
3
44
15
6
7
86
39
22
88
10
5
2
