32
257
37
155
55
46
43
32
34
60
35
31
32
32
41
12
43
42
38
50
35
28
16
43
28
29
258
25
154
46
37
33
18
20
7
16
13
22
13
23
7
23
36
28
40
15
35
29
16
4
5
241
9
138
32
24
19
7
9
3
7
1
13
12
21
14
27
3
5
4
21
32
234
34
129
53
28
40
18
30
31
32
19
41
8
39
11
42
35
29
42
27
23
24
7
40
30
39
240
28
122
44
13
31
9
20
18
20
8
26
28
10
33
33
23
33
18
36
42
24
27
44
236
28
116
41
30
9
21
24
30
7
25
29
5
38
30
19
29
31
26
37
2
33
32
38
271
26
125
39
1
22
7
23
25
12
3
30
35
18
25
20
16
15
25
10
35
225
19
106
37
22
5
8
17
18
17
3
26
15
4
14
14
11
20
30
54
223
31
108
43
25
15
25
34
8
36
27
3
43
24
10
20
23
39
24
7
36
7
25
224
11
119
27
10
2
9
12
7
21
13
9
2
16
21
194
11
97
30
14
5
14
6
1
11
9
19
4
7
15
11
10
235
85
9
2
3
15
23
195
104
14
3
2
4
4
9
2
6
4
3
43
40
217
3
111
18
3
9
17
13
26
9
27
8
14
11
10
21
9
13
5
72
11
15
10
20
11
242
115
2
1
14
8
7
16
4
3
1
3
5
42
12
177
93
5
1
6
186
81
1
7
14
206
103
5
8
21
15
15
6
1
8
5
1
15
221
109
5
15
10
7
9
3
8
5
3
10
216
115
3
8
11
20
4
16
27
231
129
13
24
6
21
9
19
10
24
7
7
2
19
15
41
46
259
3
126
21
16
14
19
18
8
5
20
2
20
16
9
24
12
25
39
12
4
5
23
193
102
18
8
4
8
8
21
198
98
6
7
4
5
9
10
24
35
247
5
132
24
21
11
3
2
1
9
12
3
2
25
15
27
25
12
28
38
254
4
153
17
34
2
11
14
14
23
6
5
29
21
32
29
10
14
15
235
115
9
10
15
1
21
17
188
83
8
3
58
9
27
43
251
17
141
31
36
18
12
8
8
7
5
3
16
13
36
26
38
3
4
28
11
21
44
244
9
131
25
12
13
5
33
9
9
5
3
26
16
27
21
6
22
34
206
110
14
2
4
7
1
13
43
1
11
221
112
9
4
7
10
50
52
269
28
144
45
28
26
15
6
11
16
15
13
6
46
34
41
16
38
23
10
46
60
263
32
141
43
29
24
18
7
28
18
23
19
11
9
48
36
41
7
37
16
3
12
2
23
190
93
12
5
4
3
36
48
235
28
121
39
9
17
7
13
5
37
25
29
7
37
18
7
68
83
301
66
165
74
43
53
25
28
14
53
21
19
21
28
13
33
80
62
63
36
57
41
8
44
42
67
260
50
150
59
31
38
15
12
19
46
13
23
13
2
2
28
56
43
48
27
38
11
35
5
32
203
18
99
30
8
15
12
1
5
16
8
17
3
8
9
10
29
47
243
29
124
43
14
25
6
1
21
6
3
14
36
25
34
15
23
17
17
23
39
249
20
126
34
13
18
1
16
1
2
15
31
20
30
4
11
14
19
18
26
229
14
123
32
11
3
4
7
9
20
10
22
15
15
7
22
37
219
18
135
28
19
13
2
16
10
2
5
3
15
24
17
29
17
31
1
7
32
43
254
22
112
30
2
11
20
7
12
34
17
23
15
29
2
18
35
39
245
30
130
44
9
17
23
2
10
20
37
21
26
18
43
10
21
34
37
223
19
115
27
6
13
1
10
25
10
16
13
63
7
11
11
24
222
7
100
12
17
12
6
4
1
7
219
103
8
7
4
7
4
4
12
15
257
2
117
19
4
22
7
16
15
18
29
212
17
122
35
7
22
5
12
39
9
9
1
13
2
9
22
17
30
9
17
10
1
12
53
59
264
41
152
54
37
40
31
35
40
37
29
35
18
29
10
37
54
47
60
33
60
32
24
36
46
52
306
42
171
58
53
45
32
34
19
31
20
35
21
28
13
32
65
57
69
26
27
18
10
29
37
41
236
34
154
54
49
41
19
26
36
23
19
21
14
25
15
26
44
45
62
21
51
28
13
25
26
35
245
23
131
38
17
27
1
10
25
14
13
1
14
13
36
31
47
5
25
11
16
18
28
251
25
136
42
19
27
5
11
11
7
10
1
5
8
37
33
47
1
14
5
5
28
26
247
27
138
47
28
31
7
15
9
16
16
5
14
39
36
51
3
32
9
5
38
35
269
26
147
46
31
32
8
13
14
12
9
9
15
46
38
52
13
37
6
16
30
29
252
29
139
52
29
34
4
12
15
10
17
21
4
6
16
43
37
52
13
31
11
15
18
22
241
31
155
52
37
42
13
21
41
12
20
16
8
17
19
41
41
59
13
23
10
9
12
29
38
251
40
155
59
48
50
25
33
32
27
27
29
20
26
7
30
52
52
69
28
35
15
10
24
34
23
262
30
129
55
29
42
20
23
14
6
25
16
14
16
3
18
50
46
59
10
29
5
12
18
23
258
29
158
55
40
42
16
16
23
3
15
7
15
12
8
7
49
49
63
2
24
5
6
6
10
10
267
26
144
44
31
30
10
8
9
2
14
11
9
7
3
4
45
42
54
10
12
4
228
8
122
28
12
14
1
1
21
22
35
1
10
5
5
201
3
115
28
14
14
2
7
2
13
15
29
49
211
97
6
7
1
218
6
115
24
10
38
13
2
5
12
13
7
19
5
9
7
26
21
279
23
140
36
21
17
10
5
15
13
20
17
10
3
30
41
25
33
21
35
9
22
213
107
7
1
8
1
3
12
169
92
23
2
4
224
102
2
201
94
6
6
8
3
5
23
226
121
4
9
18
14
13
5
1
2
4
6
2
23
229
124
12
10
6
25
20
10
20
13
2
9
1
14
37
196
71
1
14
181
93
7
5
203
109
8
4
25
9
7
14
17
16
224
122
6
16
19
8
12
6
1
20
11
217
123
12
22
10
19
14
15
6
18
4
8
5
25
7
225
96
8
2
10
3
9
6
11
216
125
14
16
13
14
12
6
10
6
5
4
23
19
202
100
2
1
5
245
119
5
3
1
11
13
8
5
43
34
278
22
151
38
39
25
10
3
13
16
9
16
3
1
14
45
34
48
17
59
10
15
22
36
247
25
145
43
38
27
15
3
46
18
22
15
24
4
21
38
34
51
18
16
11
18
2
5
194
110
18
10
4
26
10
3
7
6
25
27
14
1
238
115
7
12
7
16
214
7
123
22
16
8
3
36
15
16
2
7
15
16
34
3
12
25
2
5
29
28
243
18
128
35
24
19
11
3
7
18
2
12
9
11
30
27
44
38
11
6
4
16
232
7
118
25
8
10
18
15
31
21
38
211
32
129
54
29
41
16
14
32
21
15
23
17
12
19
29
31
50
9
37
8
23
29
39
259
31
147
50
40
34
20
18
18
1
18
19
14
19
41
34
50
4
10
10
14
22
227
14
113
33
4
21
9
16
5
1
2
17
10
18
13
29
1
22
219
18
117
43
10
29
18
22
11
12
19
11
16
22
20
16
32
4
1
16
2
11
210
6
109
28
11
13
11
8
8
10
9
11
7
22
1
17
229
7
123
27
16
22
16
18
8
7
10
21
20
19
14
28
5
8
29
236
8
121
26
9
12
10
9
3
2
6
8
3
10
17
8
21
5
4
26
41
240
12
130
27
8
13
4
7
4
21
9
20
18
3
22
36
229
21
128
37
15
23
7
12
17
13
12
5
7
14
6
18
26
17
29
8
26
16
54
61
238
42
117
48
15
27
18
19
23
32
20
31
21
18
16
32
41
28
37
27
82
16
15
30
70
64
294
39
154
45
27
28
12
13
29
12
12
9
17
22
56
36
41
25
74
16
25
37
50
255
23
127
28
11
9
3
11
15
3
4
9
37
18
23
8
3
10
25
46
218
20
119
28
12
9
1
22
11
4
1
5
3
1
17
28
17
22
10
25
12
3
19
220
9
108
21
2
6
4
21
8
12
16
20
32
214
11
112
18
1
25
5
4
3
23
10
13
16
72
40
49
249
22
132
31
13
17
10
4
9
5
9
11
40
26
30
7
39
145
8
23
32
220
9
101
18
16
1
5
19
6
11
19
205
17
32
211
9
107
22
5
5
4
1
14
5
14
27
276
20
26
229
12
113
26
17
6
19
24
19
8
19
25
284
6
15
222
1
106
14
2
3
11
4
6
9
175
12
190
84
10
1
10
5
6
202
103
13
7
8
15
4
14
9
10
15
17
227
7
116
27
7
17
19
21
12
10
13
10
1
12
13
4
23
5
1
1
16
185
86
12
3
8
3
11
4
8
6
24
39
236
10
137
30
23
19
17
12
4
2
6
12
3
12
21
13
32
10
18
8
25
35
242
20
125
40
15
25
10
10
10
10
14
6
4
2
21
25
18
35
23
15
19
2
11
217
6
95
24
1
10
1
4
5
1
20
10
3
6
4
16
192
7
107
23
3
7
3
16
8
3
5
8
19
16
22
18
226
9
113
21
5
10
2
11
8
16
3
41
2
37
17
282
15
128
26
6
6
7
26
7
20
32
2
17
217
12
101
25
10
32
4
9
1
5
13
8
15
5
6
10
6
172
5
94
20
7
36
5
4
5
1
1
10
18
14
8
5
7
14
10
17
218
13
111
23
3
4
10
7
12
1
23
12
4
20
9
9
14
15
8
32
209
14
105
30
13
10
16
13
3
8
12
19
12
6
23
16
7
25
19
7
21
214
10
115
28
8
16
3
14
7
3
10
3
14
18
13
10
28
15
5
30
17
7
17
213
7
105
24
2
15
7
18
8
6
10
5
2
16
18
9
7
27
16
30
14
7
11
210
104
17
11
6
14
1
2
6
9
2
3
2
23
2
19
3
1
1
8
216
106
16
1
13
10
20
6
18
4
3
24
12
3
214
106
12
2
7
7
14
1
1
21
13
215
116
16
13
12
19
20
10
8
18
2
6
7
28
12
9
3
10
243
4
121
27
15
24
28
29
7
18
19
5
18
15
36
1
19
2
224
114
13
5
1
4
9
2
17
5
11
1
201
1
108
26
6
19
11
14
4
10
13
3
3
4
26
3
13
23
3
15
229
9
119
35
12
27
19
18
1
9
8
13
16
6
7
12
11
31
27
5
13
15
204
10
112
31
9
20
18
16
36
7
30
11
17
15
14
11
6
6
27
10
19
36
17
9
13
6
239
5
124
25
10
9
8
1
7
6
6
12
4
19
4
7
9
9
9
224
8
118
24
3
9
4
6
4
5
1
8
12
7
13
3
193
100
12
3
9
9
5
2
1
5
34
3
7
223
116
7
3
28
3
200
74
1
3
15
23
13
247
111
1
7
28
19
1
12
226
1
119
18
7
4
5
27
17
14
7
10
2
16
22
2
7
182
96
11
7
44
14
11
3
11
34
7
6
228
111
10
6
5
1
9
2
19
8
23
5
196
99
15
2
28
7
2
1
16
40
25
26
236
24
132
41
17
28
12
15
19
2
18
5
17
9
7
13
31
27
43
36
49
7
5
14
21
236
21
126
30
19
16
9
10
9
2
5
12
10
14
30
23
41
13
32
5
12
18
228
21
121
28
5
16
7
12
2
9
1
27
19
35
18
37
1
25
26
255
27
134
39
21
25
6
9
5
8
5
5
6
1
5
39
28
41
1
18
39
5
13
12
227
9
118
18
1
2
17
13
1
19
9
20
14
38
39
36
257
30
147
40
29
25
11
9
29
9
26
9
16
7
10
43
32
43
2
43
51
12
9
24
25
263
21
130
30
16
14
5
2
3
3
10
10
10
36
21
30
11
60
3
11
7
218
112
10
9
3
8
6
17
41
19
16
230
132
13
10
4
2
14
2
12
17
44
203
99
3
4
49
4
2
223
102
1
1
1
4
6
2
58
11
14
242
2
133
13
20
8
7
12
2
22
11
23
4
57
20
25
220
3
122
15
7
7
22
21
12
10
15
7
18
34
75
7
8
16
206
115
5
5
2
8
10
60
4
198
86
47
16
22
220
4
113
12
7
12
2
5
2
10
12
13
5
19
13
26
81
12
12
19
213
110
14
3
2
6
13
33
80
11
232
111
8
1
3
3
7
14
71
4
14
217
126
14
16
2
7
4
13
10
1
5
8
3
20
1
71
25
18
215
112
11
1
2
6
12
29
88
18
28
233
7
114
21
5
3
30
1
16
7
2
12
16
4
18
4
5
91
9
34
31
266
13
132
30
18
17
11
8
11
8
14
7
10
13
31
19
33
3
25
92
4
17
18
244
2
122
19
4
7
1
18
9
23
85
11
175
96
11
25
1
7
23
66
24
36
233
10
122
34
10
22
5
2
7
11
2
6
5
2
11
20
13
28
7
24
92
4
18
17
228
8
112
33
5
17
1
1
5
2
7
14
7
22
22
73
4
7
9
225
115
14
9
3
6
5
11
11
72
2
195
101
8
8
6
79
185
74
51
204
88
46
7
3
218
106
16
2
3
7
1
6
5
10
5
9
4
72
5
4
214
101
9
8
2
8
3
7
7
75
184
93
2
65
8
12
198
113
21
4
10
18
12
5
11
17
11
10
18
7
1
11
83
7
13
12
212
100
5
13
6
9
10
16
4
2
10
16
61
5
4
9
2
197
95
30
34
19
20
212
94
14
5
3
5
3
15
59
2
194
84
27
34
202
93
42
3
18
208
101
2
36
15
25
236
5
123
17
2
4
9
2
14
12
14
10
4
7
24
9
25
28
227
9
111
26
5
7
1
7
8
2
6
16
18
6
17
13
21
55
14
26
31
219
12
121
25
11
7
2
22
11
13
2
1
1
4
16
19
9
21
20
22
40
18
46
50
285
32
152
39
34
26
16
21
29
23
20
12
20
11
29
50
34
43
28
37
52
6
31
27
43
209
27
121
38
15
19
10
48
22
13
11
9
16
18
28
19
32
19
20
38
12
23
50
51
247
41
142
51
25
30
12
31
32
14
22
19
10
20
48
34
44
16
40
30
1
27
44
48
255
38
135
49
14
29
9
16
27
14
20
19
2
18
47
32
40
12
34
29
4
22
44
50
249
44
142
57
26
40
17
38
29
17
25
29
12
26
50
37
49
23
39
12
13
23
45
50
270
41
145
58
25
36
12
16
32
15
26
18
9
26
55
40
50
26
28
2
7
25
50
58
276
39
150
52
25
33
14
17
30
12
29
19
1
31
59
43
51
30
29
23
35
47
54
250
37
158
50
30
34
10
28
30
19
23
16
6
23
48
37
49
25
50
15
4
29
26
47
217
15
113
30
2
12
9
15
7
6
5
19
10
25
5
22
7
51
55
256
22
124
34
15
19
1
22
23
14
12
4
3
1
17
36
20
34
21
49
11
7
20
49
36
262
22
139
37
12
21
1
14
12
4
1
5
2
10
39
22
33
11
64
4
12
8
23
208
11
102
27
14
2
2
4
6
15
4
19
3
14
4
7
22
226
9
115
25
8
34
7
1
2
4
17
4
18
2
6
3
28
28
250
15
125
29
4
10
1
1
15
3
12
6
28
11
23
18
2
15
187
2
106
19
3
5
8
1
23
9
19
1
7
10
4
16
1
3
210
103
5
1
5
189
88
3
4
1
1
193
85
3
7
2
7
1
205
92
6
6
177
86
10
2
5
3
10
4
2
176
85
12
3
14
4
195
95
16
4
2
21
2
4
219
102
2
4
184
92
7
173
99
3
5
7
7
192
80
6
11
191
91
12
1
6
7
11
10
12
2
6
7
2
14
13
225
117
15
4
6
4
5
6
1
10
15
8
3
14
9
258
120
15
4
9
5
2
19
1
19
8
194
104
8
7
4
9
10
177
90
11
16
1
7
2
22
19
255
3
126
21
7
6
5
2
3
1
23
7
22
3
3
2
209
103
2
15
15
197
1
105
16
3
5
4
7
15
48
3
24
31
228
3
120
19
1
1
4
3
16
13
2
19
3
19
37
213
5
104
24
48
5
14
3
4
4
11
8
2
8
7
36
38
235
12
122
31
12
17
3
2
9
10
8
6
2
8
21
26
10
25
12
45
11
17
21
21
253
124
17
7
5
7
8
4
12
4
12
22
5
21
6
24
16
230
112
17
3
3
7
5
10
14
15
1
151
85
2
191
79
1
15
18
210
104
18
7
12
2
5
6
5
3
19
12
2
6
18
204
107
14
6
19
11
5
4
4
10
1
1
6
20
5
5
3
18
16
232
112
18
3
9
19
14
1
3
9
2
2
6
6
20
9
7
7
2
199
96
6
8
4
1
5
5
201
108
6
2
16
13
7
11
13
192
110
10
3
18
18
1
4
1
9
9
15
6
14
7
18
20
215
98
16
1
3
19
13
12
9
11
14
9
5
16
5
15
12
30
34
231
12
129
27
20
19
24
20
29
16
21
22
11
9
12
20
10
32
14
38
13
7
22
8
230
5
117
22
8
12
14
15
12
13
7
5
8
12
4
27
20
8
3
5
257
122
14
13
6
3
2
14
22
15
170
90
7
21
3
4
6
6
8
9
181
84
7
1
2
20
24
233
7
119
32
6
17
2
13
6
2
8
1
1
11
16
4
27
6
5
5
11
29
24
229
13
117
32
3
22
1
16
11
9
10
14
11
3
7
18
8
30
9
24
3
10
16
25
233
11
122
27
3
16
2
13
11
10
6
2
3
10
21
7
28
6
4
14
7
18
202
7
109
26
1
14
10
19
6
5
4
5
8
14
12
1
22
8
6
9
16
12
20
228
7
109
17
5
1
6
5
3
15
16
3
3
20
29
225
20
115
35
1
20
2
11
12
15
7
15
3
8
6
18
22
7
26
13
16
6
19
35
38
246
30
125
42
11
25
10
12
15
30
14
22
10
11
8
28
34
17
33
24
28
13
2
34
31
35
251
27
136
42
16
25
8
9
18
26
22
21
9
9
16
27
37
19
34
28
20
13
5
32
20
28
229
19
123
35
10
19
11
13
15
11
7
8
16
26
11
26
17
11
3
19
38
30
245
17
125
28
12
14
4
9
13
6
9
12
30
13
28
13
51
8
37
31
231
12
127
28
16
9
5
13
12
10
10
6
21
26
10
27
19
53
13
4
20
8
20
235
6
124
19
14
31
3
10
2
6
12
19
3
20
8
15
29
23
254
11
131
24
7
4
15
7
17
7
7
7
28
9
24
11
22
9
2
11
19
31
213
10
120
21
6
