45
13
41
21
55
27
129
69
38
43
22
36
67
30
40
9
31
29
8
44
15
117
56
27
33
5
24
55
15
24
13
15
29
97
46
18
22
4
12
37
3
14
1
4
71
25
10
4
23
1
8
70
39
3
13
3
13
29
9
17
76
50
14
6
5
23
13
21
23
5
16
75
38
14
12
12
17
13
5
8
63
28
8
8
18
3
8
6
33
21
15
23
29
22
39
43
7
1
12
15
48
10
12
56
67
28
10
5
28
37
9
36
39
55
12
23
28
19
40
36
5
2
15
23
51
42
14
1
13
5
22
16
42
31
1
7
30
54
40
11
3
1
1
16
30
56
43
13
3
5
5
19
28
52
48
17
5
12
25
39
6
5
60
60
27
7
16
28
2
40
24
53
37
9
1
6
16
10
51
23
4
7
3
45
26
8
49
23
5
5
52
23
3
11
44
10
4
50
7
20
24
82
23
14
12
27
30
17
18
12
35
42
32
47
12
110
37
32
34
28
50
58
4
44
28
6
13
80
4
7
6
21
15
9
14
76
4
15
24
11
28
27
31
31
9
90
31
11
10
41
48
10
4
16
13
21
1
81
22
25
37
5
6
69
8
23
7
8
9
69
14
27
17
16
27
29
37
7
94
18
5
13
41
55
21
28
23
39
40
49
19
106
29
17
26
14
51
68
16
11
18
19
24
34
35
11
94
12
6
39
58
16
11
10
75
14
34
21
15
11
27
22
5
90
13
28
47
29
15
20
37
33
13
105
19
5
34
56
37
11
6
15
21
97
4
2
14
40
40
5
2
14
18
95
10
38
28
1
23
32
41
16
120
21
24
31
61
6
2
33
2
23
31
39
16
118
22
16
31
61
10
74
18
73
14
5
8
7
94
29
22
59
27
37
61
56
42
145
41
12
6
35
5
48
82
24
3
45
80
56
60
83
78
59
163
64
19
36
9
55
10
30
72
104
20
35
35
20
1
27
18
4
104
4
14
47
1
25
5
32
21
10
107
11
20
52
30
14
39
30
16
116
13
12
28
61
17
9
97
3
40
13
20
11
96
9
43
9
25
12
96
12
46
28
7
36
22
13
106
11
24
57
3
46
16
27
54
40
27
121
28
3
20
5
46
74
3
14
62
19
39
61
50
32
130
44
22
38
20
18
56
82
20
38
78
31
40
64
46
31
125
53
17
32
33
67
82
4
15
6
42
24
7
49
11
4
90
16
8
43
52
22
18
75
1
21
32
37
1
23
2
77
11
29
38
24
23
60
21
28
34
82
27
45
70
43
29
113
57
11
29
34
14
41
75
81
6
15
25
17
70
10
32
56
29
18
99
46
7
17
19
1
7
25
61
68
32
15
42
2
24
64
18
7
37
36
15
69
29
26
57
18
12
88
43
7
5
32
65
60
9
40
27
65
13
34
32
43
23
57
17
3
34
27
34
15
43
9
25
15
39
18
50
13
32
22
53
4
37
62
20
13
49
35
13
48
3
32
58
23
13
46
30
26
74
15
26
47
10
9
79
49
11
4
38
66
48
3
17
4
58
19
22
53
6
8
79
32
6
6
30
65
45
19
1
29
18
27
14
54
2
38
16
7
14
72
29
33
63
14
15
91
42
13
11
45
82
58
16
28
86
1
3
43
47
76
25
28
101
65
28
1
19
7
58
92
67
26
39
38
98
16
22
52
68
95
49
52
128
1
79
8
54
16
49
52
76
110
85
39
10
59
3
61
19
33
61
14
22
96
38
3
13
12
46
81
54
4
12
34
11
14
50
4
79
7
27
68
40
7
18
7
33
74
14
54
31
32
3
24
70
13
11
37
16
45
12
46
8
78
24
28
55
28
12
36
61
17
53
22
11
3
31
40
8
48
13
3
66
8
22
53
70
30
33
109
40
2
26
28
41
63
108
75
23
35
92
28
41
63
86
121
65
74
145
7
62
7
51
54
59
38
100
149
117
13
40
36
40
3
39
30
79
5
18
80
10
57
105
66
3
28
10
19
51
5
72
1
43
89
52
10
22
5
25
58
3
14
83
39
89
58
13
74
19
29
53
71
98
48
51
125
51
34
35
16
89
138
103
11
6
28
29
84
44
45
84
88
125
63
70
144
60
11
43
17
47
10
107
159
124
14
42
29
49
8
12
38
58
91
33
43
117
23
1
13
19
74
126
92
15
70
37
35
72
77
119
53
62
135
44
30
17
35
8
99
153
114
13
20
7
70
16
33
50
75
108
52
62
138
45
14
32
16
38
29
91
145
111
7
20
51
18
15
47
55
102
34
49
122
23
9
17
80
131
97
12
40
40
9
73
50
109
27
44
114
10
5
81
135
97
12
25
10
52
43
96
23
41
113
5
63
124
91
16
9
23
60
6
23
99
33
94
69
63
19
25
50
65
109
43
57
130
29
15
5
24
89
144
110
6
22
85
73
55
135
92
167
66
84
148
50
31
49
35
125
184
145
7
23
46
38
21
74
60
117
36
54
120
12
7
7
90
151
113
4
50
4
24
17
66
95
44
58
128
16
16
9
22
86
147
113
30
44
6
23
36
65
105
41
53
123
6
5
19
89
152
115
18
56
54
37
86
76
138
52
70
134
17
10
16
24
109
172
135
8
63
32
44
73
116
50
72
135
27
2
14
8
22
86
146
123
9
3
47
18
30
61
104
40
63
124
16
6
7
17
74
132
108
59
1
25
44
70
125
53
81
139
26
18
18
32
75
128
119
13
2
42
22
49
109
34
70
123
10
3
5
16
44
92
100
3
64
9
23
52
66
132
48
81
131
30
8
17
23
25
73
121
117
10
37
1
36
93
20
54
104
1
37
81
81
9
5
17
83
1
34
84
20
71
63
32
8
64
36
124
16
50
91
19
60
113
88
32
20
72
32
116
11
44
85
66
118
85
32
20
35
79
16
39
91
10
55
109
76
23
44
6
41
90
23
47
95
4
4
9
69
117
80
16
1
58
52
18
82
56
126
34
53
99
15
6
13
15
100
150
100
12
12
68
56
26
91
62
130
36
53
98
25
10
12
12
106
157
105
5
1
13
76
45
30
62
65
119
34
48
94
3
32
8
11
1
7
106
155
105
14
2
56
7
13
14
50
86
21
29
79
18
2
84
133
86
20
32
85
77
48
79
81
128
51
50
101
4
39
30
12
29
18
130
173
119
34
13
8
69
95
43
103
77
136
45
41
89
26
20
17
20
127
174
117
35
1
38
2
30
63
43
66
111
65
51
10
67
16
3
49
76
18
12
59
3
13
1
83
123
81
16
42
99
74
60
92
91
145
60
56
99
18
51
41
36
34
23
135
176
130
8
45
26
29
94
52
48
83
78
133
47
45
87
14
42
5
25
17
20
119
159
116
54
13
50
29
50
48
7
58
92
57
19
2
51
3
34
69
8
5
55
5
70
102
65
24
36
14
59
38
49
79
47
12
38
19
63
46
47
75
49
36
22
78
16
18
26
58
96
32
26
82
2
34
26
22
17
77
105
81
44
15
17
71
5
44
60
16
6
64
8
30
17
10
9
61
81
59
20
8
12
71
4
44
68
16
11
63
2
33
18
8
3
59
78
59
20
7
57
35
70
6
2
50
21
10
48
68
51
2
43
22
51
33
7
36
56
36
19
3
7
16
3
14
3
41
18
40
36
5
2
4
18
36
27
50
22
29
35
10
5
26
38
26
4
65
28
33
37
25
13
3
6
37
43
29
14
4
3
68
27
39
30
34
13
1
32
40
28
15
56
14
21
10
2
18
23
29
14
29
14
14
17
46
7
11
10
27
91
2
21
33
22
43
2
49
46
20
8
12
33
94
12
32
52
12
41
9
59
57
33
3
16
2
65
6
7
18
30
26
4
15
75
13
23
27
45
39
7
3
2
55
10
1
31
24
54
14
31
25
31
20
77
7
2
4
29
6
39
26
48
5
39
91
6
19
16
7
23
39
3
3
49
36
3
142
9
35
98
14
23
34
52
27
16
39
5
2
75
66
25
215
3
63
1
8
34
27
221
32
77
5
14
19
22
40
32
167
23
69
3
4
6
45
31
81
46
23
9
35
21
8
48
20
3
47
101
19
27
17
9
32
3
6
65
47
70
131
16
52
59
24
9
45
43
70
30
35
22
40
96
80
15
18
1
35
41
109
3
31
38
16
27
24
48
15
2
21
77
66
13
29
90
13
18
24
11
10
26
71
61
14
77
9
1
10
41
25
35
90
10
17
9
18
60
38
53
114
42
39
1
44
30
30
4
48
12
92
71
6
11
77
137
57
66
35
21
57
59
71
38
29
6
43
95
74
23
18
11
43
35
75
128
37
47
53
25
8
43
22
60
21
14
7
97
71
14
5
3
16
53
101
14
24
29
17
8
38
1
75
49
1
33
92
18
25
4
16
16
29
60
41
37
104
6
28
34
9
30
34
1
73
52
5
14
25
83
9
17
2
20
2
11
55
34
51
47
1
31
16
25
28
83
16
21
7
26
2
15
57
37
32
50
113
37
39
28
39
33
49
10
75
46
6
25
7
105
153
59
64
17
61
63
17
12
55
47
74
27
13
113
73
26
18
39
59
26
94
144
34
56
56
49
14
9
52
50
70
13
32
16
17
23
98
57
16
19
42
62
32
15
79
9
12
21
11
31
90
12
15
10
22
22
17
41
99
4
26
21
16
28
34
27
54
115
7
10
33
25
30
46
12
2
42
3
38
10
69
118
12
10
19
25
55
44
23
2
3
51
2
24
50
5
73
119
12
26
21
42
8
40
45
41
39
10
4
10
75
30
23
56
37
91
3
4
11
48
3
48
56
107
14
4
27
34
30
63
24
6
23
93
141
53
61
2
51
52
9
35
66
65
45
30
8
29
117
80
15
3
43
62
17
60
113
45
47
22
39
44
20
30
35
2
13
1
22
106
79
9
15
59
61
114
23
39
29
36
19
38
7
1
95
68
15
7
121
166
74
87
17
70
57
16
18
83
93
45
36
144
116
36
36
74
26
10
35
135
189
97
116
58
99
102
45
14
42
105
111
34
59
14
14
6
2
171
153
73
55
88
59
18
54
110
169
61
100
18
85
67
31
25
90
93
54
45
3
7
6
152
136
57
32
64
59
11
36
111
159
87
97
48
81
71
27
17
59
74
27
32
159
144
56
3
65
71
8
102
158
50
94
9
81
63
25
14
78
79
36
38
1
11
147
135
51
16
61
68
26
85
142
56
81
6
60
37
66
69
24
18
3
137
126
30
12
41
33
15
79
131
56
71
16
49
31
38
54
16
6
133
121
21
31
56
80
132
30
72
53
24
50
58
9
14
127
118
22
38
76
5
88
147
51
86
8
66
34
3
63
72
22
27
143
135
34
11
49
52
17
103
161
73
101
27
77
43
11
67
86
35
32
161
151
45
26
64
54
28
96
152
59
94
12
68
37
2
63
76
26
22
152
142
39
10
60
72
11
101
155
56
97
6
73
33
9
78
81
36
36
9
10
154
140
39
14
68
72
22
87
141
61
89
9
63
26
60
68
17
25
3
149
131
28
8
48
84
16
95
149
59
95
2
68
24
3
71
78
34
36
12
153
131
30
17
56
84
23
108
165
69
101
12
67
29
82
93
37
33
14
160
134
30
32
73
67
5
28
88
140
48
74
39
6
60
66
17
5
4
136
106
2
5
58
87
3
85
135
52
75
43
7
51
62
14
16
136
105
2
2
55
91
8
93
150
61
87
12
55
28
60
81
31
7
146
114
12
26
61
102
30
102
160
58
93
18
60
29
74
92
12
41
1
22
148
114
14
36
70
123
4
41
87
146
40
79
46
10
70
78
13
30
6
17
131
95
24
59
119
29
58
115
49
19
43
48
2
97
60
34
104
35
97
32
3
19
31
80
41
9
107
47
103
43
14
30
45
91
51
20
120
47
104
43
17
38
44
4
7
88
48
26
107
47
107
45
16
33
44
5
92
49
27
121
80
135
23
75
45
56
78
40
30
121
76
24
65
131
33
125
184
49
114
84
17
11
110
134
46
83
28
20
75
156
107
13
88
114
110
45
91
107
169
35
93
61
89
118
28
58
1
27
28
137
86
72
83
104
28
70
89
151
29
77
47
58
96
5
43
14
18
124
72
47
60
104
1
49
71
138
15
68
42
59
88
39
9
36
111
61
38
56
104
45
50
113
43
18
38
64
20
3
24
87
34
15
31
135
24
32
95
25
21
49
5
8
10
67
16
3
6
109
11
29
89
14
39
62
8
7
57
48
109
21
33
54
4
63
3
15
32
77
17
67
135
50
25
71
88
14
40
12
47
87
33
48
56
102
12
55
85
144
9
58
31
73
95
16
41
16
28
100
46
53
75
85
13
54
65
130
39
16
66
83
1
29
8
28
77
27
49
57
88
4
51
58
124
41
21
48
82
34
16
44
81
36
47
49
86
53
31
89
7
22
48
4
4
47
3
13
23
70
17
23
84
3
20
45
8
42
2
12
12
83
17
25
86
5
22
52
5
2
18
43
3
18
10
77
24
2
63
8
35
10
25
3
74
11
62
7
34
4
36
26
5
77
18
47
12
14
3
68
48
16
5
5
74
45
23
21
2
44
12
47
31
24
9
11
47
23
42
2
31
18
3
15
33
25
53
29
48
9
6
21
4
34
6
39
39
9
69
15
7
26
58
19
3
29
22
4
42
11
63
47
48
3
34
2
25
2
24
38
33
13
12
5
23
2
30
17
13
20
1
22
9
1
12
1
4
14
20
13
28
30
18
7
58
26
44
42
11
2
27
20
8
1
48
19
47
35
8
17
1
21
14
38
29
5
14
32
26
16
4
37
24
28
38
10
29
2
25
10
42
32
27
46
3
6
35
17
7
1
39
21
32
36
11
24
22
7
14
20
24
11
15
43
2
13
43
5
3
5
11
33
9
33
27
2
3
29
3
43
20
2
6
6
57
12
49
32
7
36
70
17
1
55
5
40
7
14
15
23
12
13
63
23
47
44
26
10
15
19
51
28
13
61
4
6
54
22
60
64
4
10
2
18
16
32
26
4
6
35
16
51
31
3
21
5
35
17
4
24
1
28
46
12
6
28
6
42
20
2
25
14
12
43
31
50
43
7
9
19
32
27
10
25
64
45
23
58
1
57
1
18
17
3
1
55
31
22
37
45
4
8
7
47
25
14
43
39
1
22
6
25
18
1
25
1
49
16
11
29
50
14
13
39
33
2
13
9
28
14
33
24
4
42
32
41
17
48
40
63
19
45
41
10
74
19
20
72
102
44
29
79
36
35
48
6
30
61
38
51
27
49
53
37
90
15
22
2
68
93
84
29
79
6
14
3
2
7
48
27
26
48
37
12
14
6
31
19
30
65
29
14
5
21
1
5
36
10
17
51
23
7
2
14
1
30
51
11
1
7
2
14
1
67
71
66
32
33
3
60
54
54
28
23
2
32
77
2
47
92
38
58
53
43
43
7
23
4
53
23
71
44
37
26
16
14
3
63
36
6
51
36
30
5
6
29
17
66
38
26
51
36
33
4
15
7
57
22
49
26
34
33
16
11
3
14
20
30
7
32
13
6
10
2
34
25
28
9
2
23
3
59
12
23
4
15
49
7
3
23
6
3
14
63
19
6
3
1
12
46
3
23
41
5
44
4
71
41
95
27
4
4
3
32
2
5
1
13
40
39
78
41
28
6
46
21
21
38
57
30
23
12
38
34
76
106
8
39
69
7
5
35
7
15
26
50
19
24
14
24
66
73
126
24
74
13
18
2
21
41
13
18
5
24
54
58
112
17
58
18
14
20
22
103
22
43
20
45
33
108
34
12
15
27
6
98
3
10
6
85
66
5
16
25
18
92
4
18
26
25
12
54
92
24
45
8
35
91
14
95
173
99
47
91
26
12
8
39
69
14
30
39
74
4
80
157
155
36
76
5
3
33
25
41
40
104
208
5
38
9
35
30
26
31
110
224
7
27
14
22
3
103
147
8
84
45
7
74
1
16
65
20
46
48
89
5
3
36
16
100
17
2
30
8
48
42
110
4
38
1
4
33
3
18
41
53
117
10
45
3
22
32
49
41
127
9
39
16
22
51
19
96
21
4
45
52
37
83
1
1
11
1
59
14
4
1
21
13
88
10
17
14
14
7
23
27
23
83
5
19
9
6
11
15
31
16
61
14
21
18
27
15
12
11
38
29
89
26
20
18
29
9
11
16
29
17
97
25
13
17
14
28
12
12
16
32
13
100
13
12
17
14
28
21
13
12
33
18
94
3
17
11
9
23
9
4
33
14
99
13
18
19
33
15
9
34
22
90
19
11
16
29
3
8
18
26
25
59
17
20
6
11
25
2
2
14
25
23
52
13
19
9
14
29
16
9
16
33
31
67
3
26
5
21
8
4
21
30
25
71
11
20
8
25
18
9
20
38
33
79
15
28
20
15
6
22
38
31
83
15
26
12
9
1
21
32
25
75
19
21
1
22
19
12
66
26
7
23
43
47
1
20
62
42
64
60
29
65
18
23
3
28
50
34
96
20
41
54
20
62
14
68
172
43
30
57
64
19
31
42
10
35
45
69
105
41
48
38
40
48
33
6
2
117
211
22
68
93
8
11
25
12
25
42
45
22
17
13
42
45
12
84
138
18
46
70
51
36
30
14
14
45
38
67
18
45
41
44
77
32
15
6
87
83
54
41
79
20
27
8
4
28
26
62
11
38
32
47
72
23
4
75
86
72
31
67
22
9
11
49
20
15
36
49
4
58
104
36
14
47
10
3
18
54
19
7
34
51
60
106
31
14
49
30
8
23
65
2
25
7
38
53
6
68
99
62
24
57
35
6
30
71
7
30
4
45
62
5
75
116
80
31
64
13
20
50
9
46
55
55
113
81
20
45
1
5
32
31
21
31
97
66
4
19
5
42
26
36
36
112
73
5
27
8
20
69
3
6
36
72
59
137
94
21
51
18
5
28
55
9
3
44
53
60
137
70
31
47
16
9
15
34
12
38
108
65
13
24
12
25
24
39
67
87
6
27
12
30
27
33
48
78
9
24
18
26
34
32
37
57
23
27
30
46
41
64
82
7
32
25
25
36
34
77
81
3
25
14
23
29
23
69
77
16
4
23
23
12
53
68
4
4
15
18
10
18
40
38
7
14
1
25
14
21
36
77
57
24
10
6
15
17
21
63
58
13
17
6
29
21
21
64
70
14
5
15
22
6
52
58
1
10
2
45
19
10
28
26
10
10
74
6
6
9
15
52
19
10
2
12
