35
27
21
33
21
8
41
9
19
11
42
25
1
64
18
54
53
38
26
24
31
21
7
39
11
18
16
45
25
1
61
9
32
57
46
28
27
32
22
7
39
14
18
15
49
25
4
61
5
63
54
33
27
36
22
10
43
18
25
26
52
25
10
67
2
10
5
68
61
38
31
39
22
14
2
48
27
28
20
1
55
24
21
72
9
21
47
70
63
39
34
39
23
18
11
54
31
32
23
54
21
3
21
76
6
29
29
69
64
37
37
37
25
21
19
1
53
36
38
2
7
33
8
53
19
7
23
76
16
30
69
62
34
39
32
29
23
2
26
10
54
38
43
6
12
38
19
53
19
10
29
77
17
38
72
66
30
45
26
36
25
12
32
19
55
45
48
18
19
50
26
56
18
14
35
77
28
45
43
70
69
23
47
16
41
25
19
35
24
55
48
48
23
22
5
48
34
54
14
17
38
75
38
40
50
65
64
15
40
10
38
24
23
35
27
56
47
46
25
21
11
50
32
47
9
19
33
74
25
32
55
57
6
33
6
36
23
25
32
27
40
47
38
23
17
13
46
30
37
8
20
33
63
19
30
21
23
9
19
19
18
11
13
14
3
9
4
1
9
12
4
11
9
14
25
19
12
25
17
2
4
26
16
24
11
17
18
12
6
10
2
15
20
8
11
8
14
34
21
35
32
9
9
31
13
27
12
19
20
18
4
14
3
6
19
22
9
14
8
14
40
10
13
31
9
10
1
31
16
28
13
19
21
15
11
6
21
5
12
18
10
14
40
34
13
13
3
31
17
28
12
16
19
13
8
5
22
9
23
12
14
42
35
11
13
2
29
18
25
9
12
14
13
10
3
20
6
8
23
13
13
39
36
36
8
13
1
26
18
22
5
9
10
15
8
15
8
9
23
13
10
41
31
31
1
8
21
17
18
3
7
8
11
5
12
3
6
19
13
8
36
24
1
17
18
14
4
7
9
12
7
15
14
9
27
27
12
1
1
15
20
10
3
7
10
11
8
21
17
7
29
39
26
16
5
12
19
6
1
7
10
8
6
5
24
17
5
23
46
29
14
1
7
12
18
3
5
11
7
9
1
26
16
5
23
33
21
4
11
14
18
1
1
3
13
8
4
1
28
17
5
30
35
21
6
11
15
20
3
4
6
17
1
14
7
29
17
7
33
14
40
21
10
11
18
19
9
7
12
22
6
3
21
15
29
14
9
38
27
45
29
15
14
23
17
16
9
17
24
9
18
11
24
19
20
31
13
10
45
3
3
43
36
12
19
22
23
19
14
20
26
10
24
17
28
12
25
33
14
11
8
46
10
14
38
38
8
21
19
27
18
18
21
28
4
27
22
26
22
33
14
13
13
41
7
27
38
28
6
19
16
30
17
23
22
27
7
26
24
23
22
31
13
15
3
41
10
29
29
42
29
5
20
12
32
15
26
20
25
12
27
22
21
10
28
32
12
15
5
45
10
22
42
35
5
23
12
36
13
28
18
22
13
33
3
27
20
11
26
34
13
14
16
46
3
27
43
28
8
21
14
38
13
29
18
21
17
31
9
26
2
18
17
24
32
14
16
12
50
6
38
40
19
9
18
14
37
14
31
17
21
15
25
12
22
4
19
16
19
26
11
16
4
45
2
50
8
43
21
11
21
14
38
15
33
17
23
21
30
18
29
7
25
25
25
25
9
16
7
49
1
48
49
30
14
21
15
38
17
34
18
25
28
36
25
32
11
31
32
28
29
8
16
12
56
10
37
48
31
13
17
15
36
18
36
17
29
28
35
28
33
12
37
29
29
29
7
18
13
54
12
43
53
31
14
16
15
33
17
35
16
29
36
34
32
32
12
41
34
33
30
7
17
14
60
16
49
16
54
31
11
15
12
31
16
34
17
32
40
34
35
30
14
44
46
32
28
6
16
13
63
15
31
52
34
6
16
7
34
13
37
19
37
39
38
31
34
11
51
42
38
24
6
17
20
65
13
13
54
38
1
22
1
39
9
40
17
40
37
38
23
36
5
56
22
39
24
8
17
22
67
20
9
49
41
26
39
6
40
15
40
29
38
21
35
3
58
29
41
24
10
17
19
57
13
17
27
48
37
1
27
1
39
3
40
14
41
23
35
15
33
62
34
43
27
11
15
18
51
12
16
7
52
39
8
27
5
37
3
38
14
41
23
33
12
32
63
28
42
33
12
14
14
54
16
4
57
45
16
25
12
36
7
35
18
41
26
36
16
34
63
29
43
37
12
15
16
59
17
5
67
48
24
24
17
34
10
34
24
46
35
35
18
34
1
65
20
48
42
10
17
22
71
23
16
66
51
23
27
16
32
11
36
28
48
33
37
18
32
1
64
30
52
42
8
18
22
68
23
21
7
55
42
13
27
9
34
10
39
32
51
23
38
12
37
63
27
49
35
5
21
18
54
19
18
45
35
2
21
1
34
7
39
31
50
11
32
1
32
58
15
45
27
4
22
12
44
13
22
35
28
15
33
3
37
27
45
5
25
27
48
10
38
21
4
22
5
34
2
30
33
25
12
30
31
21
36
5
18
20
37
4
30
19
3
19
35
2
30
17
32
27
12
28
25
15
29
17
14
27
1
24
18
4
16
32
27
26
19
10
28
21
12
25
13
12
21
2
20
17
8
15
22
32
30
24
12
28
15
11
21
13
8
16
1
16
22
12
13
27
36
39
31
5
18
3
30
12
11
19
1
19
12
17
2
20
27
13
11
4
37
27
31
39
29
8
20
7
28
3
10
10
17
21
14
17
2
23
28
14
9
3
33
16
40
34
13
21
15
26
7
8
9
14
26
15
14
7
20
31
15
7
6
33
8
44
35
18
21
22
27
10
6
6
11
27
15
12
9
21
35
18
7
8
39
6
9
43
27
19
16
24
23
11
6
4
10
21
12
13
10
20
35
17
7
2
36
2
31
41
22
21
13
27
21
11
7
4
10
3
18
11
14
20
34
17
6
35
39
18
23
8
30
21
12
7
3
10
8
16
4
11
1
17
22
33
18
5
38
40
13
24
5
31
20
13
8
3
10
11
14
9
12
2
19
9
18
32
18
5
41
4
41
12
23
5
29
22
11
8
3
9
11
12
8
7
19
18
30
17
6
42
11
32
35
10
19
5
25
21
9
5
1
6
10
4
1
18
3
15
28
16
4
30
1
8
40
13
23
9
25
19
7
2
1
3
9
1
15
7
32
18
2
35
47
21
27
12
27
19
5
7
8
2
11
1
6
37
20
1
43
44
21
23
14
24
20
3
1
10
8
4
36
21
1
36
8
23
45
19
22
15
22
23
1
4
15
2
8
5
33
20
37
5
14
52
24
23
20
20
27
3
18
25
3
9
9
13
11
34
20
3
48
50
25
19
19
18
31
7
21
27
3
15
14
16
32
18
3
9
51
8
48
21
15
15
18
28
10
3
4
16
29
5
20
18
6
19
28
15
7
11
48
1
12
33
46
21
11
15
14
28
9
8
6
3
18
38
6
27
25
17
26
24
12
8
13
46
10
7
22
43
20
4
16
11
32
7
11
7
7
20
37
7
33
1
32
17
34
19
11
7
14
46
24
46
27
4
19
13
34
8
14
7
9
30
44
14
38
4
35
30
38
20
13
7
23
55
23
3
44
30
21
13
38
8
16
5
10
25
48
13
41
5
36
29
43
18
14
7
27
53
32
11
3
40
31
21
11
37
8
16
3
8
18
45
9
39
3
33
19
39
16
13
6
23
44
32
8
22
39
32
21
9
35
8
16
2
6
12
41
5
33
28
23
29
16
12
6
16
39
20
8
31
28
14
5
31
6
14
4
33
27
26
17
26
15
11
6
10
27
25
37
25
10
8
27
6
11
1
26
21
22
12
18
17
12
6
7
33
27
6
5
43
18
7
6
15
22
6
8
8
15
11
18
19
12
22
13
5
40
37
8
40
42
19
13
7
21
18
8
7
5
8
2
19
13
13
26
13
4
35
42
45
25
19
12
28
20
11
7
14
13
7
5
21
14
10
30
15
4
43
32
49
27
22
16
31
23
14
4
16
18
15
5
2
18
26
13
33
16
5
1
47
26
54
31
21
21
30
25
16
1
16
21
18
7
6
15
17
16
35
16
4
4
49
33
8
17
53
30
17
25
26
28
18
19
23
19
9
9
9
17
17
36
15
1
5
48
46
3
56
36
19
28
25
29
23
23
28
25
12
14
4
32
20
40
17
11
52
42
3
58
35
20
28
24
28
26
22
32
26
13
17
28
19
42
18
13
54
41
17
57
31
19
26
22
26
28
15
27
22
8
19
22
16
42
17
1
10
48
42
29
63
32
26
24
25
21
30
5
26
28
26
9
23
34
17
43
18
1
11
57
43
20
60
30
28
21
27
18
30
9
30
25
25
7
23
32
15
41
18
2
7
60
24
16
56
27
27
18
26
18
26
7
24
22
19
8
16
20
14
38
20
4
6
56
6
18
54
25
23
16
23
18
20
5
21
22
12
7
5
19
15
33
18
3
4
55
18
42
24
15
16
19
17
15
4
9
26
3
7
6
12
27
16
3
8
39
25
32
10
7
9
17
16
12
5
7
22
5
8
20
15
2
31
16
29
8
5
4
18
17
12
9
5
16
2
2
5
16
16
3
31
16
24
5
3
20
15
15
11
4
13
3
2
11
14
4
26
25
22
1
20
13
18
16
3
7
9
4
5
1
6
11
6
27
21
24
18
14
19
19
9
2
12
5
8
13
6
9
8
26
9
31
13
1
5
17
19
20
1
21
13
5
24
17
1
19
22
12
9
10
3
31
43
27
5
13
14
25
19
7
21
18
12
33
2
24
27
8
26
19
9
12
14
43
44
29
6
14
12
24
18
13
24
25
13
35
1
29
36
8
32
21
7
13
14
42
2
4
47
32
8
16
12
25
17
18
27
29
13
39
34
42
11
39
24
7
15
16
43
2
54
36
13
18
13
27
16
20
25
29
12
39
33
44
6
39
28
9
16
20
51
1
53
36
15
16
14
26
14
24
25
32
4
41
36
48
3
41
30
9
17
24
46
15
49
29
14
10
13
22
12
23
24
33
8
34
31
50
3
37
28
8
16
15
41
19
53
22
16
8
13
18
11
23
26
35
15
32
32
56
5
39
27
7
16
10
48
4
50
21
12
10
11
21
12
28
29
40
11
39
39
65
10
48
25
6
17
21
46
43
28
4
15
7
26
12
34
31
45
9
43
45
75
12
53
22
5
19
23
41
8
48
38
2
22
4
31
10
37
30
46
10
53
2
51
80
24
59
23
5
19
29
43
17
48
42
1
27
3
34
8
36
26
41
18
57
6
54
78
32
60
23
4
17
34
43
18
44
46
29
1
34
5
33
20
35
18
57
5
54
76
18
59
22
5
15
33
42
20
42
45
28
1
35
30
11
28
11
58
1
51
72
11
57
21
8
13
36
38
21
39
42
27
2
36
30
3
23
13
58
3
52
67
21
57
18
10
10
35
34
16
44
48
35
1
42
30
18
18
67
3
58
61
24
58
23
12
7
43
38
36
13
49
53
2
43
4
49
30
14
24
69
6
59
57
30
55
30
16
5
47
44
147
7
51
57
7
46
11
50
28
10
28
68
12
52
50
47
57
36
20
4
47
47
306
55
65
9
50
15
50
27
8
39
75
18
56
48
61
55
39
21
3
52
54
448
53
64
7
49
16
50
26
9
39
68
19
52
46
61
51
38
21
3
45
52
532
48
61
2
46
15
47
26
12
30
69
14
53
46
62
54
33
19
3
43
44
497
41
62
47
7
48
30
17
20
73
4
57
51
47
55
31
19
5
46
36
264
25
29
54
43
49
34
21
67
57
54
26
57
25
16
7
40
19
60
21
48
43
48
36
23
65
57
53
11
56
20
14
6
37
10
72
21
55
47
49
38
24
66
54
48
10
51
20
14
6
39
10
72
22
58
47
49
37
24
66
54
40
21
49
17
14
7
40
15
63
18
56
46
49
33
20
66
52
29
15
48
14
14
8
44
12
60
17
56
43
45
24
11
66
47
15
23
44
12
13
7
45
10
48
2
17
49
38
40
17
2
64
44
27
42
10
13
5
44
10
29
10
41
33
38
11
57
38
21
41
9
14
5
39
3
11
9
41
32
37
6
52
34
14
32
12
16
4
32
2
3
6
38
32
35
46
31
8
28
13
19
27
2
6
5
3
32
30
31
35
16
4
24
17
23
15
5
4
32
31
2
30
31
19
2
25
23
25
11
2
5
36
34
34
38
26
30
23
22
1
12
32
33
38
6
37
26
7
34
13
18
5
13
30
30
34
8
6
36
26
14
31
8
15
5
10
25
25
30
9
9
30
18
17
24
10
15
6
2
21
19
26
9
13
21
10
23
21
12
16
6
6
21
16
20
9
14
13
26
16
15
15
7
16
5
10
10
15
9
15
27
5
9
14
7
16
2
11
8
13
23
13
6
14
12
7
8
18
15
4
16
12
5
5
15
15
4
25
8
4
6
14
11
4
16
2
1
5
12
10
4
3
4
9
10
4
4
1
4
9
10
5
13
3
1
6
10
10
5
13
9
7
2
6
6
9
5
1
14
5
7
4
12
6
5
21
9
2
9
1
5
3
14
6
1
11
16
28
13
1
10
14
10
9
15
7
14
5
7
6
18
21
34
19
12
25
27
20
23
7
13
5
4
5
16
29
27
36
20
10
37
34
24
19
32
11
13
3
18
19
6
22
38
30
2
37
19
8
7
44
39
25
35
37
13
12
1
24
28
7
21
36
28
8
34
19
9
16
48
10
42
24
37
42
10
9
28
29
29
3
1
15
30
23
8
30
3
21
14
19
46
11
39
24
22
45
5
29
27
28
6
29
14
7
26
12
24
2
19
14
41
12
36
24
22
42
2
29
21
24
23
5
6
21
21
26
10
26
14
36
16
30
27
24
42
6
27
17
39
10
16
7
16
31
30
24
38
19
36
23
33
6
43
31
47
10
24
18
45
8
18
10
13
39
36
37
49
28
37
33
40
20
65
54
56
14
23
22
45
19
12
13
45
39
48
56
32
42
40
46
32
80
64
67
16
30
22
50
20
16
13
49
39
55
59
33
47
46
50
41
88
69
76
17
37
23
57
4
21
20
15
51
37
61
60
38
50
53
52
49
89
72
80
17
41
21
63
18
24
23
13
53
33
65
58
42
53
58
55
56
88
80
82
15
46
26
72
11
7
26
27
8
54
28
66
53
51
56
65
58
62
87
93
82
13
51
35
85
6
12
29
30
9
53
24
64
49
60
53
72
51
66
84
99
86
13
54
43
88
6
16
36
27
8
48
24
62
48
56
51
67
46
62
87
93
86
12
54
44
89
9
10
6
23
19
9
41
25
57
49
50
46
58
47
54
88
87
80
9
46
32
81
3
5
15
15
12
35
26
53
47
44
43
53
44
46
90
87
79
8
38
24
77
24
2
14
17
28
26
46
44
38
47
48
45
38
90
82
75
6
37
20
85
33
11
13
21
21
23
36
38
36
51
42
44
28
85
73
72
3
3
46
20
78
4
39
18
14
24
14
20
29
34
35
54
38
43
18
82
69
68
4
45
23
80
6
41
23
15
26
11
18
22
30
36
55
35
42
12
77
64
62
6
44
22
81
9
43
23
18
26
9
14
14
24
35
50
34
36
9
69
58
55
3
9
41
24
72
6
37
18
19
22
6
7
6
15
27
38
28
24
3
57
43
44
4
10
27
20
65
2
28
15
17
19
5
2
2
10
19
32
24
19
50
45
36
2
11
18
12
52
7
33
19
17
21
7
2
4
10
25
38
26
23
5
52
45
41
4
11
25
18
71
6
37
21
22
23
15
3
11
13
26
44
34
30
16
57
48
50
7
13
36
18
88
8
37
20
29
19
23
16
12
30
50
42
32
27
55
58
50
9
15
41
21
87
7
40
20
30
17
23
14
7
31
49
39
28
25
51
57
47
9
15
43
17
89
2
33
16
27
15
18
7
2
25
47
30
28
16
49
55
44
3
14
32
13
86
29
14
24
17
10
23
49
22
32
5
48
48
41
1
15
34
13
83
3
37
16
20
19
1
25
52
19
31
50
51
48
3
16
42
17
92
4
39
18
14
21
21
54
11
31
50
47
49
5
17
38
16
93
5
4
37
20
7
22
12
52
1
33
47
47
46
7
17
39
9
99
2
34
18
5
21
4
47
26
40
44
43
9
19
35
3
100
10
38
20
11
23
9
44
22
34
45
37
18
24
34
10
101
23
47
6
27
10
27
21
52
3
26
33
46
42
31
25
44
24
101
3
33
52
4
34
31
24
57
1
30
33
43
46
33
23
48
32
109
35
52
33
29
2
24
56
1
27
26
48
42
27
19
46
35
107
30
51
27
23
21
52
22
16
46
38
23
19
46
33
106
7
40
20
30
17
23
14
7
31
49
39
28
25
51
57
47
9
15
43
17
89
2
33
16
27
15
18
7
2
25
47
30
28
16
49
55
44
3
14
32
13
86
29
14
24
17
10
23
49
22
32
5
48
48
41
1
15
34
13
83
3
37
16
20
19
1
25
52
19
31
50
51
48
3
16
42
17
92
4
39
18
14
21
21
54
11
31
50
47
49
5
17
38
16
93
5
4
37
20
7
22
12
52
1
33
47
47
46
7
17
39
9
99
2
34
18
5
21
4
47
26
40
44
43
9
19
35
3
100
10
38
20
11
23
9
44
22
34
45
37
18
24
34
10
101
23
47
6
27
10
27
21
52
3
26
33
46
42
31
25
44
24
101
3
33
52
4
34
31
24
57
1
30
33
43
46
33
23
48
32
109
35
52
33
29
2
24
56
1
27
26
48
42
27
19
46
35
107
30
51
27
23
21
52
22
16
46
38
23
19
46
33
106
22
14
29
21
9
25
20
21
72
27
10
2
30
2
24
17
29
24
14
32
28
27
81
9
34
4
4
7
25
1
14
18
15
26
22
16
32
24
22
80
2
33
4
3
5
27
14
11
21
16
10
25
11
8
67
18
7
1
17
10
5
14
9
8
19
56
6
10
4
4
1
2
10
14
47
11
16
7
5
11
8
34
11
8
6
10
1
21
16
5
3
1
5
6
2
23
1
6
10
1
6
12
27
4
14
16
14
14
7
9
16
23
21
8
8
8
28
15
18
4
17
30
5
7
23
15
12
33
14
20
7
19
36
11
20
9
8
10
20
13
3
7
3
1
9
24
12
15
12
17
35
13
18
6
11
