4999
4999
4819
4999
4999
4999
4819
4999
4999
42
4999
3035
4997
4999
4819
4819
4818
765
4895
4891
4813
4999
4999
4812
4999
4999
4999
4812
4999
4999
34
4999
2937
4999
4999
4812
4812
4812
760
4888
4884
4807
4999
4999
4806
4999
4999
4999
4806
4985
4999
42
4999
2855
4999
4999
4806
4806
4814
729
4882
4878
4800
4999
4999
4799
4999
4999
4999
4799
4998
4999
39
4999
2767
4999
4999
4799
4799
4886
702
4875
4871
4794
4999
4999
4793
4999
4999
4999
4793
4999
4999
38
4999
2680
4997
4999
4793
4793
4993
679
4869
4865
4855
4861
4834
4853
4898
4812
4880
4853
4864
4855
20
4835
947
4896
4848
4856
4856
4992
289
4862
4858
2014
4990
4420
4335
4990
4571
4245
4501
2455
4989
1963
4438
4403
4319
4605
4372
723
4991
757
4991
4997
4856
4852
2127
4982
4254
4161
4981
4454
4052
4364
2591
4981
2088
4286
4226
4124
4444
4197
747
4981
783
4981
4987
4850
4845
1497
4985
4240
4140
4984
4442
4036
4349
1833
4984
1463
4270
4209
4104
4355
4182
527
4984
553
4985
4959
4843
4839
1986
4977
4094
3975
4976
4334
3854
4223
2417
4976
1946
4129
4057
3933
4198
4025
702
4976
735
4976
4841
4837
4832
1566
4968
4033
3906
4967
4288
3782
4169
1912
4967
1534
4070
3988
3859
4092
3959
548
4968
576
4968
4685
4830
4826
1741
4965
3931
3791
4965
4213
3655
4080
2119
4965
1706
3972
3881
3736
3961
3849
614
4965
643
4965
4558
4824
4820
8
341
84
94
3
173
42
96
96
8
355
86
56
6
343
83
56
56
8
391
94
10
468
113
3
3
9
465
111
10
10
10
551
133
10
558
134
16
16
12
617
148
12
648
155
7
7
13
684
164
13
726
174
14
753
180
2
2
15
793
189
15
821
196
2
2
16
856
204
16
885
212
1
1
17
915
219
18
945
225
18
972
232
18
1000
239
19
1025
245
19
1051
250
19
1076
257
20
1099
263
21
1122
267
21
1145
273
21
1167
279
22
1187
283
22
1208
288
22
1228
293
23
1246
297
23
1265
302
25
1283
307
26
1302
311
26
1319
316
27
1336
321
29
1353
326
30
1368
330
31
1383
334
32
1399
338
33
1413
342
34
1427
346
34
1440
350
36
1453
353
36
1465
356
35
1477
359
37
1488
362
37
1499
365
37
1510
367
37
1520
370
38
1529
373
38
1539
374
38
1547
377
38
1557
379
39
1565
380
38
1572
382
39
1581
385
39
1588
386
39
1595
388
39
1602
390
39
1609
392
39
1614
393
39
1621
394
40
1627
396
39
1632
397
40
1637
399
40
1643
400
40
1648
401
40
1653
402
40
1658
403
40
1661
404
41
1666
405
40
1670
406
40
1674
408
41
1677
408
41
1680
409
40
1684
410
40
1687
411
41
1690
411
41
1693
412
41
1696
412
40
1698
413
41
1700
414
41
1702
414
40
1705
415
41
1707
415
41
1709
416
41
1711
416
40
1712
416
41
1714
417
41
1715
418
41
1717
417
40
1718
418
41
1719
418
41
1720
418
41
1721
418
41
1722
419
41
1722
419
41
1723
419
41
1724
419
41
1724
420
40
1725
420
41
1725
420
41
1725
419
41
1725
419
41
1725
419
40
1725
420
41
1725
420
41
1725
419
41
1726
420
41
1725
420
41
1725
419
41
1724
419
41
1724
420
40
1723
419
41
1723
419
41
1723
419
40
1722
419
40
1721
419
41
1721
419
40
1720
419
40
1719
418
41
1718
418
41
1718
418
40
1717
417
40
1716
417
41
1715
417
40
1714
417
39
1713
417
40
1712
417
41
1711
416
40
1710
415
40
1708
416
40
1707
416
40
1706
415
40
1704
414
40
1704
414
39
1702
414
39
1700
413
40
1699
413
40
1698
413
39
1697
413
40
1695
412
40
1694
412
39
1692
412
39
1691
411
39
1689
411
39
1688
410
39
1687
410
40
1684
410
40
1683
409
39
1682
409
39
1680
409
39
1678
408
39
1677
408
39
1675
408
39
1673
408
39
1672
406
39
1670
406
39
1668
406
39
1666
405
39
1665
404
39
1663
404
39
1662
404
38
1660
404
38
1657
403
39
1656
402
38
1655
402
38
1652
402
39
1651
401
39
1649
401
38
1647
401
38
1645
400
38
1643
399
38
1642
399
38
1640
399
38
1638
399
38
1636
398
37
1634
397
38
1632
397
38
1630
397
38
1629
396
38
1627
396
38
1625
395
38
1622
394
38
1621
394
38
1619
394
37
1617
394
37
1615
393
38
1613
392
37
1634
397
38
1632
397
38
1630
397
38
1629
396
38
1627
396
38
1625
395
38
1622
394
38
1621
394
38
1619
394
37
1617
394
37
1615
393
38
1613
392
37
1587
386
38
1587
387
41
1589
390
42
1587
389
41
1584
388
42
1583
389
41
1580
387
41
1578
387
41
1577
387
41
1574
386
41
1572
386
41
1570
385
41
1568
385
41
1566
385
42
1565
384
30
1135
281
38
342
62
69
260
44
73
48
36
330
28
48
54
55
61
46
9
165
7
174
71
153
345
61
77
105
120
107
80
139
95
75
86
61
108
124
135
158
126
25
149
24
148
181
88
93
3
134
33
59
123
101
115
134
75
129
89
69
125
56
97
111
121
139
109
20
145
21
145
156
140
122
1
62
15
24
72
39
44
67
29
49
33
25
71
20
35
41
44
49
39
8
63
8
64
56
73
9
1
13
6
12
6
1
13
41
1568
385
41
1566
385
42
1565
384
30
1135
281
38
342
62
69
260
44
73
48
36
330
28
48
54
55
61
46
9
165
7
174
71
153
345
61
77
105
120
107
80
139
95
75
86
61
108
124
135
158
126
25
149
24
148
181
88
93
3
134
33
59
123
101
115
134
75
129
89
69
125
56
97
111
121
139
109
20
145
21
145
156
140
122
1
62
15
24
72
39
44
67
29
49
33
25
71
20
35
41
44
49
39
8
63
8
64
56
73
9
1
13
6
12
6
1
13
10
6
16
18
13
13
20
14
10
7
9
15
18
20
22
17
5
19
3
20
26
140
6
16
4
11
20
16
18
21
12
20
14
10
19
8
14
17
19
20
15
4
23
3
23
24
19
9
2
5
11
6
7
11
5
6
5
3
11
3
5
6
7
7
5
2
10
1
10
9
81
11
1
1
1
1
2
1
1
1
1
1
4
2
4
4
3
3
4
4
1
2
2
2
4
5
4
2
2
5
2
6
6
2
3
1
77
3
4
3
4
4
3
3
2
1
3
2
2
3
4
3
2
1
5
1
5
5
3
2
1
1
1
1
3
2
2
2
2
2
1
2
1
2
1
2
2
1
1
3
1
3
3
2
3
2
2
1
2
1
1
1
1
1
1
1
1
2
2
16
3
1
1
1
1
2
1
1
1
1
1
2
1
2
1
1
4
1
3
1
2
2
1
2
1
2
1
1
2
1
3
1
1
3
2
3
2
1
2
1
1
1
1
1
1
1
1
1
1
1
1
1
3
2
2
3
2
3
1
1
1
1
2
2
1
1
3
1
2
2
1
22
1
3
1
1
1
1
2
1
1
2
1
1
2
2
1
2
1
1
33
1
3
2
2
2
2
2
1
1
1
1
1
2
1
1
1
2
2
3
2
1
1
3
1
2
3
2
2
1
1
1
1
2
1
1
2
1
2
2
1
3
1
1
2
1
2
1
2
1
1
2
1
2
1
1
2
2
1
2
2
1
1
3
2
2
2
2
2
1
2
1
1
1
2
1
2
1
1
1
3
2
3
2
1
44
1
3
2
2
3
2
2
1
1
1
1
1
2
1
1
1
2
1
2
2
1
1
3
1
1
2
1
2
1
1
1
1
1
1
2
1
2
1
1
2
2
1
3
2
1
1
3
1
2
2
1
1
1
1
1
1
2
1
3
1
1
1
3
2
2
2
1
1
3
2
2
2
2
2
1
2
1
1
1
2
1
2
1
1
1
2
2
2
2
1
90
3
1
2
3
2
3
1
1
1
1
3
1
2
1
1
1
2
2
1
2
3
2
1
4
2
1
2
2
2
1
2
1
1
1
3
2
3
1
1
2
3
2
2
3
1
1
4
2
3
3
2
2
1
2
1
1
2
3
1
2
2
1
2
3
2
3
2
1
1
3
2
2
3
3
2
2
1
1
2
2
1
3
2
2
1
2
3
2
3
3
2
62
1
4
1
2
2
3
3
1
2
1
1
2
2
1
3
1
2
1
2
3
2
3
3
2
1
4
2
2
3
2
3
1
2
1
1
2
3
1
3
1
1
1
2
3
2
3
3
2
1
4
3
2
3
2
3
1
2
1
1
2
3
1
3
1
1
2
3
3
3
3
1
1
4
2
2
3
2
2
2
2
1
1
2
2
3
2
2
2
3
3
3
3
1
76
1
4
2
3
3
3
3
1
2
2
2
2
3
1
3
2
2
1
2
3
3
3
3
2
1
4
2
2
3
3
3
1
2
2
2
2
3
1
3
2
2
1
2
3
2
3
3
2
1
4
2
2
3
3
3
1
2
1
1
2
3
2
3
2
2
1
2
3
2
3
3
2
2
5
2
2
3
3
3
1
2
1
1
2
1
3
3
3
2
2
1
3
4
3
3
3
2
28
2
4
3
3
3
3
3
1
2
2
1
2
1
3
2
4
2
2
1
2
3
3
3
3
2
21
1
4
3
3
4
3
3
1
2
2
2
2
1
3
1
3
2
2
1
2
3
3
3
4
2
1
4
2
3
3
3
3
1
2
1
1
2
1
4
2
3
2
2
1
3
4
3
3
4
3
2
5
3
3
3
3
4
1
3
2
1
2
1
3
2
3
2
2
1
3
4
3
3
3
3
31
2
5
3
3
3
3
3
1
3
2
2
2
3
2
4
3
2
1
2
4
3
3
3
2
71
1
4
3
3
4
3
3
1
2
2
2
2
4
2
4
3
3
2
2
4
3
4
4
2
1
4
3
2
4
3
4
1
2
2
2
3
1
4
2
3
3
2
1
3
4
3
4
4
3
2
5
3
2
3
3
4
1
3
2
1
2
4
2
4
2
2
1
2
4
3
3
3
2
1
5
3
3
4
3
3
1
3
3
2
3
4
3
5
3
2
1
2
5
4
4
4
2
98
1
4
3
3
4
4
3
1
2
2
2
3
3
2
5
3
3
2
3
4
3
4
5
3
1
5
3
2
4
4
4
1
3
2
2
3
1
4
2
4
3
2
2
3
4
3
3
4
3
1
5
3
3
4
3
4
1
3
3
2
3
1
4
3
4
2
2
1
3
4
4
3
4
3
2
5
3
3
4
4
3
1
2
3
2
3
4
2
5
3
3
1
2
4
4
4
4
3
77
1
5
3
3
4
4
4
1
3
2
2
3
1
4
2
4
3
3
2
3
5
3
4
5
3
2
5
3
3
4
4
5
1
3
2
2
3
1
4
2
4
3
2
2
3
5
3
3
4
3
2
5
3
3
4
4
4
1
3
3
1
3
5
3
5
3
2
2
3
5
4
4
4
3
1
5
3
3
4
4
3
1
3
3
2
3
1
4
3
5
3
3
2
3
5
4
4
5
3
91
1
5
3
3
5
5
4
1
3
3
2
3
1
4
2
4
3
3
2
3
4
3
4
4
3
1
5
3
3
4
4
4
1
3
3
2
3
1
4
3
4
3
3
2
3
5
4
4
4
3
1
5
4
3
4
4
4
1
3
3
2
3
1
5
3
5
4
3
2
3
6
5
5
4
3
2
5
4
4
4
4
4
1
3
3
2
3
1
4
3
5
4
3
2
3
5
4
5
5
3
64
2
5
4
4
4
5
5
1
3
3
3
3
1
5
3
4
4
3
2
3
5
4
4
5
3
1
5
3
3
4
4
5
2
3
3
2
3
1
5
3
5
3
3
2
3
6
4
4
4
4
2
5
4
3
4
4
5
2
4
3
2
3
1
5
3
5
4
3
2
3
6
5
4
5
3
2
5
4
3
5
4
5
1
3
3
2
3
1
5
3
5
4
3
2
2
5
4
5
5
3
71
1
5
3
3
5
5
5
1
3
3
2
4
1
5
3
5
4
4
2
3
5
4
4
5
4
41
2
5
4
3
4
5
5
1
3
3
3
3
1
5
4
5
4
4
3
4
5
5
4
5
4
2
6
4
3
5
4
5
2
4
3
2
3
1
5
3
5
4
3
2
3
6
5
4
4
3
1
6
4
3
4
4
5
1
4
4
2
3
1
5
3
5
4
3
2
3
6
5
5
5
4
43
1
5
4
4
5
5
5
1
3
4
3
4
1
5
3
5
5
4
3
3
6
5
5
6
4
67
1
6
4
4
5
5
5
1
3
3
3
4
1
5
3
5
4
4
3
3
6
4
4
5
4
2
6
4
3
5
5
6
1
4
3
3
4
1
6
3
6
4
3
2
3
6
5
4
5
4
1
6
4
3
5
5
5
2
4
4
3
4
1
6
4
6
5
4
2
3
6
5
6
5
4
2
5
4
4
5
5
5
1
3
3
3
4
1
5
3
6
5
4
2
3
6
5
5
6
4
102
1
6
4
4
5
5
6
1
4
3
3
4
1
6
3
5
4
4
2
3
5
5
5
5
4
1
6
4
3
5
5
5
2
4
3
2
4
1
6
4
6
4
4
3
3
6
5
5
5
4
2
6
4
4
5
4
5
1
4
4
3
3
1
6
4
6
5
4
3
3
6
6
5
6
4
2
6
4
4
5
5
5
1
3
4
3
4
1
5
4
6
5
4
2
3
6
5
5
5
4
74
1
6
4
4
6
5
5
1
3
3
3
4
1
6
3
6
5
4
3
4
6
5
5
6
5
1
6
4
4
5
5
6
2
4
4
3
4
1
6
4
6
5
4
3
4
6
6
5
6
5
2
6
5
4
5
5
5
2
4
4
3
4
1
5
4
6
5
4
3
3
6
5
5
5
4
2
6
5
5
6
6
5
2
4
4
3
4
1
6
3
6
5
4
3
3
6
5
5
6
4
98
1
6
4
4
5
6
6
2
4
4
3
4
1
6
4
6
5
5
3
4
7
5
5
6
5
2
7
5
4
5
5
5
2
4
4
3
4
1
6
4
7
5
4
3
3
7
6
5
5
5
2
6
5
5
6
5
6
2
4
4
3
4
1
6
4
7
5
5
3
3
6
5
5
5
5
1
6
5
4
6
6
6
2
4
4
3
5
1
6
4
6
5
5
4
4
7
6
5
6
5
77
1
7
5
4
5
6
6
2
4
4
3
4
1
7
4
6
5
4
3
4
7
6
5
6
5
2
7
5
5
5
5
6
2
4
4
3
4
1
6
4
7
5
4
3
3
7
6
5
6
5
1
7
5
5
6
5
6
2
4
5
3
5
1
6
4
7
6
5
3
3
7
6
5
6
5
1
7
5
4
5
6
6
2
4
4
3
5
1
7
4
7
6
5
3
4
7
6
6
7
5
2
7
5
4
5
6
7
2
4
4
3
5
1
6
4
7
5
5
3
4
7
6
5
6
5
2
7
5
4
5
6
6
2
4
4
3
5
1
6
4
7
6
4
3
4
7
6
5
6
5
2
7
5
4
6
6
6
2
4
5
3
5
1
7
5
7
6
5
3
4
7
7
6
7
5
2
7
5
5
6
6
6
2
4
4
4
5
1
6
4
7
6
5
3
4
7
6
5
7
5
1
7
5
5
6
7
7
2
5
4
4
5
1
7
4
6
5
4
3
4
7
6
5
6
5
2
7
5
4
6
6
7
3
4
5
3
5
1
7
5
7
6
5
4
4
8
7
5
6
5
2
7
5
5
6
6
6
2
4
5
3
5
1
7
5
7
6
5
3
4
8
7
6
6
5
1
7
6
5
6
7
6
2
5
5
3
5
1
7
4
7
6
5
3
4
7
6
6
6
5
1
8
6
5
7
7
7
3
5
5
3
5
2
8
5
7
7
5
4
4
8
7
6
7
6
1
8
7
5
6
7
7
2
5
6
3
5
1
8
5
8
7
5
3
4
8
7
6
7
6
1
8
6
5
7
7
7
2
5
5
4
5
2
8
5
8
7
6
5
4
8
8
6
7
7
1
8
6
5
7
7
7
2
5
5
4
6
2
8
5
8
7
6
4
4
8
7
6
7
6
1
8
6
5
6
7
7
3
5
6
3
5
2
8
5
8
7
5
4
4
8
7
6
7
6
1
8
6
6
7
7
7
2
5
6
4
6
2
8
5
8
7
6
4
4
8
8
7
8
6
1
8
6
5
7
7
8
2
5
5
4
6
3
8
5
8
8
6
5
5
9
8
6
8
7
1
8
6
5
7
7
8
3
5
6
3
6
2
8
6
8
7
5
4
5
9
8
6
7
6
1
8
7
6
7
7
7
2
5
6
4
5
2
8
6
8
8
6
4
4
9
8
7
7
6
1
8
6
6
7
7
7
2
5
6
4
5
2
8
5
9
8
6
5
4
9
8
7
8
7
1
8
6
6
7
7
8
2
5
6
4
6
3
9
5
8
7
6
5
5
9
8
6
8
7
1
9
7
5
7
8
8
3
6
6
4
6
2
9
6
9
8
6
5
5
9
8
6
7
6
1
8
7
6
7
7
7
2
6
7
4
6
2
8
6
9
8
6
5
4
9
9
7
8
6
1
8
6
6
7
7
8
2
5
6
4
6
2
8
6
8
8
6
5
4
9
8
6
8
7
19
1
9
7
5
7
8
9
3
6
6
4
6
2
9
6
8
8
5
4
4
9
8
6
7
6
1
8
7
6
7
7
8
2
6
7
4
6
2
8
6
9
8
6
4
4
9
8
7
8
7
1
8
7
6
8
7
8
2
5
6
4
6
3
8
6
9
8
7
5
5
9
8
7
8
7
1
9
7
5
7
8
8
3
6
6
4
6
3
9
6
9
7
6
5
5
9
8
7
8
7
25
1
8
7
6
7
8
8
3
6
6
4
6
2
8
7
9
8
6
5
4
9
8
6
8
7
1
8
7
6
7
7
8
2
6
6
4
6
2
8
6
9
8
7
5
4
9
9
7
8
7
1
9
7
6
8
8
8
2
6
6
4
7
2
9
6
9
8
7
5
5
9
8
7
8
7
1
9
7
6
7
8
9
3
6
6
4
6
2
9
6
9
8
6
5
5
9
8
6
8
7
12
1
9
7
6
7
7
8
3
6
7
4
6
2
9
6
9
8
6
5
5
9
9
7
9
7
1
9
7
6
8
8
8
2
6
7
5
7
2
9
6
10
9
7
5
5
9
9
7
9
7
1
8
7
6
7
7
7
2
6
7
4
6
2
8
6
9
8
6
5
4
9
9
7
8
6
1
8
6
6
7
7
8
2
5
6
4
6
2
8
6
8
8
6
5
4
9
8
6
8
7
19
1
9
7
5
7
8
9
3
6
6
4
6
2
9
6
8
8
5
4
4
9
8
6
7
6
1
8
7
6
7
7
8
2
6
7
4
6
2
8
6
9
8
6
4
4
9
8
7
8
7
1
8
7
6
8
7
8
2
5
6
4
6
3
8
6
9
8
7
5
5
9
8
7
8
7
1
9
7
5
7
8
8
3
6
6
4
6
3
9
6
9
7
6
5
5
9
8
7
8
