3
15
3
20
9
7
7
70
20
9
4
1
48
9
11
35
21
2
14
5
16
9
6
7
15
11
9
8
45
12
11
22
21
3
19
10
19
12
7
8
1
8
2
17
14
3
12
47
15
15
25
21
2
16
11
23
14
9
9
4
61
1
23
17
5
7
45
13
14
34
22
1
15
7
19
12
5
7
5
17
15
5
42
11
11
30
18
3
14
8
16
12
4
7
1
2
30
2
16
14
1
3
41
12
11
15
16
7
13
11
14
12
2
5
2
1
3
13
13
5
44
14
11
14
19
9
12
10
14
10
4
3
1
7
12
1
4
44
11
7
23
25
7
16
6
14
9
2
2
3
12
2
42
8
5
33
23
9
17
4
13
9
2
1
5
9
40
9
7
27
14
11
10
8
12
10
5
3
62
1
9
9
41
10
9
16
19
11
13
9
15
9
3
17
7
9
43
9
9
16
8
10
50
1
25
30
6
13
4
49
28
30
5
15
48
33
31
7
16
52
1
28
34
7
16
1
51
17
28
10
14
2
47
7
31
2
7
16
7
47
3
12
6
23
9
3
20
4
2
14
5
6
4
48
2
12
22
13
16
9
7
20
7
2
7
1
16
1
9
12
13
48
1
2
16
30
11
29
10
9
19
5
6
12
8
21
1
15
1
20
6
22
44
5
25
52
4
26
18
10
22
1
6
7
14
5
13
27
19
6
22
11
25
42
2
8
30
63
2
24
6
18
9
24
2
11
8
14
7
16
31
22
9
23
13
27
44
4
11
31
64
26
8
13
15
23
4
14
16
20
13
21
9
32
25
24
16
29
19
35
45
4
14
40
78
1
30
11
13
19
21
7
12
20
22
17
24
12
33
22
24
21
32
24
38
43
3
15
40
85
12
48
12
21
19
23
7
12
17
22
18
27
9
37
14
27
20
34
25
43
41
3
17
44
83
16
28
15
26
16
26
7
16
17
24
21
31
14
41
46
31
24
36
27
48
42
6
20
53
85
11
8
19
28
18
28
10
19
21
25
23
31
13
43
34
24
38
32
51
43
4
20
52
89
15
17
20
25
23
25
11
15
24
24
24
32
14
42
25
32
27
39
33
51
43
2
18
52
4
93
12
20
17
27
23
25
12
13
24
23
28
33
16
45
36
32
31
39
37
53
41
3
20
56
5
95
9
12
19
32
21
27
14
15
23
23
30
34
15
47
34
31
37
42
51
43
6
21
58
3
97
9
8
25
26
28
26
19
17
28
24
31
35
28
44
8
32
32
37
38
50
46
9
23
56
10
96
8
23
7
16
25
23
17
17
32
26
36
39
21
44
43
33
39
41
41
56
42
7
24
58
111
7
30
3
16
21
21
15
15
32
27
38
41
18
45
59
34
40
42
43
56
39
7
25
57
114
6
26
17
31
25
23
23
14
33
26
38
42
22
41
13
30
37
39
41
50
43
12
29
53
4
102
3
16
14
22
26
23
25
17
37
29
41
45
18
41
17
32
40
42
43
50
46
16
32
51
5
103
5
6
6
5
31
18
28
16
41
31
41
47
21
38
38
30
40
44
41
50
45
15
32
47
8
105
8
15
4
28
17
27
12
36
29
38
45
1
37
28
33
42
45
48
42
13
30
51
108
6
24
25
19
28
13
31
27
34
41
1
38
30
25
39
33
49
41
16
29
50
103
10
17
21
19
24
17
32
27
33
39
22
34
84
27
34
37
24
44
42
17
28
40
99
17
25
21
16
17
18
30
25
31
36
7
30
81
24
32
37
33
41
41
14
25
39
108
19
28
3
26
12
21
13
27
21
24
31
5
27
18
23
32
21
34
39
11
21
34
96
16
24
2
15
23
14
20
14
24
21
24
30
7
27
34
21
23
30
21
34
40
13
22
34
95
3
7
3
23
15
24
19
26
24
25
32
5
31
5
25
23
33
25
39
42
17
25
39
104
6
29
10
26
19
30
24
23
32
10
30
10
23
23
32
21
33
43
16
25
41
101
13
12
31
6
25
14
27
23
20
29
25
19
17
31
18
32
42
14
22
36
107
9
9
29
4
22
13
21
22
19
28
21
16
15
28
17
31
42
15
21
29
103
7
28
3
20
16
19
22
18
27
19
6
16
14
27
16
29
46
18
22
27
103
15
35
24
15
22
21
16
25
14
10
12
26
14
27
50
20
20
21
112
24
39
23
9
22
20
15
24
3
9
30
5
14
25
14
27
50
19
18
17
113
23
1
2
38
23
5
18
17
10
20
7
3
2
8
20
3
19
52
19
16
15
108
6
1
9
34
19
8
12
15
7
18
8
16
2
5
18
4
16
54
21
15
17
107
7
34
19
11
14
15
6
17
7
3
17
4
15
52
20
14
20
108
11
36
16
7
13
11
1
12
1
12
4
49
15
10
15
98
21
32
12
5
7
10
10
10
3
45
14
8
8
99
6
26
29
2
13
7
6
9
9
9
6
46
16
9
5
98
6
23
31
2
15
9
9
9
9
9
5
46
16
9
1
98
9
27
33
18
8
12
11
1
9
11
3
43
15
9
1
100
6
29
31
13
8
11
13
4
12
14
4
38
16
11
9
96
25
24
7
12
10
14
8
15
3
67
4
14
6
37
18
14
10
107
12
26
14
15
14
14
8
14
1
3
14
11
40
21
15
6
107
11
33
17
12
18
15
10
14
5
14
7
39
19
14
99
15
35
20
7
18
14
10
13
5
12
39
19
16
96
11
32
20
9
17
13
12
14
8
8
13
3
41
23
18
88
30
19
15
20
18
16
19
25
1
15
18
5
16
41
25
21
5
101
9
37
23
14
23
18
14
19
12
19
15
44
24
20
8
94
23
42
24
8
21
15
12
17
6
11
17
2
9
44
22
18
5
81
23
44
26
7
17
13
12
16
10
14
7
5
46
23
18
4
74
21
43
25
9
14
12
9
14
6
13
6
49
23
16
67
16
42
20
10
16
13
8
14
6
17
12
49
19
14
10
65
24
42
15
8
15
15
8
16
23
8
19
4
14
48
17
14
15
55
25
39
15
8
13
16
9
18
10
8
20
4
17
46
18
15
5
54
7
38
14
11
12
17
11
19
9
8
21
7
17
49
20
16
2
49
43
13
11
12
17
8
18
5
21
2
16
53
17
14
8
41
3
49
14
6
13
15
5
16
4
19
10
53
13
12
7
34
8
45
11
4
7
13
2
12
10
1
15
1
52
12
10
2
7
40
9
7
4
13
12
14
2
54
12
9
2
3
45
8
9
3
12
10
13
56
9
5
10
50
4
3
8
5
9
56
2
7
54
5
5
1
4
56
47
4
1
3
2
57
46
5
2
1
45
60
5
52
4
59
9
53
5
1
57
10
54
9
2
60
2
55
10
4
1
61
7
57
8
6
60
24
60
7
9
1
57
17
60
9
13
59
8
56
12
11
1
5
1
8
1
61
2
8
57
11
9
2
10
4
61
5
61
1
14
58
10
14
10
3
1
3
59
17
55
12
14
7
5
8
4
3
57
7
49
16
9
5
4
4
2
57
1
8
49
14
6
4
2
3
1
57
14
50
12
4
1
54
17
43
13
1
52
5
40
14
3
2
16
1
54
8
42
12
5
2
1
54
19
41
11
1
52
20
41
12
51
19
38
14
1
53
12
41
14
3
54
13
42
10
13
52
12
38
9
50
4
38
10
51
34
9
5
51
3
39
7
50
15
45
7
49
8
43
8
1
51
44
11
1
36
3
2
56
52
10
1
1
56
5
57
7
3
1
56
1
11
56
10
3
2
3
6
37
7
5
56
2
12
9
15
59
10
9
1
1
5
6
4
12
9
4
7
1
3
59
4
5
31
20
67
8
14
1
8
7
10
3
3
7
7
9
3
60
2
33
29
69
7
17
1
12
10
3
2
14
6
30
10
15
13
5
7
58
9
31
23
5
3
68
9
17
1
10
10
5
4
6
7
12
13
13
9
12
59
3
29
15
3
68
9
22
5
13
12
6
5
10
7
13
11
14
1
11
62
4
3
5
9
13
68
4
21
7
19
15
10
9
20
4
77
12
20
16
8
7
61
5
5
7
11
20
68
2
18
2
16
12
4
4
6
19
6
14
12
3
59
2
24
63
2
17
1
11
10
1
1
3
12
6
8
10
58
3
7
13
60
4
15
7
10
11
1
2
4
6
25
11
9
12
5
58
7
2
3
11
62
3
16
8
12
11
3
6
8
7
13
2
60
7
24
62
15
5
12
10
15
5
6
12
58
4
30
61
17
5
11
12
1
7
6
14
1
56
6
1
30
58
2
19
10
10
12
1
4
10
3
14
57
10
2
2
22
59
2
20
12
12
12
2
9
1
14
1
59
10
1
27
61
18
10
14
13
1
3
1
9
5
16
4
57
7
1
4
38
56
13
9
11
15
2
5
5
79
12
9
17
5
54
6
2
5
35
48
1
8
12
7
16
3
7
50
16
5
18
8
54
8
2
25
47
1
5
13
4
13
4
13
16
5
56
8
1
22
51
3
9
5
12
2
14
8
13
57
5
29
52
3
7
2
12
3
10
13
56
6
27
50
3
5
10
14
2
8
15
17
5
58
10
2
2
29
53
5
7
11
1
13
9
14
16
1
62
11
1
5
32
59
4
13
9
3
10
6
11
13
62
8
3
40
60
2
11
6
2
9
3
41
9
11
60
6
45
53
5
8
7
7
8
28
11
9
61
6
4
34
56
7
13
10
8
11
14
10
4
63
7
8
40
1
58
6
12
8
3
8
10
13
14
12
5
63
5
5
50
59
3
14
7
7
11
15
16
17
3
16
8
59
5
14
43
57
4
14
8
4
11
1
1
21
22
3
17
3
13
59
7
30
26
53
9
13
9
3
9
3
21
22
2
14
2
15
62
7
21
32
56
5
15
8
10
11
3
19
21
7
18
6
17
60
7
18
41
3
56
4
11
2
8
10
3
6
16
37
19
8
18
5
16
59
4
18
40
2
55
7
14
2
5
10
1
4
6
19
8
21
7
17
2
18
59
5
21
40
54
7
16
7
7
12
3
6
1
20
23
5
19
3
22
61
8
1
21
32
5
57
7
17
6
9
12
2
4
5
16
18
4
18
11
63
7
1
15
37
3
59
6
14
5
10
13
3
6
6
17
42
17
7
18
8
61
5
18
37
51
7
10
5
6
14
2
6
1
16
30
20
6
19
1
14
57
6
1
14
18
3
2
48
10
12
8
3
13
3
17
20
16
9
59
9
1
11
7
46
9
9
12
4
14
4
23
7
23
17
9
59
9
2
23
18
48
4
10
8
6
15
4
17
19
17
5
57
7
2
18
51
2
48
5
7
6
13
3
17
19
16
7
56
6
15
96
9
47
8
10
9
13
3
18
23
16
12
57
8
15
184
7
47
8
9
12
12
3
4
14
17
20
16
9
58
8
6
175
12
47
5
3
9
10
1
10
18
15
14
6
56
3
3
132
30
48
2
8
6
11
1
7
12
14
5
55
6
135
31
43
3
6
9
12
2
10
30
15
15
5
7
56
10
3
67
25
47
4
11
12
12
2
10
16
15
4
5
58
13
1
5
12
3
30
52
5
13
12
5
14
3
14
5
18
1
18
12
58
10
1
10
4
28
2
52
7
11
11
4
16
5
20
24
22
25
55
7
1
22
12
23
49
10
12
14
3
16
7
27
29
2
22
26
53
10
4
34
9
9
48
10
12
18
5
15
4
2
27
28
1
19
26
55
11
3
30
9
6
55
7
15
16
9
14
3
12
22
19
23
5
18
20
57
10
4
30
10
16
1
59
5
16
11
8
13
2
7
20
33
20
5
16
12
58
9
2
27
11
17
6
58
7
17
8
5
10
1
7
18
14
18
3
13
14
60
12
3
19
7
5
59
8
20
8
7
9
1
12
17
14
18
5
12
2
13
64
15
4
20
1
7
62
7
22
4
9
5
7
12
12
4
8
11
65
13
1
13
9
3
67
5
24
9
1
9
7
6
4
4
4
64
11
10
1
12
11
64
7
23
7
1
7
8
21
6
8
3
5
3
63
13
14
9
4
59
10
25
4
10
5
2
2
11
10
9
6
9
11
63
16
6
19
14
66
9
30
6
16
8
4
4
8
7
9
10
7
10
13
64
17
8
12
21
4
1
69
6
31
4
22
11
9
8
20
4
1
7
16
10
3
11
63
16
10
7
29
12
6
66
4
31
5
25
17
18
16
21
6
88
11
29
16
12
15
61
17
17
6
3
29
24
8
62
6
30
9
24
19
20
19
11
11
40
15
28
18
22
22
62
20
20
19
41
28
2
1
71
7
35
11
28
18
18
17
9
8
11
23
16
13
14
66
19
19
21
38
31
4
4
77
4
37
6
32
18
19
18
16
1
36
5
28
16
13
12
65
17
19
7
4
33
23
21
4
76
6
36
3
30
18
20
19
18
2
50
6
28
15
10
14
64
17
21
10
2
38
16
8
7
74
9
37
7
29
18
22
19
10
8
25
10
27
16
10
15
66
18
23
16
38
25
3
77
9
41
9
33
19
22
21
8
8
4
11
27
18
13
16
69
19
23
16
1
38
34
19
84
5
42
7
36
21
23
23
11
3
8
8
29
19
17
11
70
18
23
13
4
31
37
22
7
86
3
42
1
32
19
18
20
22
1
12
6
25
17
10
8
70
16
21
9
8
30
33
19
9
83
4
39
1
25
15
14
16
18
13
3
19
13
5
73
19
19
1
8
31
27
10
1
73
3
28
4
20
12
10
12
3
44
2
16
10
3
73
18
14
1
21
33
15
76
28
19
8
4
8
9
5
72
15
10
23
33
16
73
26
17
7
5
8
2
27
11
4
68
14
10
26
31
14
62
20
11
7
6
9
22
11
6
7
65
15
9
2
29
41
5
62
19
8
4
5
4
2
6
66
15
6
34
32
8
61
13
7
2
3
1
49
6
2
3
65
11
2
32
20
14
58
12
4
1
2
62
8
40
14
6
52
11
1
59
9
7
39
2
47
9
1
59
11
37
7
45
7
57
8
38
8
8
45
4
9
56
5
2
41
3
17
43
5
56
7
53
1
38
3
3
2
6
3
2
57
9
4
55
40
4
3
6
4
9
2
5
56
9
2
2
57
40
6
2
7
5
2
6
52
7
2
4
58
35
3
7
5
1
5
8
1
4
48
7
4
9
61
30
1
2
1
8
6
1
8
1
9
9
50
10
5
1
67
32
4
3
7
5
38
7
4
9
9
52
7
4
72
58
12
4
1
2
62
8
40
14
6
52
11
1
59
9
7
39
2
47
9
1
59
11
37
7
45
7
57
8
38
8
8
45
4
9
56
5
2
41
3
17
43
5
56
7
53
1
38
3
3
2
6
3
2
57
9
4
55
40
4
3
6
4
9
2
5
56
9
2
2
57
40
6
2
7
5
2
6
52
7
2
4
58
35
3
7
5
1
5
8
1
4
48
7
4
9
61
30
1
2
1
8
6
1
8
1
9
9
50
10
5
1
67
32
4
3
7
5
38
7
4
9
9
52
7
4
72
36
17
59
64
39
13
55
60
37
15
55
51
37
19
60
45
44
19
62
40
49
21
3
64
26
49
23
2
61
23
47
24
5
1
1
61
2
19
43
24
44
60
12
45
22
1
57
43
21
56
31
24
4
56
32
25
57
35
21
54
31
19
50
23
23
3
51
24
25
2
52
29
24
1
51
33
23
49
33
28
3
1
49
1
28
30
10
6
1
3
18
5
4
48
1
5
2
30
28
9
5
9
3
2
5
9
1
46
6
1
31
27
7
2
7
1
3
4
6
43
4
5
23
29
10
7
1
7
7
5
41
1
5
10
15
30
16
10
4
10
74
12
3
10
8
40
1
6
7
19
27
14
5
10
1
4
8
9
2
10
1
40
1
7
9
22
26
11
7
10
2
4
8
7
3
9
40
8
12
16
28
14
5
13
5
8
15
10
16
6
14
1
13
37
3
10
18
19
29
2
17
8
15
7
11
17
18
7
16
8
13
38
7
13
21
4
23
25
3
18
12
17
9
13
14
6
17
12
18
6
16
39
7
14
21
2
23
23
3
14
12
17
9
14
12
25
16
14
19
7
17
37
6
14
14
2
5
23
24
5
12
9
17
9
14
13
9
18
12
18
11
19
37
9
14
12
18
24
5
18
10
20
13
18
22
8
26
15
23
16
27
36
12
16
28
7
21
25
6
19
12
19
12
18
23
25
16
23
22
23
37
9
14
36
8
28
23
8
15
11
17
9
16
2
19
20
14
20
19
16
37
6
11
27
30
23
10
13
10
16
10
16
11
21
22
15
20
14
22
38
6
10
25
4
32
26
10
15
8
14
12
17
9
23
25
16
21
20
27
42
5
10
26
10
33
27
5
16
9
13
11
15
10
26
32
25
18
21
21
27
45
2
8
33
1
39
25
4
11
10
12
11
14
16
24
61
22
19
20
17
24
46
6
32
3
41
23
9
9
11
11
12
15
15
25
26
23
20
19
20
20
46
7
32
5
40
22
12
13
13
15
16
18
22
27
31
28
24
22
27
29
48
5
12
36
6
43
19
16
16
18
15
18
19
20
24
31
26
26
23
25
30
50
8
13
33
11
6
10
50
14
18
11
20
14
16
16
20
17
27
19
26
20
23
20
52
6
11
26
5
2
51
10
19
7
17
13
17
17
18
19
26
20
26
20
25
23
50
7
11
30
6
47
10
20
10
16
14
20
19
14
25
1
27
27
23
31
36
51
12
13
35
7
52
10
22
12
19
14
19
18
24
20
4
23
29
20
35
34
55
13
13
30
6
7
56
6
27
8
21
11
16
15
18
15
16
23
18
24
25
55
12
10
29
53
3
21
2
16
8
12
11
19
8
16
10
22
13
13
17
54
10
7
21
1
41
5
10
3
10
5
10
8
17
10
115
11
24
9
17
17
53
11
6
23
46
5
16
4
9
1
5
3
7
3
5
13
5
9
12
58
12
4
13
50
5
16
10
2
8
34
12
2
4
7
58
9
1
50
4
16
1
11
2
3
1
1
3
7
4
11
6
8
12
52
6
2
10
49
7
15
1
7
1
3
4
5
9
6
10
4
3
10
52
5
3
16
47
12
10
3
4
7
2
17
3
8
1
7
56
5
5
50
11
8
1
3
3
3
58
2
51
11
4
58
3
50
13
8
59
1
2
4
45
14
5
61
3
41
16
59
63
44
14
1
62
2
6
45
17
7
62
5
41
21
65
5
38
21
65
38
19
61
34
