36
53
33
37
37
52
54
47
44
39
16
34
27
28
27
42
41
39
71
29
21
23
43
36
54
33
38
37
51
52
47
44
40
17
36
25
28
21
42
41
38
71
29
19
42
34
56
31
40
37
52
52
48
46
43
19
37
26
31
25
43
42
39
73
29
33
40
32
57
30
40
37
53
51
47
46
43
18
38
26
32
22
41
42
39
73
29
12
31
34
37
29
56
29
38
38
52
49
47
45
43
16
38
24
30
20
38
42
38
70
27
19
19
25
36
28
56
29
37
37
50
49
45
45
43
15
38
22
30
20
39
43
37
70
26
47
9
36
27
56
29
36
36
50
49
44
46
39
16
38
22
34
18
39
42
38
71
26
89
3
35
26
55
28
35
37
53
51
45
45
41
14
41
21
37
18
38
41
39
69
25
132
2
7
35
28
55
30
33
39
55
52
46
45
46
12
42
21
39
15
38
41
38
67
26
188
27
35
29
54
32
34
40
57
55
47
46
47
14
45
23
43
16
38
40
39
68
25
228
37
29
54
31
36
40
58
58
49
47
48
16
46
24
46
16
39
39
41
69
26
186
34
28
52
28
35
37
57
59
48
47
46
15
43
26
43
23
36
38
41
69
26
44
36
29
48
29
34
36
48
51
45
53
36
31
29
31
25
37
34
36
39
76
27
20
34
26
50
28
36
34
47
51
44
56
36
32
28
31
23
37
32
37
38
75
25
32
21
49
25
36
33
46
49
42
55
34
32
27
30
23
36
30
37
37
75
23
31
21
48
24
35
33
47
48
41
54
34
32
28
30
23
38
31
37
39
77
23
31
21
51
24
36
33
46
48
40
54
34
32
28
30
25
36
32
38
39
75
21
4
17
30
21
54
25
37
34
45
47
39
55
32
31
28
29
23
35
32
39
38
74
19
4
4
33
25
58
26
38
33
45
48
40
56
32
31
28
28
23
34
36
40
38
74
21
3
33
27
59
27
39
32
45
49
40
55
31
29
27
28
23
33
39
39
39
74
21
4
1
36
32
59
28
39
32
45
49
41
53
31
28
28
26
24
31
42
39
39
73
23
5
11
29
40
36
59
29
38
33
48
51
44
54
37
28
33
27
29
32
43
40
38
74
27
10
10
35
43
39
61
30
38
36
50
52
48
57
41
29
37
28
33
34
45
40
38
79
32
14
7
47
40
62
31
38
36
51
52
52
60
42
31
39
28
35
35
48
39
38
81
35
17
13
48
39
59
31
36
36
52
52
52
59
43
30
40
27
37
34
46
39
39
79
35
19
13
10
50
38
58
30
35
37
52
51
53
58
45
29
40
27
38
34
44
39
38
79
36
21
14
34
50
35
60
29
36
37
53
52
54
61
45
31
41
29
40
36
45
39
38
83
35
24
12
48
32
60
28
35
38
54
52
51
62
43
31
40
30
40
37
45
37
40
84
33
25
15
45
29
57
27
34
38
53
53
48
60
41
29
39
30
37
36
44
35
41
80
29
24
24
12
44
27
56
26
34
37
53
54
45
59
39
29
37
31
35
35
43
35
41
80
26
23
37
42
43
29
57
26
35
37
53
53
44
61
39
31
37
31
34
36
43
36
39
82
25
23
33
48
34
61
28
37
36
54
53
47
65
37
34
37
33
34
39
48
38
38
86
29
28
27
52
38
66
29
38
35
52
51
48
70
38
37
36
33
35
39
53
41
38
90
32
28
23
52
41
70
29
41
34
50
50
50
71
40
38
34
34
37
42
56
45
36
89
33
31
18
3
53
42
73
29
43
33
50
51
52
70
38
38
33
35
34
45
58
46
35
90
35
34
16
55
43
76
29
47
31
50
52
53
72
37
39
32
34
33
40
60
47
34
92
36
32
9
54
43
76
27
48
29
50
54
52
71
36
38
30
35
30
41
58
46
35
90
36
33
8
53
42
74
26
47
28
49
54
53
67
35
35
27
32
28
36
55
43
35
87
37
32
4
54
44
76
29
47
30
48
55
56
69
38
35
27
33
28
36
56
42
35
88
40
33
57
45
78
31
48
33
51
57
58
70
41
36
30
34
29
38
56
39
37
89
43
36
56
45
76
31
47
35
54
59
59
69
43
36
32
34
30
37
56
37
39
88
44
37
54
44
74
30
44
35
53
58
58
68
43
33
29
32
28
34
53
36
40
86
43
36
10
36
52
42
70
31
40
36
52
54
57
65
41
31
30
28
28
32
51
37
38
83
40
36
7
34
51
41
67
32
38
37
54
54
56
64
44
30
32
27
29
33
51
39
38
83
39
39
2
50
38
63
32
35
36
54
55
54
62
44
28
32
26
28
33
50
39
39
82
36
39
8
48
37
57
31
32
37
55
55
51
59
42
27
33
27
29
32
49
41
39
79
33
41
9
41
45
36
52
31
28
37
55
55
47
56
42
25
34
25
30
31
47
42
38
78
28
41
31
43
33
50
30
25
36
54
53
44
55
41
23
35
23
30
32
46
42
37
76
26
44
42
33
51
29
27
37
56
54
44
57
41
26
37
25
32
35
47
41
39
78
25
48
44
34
52
27
26
37
58
56
45
58
41
27
39
26
33
37
47
40
41
79
27
50
5
48
37
54
28
28
37
60
57
48
61
43
31
42
29
36
39
48
41
40
81
31
56
3
29
54
41
57
30
30
39
63
58
53
66
46
36
46
31
43
41
51
40
40
85
35
62
3
57
41
60
29
33
39
64
59
53
67
45
38
47
33
44
49
52
38
42
88
37
67
4
55
41
59
28
36
39
63
60
51
64
44
37
46
34
42
50
50
36
43
86
36
66
14
9
50
39
58
27
35
38
59
58
46
60
39
35
42
31
39
41
45
34
42
80
30
62
8
43
46
38
58
27
35
36
56
57
44
58
37
32
40
30
37
42
44
36
40
76
27
62
3
44
37
57
29
34
37
58
57
43
57
36
30
40
29
37
39
46
36
40
76
27
63
43
37
57
29
33
36
59
59
42
56
35
29
40
29
36
38
47
35
42
77
26
63
5
11
41
37
56
29
32
36
60
59
41
52
32
27
39
28
35
35
46
37
41
71
25
63
13
54
41
37
56
27
31
34
59
57
40
52
30
25
36
25
32
32
47
38
40
72
23
63
14
36
43
37
57
25
33
31
57
56
40
54
29
25
33
25
29
32
49
38
39
71
25
61
10
1
46
37
59
23
36
30
57
57
42
56
29
26
32
27
31
34
50
38
40
74
29
64
16
31
46
36
60
21
37
30
56
59
44
58
30
29
32
30
32
38
49
37
40
81
29
67
18
59
46
34
63
21
38
31
57
61
46
60
33
31
33
33
33
40
47
37
40
81
29
70
8
23
48
33
65
20
39
32
59
62
48
65
36
34
34
36
35
43
47
37
41
85
31
72
5
47
32
65
22
40
32
58
61
48
65
36
34
34
37
35
43
47
36
41
86
32
69
47
33
64
24
40
32
58
62
51
64
39
33
34
37
36
41
47
38
41
82
33
66
5
21
47
35
63
25
39
32
58
60
51
64
41
32
35
34
35
39
47
42
39
85
32
65
11
22
48
38
62
28
38
31
55
57
51
61
42
29
34
32
34
35
50
45
37
82
33
60
13
47
39
59
30
37
31
52
54
51
57
43
24
31
29
31
31
51
46
35
78
32
53
16
44
41
57
33
35
32
49
52
50
55
44
21
31
27
30
28
51
47
34
78
32
50
14
32
46
45
55
36
35
34
49
52
55
54
49
21
33
27
30
27
50
46
34
74
36
48
8
29
47
44
52
36
34
37
51
54
58
53
53
22
35
30
32
30
47
43
36
77
37
47
46
42
49
35
34
37
53
55
59
52
53
21
36
31
36
30
43
39
38
76
38
41
7
42
38
44
30
31
38
54
56
58
49
53
20
36
31
33
30
37
35
40
72
37
35
9
18
38
33
39
26
27
38
57
57
54
45
52
18
37
30
33
29
30
31
41
69
33
31
41
36
30
35
24
25
39
59
59
52
44
48
18
38
30
34
30
26
28
41
68
30
29
36
28
34
22
24
38
61
59
50
44
45
21
40
33
35
35
28
26
41
71
28
27
34
25
36
22
24
38
64
61
48
47
44
24
42
35
37
39
29
27
42
71
26
23
32
24
37
22
24
36
63
62
46
47
43
26
42
38
38
42
30
29
41
70
24
23
9
6
31
20
40
20
25
35
63
62
44
49
41
30
41
39
39
46
31
30
40
73
21
24
20
32
18
45
19
27
35
65
63
43
55
39
34
42
42
41
51
34
31
41
78
21
22
19
36
19
48
18
28
35
68
65
45
58
39
37
44
44
45
54
38
31
43
80
24
23
31
39
24
50
19
28
35
71
65
48
59
42
39
48
44
48
57
39
32
43
84
27
28
30
40
29
50
20
26
35
70
62
48
62
42
39
48
41
50
57
39
33
41
89
28
29
20
41
33
50
22
26
33
68
59
49
62
41
39
47
39
49
57
41
36
40
87
29
27
15
44
36
50
23
26
32
65
59
50
61
40
38
45
38
47
56
46
37
40
85
32
25
9
42
38
50
25
26
31
60
57
48
60
37
36
41
34
44
52
47
39
38
88
29
22
2
41
38
50
27
27
32
58
55
47
58
36
35
38
32
40
49
46
40
37
82
28
17
41
36
51
28
28
31
55
54
46
59
35
34
35
30
37
47
47
40
36
81
27
11
38
35
54
28
31
30
51
53
45
64
36
37
33
31
36
48
47
39
37
91
26
14
41
37
55
30
33
32
53
52
48
64
39
37
34
30
36
48
48
39
37
88
28
14
1
45
39
57
31
36
34
53
50
51
65
42
38
36
30
38
47
48
40
36
84
31
12
8
42
37
57
30
39
37
56
52
50
67
43
40
38
33
41
49
44
39
36
88
31
16
4
40
36
55
29
40
38
60
54
51
66
45
41
41
36
38
49
41
36
37
89
31
12
15
39
33
56
27
40
40
61
56
50
68
46
42
42
39
40
49
39
34
39
92
30
11
29
24
36
28
57
26
40
41
62
57
49
67
46
41
43
40
43
48
35
34
38
85
28
11
28
20
34
24
57
24
40
40
60
57
48
66
45
40
42
38
39
45
33
34
36
86
27
6
27
31
21
57
23
40
38
60
57
45
65
45
38
41
38
38
42
34
35
36
85
23
3
23
28
17
53
20
37
36
57
56
42
57
40
32
37
36
34
36
33
36
36
74
20
23
22
25
13
47
17
33
34
55
56
39
50
37
26
34
34
31
37
31
37
35
72
16
14
41
23
11
45
16
30
33
53
55
36
48
35
24
31
31
27
31
32
39
35
70
12
25
14
45
15
29
31
53
56
35
48
34
24
30
32
27
32
36
39
36
68
14
5
30
21
48
16
30
31
54
60
40
51
36
27
30
37
30
37
41
40
38
75
19
2
12
23
33
26
50
18
31
29
52
62
41
56
35
30
26
38
28
39
45
41
38
81
21
2
14
43
37
30
51
21
31
27
49
61
41
56
33
29
22
38
25
40
46
41
36
74
23
1
6
38
32
51
22
32
23
45
57
41
53
29
27
17
35
20
36
48
41
35
70
25
7
37
33
51
21
32
20
42
54
37
55
23
27
12
34
16
36
47
40
36
76
23
18
8
41
38
53
23
34
19
44
55
40
57
25
30
13
36
19
40
48
41
35
73
24
19
32
42
40
56
25
36
19
47
57
43
62
27
36
15
40
21
45
48
41
35
82
27
5
14
41
38
58
23
41
17
50
61
42
67
26
41
17
44
22
51
47
40
35
89
26
9
20
41
36
61
21
46
17
1
53
65
43
67
27
44
19
48
26
54
48
39
37
83
27
6
31
38
32
61
20
48
18
4
54
67
41
69
27
46
21
50
26
57
45
37
38
88
24
13
24
28
35
29
61
20
48
20
2
56
69
39
70
27
48
23
51
26
59
42
37
37
88
20
17
9
6
33
27
62
19
48
21
1
58
70
36
70
27
48
26
50
30
59
42
36
39
88
18
17
33
25
61
18
46
23
4
59
71
37
66
30
47
30
50
32
59
43
36
38
88
19
21
31
26
61
17
45
25
5
60
74
36
68
31
48
32
50
34
60
43
37
39
87
16
19
29
32
26
61
17
42
27
59
70
35
67
31
46
33
46
36
58
43
40
37
82
16
20
9
33
27
61
18
39
28
58
65
36
69
33
44
34
42
33
55
44
40
36
85
18
13
29
24
59
18
37
31
60
62
36
70
34
43
35
40
35
55
41
39
37
86
16
14
26
20
53
18
32
33
57
58
34
62
32
37
35
35
34
49
36
38
37
83
14
9
8
4
23
17
50
17
29
34
54
54
30
57
29
33
34
31
31
43
32
38
35
72
9
7
3
21
13
50
17
30
33
52
53
28
59
28
33
30
30
28
43
31
40
34
78
6
12
3
22
14
51
18
34
34
53
55
29
59
28
34
30
34
30
44
33
40
35
81
6
8
12
22
15
49
19
37
35
55
60
31
57
30
35
32
38
33
46
33
39
37
66
9
22
5
23
17
51
20
40
37
59
65
31
60
32
38
35
43
36
48
33
37
38
77
9
20
9
27
20
50
21
41
38
62
70
35
61
36
40
40
47
39
52
34
34
39
87
12
17
28
20
49
21
41
37
4
63
74
38
59
36
41
40
51
41
55
35
32
40
84
15
25
28
23
50
20
41
36
9
65
77
40
60
37
43
42
54
44
56
36
30
42
82
16
19
4
30
25
49
19
40
36
9
67
78
43
59
39
43
45
55
46
56
37
29
42
72
21
29
2
20
32
25
51
19
42
35
7
69
77
44
59
40
44
45
54
46
56
38
30
41
77
21
26
5
32
23
53
17
44
33
9
71
78
44
63
39
46
47
55
44
58
39
30
41
85
22
26
7
31
22
53
16
44
31
12
71
75
42
64
37
46
47
54
44
58
38
31
41
88
21
31
12
29
22
51
14
43
28
9
68
72
40
62
37
43
43
50
43
54
35
32
39
82
19
30
14
18
26
19
47
13
40
25
1
63
68
37
57
33
40
38
46
38
50
31
34
36
66
15
25
3
24
15
45
10
37
21
57
62
31
53
25
35
31
41
32
45
30
36
34
72
11
15
21
12
44
11
33
20
55
58
27
51
21
30
27
35
27
39
30
38
33
67
7
5
9
17
12
42
11
30
19
53
55
24
45
19
25
24
31
25
34
28
39
31
59
4
8
12
15
18
13
43
11
27
18
50
52
23
43
18
23
22
28
22
31
29
42
29
60
3
15
12
19
14
47
12
29
17
49
49
23
46
17
24
22
26
21
32
32
42
28
57
4
10
14
20
15
50
11
32
15
49
48
25
46
19
25
21
25
21
30
35
42
28
60
7
7
24
18
14
53
11
34
15
48
50
23
49
18
26
20
27
19
31
34
43
28
63
6
7
32
30
17
11
55
12
34
17
50
53
22
51
17
27
20
28
18
33
32
41
28
62
4
13
25
32
21
14
57
14
34
20
53
57
24
54
19
31
22
32
19
36
34
40
30
66
8
16
18
24
16
58
16
34
24
56
62
26
57
19
33
24
36
22
40
36
37
34
69
10
24
26
24
17
56
16
32
25
57
65
25
57
18
32
24
36
21
39
36
34
36
68
10
33
28
27
23
16
51
13
29
24
55
66
22
55
15
30
22
36
17
38
33
33
36
68
6
40
14
39
19
14
46
13
27
25
52
65
19
50
13
28
21
35
15
36
29
32
36
63
4
40
9
13
12
42
12
28
26
52
66
14
47
10
26
19
34
14
35
26
30
37
60
35
19
9
10
36
13
26
25
47
65
10
42
7
22
15
32
10
31
21
28
37
54
28
29
21
3
9
33
14
27
25
44
63
5
38
8
19
12
30
5
28
17
29
36
48
37
38
37
8
31
14
27
23
41
61
2
34
7
17
10
27
3
26
15
30
34
43
42
39
2
10
30
17
26
22
39
58
4
32
8
15
8
25
2
24
17
31
33
43
23
29
6
14
34
20
27
25
41
57
7
38
12
18
11
26
3
28
23
33
33
47
13
25
7
17
36
23
26
27
46
57
10
41
18
21
16
29
8
30
24
33
34
51
18
28
15
9
17
36
22
27
28
48
60
13
42
21
24
18
32
15
35
24
33
34
53
15
20
9
15
36
20
27
27
50
61
14
43
18
25
18
33
16
36
24
32
34
54
19
15
7
13
35
20
25
25
48
60
16
41
19
25
18
32
18
36
22
32
33
51
20
16
6
13
33
21
22
23
45
58
16
40
20
23
17
31
20
35
21
34
31
52
20
12
4
7
12
31
22
20
22
43
55
19
39
20
23
16
29
20
35
19
36
27
49
19
9
10
13
33
24
21
22
45
54
24
41
24
26
19
29
25
37
20
37
27
55
4
12
11
15
18
39
26
26
24
49
56
32
47
29
31
23
34
30
42
24
38
29
61
12
20
13
19
20
46
27
32
25
54
61
38
52
33
37
26
38
37
47
28
39
31
63
16
31
18
9
21
20
50
26
37
25
55
63
39
55
33
39
27
39
37
49
29
41
30
66
17
40
16
21
18
52
23
41
23
53
63
38
56
31
40
25
40
36
49
30
41
30
67
17
49
11
20
15
54
20
45
21
51
63
37
58
30
42
24
41
36
49
30
40
30
67
16
44
16
18
12
55
19
46
19
48
62
33
58
27
42
23
41
35
48
27
39
30
65
12
46
14
30
11
7
51
17
46
18
45
62
29
54
23
39
21
39
30
44
23
39
28
61
8
50
9
14
6
3
46
15
44
15
42
63
23
49
18
36
16
38
25
42
18
38
27
56
2
33
4
41
12
41
12
39
63
16
43
14
33
11
36
19
39
13
37
27
52
14
35
10
38
10
36
60
9
39
8
28
8
34
14
35
8
37
26
48
2
3
32
8
35
7
35
56
4
34
3
24
7
30
12
29
6
39
23
42
5
29
7
34
5
36
52
31
22
6
27
8
27
5
41
21
39
9
27
5
33
4
36
52
29
21
5
28
5
27
7
41
21
39
19
26
4
30
2
35
52
27
19
5
27
4
25
8
41
21
37
22
25
3
29
35
52
26
19
3
28
1
25
8
44
19
35
9
26
3
28
34
53
27
18
3
28
3
26
10
45
18
36
24
4
26
35
54
25
16
4
28
1
25
10
45
19
35
23
3
25
3
38
57
24
14
4
29
1
25
10
45
21
33
22
6
23
7
41
58
24
14
6
29
3
25
10
45
22
33
34
22
8
21
8
42
57
24
14
7
29
