1
1
3
1
1
28
3
1
3
2
2
6
3
3
7
4
6
3
7
7
7
10
7
8
1
5
6
3
1
2
1
1
2
4
2
1
1
12
30
1
1
1
5
3
3
6
4
5
3
6
7
6
9
6
7
1
5
5
3
1
4
1
3
2
1
2
3
2
6
4
1
2
1
23
1
1
5
2
2
6
4
4
2
5
6
6
9
4
6
1
5
3
2
1
1
1
5
1
2
4
2
2
1
3
4
3
7
1
4
1
4
2
1
2
1
13
1
1
24
2
2
2
2
6
3
2
6
4
3
3
4
7
5
10
2
7
1
4
4
1
1
2
2
5
1
1
16
1
1
31
1
1
1
1
5
2
3
6
4
2
2
4
6
6
10
2
7
1
4
3
1
4
2
1
2
1
6
3
1
2
7
23
1
1
5
2
2
5
3
1
1
3
6
5
10
1
6
3
2
1
1
2
2
1
5
1
1
5
2
2
5
3
9
5
2
4
1
3
3
1
4
2
2
4
4
7
4
2
1
1
1
1
5
2
1
5
3
2
1
4
5
5
8
2
5
1
4
1
1
10
2
3
1
2
1
3
5
1
1
2
2
3
2
2
5
4
2
7
4
4
1
7
5
8
9
7
5
2
5
1
3
3
15
10
1
1
3
3
3
1
1
24
32
17
3
1
3
2
2
5
4
3
7
4
6
1
9
5
10
9
8
5
1
5
1
4
44
47
1
1
1
1
1
45
55
45
67
9
1
1
66
93
19
3
1
3
2
3
5
5
2
7
4
7
2
9
5
9
8
10
4
1
5
2
5
86
106
2
2
2
1
3
3
3
3
1
2
1
78
99
64
92
75
101
25
3
1
3
1
2
4
3
2
6
3
6
2
8
4
7
8
8
4
1
4
2
5
93
106
1
3
1
2
1
2
1
3
4
4
4
4
2
1
2
84
101
68
111
70
106
9
3
1
2
1
1
3
3
1
5
2
5
2
7
3
6
6
7
2
1
3
2
4
85
94
3
1
3
2
1
5
2
1
5
2
5
1
6
2
5
5
5
1
2
4
1
4
80
89
61
90
65
90
15
2
2
3
2
1
4
1
4
1
5
2
5
5
6
1
1
3
2
3
78
85
5
3
4
2
3
5
3
1
5
2
6
2
7
3
7
6
8
3
3
4
3
5
77
89
2
58
79
53
73
13
1
1
1
2
1
2
1
3
3
1
4
4
5
1
2
1
2
70
77
11
5
3
3
3
3
5
4
2
6
3
7
3
8
5
6
8
7
4
2
4
4
6
72
75
1
1
56
77
46
66
34
1
1
1
1
1
3
1
1
56
70
30
5
3
4
3
3
5
4
3
7
3
7
4
8
5
7
8
8
5
2
4
6
6
64
77
1
1
1
49
75
32
69
25
1
42
71
40
5
4
4
3
3
4
4
2
7
4
7
4
8
7
8
9
8
5
2
5
6
6
56
77
10
2
3
1
2
1
1
1
1
3
2
1
1
41
55
23
37
25
32
55
45
5
3
3
3
3
5
3
2
6
3
6
3
7
5
6
7
7
4
1
4
5
6
41
57
20
3
1
3
2
1
2
2
3
1
3
2
2
4
1
1
2
2
1
3
32
43
17
30
25
19
21
48
5
3
3
2
1
4
2
2
5
2
7
3
7
4
6
7
5
3
1
3
4
5
29
24
31
4
3
4
3
1
4
1
1
4
2
5
2
6
3
4
6
4
3
2
3
3
4
27
33
1
18
34
6
36
45
44
3
2
1
1
2
1
4
1
4
1
4
2
4
5
4
1
2
3
3
72
63
23
5
2
4
3
2
3
2
1
5
2
6
2
7
3
6
7
5
3
2
3
4
5
73
59
1
66
65
67
68
25
3
1
1
1
3
1
4
1
3
1
3
4
2
2
1
4
74
72
32
6
3
3
3
3
3
3
2
6
3
7
3
7
5
7
7
6
3
2
4
5
6
83
86
6
1
1
66
82
3
55
74
40
1
2
2
3
1
1
59
86
38
6
4
4
3
3
4
5
3
8
4
7
2
8
5
9
10
8
6
3
5
4
7
37
74
3
1
2
2
40
38
31
1
35
45
6
4
4
3
3
3
4
2
7
3
8
4
9
5
8
7
8
4
2
3
5
7
13
42
4
2
3
2
1
2
3
2
2
1
2
1
3
28
52
35
52
15
40
56
17
6
5
3
3
2
3
2
2
5
3
8
3
8
5
6
7
7
4
2
4
5
7
46
60
4
3
3
4
1
3
3
1
4
2
3
3
2
4
1
1
3
3
3
5
23
45
1
1
20
4
9
6
5
3
4
2
3
2
2
5
2
7
5
6
6
5
7
4
5
2
4
8
7
6
5
4
5
3
3
1
1
4
1
5
3
5
4
3
6
2
3
3
2
6
5
1
1
1
16
5
4
3
3
1
2
1
1
4
2
5
5
5
5
3
7
3
3
2
3
7
6
1
8
6
5
5
3
3
3
3
6
4
7
7
6
6
5
8
3
5
4
4
8
7
6
1
1
1
2
1
19
5
3
2
3
1
2
4
2
3
3
1
5
2
1
2
5
4
13
7
6
5
5
3
2
3
2
5
3
7
6
5
7
5
7
4
5
3
3
8
7
1
2
2
1
3
4
2
2
2
1
3
2
2
1
2
1
3
3
4
9
7
7
5
5
3
4
3
7
3
11
6
10
6
7
7
9
3
4
5
8
10
92
66
4
1
4
2
5
4
4
1
2
4
241
184
1
3
456
353
18
3
3
1
1
9
12
6
19
7
660
566
34
8
1
7
8
8
7
1
17
22
17
34
3
4
13
767
763
4
4
3
4
3
11
17
12
27
2
1
7
667
791
1
5
3
13
441
688
1
5
5
11
194
517
2
3
1
2
5
3
9
5
5
9
4
11
11
11
6
1
4
4
281
1
1
2
1
1
2
5
4
1
5
5
10
8
3
3
92
1
27
9
27
6
5
2
4
2
2
1
2
5
3
6
5
5
6
5
8
2
6
2
3
7
6
10
6
7
4
6
2
2
2
1
5
2
5
5
4
5
2
7
1
4
1
4
3
7
6
3
2
2
15
58
6
6
3
4
1
1
1
1
3
2
5
5
3
5
3
7
1
4
2
3
7
6
36
8
7
4
6
2
3
1
2
5
3
8
6
5
7
4
8
1
5
3
3
8
8
1
1
2
1
2
9
1
38
5
4
2
3
1
4
4
1
4
4
3
1
1
7
5
38
7
7
4
6
3
2
2
3
5
3
7
7
5
7
3
8
1
6
3
4
10
8
2
1
1
3
1
1
3
1
1
1
22
3
3
2
2
2
3
2
3
1
1
5
3
15
9
8
5
5
3
2
2
3
5
4
8
8
6
8
5
9
3
7
3
3
11
8
3
3
3
4
1
3
1
2
1
3
4
3
1
1
1
13
3
2
3
2
1
1
3
2
31
9
7
4
6
3
2
2
3
6
3
9
7
6
8
4
9
3
7
3
4
11
8
4
4
3
5
1
2
4
3
4
2
1
3
1
5
3
1
2
5
1
1
1
15
8
7
5
5
4
2
2
3
5
3
7
7
5
6
4
8
1
7
4
4
11
8
6
5
5
5
2
1
2
1
4
5
1
4
1
5
4
5
2
8
5
1
1
3
1
1
11
6
5
3
5
1
1
2
4
2
5
5
2
6
2
7
5
2
2
9
5
6
6
4
6
2
1
1
2
4
2
4
5
3
6
2
7
4
5
3
7
5
3
1
3
3
1
1
32
5
5
3
5
1
1
2
3
2
3
6
2
6
2
7
5
3
3
8
5
11
7
7
4
6
3
1
2
3
4
3
4
7
3
6
4
8
6
5
4
9
5
3
2
3
1
1
16
4
4
1
4
1
2
1
4
4
6
3
3
2
6
3
9
7
7
4
7
3
2
3
3
6
4
5
7
4
8
3
9
7
1
5
5
10
6
1
4
1
1
2
3
1
6
2
2
3
1
3
2
4
1
2
4
1
6
6
7
3
7
3
1
2
3
6
3
4
7
4
8
4
9
6
4
4
9
5
1
1
1
4
1
1
2
1
3
1
1
3
1
1
3
1
1
3
6
6
3
6
3
3
3
6
3
4
7
3
9
4
10
7
3
4
10
4
3
2
3
5
1
1
4
4
5
3
1
4
1
4
1
1
1
15
1
1
39
6
5
3
6
3
3
3
6
4
4
7
4
8
5
10
7
3
5
9
5
12
4
3
3
5
1
1
3
1
1
4
5
1
7
4
4
2
5
2
1
5
25
4
3
2
3
1
1
1
5
2
2
3
2
4
3
8
6
2
3
6
3
4
3
3
4
2
1
4
2
1
3
2
4
2
7
5
3
3
5
3
1
2
2
3
2
1
3
1
2
1
4
1
3
4
3
4
3
7
3
2
2
4
3
6
4
4
5
3
2
2
5
3
4
4
5
5
4
8
1
5
4
3
5
4
1
1
4
3
1
1
2
2
2
1
3
2
2
5
1
1
1
3
35
6
5
4
5
4
3
2
6
3
6
4
7
5
7
8
5
5
3
4
5
6
18
54
1
1
3
1
1
3
17
65
19
74
2
1
2
1
1
2
2
2
1
2
46
96
7
6
5
6
4
5
3
7
4
8
5
9
6
8
9
8
4
3
5
6
8
72
115
2
1
2
4
1
1
1
3
2
69
120
1
63
122
3
1
2
1
1
1
3
80
131
21
8
6
5
5
4
4
2
7
3
9
5
9
4
9
8
9
3
4
4
6
8
96
134
4
2
3
4
1
2
4
1
3
3
3
2
1
4
1
1
4
89
118
1
1
76
106
83
104
3
8
6
4
5
3
3
1
6
2
9
4
8
4
7
8
9
3
3
3
6
8
99
109
6
4
5
5
2
1
3
6
2
5
1
4
4
3
1
4
2
3
5
89
106
1
2
70
100
1
75
101
10
8
5
4
5
3
3
1
6
2
8
4
7
4
6
7
6
3
2
3
6
8
91
111
7
5
5
6
3
2
1
4
1
7
4
7
3
5
5
5
1
1
4
3
5
7
85
106
1
1
2
63
77
63
78
8
6
3
3
4
1
1
4
6
3
6
2
5
5
4
1
1
1
3
6
79
91
9
7
5
6
3
2
1
5
2
9
5
8
5
7
7
7
3
1
4
4
5
8
76
87
1
1
76
106
83
104
3
8
6
4
5
3
3
1
6
2
9
4
8
4
7
8
9
3
3
3
6
8
99
109
6
4
5
5
2
1
3
6
2
5
1
4
4
3
1
4
2
3
5
89
106
1
2
70
100
1
75
101
10
8
5
4
5
3
3
1
6
2
8
4
7
4
6
7
6
3
2
3
6
8
91
111
7
5
5
6
3
2
1
4
1
7
4
7
3
5
5
5
1
1
4
3
5
7
85
106
1
1
2
63
77
63
78
8
6
3
3
4
1
1
4
6
3
6
2
5
5
4
1
1
1
3
6
79
91
9
7
5
6
3
2
1
5
2
9
5
8
5
7
7
7
3
1
4
4
5
8
76
87
5
3
4
5
2
1
4
2
3
1
2
1
4
1
2
5
36
39
1
1
2
20
18
1
1
1
1
24
2
18
9
7
4
6
3
3
2
6
2
9
5
8
5
6
7
7
4
3
3
8
10
42
7
5
4
5
2
2
6
3
5
1
3
4
3
3
1
4
6
33
1
1
1
11
15
1
1
21
39
8
6
4
6
2
3
1
5
1
9
5
8
5
6
7
6
3
2
3
6
9
46
1
17
7
5
5
6
3
2
1
4
8
3
7
3
4
5
5
2
4
3
4
7
58
10
2
1
2
59
19
7
1
1
67
34
36
6
4
3
4
2
2
3
6
2
6
2
5
4
6
1
2
1
4
7
89
40
31
8
6
5
5
4
3
1
5
2
9
3
8
3
6
6
7
3
3
3
5
8
92
36
4
1
1
2
1
3
74
35
8
1
75
41
41
6
4
2
4
1
1
3
6
2
5
1
3
4
4
2
1
3
7
88
46
31
10
7
5
6
5
4
2
7
3
10
4
9
5
7
8
9
4
4
4
6
10
92
38
4
2
3
1
2
3
2
68
39
1
30
36
31
2
1
1
2
2
3
3
2
2
2
1
4
17
23
34
9
6
5
5
5
5
3
7
4
9
4
10
5
8
9
9
5
4
4
6
10
9
13
3
4
1
3
3
1
1
1
2
3
3
6
1
2
31
3
1
1
1
3
2
2
1
4
23
16
34
10
7
6
6
5
4
2
7
3
11
4
11
5
8
8
11
4
4
4
7
11
61
42
5
6
3
4
5
2
1
5
1
4
3
3
3
1
4
1
1
5
54
32
1
1
33
14
13
2
1
1
1
2
28
3
36
10
8
5
7
4
3
2
5
2
10
6
9
6
7
9
7
5
3
4
8
10
16
13
7
6
4
7
2
2
7
4
5
3
2
5
2
2
2
4
2
5
7
2
2
1
15
1
1
1
29
9
7
5
6
3
2
1
5
1
8
5
7
5
4
8
4
5
4
3
9
10
4
9
7
6
7
3
2
1
4
1
8
6
6
5
3
7
4
4
1
4
3
7
8
2
1
2
3
1
1
45
10
7
6
6
5
4
2
7
3
11
4
11
5
8
8
11
4
4
4
7
11
61
42
5
6
3
4
5
2
1
5
1
4
3
3
3
1
4
1
1
5
54
32
1
1
33
14
13
2
1
1
1
2
28
3
36
10
8
5
7
4
3
2
5
2
10
6
9
6
7
9
7
5
3
4
8
10
16
13
7
6
4
7
2
2
7
4
5
3
2
5
2
2
2
4
2
5
7
2
2
1
15
1
1
1
29
9
7
5
6
3
2
1
5
1
8
5
7
5
4
8
4
5
4
3
9
10
4
9
7
6
7
3
2
1
4
1
8
6
6
5
3
7
4
4
1
4
3
7
8
2
1
2
3
1
1
45
5
3
2
3
11
14
9
26
9
717
773
69
9
1
6
7
9
7
1
17
21
17
1
33
2
5
14
559
733
31
3
3
3
4
3
8
12
10
21
3
1
7
316
599
3
3
37
384
28
1
3
144
57
5
4
1
5
2
4
4
8
5
4
5
5
9
7
14
3
12
2
4
7
5
12
31
5
3
3
6
2
1
1
4
2
3
3
2
5
3
9
6
4
2
4
4
9
1
1
2
43
1
1
1
1
75
10
7
5
7
3
3
1
4
1
9
6
6
7
5
9
4
6
3
3
9
9
49
10
8
6
8
4
2
1
4
1
8
7
5
7
4
9
2
6
2
5
3
9
8
16
3
1
2
3
3
3
26
5
3
2
3
11
14
9
26
9
717
773
69
9
1
6
7
9
7
1
17
21
17
1
33
2
5
14
559
733
31
3
3
3
4
3
8
12
10
21
3
1
7
316
599
3
3
37
384
28
1
3
144
57
5
4
1
5
2
4
4
8
5
4
5
5
9
7
14
3
12
2
4
7
5
12
31
5
3
3
6
2
1
1
4
2
3
3
2
5
3
9
6
4
2
4
4
9
1
1
2
43
1
1
1
1
75
10
7
5
7
3
3
1
4
1
9
6
6
7
5
9
4
6
3
3
9
9
49
10
8
6
8
4
2
1
4
1
8
7
5
7
4
9
2
6
2
5
3
9
8
16
3
1
2
3
3
3
26
1
2
1
52
9
7
5
6
3
1
1
4
1
7
6
5
6
3
8
1
5
3
2
9
9
41
10
9
5
8
4
2
2
4
2
9
7
6
7
4
8
2
7
1
4
3
10
10
4
3
2
1
4
1
2
3
1
2
15
1
57
5
4
1
4
4
4
1
3
4
2
1
6
6
56
10
8
5
7
3
2
2
5
1
9
7
6
7
4
9
3
7
4
3
10
10
31
4
2
2
5
1
1
2
3
1
3
22
1
51
6
4
1
4
4
4
1
2
3
1
1
5
5
63
11
9
5
8
5
3
3
6
3
11
9
8
8
6
10
5
7
1
4
4
12
11
28
5
4
3
5
3
3
1
2
3
3
4
5
24
2
2
2
60
4
3
1
3
1
2
1
1
3
3
66
10
9
6
7
4
3
3
6
2
10
7
7
8
5
10
4
8
4
4
12
11
33
7
5
4
7
1
1
5
5
1
4
4
3
2
5
1
6
6
20
1
1
1
60
2
1
3
1
1
1
4
86
10
7
5
8
3
3
3
6
3
10
7
7
8
5
9
3
7
4
4
11
11
52
8
5
4
7
2
1
2
1
6
5
4
5
1
6
4
1
5
2
7
7
26
1
2
1
3
50
1
1
66
8
6
3
6
2
2
2
4
2
6
6
4
7
3
8
6
3
3
9
9
37
8
7
4
7
3
1
1
3
1
6
6
4
5
2
7
4
1
5
2
8
7
6
1
1
3
2
3
27
1
1
59
7
5
2
5
1
1
3
5
5
2
5
2
7
4
3
2
8
6
41
9
7
5
8
3
2
2
4
1
6
6
4
7
3
9
6
5
4
10
8
2
1
3
1
3
15
1
2
54
5
4
2
5
1
2
2
4
1
3
1
5
3
3
1
7
4
42
8
7
4
7
4
3
3
5
3
6
7
5
7
4
10
1
7
4
3
10
7
9
2
1
1
4
1
1
2
3
10
1
1
1
46
3
2
4
3
2
4
2
1
4
2
48
8
7
4
8
4
3
3
6
3
6
7
5
8
5
9
7
4
4
10
7
8
3
2
2
5
2
1
2
2
4
2
1
4
1
1
45
1
3
1
2
1
61
7
7
3
8
3
4
3
7
3
6
8
5
9
5
10
1
8
3
4
9
7
34
4
3
2
7
1
1
1
3
4
5
2
2
4
1
4
2
13
2
1
2
37
2
1
2
53
6
5
3
6
3
3
2
5
3
5
6
5
7
5
10
1
7
3
3
7
6
27
4
3
3
5
2
1
2
2
3
1
4
1
6
3
4
2
4
3
1
1
1
2
19
1
1
42
6
4
4
5
4
3
2
5
2
5
4
5
5
5
9
2
7
4
3
7
6
18
6
4
4
6
3
2
2
4
1
4
4
4
4
4
8
6
5
3
5
5
5
2
1
3
31
65
4
2
1
3
2
2
3
3
2
3
3
4
5
2
2
2
1
4
5
57
7
5
4
6
5
4
2
6
3
6
4
7
5
6
9
5
5
5
4
6
7
4
16
1
2
1
3
6
28
1
1
19
72
4
2
2
3
2
2
3
4
2
4
2
4
6
3
1
3
2
2
5
21
41
60
8
6
5
