3
29
4
12
39
49
13
130
2
71
154
128
18
1
27
13
37
44
12
129
68
160
122
17
2
26
2
14
36
53
13
130
1
69
158
120
19
3
28
2
13
38
53
15
128
70
165
125
1
23
4
29
1
10
40
48
16
128
72
159
128
21
3
30
2
9
41
55
16
127
73
149
129
18
25
2
36
47
10
120
69
150
133
21
27
2
39
47
11
121
73
148
137
18
24
3
38
48
7
121
70
137
143
16
23
6
37
47
6
121
69
129
136
16
24
1
8
2
38
48
3
7
122
72
134
130
6
13
29
39
112
63
135
135
6
12
32
39
110
63
139
137
1
5
24
33
104
60
147
134
16
29
97
55
150
120
21
33
100
57
151
113
21
27
97
59
163
117
24
36
100
61
161
121
20
36
98
58
148
130
2
1
25
34
102
62
5
143
138
5
5
4
30
43
6
108
65
8
139
141
7
4
31
39
1
108
67
10
127
137
10
7
1
1
3
32
33
3
114
70
12
119
131
8
9
2
2
3
7
32
39
4
118
3
69
16
118
138
13
14
4
8
2
38
51
2
122
5
73
12
130
135
15
17
3
10
1
2
39
45
3
123
7
73
6
134
135
14
15
1
10
1
3
38
46
120
5
74
12
137
130
17
16
1
12
3
41
48
1
120
6
77
13
138
126
21
18
4
15
2
7
1
44
48
3
122
10
79
14
140
121
14
12
9
38
44
116
3
73
12
145
113
13
10
5
38
37
113
72
11
142
109
19
14
1
5
40
34
116
77
18
141
106
19
14
4
5
37
45
1
120
76
13
143
104
19
16
8
7
38
46
5
125
2
75
17
142
110
18
5
16
12
9
37
42
8
130
5
75
6
144
120
16
5
16
14
12
37
46
8
132
5
75
141
122
18
3
18
9
12
39
42
7
130
2
80
142
115
24
8
26
14
20
3
2
45
48
14
136
9
82
133
114
3
28
12
33
19
28
9
8
3
51
1
54
18
142
15
86
134
128
23
5
30
12
23
3
1
45
1
50
13
134
8
83
134
119
21
1
28
7
21
44
48
9
129
4
80
132
109
18
24
6
18
40
46
6
127
5
76
135
109
13
19
5
12
1
36
41
124
4
73
124
101
12
18
7
12
1
36
40
123
3
74
122
111
8
15
4
7
31
34
119
70
115
116
11
17
4
6
34
33
120
2
74
114
113
11
20
8
10
3
37
46
125
7
76
114
120
11
22
10
14
7
3
4
36
44
3
128
10
74
117
119
10
20
5
12
1
1
34
36
3
124
6
73
121
112
19
3
30
12
22
8
13
6
46
61
5
2
11
132
16
81
130
108
18
2
30
10
22
7
13
7
46
57
7
3
10
130
14
82
142
108
8
20
11
2
35
48
117
1
73
145
112
15
27
3
17
1
9
4
42
58
2
5
119
7
81
141
113
14
28
1
16
9
42
53
6
1
5
117
5
80
137
107
16
30
4
17
3
11
7
45
56
7
8
118
8
80
135
120
15
30
1
16
9
45
58
7
2
6
116
6
81
137
129
12
27
13
5
43
55
5
1
2
111
1
80
134
128
12
27
12
4
45
53
4
1
110
80
126
128
11
24
7
42
49
108
79
122
130
10
24
5
39
48
2
109
76
125
127
12
27
9
41
43
6
112
79
128
125
19
33
15
5
47
57
6
4
13
119
2
86
127
128
19
32
2
15
6
49
64
5
4
12
120
4
86
131
119
17
28
2
13
5
47
54
5
3
9
119
5
86
142
108
16
26
5
13
1
8
45
59
6
2
9
120
8
86
141
110
12
23
5
11
1
8
43
55
6
3
7
119
7
83
133
114
12
23
6
12
1
9
44
56
6
3
9
120
10
84
121
122
14
25
5
12
7
45
58
6
5
11
122
9
85
117
124
18
2
30
10
16
6
13
2
49
61
8
5
16
128
14
89
124
127
20
4
33
12
19
10
16
9
51
64
3
10
6
19
131
17
93
128
133
12
25
1
10
5
43
52
2
3
11
123
6
85
131
128
14
27
4
16
1
8
45
56
4
4
15
128
11
86
128
134
11
23
13
3
40
52
11
123
4
84
133
125
6
16
7
37
47
4
116
82
137
113
7
16
8
38
52
1
3
116
83
138
114
3
10
3
34
45
111
78
133
115
1
9
1
34
40
106
79
132
121
6
32
46
2
100
79
133
131
4
8
36
54
3
102
81
131
134
2
5
35
47
1
98
80
128
134
1
32
45
94
77
128
130
1
30
44
92
76
128
115
30
41
90
74
131
110
29
42
91
72
127
106
30
42
87
75
125
104
4
1
35
44
89
81
136
107
4
3
32
51
91
76
135
106
3
2
34
50
91
77
135
109
3
3
36
46
92
81
135
110
1
32
51
91
77
130
111
29
45
89
76
128
124
24
36
86
70
129
126
25
39
87
71
121
125
25
46
86
70
119
117
19
37
78
67
126
102
12
32
70
60
125
100
11
30
70
59
122
108
14
33
73
64
132
120
12
31
74
61
129
121
13
32
77
60
124
126
17
32
81
62
130
125
15
30
83
62
129
114
12
28
81
59
132
119
10
25
80
55
128
110
10
27
81
58
119
108
15
27
85
64
109
103
18
32
93
71
110
109
19
43
91
68
124
117
23
42
93
69
135
122
25
43
4
94
73
136
122
23
45
1
90
72
132
118
23
40
86
70
132
116
25
42
83
71
134
118
2
2
32
48
1
90
79
140
129
10
11
37
56
7
8
101
83
139
118
12
13
39
56
8
8
105
84
131
111
11
13
37
54
7
6
105
80
125
120
12
13
38
55
6
5
105
80
126
123
10
10
37
45
5
6
100
81
124
121
5
4
32
39
2
4
94
77
119
126
5
4
34
54
3
1
92
79
122
128
3
3
35
55
6
2
91
80
113
133
2
3
34
52
4
6
91
80
109
130
1
2
34
51
3
4
89
81
109
117
29
42
2
85
75
27
109
122
24
43
84
72
50
113
124
11
31
74
57
83
122
118
3
21
69
49
127
119
118
7
23
72
52
141
119
117
12
22
72
53
140
124
123
24
31
78
67
144
126
6
37
46
3
87
81
160
127
14
3
44
49
8
91
88
139
125
12
24
11
1
56
50
3
15
100
101
128
120
10
23
10
53
50
2
17
100
100
127
118
10
39
43
88
85
121
113
6
33
37
86
80
111
117
1
28
31
83
74
109
120
26
30
81
72
122
96
23
30
78
72
131
97
22
30
69
74
134
136
28
37
74
78
130
118
30
43
79
77
133
118
29
42
79
78
134
119
31
47
3
82
79
128
110
30
47
82
77
123
113
31
46
80
78
118
112
30
44
79
77
115
122
32
46
79
79
110
126
30
39
78
77
115
116
27
34
78
73
120
118
32
52
1
86
77
128
121
25
43
81
73
133
123
19
32
76
68
129
113
24
35
77
72
131
110
21
42
75
71
131
116
16
33
74
65
126
116
15
28
73
63
123
113
21
37
77
68
117
119
32
41
88
77
128
122
6
1
36
46
91
82
128
125
4
31
38
89
77
121
118
11
2
37
44
94
81
124
115
9
36
36
92
80
129
113
6
31
30
89
78
132
106
7
32
44
88
80
132
103
6
32
36
84
77
131
100
7
34
35
86
79
122
108
8
36
42
84
83
110
111
8
37
37
82
84
112
112
11
43
42
83
90
6
114
112
13
45
45
84
93
11
116
107
7
37
40
79
82
126
98
2
34
37
73
81
2
127
93
3
36
39
75
83
12
125
100
2
35
41
79
80
2
125
113
34
39
75
80
4
129
115
31
37
74
81
12
124
126
33
36
74
83
19
126
127
32
34
74
82
20
125
129
28
41
74
78
17
117
132
26
34
75
75
16
115
120
30
35
81
80
17
116
117
29
36
81
77
9
118
104
23
26
76
72
5
121
90
24
29
79
74
4
126
97
24
32
77
74
135
100
27
34
78
78
136
100
29
35
79
78
130
105
29
35
76
80
124
110
22
25
68
75
121
115
19
37
68
73
124
124
20
39
68
74
118
120
20
31
67
73
115
115
20
35
68
74
119
114
22
30
66
75
121
106
27
46
70
79
128
103
26
40
71
78
139
100
29
39
72
83
135
105
2
32
44
76
85
130
112
1
31
41
80
82
130
116
7
37
48
82
89
122
122
9
38
44
77
89
111
125
14
42
46
78
92
112
128
14
39
44
75
89
109
131
15
38
43
76
88
111
121
19
40
43
80
92
112
119
23
42
42
5
85
90
116
106
25
43
36
7
90
91
118
99
25
1
42
44
8
91
90
117
108
25
4
42
52
9
92
90
114
113
21
3
42
42
5
89
91
108
107
23
7
45
48
5
91
93
110
114
22
7
43
44
2
89
92
111
120
18
3
40
36
84
90
115
117
16
39
36
79
89
117
124
15
1
40
33
80
89
113
116
10
36
30
78
84
117
111
13
2
42
46
80
93
119
118
14
5
41
41
82
92
115
107
12
4
36
33
85
85
114
100
20
13
43
38
2
94
2
91
121
104
30
4
25
2
10
3
49
52
3
5
11
104
10
97
122
110
25
24
8
4
44
51
1
8
101
7
93
115
112
16
14
35
34
93
84
108
105
19
13
38
40
3
95
88
108
107
16
10
35
34
2
93
85
111
116
12
4
31
30
89
82
102
121
5
26
28
82
79
99
101
23
24
76
77
104
102
21
28
71
75
108
108
21
30
66
76
111
103
29
35
69
84
116
106
27
35
68
78
105
103
26
33
65
78
93
106
3
30
40
72
83
95
118
4
31
34
73
84
91
121
2
30
39
73
84
87
124
3
31
48
76
83
90
132
1
30
39
74
82
93
128
28
38
68
81
92
111
30
37
66
83
105
109
32
38
68
84
116
111
33
39
65
85
108
102
30
37
64
83
100
103
3
32
40
67
85
91
98
3
34
41
69
87
92
98
5
34
41
71
88
102
94
9
1
39
43
75
95
99
93
10
3
40
43
78
94
101
109
13
6
44
50
2
1
83
98
102
115
12
5
47
51
1
81
102
105
115
5
38
53
76
95
105
112
8
6
42
51
80
96
108
108
5
1
41
51
76
95
112
110
4
40
53
72
97
113
101
7
1
44
53
1
70
100
108
94
10
3
48
59
1
5
73
103
112
92
10
2
48
58
3
8
69
103
119
99
9
48
57
7
66
105
111
100
9
1
48
56
1
6
68
105
106
93
9
2
44
52
1
7
70
100
105
104
12
3
45
51
5
74
99
103
118
16
6
45
48
1
2
78
96
93
118
16
7
41
39
3
80
94
88
119
20
14
43
43
8
87
99
91
113
23
3
21
1
7
45
59
6
3
12
95
7
98
91
109
17
16
41
47
7
91
91
101
104
7
7
32
38
83
88
114
101
9
14
33
45
1
89
87
112
110
10
15
37
45
1
89
90
115
100
8
14
36
47
86
88
111
102
6
13
34
46
84
86
101
115
6
14
35
47
1
83
86
97
135
9
17
39
51
2
7
89
90
4
93
144
1
10
32
42
1
84
82
44
90
137
17
29
75
67
65
93
126
12
28
70
63
133
92
115
9
18
67
59
151
101
111
5
10
67
56
153
109
99
6
23
67
58
24
126
87
17
36
77
68
149
92
8
28
44
6
17
86
81
135
89
3
26
47
7
17
82
80
109
98
21
37
10
72
71
98
111
17
32
4
66
70
92
120
10
29
62
63
90
119
6
15
55
57
86
110
7
20
56
60
91
112
6
28
55
55
113
99
4
17
53
54
120
95
9
25
56
60
111
90
9
21
58
60
107
83
3
10
56
57
98
92
4
23
56
57
99
97
6
24
63
57
101
110
8
21
66
59
92
120
6
24
63
58
98
122
6
21
58
60
91
126
7
22
54
62
95
117
7
23
53
61
112
110
9
26
52
63
117
107
10
25
50
65
106
100
9
26
48
64
96
105
13
29
50
65
95
116
15
30
53
70
95
118
9
27
45
66
87
119
5
17
42
61
84
112
11
26
48
67
88
109
9
34
43
65
99
108
5
25
41
63
113
102
11
30
43
67
118
97
8
23
38
63
111
93
5
22
40
60
103
89
17
32
54
69
98
93
12
23
52
65
83
99
12
23
51
65
82
110
17
27
58
68
88
113
12
21
57
64
87
106
16
24
60
67
7
93
106
20
26
62
69
8
97
98
23
25
59
72
9
105
95
21
18
58
69
8
108
89
21
17
58
70
12
106
89
21
25
61
68
10
108
93
22
21
61
67
11
101
101
26
36
63
72
11
99
108
22
29
61
68
3
100
115
22
28
59
66
6
92
112
24
35
61
68
9
90
111
28
34
61
72
23
93
112
1
31
40
63
77
27
92
101
1
30
40
62
75
18
86
103
28
38
61
75
22
83
104
22
34
59
69
16
84
97
21
33
59
67
9
88
102
20
34
60
68
6
83
105
16
24
58
61
2
79
103
16
26
58
63
87
111
19
41
60
67
84
110
21
35
60
68
80
108
22
36
59
70
88
110
22
36
59
71
90
105
19
34
55
70
86
104
25
41
1
58
75
83
103
22
37
55
74
81
100
19
33
51
72
85
106
18
33
53
71
93
107
14
30
51
68
87
112
10
25
51
65
85
111
12
26
54
65
86
108
19
34
61
73
87
112
4
19
33
59
73
88
108
19
30
55
73
82
96
22
26
2
60
75
80
96
17
26
57
71
81
92
14
32
55
67
86
101
15
25
57
66
86
117
18
30
59
71
84
111
24
36
65
74
91
104
3
29
40
3
3
68
79
87
107
19
35
63
72
86
115
1
17
37
65
69
97
117
6
2
24
44
5
3
68
72
95
109
3
16
39
3
63
65
93
104
3
17
34
1
59
68
90
101
5
2
19
40
4
2
60
69
92
100
11
5
22
48
6
2
64
68
100
105
9
2
18
34
2
61
66
99
107
8
1
15
35
2
3
61
65
100
105
10
3
23
50
6
3
64
72
101
110
8
3
23
46
8
3
64
70
93
110
5
3
3
20
41
4
64
66
92
102
15
38
54
64
96
98
19
38
52
68
91
95
21
40
2
53
66
88
103
16
36
48
62
95
107
21
43
3
1
51
70
97
107
1
1
23
47
8
7
55
73
96
95
21
42
1
2
54
68
95
87
15
37
49
64
96
86
17
37
48
68
95
96
22
38
51
74
98
101
16
27
46
68
91
101
15
35
48
65
86
112
21
44
55
74
95
119
21
39
1
1
57
74
96
113
14
34
56
67
99
108
1
2
15
35
60
68
93
116
9
33
54
62
80
117
10
35
55
66
82
120
2
1
1
14
40
4
3
57
1
67
83
117
11
37
53
64
82
122
13
38
4
3
56
67
87
126
10
38
2
1
56
66
89
118
10
35
54
65
85
106
9
31
51
62
83
106
13
32
58
65
87
111
4
1
4
14
33
60
65
86
105
10
37
53
64
84
103
9
36
50
61
88
103
7
34
51
60
95
103
10
39
53
65
95
104
10
36
51
64
88
96
10
34
47
65
77
98
15
37
47
67
78
101
13
39
45
67
83
98
12
36
44
65
84
95
18
38
48
69
73
97
3
1
1
25
45
2
3
58
78
67
103
8
2
1
29
46
2
2
64
83
76
99
6
3
2
24
43
65
78
82
93
2
10
9
2
7
28
46
3
1
3
72
5
80
80
101
8
4
29
43
4
70
1
82
74
106
2
2
22
34
65
79
68
109
4
5
23
44
67
80
73
105
2
7
10
5
27
45
2
70
4
83
77
104
1
4
24
39
65
81
77
98
2
4
23
44
64
81
82
93
5
20
36
62
80
79
96
19
38
60
79
76
93
1
3
20
39
63
2
78
75
95
5
15
37
61
3
75
76
97
4
17
39
2
61
3
77
71
104
2
6
3
5
19
40
6
62
7
81
74
106
3
4
4
3
20
44
2
7
61
7
81
75
104
12
36
54
73
25
76
85
9
32
49
67
60
78
86
7
27
44
65
97
75
85
3
19
40
61
169
72
80
1
30
41
57
175
71
86
8
33
47
65
188
73
90
3
19
37
56
78
71
83
94
10
3
25
49
7
11
62
84
98
96
18
1
11
4
36
57
18
26
69
6
94
92
82
23
4
16
4
41
61
23
32
72
9
103
72
81
18
1
11
4
40
68
20
27
66
5
101
65
84
5
34
58
10
16
53
93
64
71
4
2
34
53
10
17
54
94
65
77
1
2
31
54
7
14
53
93
71
87
24
43
2
7
50
86
68
88
1
22
41
6
54
83
65
84
20
37
3
51
81
68
78
20
39
2
52
80
72
77
2
7
23
41
1
5
58
83
76
94
20
34
2
50
79
72
98
23
42
50
79
68
97
24
39
57
84
73
101
17
36
55
75
72
90
22
38
61
77
70
91
23
36
4
61
81
67
95
27
40
1
61
85
73
95
1
1
26
38
62
85
77
96
2
1
28
39
63
86
72
97
25
37
58
83
73
100
21
33
53
79
72
100
3
1
30
41
1
59
89
69
101
3
1
28
37
59
1
86
67
103
2
27
37
59
82
67
97
5
30
41
64
84
70
88
3
25
37
63
77
71
95
10
6
7
34
45
3
69
6
87
2
76
105
10
3
1
35
45
6
68
5
90
2
72
109
6
28
39
3
64
84
1
79
103
9
1
30
40
5
66
2
88
11
86
94
6
28
45
2
61
84
9
83
89
3
27
44
1
59
84
8
83
92
28
40
1
57
86
17
75
93
29
41
2
54
84
27
74
84
27
37
50
84
26
75
82
31
40
2
52
89
37
77
90
30
41
54
86
42
78
97
27
37
51
84
36
83
91
27
37
52
84
34
80
88
25
38
57
80
36
80
85
24
34
54
79
40
88
80
16
28
50
71
36
100
73
17
29
52
73
40
95
75
3
21
30
58
79
47
88
84
6
20
35
62
3
74
47
83
98
5
21
27
61
3
75
44
75
105
16
30
53
71
41
75
108
18
34
56
72
49
70
106
1
18
29
60
4
74
52
70
100
11
29
54
65
43
79
97
16
31
54
71
50
76
92
3
21
38
4
58
2
76
51
82
86
17
32
55
1
72
37
85
79
15
33
52
70
28
79
75
5
2
20
36
3
61
4
74
30
82
80
6
20
35
2
61
3
77
26
83
81
4
20
37
5
58
76
16
90
85
7
22
38
8
62
3
75
12
91
85
5
21
36
10
59
1
75
9
85
82
7
24
47
3
12
62
3
79
80
88
20
43
7
56
74
77
84
16
33
3
48
72
63
86
15
36
1
49
70
57
