11
6
17
14
2
4
3
14
7
13
3
7
9
21
8
19
8
33
8
7
17
10
22
19
7
9
4
20
5
10
7
9
13
27
14
23
23
46
13
11
19
15
4
23
1
19
12
11
7
21
10
15
1
7
11
10
30
17
2
21
34
42
28
12
25
21
6
12
31
6
26
17
16
11
29
12
24
2
14
16
19
36
24
10
27
31
28
32
16
12
6
24
1
21
12
7
3
23
6
19
7
7
11
27
16
7
20
19
30
8
3
19
18
1
11
28
8
25
16
10
10
26
12
22
1
10
14
13
31
19
12
26
32
21
7
27
20
3
12
27
11
23
12
5
12
28
14
22
1
6
14
15
34
19
12
27
47
9
17
11
25
21
2
13
25
10
19
2
14
28
15
23
2
9
10
34
18
9
29
2
46
11
30
16
21
24
2
16
26
12
20
18
27
19
15
5
15
11
36
19
11
29
3
45
14
24
15
23
23
1
16
23
13
17
19
28
19
14
15
12
34
18
11
27
3
50
22
33
14
24
21
1
15
22
12
17
16
32
14
21
16
18
32
18
10
32
1
61
12
52
11
22
19
14
17
12
14
14
29
16
16
1
13
13
29
13
5
30
63
21
53
5
14
14
9
17
8
15
5
20
10
6
12
29
17
10
18
133
54
8
11
10
5
18
7
17
1
1
22
11
8
1
19
26
16
10
21
136
59
57
6
20
13
6
25
10
22
7
11
25
21
10
9
21
7
29
18
13
27
156
52
67
10
2
17
12
16
7
2
5
21
8
2
14
169
32
13
2
20
15
18
1
11
9
21
9
14
173
30
17
9
1
1
27
19
22
8
9
7
2
28
15
2
20
183
43
3
5
23
13
3
5
27
19
4
25
9
3
9
1
32
16
23
198
65
45
2
19
13
5
21
13
7
20
13
5
12
28
11
20
223
64
48
7
9
3
12
8
1
11
10
6
11
21
5
13
241
35
4
12
10
3
9
10
3
5
10
15
3
1
14
21
5
11
242
25
1
2
3
2
9
6
10
3
245
12
3
9
9
9
8
3
274
1
1
3
9
11
8
9
1
286
2
8
4
4
288
14
37
3
9
9
7
306
24
59
6
1
1
8
2
6
10
1
323
16
9
6
5
7
3
13
10
12
11
2
337
7
7
6
11
14
8
5
336
19
55
1
7
8
6
8
3
3
2
336
29
62
7
9
1
12
10
11
7
5
5
349
15
2
9
7
3
357
5
351
3
339
1
342
19
4
2
1
9
1
1
343
40
9
1
3
10
4
4
326
55
9
12
5
1
8
5
6
312
69
75
9
4
4
3
3
295
88
77
8
2
1
269
86
40
5
4
5
239
69
7
4
6
204
45
12
2
4
9
5
183
36
5
5
6
3
161
28
4
1
11
5
133
25
6
7
4
94
39
8
5
5
15
2
2
10
77
45
11
1
8
5
6
6
2
2
10
7
4
9
76
66
18
4
2
5
4
2
5
53
85
66
6
4
12
3
15
14
15
9
9
37
79
89
3
5
16
3
16
15
9
13
10
14
64
78
1
13
2
4
15
1
7
9
4
44
71
7
12
4
11
8
9
13
16
23
56
9
6
1
15
6
15
17
12
7
3
11
7
27
12
1
8
4
13
5
9
17
4
6
9
12
1
7
3
8
7
2
15
4
10
7
1
10
13
3
3
7
3
7
12
17
9
7
9
3
11
20
6
1
7
7
1
7
6
2
9
8
10
6
11
3
7
10
3
27
10
4
5
11
11
3
2
14
9
10
9
10
11
12
16
8
11
18
17
2
20
10
3
6
9
11
3
13
2
7
3
9
12
15
17
8
11
19
16
10
4
4
12
39
11
4
4
6
14
73
5
2
10
2
1
10
10
81
3
4
5
5
83
5
1
1
1
6
68
6
2
2
39
17
8
5
9
5
6
8
22
7
2
14
4
2
11
10
12
17
8
26
16
4
6
2
5
5
19
11
3
13
11
20
5
5
22
2
4
22
12
1
5
1
5
15
4
10
9
4
17
4
5
16
14
5
1
3
8
3
8
1
11
1
5
9
12
8
7
7
11
3
11
9
6
5
6
6
14
7
14
12
15
4
6
6
11
4
11
1
6
2
5
11
4
12
13
4
18
4
7
4
12
4
15
3
10
10
11
4
11
17
4
5
25
7
11
7
17
8
5
18
5
19
8
14
16
14
7
14
21
7
16
1
5
3
11
5
4
11
9
5
4
11
7
1
10
15
1
1
22
8
11
8
18
10
15
3
19
7
17
12
12
15
14
10
18
21
5
6
1
21
3
8
1
14
4
16
12
14
14
3
12
10
5
12
18
7
14
1
5
12
16
12
16
18
9
15
6
7
18
1
13
1
9
14
11
17
19
11
14
1
1
16
4
5
12
5
12
15
4
13
12
9
1
5
3
12
7
13
16
10
14
12
11
1
2
8
6
1
1
5
5
1
12
7
14
2
3
1
1
18
4
1
4
2
5
7
31
12
4
6
1
9
13
3
13
43
9
6
10
2
4
13
3
10
42
15
1
5
3
15
16
7
8
15
10
16
5
37
18
12
13
2
13
4
12
9
27
18
14
9
1
9
14
4
16
23
14
11
14
11
11
4
16
32
13
14
2
6
5
7
14
36
7
29
9
10
7
1
26
6
10
1
9
11
18
4
24
37
9
29
11
15
11
4
25
8
23
3
14
10
20
6
4
24
4
35
30
5
16
13
27
4
16
1
5
11
17
4
4
26
28
31
8
22
4
17
2
30
6
20
2
2
11
22
9
10
24
17
7
31
15
1
6
26
12
23
9
3
32
9
19
9
2
12
12
28
14
15
24
14
4
9
32
16
7
24
12
23
9
2
27
6
21
8
4
3
9
28
14
15
24
20
24
9
29
18
10
26
15
25
13
3
24
9
13
11
2
7
29
17
19
19
17
23
11
30
15
6
20
13
21
13
5
20
7
8
11
26
13
17
14
1
12
31
9
30
12
3
15
12
19
15
2
21
12
10
11
3
10
6
23
7
12
18
12
54
5
25
9
11
8
16
14
2
1
19
11
2
11
6
18
5
18
1
4
18
59
1
22
1
6
6
9
1
4
3
9
10
51
24
4
4
6
8
3
5
4
3
6
6
11
45
13
1
9
7
7
14
6
4
11
56
12
10
7
2
4
7
9
5
6
13
77
2
19
5
2
14
3
8
13
4
14
15
13
10
11
75
4
14
2
11
7
6
6
13
11
11
8
10
62
11
5
3
7
11
1
7
3
6
66
12
4
2
5
9
1
7
5
3
86
8
3
7
2
7
3
86
4
10
2
6
65
5
5
66
1
3
8
88
6
3
88
5
2
7
4
10
9
8
60
18
10
13
9
14
19
5
14
12
50
17
8
8
6
11
17
7
13
11
73
5
30
7
8
7
19
2
20
13
12
26
18
23
18
89
32
4
9
7
22
17
9
10
21
16
1
21
22
70
29
5
12
10
1
7
22
1
20
12
7
16
18
5
20
15
52
10
37
12
3
18
6
19
11
18
3
28
11
22
2
19
11
22
24
12
7
25
2
52
15
33
10
16
3
18
12
19
4
24
3
21
2
19
13
23
22
8
3
23
3
58
13
28
8
17
2
20
14
21
5
26
6
32
3
21
13
19
20
5
2
26
1
35
3
26
2
10
14
15
16
22
2
13
10
12
12
14
1
21
3
11
3
28
4
11
2
12
20
17
19
4
1
4
1
13
14
17
4
4
17
14
12
1
29
7
11
6
13
19
12
17
11
5
8
13
8
19
5
8
17
10
5
23
6
5
4
6
14
3
8
7
8
10
15
3
3
7
11
17
6
1
3
1
8
3
10
7
3
14
3
3
12
8
1
5
4
3
14
4
2
5
2
5
8
1
1
2
9
13
5
2
19
26
3
12
12
7
8
2
10
3
1
4
1
9
19
9
5
20
9
4
20
15
8
15
14
1
4
8
5
12
23
13
4
4
13
4
23
15
6
15
12
5
8
8
2
13
1
24
12
4
3
7
3
24
14
6
11
8
3
5
2
4
7
25
10
1
3
11
1
25
9
1
10
7
7
7
2
8
7
1
21
7
3
8
10
35
12
2
17
16
1
23
5
17
7
16
25
9
9
24
10
5
12
5
7
27
10
14
15
5
28
3
12
7
16
19
14
8
20
7
4
10
30
13
2
5
23
1
8
12
9
4
8
35
9
14
8
21
6
9
2
3
8
23
3
22
6
3
1
4
2
5
34
5
1
56
9
9
56
16
3
7
8
9
10
12
12
12
15
18
6
15
44
16
1
4
5
7
9
1
9
12
17
4
10
38
13
1
2
1
6
7
5
14
14
3
8
31
14
1
6
2
5
6
5
21
19
2
2
5
8
1
2
3
11
8
16
17
3
4
4
7
1
6
6
11
9
18
8
30
6
9
3
12
9
6
19
14
7
8
17
10
16
4
4
18
14
5
28
7
2
10
5
13
10
1
6
16
20
8
11
17
10
16
5
7
19
16
19
2
7
8
3
11
9
7
6
3
12
1
1
11
14
5
24
5
10
11
3
18
4
3
4
10
6
15
3
3
14
11
3
24
5
8
8
14
6
1
6
2
13
1
12
3
12
8
32
10
2
12
1
11
5
4
20
9
9
6
9
13
19
7
3
15
4
4
10
30
11
4
13
3
11
7
3
6
21
9
14
6
12
16
21
10
2
19
9
2
24
8
3
9
1
6
3
12
6
2
4
11
9
17
7
12
21
5
28
12
8
8
5
6
3
1
15
5
7
5
9
17
20
8
2
12
33
7
24
13
7
6
4
4
1
4
15
7
13
4
4
10
23
18
5
18
36
3
27
10
6
7
5
5
2
3
16
5
9
3
7
11
19
17
5
1
16
15
8
30
10
5
8
5
8
3
4
16
4
16
4
9
16
23
18
6
3
20
3
14
3
23
5
5
5
12
19
9
11
23
12
15
28
3
26
4
6
7
18
19
12
5
15
12
15
19
14
37
11
5
15
3
16
7
27
8
34
1
22
15
27
19
6
1
24
1
2
9
26
6
10
14
4
22
14
4
18
9
15
1
19
5
12
1
8
5
13
1
19
9
14
7
12
12
20
18
1
6
1
15
6
5
9
3
20
6
26
16
22
9
14
16
40
8
7
2
3
1
14
3
19
6
15
3
9
11
17
13
1
7
4
5
1
19
6
19
4
19
7
7
6
1
14
4
4
5
15
8
17
15
6
5
5
27
13
3
5
7
9
5
14
8
23
7
9
5
41
16
1
6
12
19
1
17
16
20
8
16
85
14
27
4
7
19
3
24
14
20
23
10
24
245
22
11
7
12
19
3
16
393
7
2
7
5
485
3
3
16
575
679
683
7
522
32
213
47
27
5
95
25
23
8
12
113
27
11
26
12
7
8
9
6
12
5
12
6
8
4
22
12
8
6
4
95
35
5
19
7
5
4
7
2
11
1
7
5
7
1
16
7
4
1
56
30
18
6
6
3
7
12
7
2
5
7
13
4
2
1
19
7
5
24
12
11
5
12
2
17
7
10
10
10
12
18
8
6
3
1
1
18
5
3
7
10
2
7
10
6
12
12
1
2
19
8
14
1
2
4
4
38
16
5
1
4
3
4
3
36
14
2
3
7
14
6
5
8
44
7
21
2
6
8
10
14
9
9
10
9
45
9
26
8
1
4
3
10
19
12
13
18
22
16
1
19
9
42
18
4
5
3
4
16
6
6
9
16
15
1
14
40
1
22
6
1
7
6
3
16
3
16
11
16
17
3
12
35
8
28
11
7
13
13
8
18
10
15
4
18
20
22
8
17
5
32
23
5
2
9
12
2
1
12
4
15
5
12
12
17
4
7
23
3
22
8
7
14
4
18
14
6
5
16
10
23
6
11
15
20
20
8
9
21
9
25
9
8
14
7
20
20
13
10
18
16
17
11
19
19
27
21
10
2
17
8
25
11
4
8
5
2
2
2
11
11
5
4
25
7
1
2
5
3
7
1
12
2
11
3
3
19
5
16
5
1
4
3
4
3
36
14
2
3
7
14
6
5
8
44
7
21
2
6
8
10
14
9
9
10
9
45
9
26
8
1
4
3
10
19
12
13
18
22
16
1
19
9
42
18
4
5
3
4
16
6
6
9
16
15
1
14
40
1
22
6
1
7
6
3
16
3
16
11
16
17
3
12
35
8
28
11
7
13
13
8
18
10
15
4
18
20
22
8
17
5
32
23
5
2
9
12
2
1
12
4
15
5
12
12
17
4
7
23
3
22
8
7
14
4
18
14
6
5
16
10
23
6
11
15
20
20
8
9
21
9
25
9
8
14
7
20
20
13
10
18
16
17
11
19
19
27
21
10
2
17
8
25
11
4
8
5
2
2
2
11
11
5
4
25
7
1
2
5
3
7
1
12
2
11
3
3
19
5
20
5
10
17
18
33
22
17
3
10
18
15
8
9
13
7
27
9
3
22
3
6
13
14
20
29
21
22
3
17
13
16
8
7
13
2
11
14
21
5
33
10
11
23
14
29
29
27
1
31
4
27
12
21
12
15
21
11
15
21
48
28
4
4
18
5
25
21
23
24
13
5
22
9
16
16
6
10
18
52
21
9
16
10
15
18
13
13
5
14
9
14
50
26
9
14
9
14
19
16
13
11
12
8
13
53
17
2
6
5
11
4
5
13
6
2
8
59
14
5
8
7
14
11
10
10
11
4
10
83
5
2
6
4
5
4
5
3
81
11
1
6
1
79
14
4
5
5
3
10
5
1
93
9
6
2
4
114
10
8
3
3
10
128
13
123
1
3
134
10
7
1
8
2
2
6
7
7
9
3
11
4
5
157
5
2
4
3
1
4
3
10
5
8
171
2
1
1
4
9
5
6
3
12
7
11
8
2
187
3
2
11
5
4
7
11
10
7
4
196
9
1
8
6
2
216
3
13
6
12
7
7
6
233
6
15
10
3
10
8
12
3
246
12
10
11
8
13
265
7
11
1
5
14
5
4
290
8
3
3
10
128
13
123
1
3
134
10
7
1
8
2
2
6
7
7
9
3
11
4
5
157
5
2
4
3
1
4
3
10
5
8
171
2
1
1
4
9
5
6
3
12
7
11
8
2
187
3
2
11
5
4
7
11
10
7
4
196
9
1
8
6
2
216
3
13
6
12
7
7
6
233
6
15
10
3
10
8
12
3
246
12
10
11
8
13
265
7
11
1
5
14
5
4
290
10
2
10
298
30
279
41
4
3
252
40
7
5
1
3
1
218
35
1
2
10
14
3
4
6
5
7
197
30
4
3
10
20
5
1
8
7
165
23
8
20
3
125
23
3
13
25
3
6
8
4
5
89
35
7
3
17
28
5
6
11
9
6
77
29
6
3
13
5
23
32
7
9
8
16
17
16
11
2
9
5
58
11
12
7
9
3
17
27
6
3
7
11
14
9
9
6
2
20
4
1
10
19
7
7
2
6
16
22
7
5
16
14
1
2
2
18
8
16
18
2
5
17
6
10
5
5
5
44
6
3
12
3
19
16
7
10
21
10
9
6
9
5
53
9
3
9
3
11
5
15
11
3
10
10
6
18
11
5
4
5
8
2
34
3
15
9
13
5
13
7
11
8
3
13
10
6
17
8
3
2
11
7
9
4
8
33
6
28
15
19
13
15
16
10
13
7
18
10
14
15
17
10
11
19
14
16
7
6
37
18
10
13
12
8
17
3
11
15
4
16
8
16
5
7
15
10
13
6
6
30
3
20
11
12
17
10
23
4
16
7
22
14
21
15
24
12
22
18
12
15
13
14
17
14
5
9
1
15
3
9
11
5
15
5
7
15
2
13
1
3
13
3
3
9
1
6
17
7
10
5
6
13
4
7
15
3
4
16
10
1
5
4
14
10
7
1
9
11
3
16
15
7
3
13
2
1
9
17
5
8
22
13
9
1
6
1
2
26
14
10
4
3
1
4
24
14
7
5
4
1
3
14
10
11
7
9
5
6
1
14
1
2
14
8
10
7
9
10
24
6
8
2
5
3
5
4
6
19
4
6
1
12
16
10
4
5
14
2
2
21
5
10
7
7
8
10
12
4
20
3
7
5
12
20
11
7
7
17
16
1
5
6
7
5
12
16
13
4
1
7
8
19
7
2
5
13
15
3
5
2
12
19
11
7
6
7
11
3
2
7
20
3
9
8
8
16
25
17
4
13
10
20
7
3
9
10
3
24
4
9
13
15
11
22
29
3
21
4
14
8
17
13
20
12
9
16
13
4
22
9
12
12
16
7
19
24
5
21
6
12
6
7
5
14
16
12
18
13
13
34
19
22
21
22
14
21
24
11
27
11
16
13
10
6
18
25
21
28
16
5
8
27
13
16
17
15
10
14
15
4
21
9
7
6
9
10
21
16
23
10
7
24
15
19
19
17
14
14
14
7
23
8
7
10
8
8
13
23
19
26
11
16
32
19
23
28
20
23
16
16
11
31
12
26
14
16
14
19
28
23
30
17
5
11
27
16
21
29
17
24
9
11
5
27
7
14
11
13
10
16
26
22
26
16
13
36
21
25
32
19
27
5
9
11
28
14
14
13
17
5
17
30
24
26
16
4
7
29
15
19
25
12
22
3
5
23
7
10
7
10
3
9
24
18
17
10
1
1
3
21
12
17
25
10
24
8
1
21
10
16
9
15
8
15
21
16
16
10
7
9
30
13
16
28
8
28
2
14
4
23
10
22
6
19
5
19
24
16
16
12
14
1
15
6
9
20
2
23
2
14
12
2
14
7
14
3
15
16
10
9
2
7
6
18
12
14
26
8
30
13
26
4
17
8
16
13
24
19
21
23
17
15
14
12
6
25
10
11
24
5
27
15
30
3
20
5
10
5
27
14
14
22
15
15
10
10
3
21
8
10
20
5
20
17
25
1
17
3
16
9
13
5
21
19
14
11
8
8
18
6
8
16
1
16
12
21
1
11
2
9
5
9
17
16
11
7
8
12
8
2
11
10
9
16
7
3
3
7
3
3
9
6
3
5
10
2
9
8
14
14
7
5
5
1
4
8
6
3
12
11
1
8
1
8
14
11
5
2
4
2
6
8
8
6
3
11
5
1
2
10
5
3
2
5
7
2
6
8
5
1
2
7
6
5
1
2
2
15
8
1
9
2
2
1
4
2
7
11
2
3
7
2
3
6
4
4
4
17
2
6
6
6
3
2
4
7
5
3
12
7
12
6
2
4
9
20
10
15
12
14
9
10
13
10
16
