9
13
5
8
7
28
9
5
32
5
33
6
85
6
3
1
146
4
8
5
1
90
1
2
1
4
7
1
2
11
8
12
3
6
1
7
10
20
5
1
5
1
5
7
2
4
1
4
1
2
10
5
8
4
5
3
6
2
6
3
7
1
3
2
9
4
21
3
5
1
8
7
14
18
11
10
9
11
10
2
5
22
7
7
1
2
3
3
15
11
6
8
6
11
2
10
6
3
1
6
3
3
7
10
18
2
4
14
13
13
10
8
16
6
6
10
16
19
2
5
5
16
2
64
12
18
2
17
9
4
17
7
62
13
9
3
2
4
3
60
6
3
7
4
10
6
80
2
3
10
20
8
4
9
101
9
12
8
7
6
1
98
2
6
5
3
6
3
72
11
12
3
5
1
79
5
9
5
1
5
9
3
3
5
104
1
9
2
7
3
4
1
2
97
6
5
2
2
1
14
3
13
10
2
28
83
2
4
7
5
1
4
3
78
7
14
4
1
1
1
2
104
1
2
5
9
11
3
8
4
2
107
4
6
1
2
4
12
5
2
92
7
3
4
2
7
1
5
3
89
3
2
4
1
12
7
6
8
9
3
110
7
5
8
4
7
5
5
1
4
111
6
7
5
97
1
104
10
2
2
4
4
1
5
107
4
20
1
3
1
1
100
6
2
88
1
1
90
13
1
106
5
1
1
1
4
1
1
110
1
4
104
1
93
95
2
6
6
3
115
4
25
1
15
7
9
4
1
11
9
4
3
10
115
5
1
1
86
3
1
20
4
1
8
1
105
14
19
7
10
12
12
26
10
20
5
14
7
7
15
37
121
1
12
6
7
3
3
4
6
1
7
103
8
9
10
7
6
11
5
1
9
111
9
6
7
12
8
8
1
7
11
108
20
8
10
11
12
16
18
7
5
6
14
116
2
4
6
14
13
21
2
16
18
7
5
5
16
137
11
5
2
2
11
10
13
3
1
10
115
11
10
4
7
3
8
9
7
119
3
5
5
6
9
10
21
1
17
13
7
5
11
145
10
12
4
18
6
10
6
12
3
13
1
12
6
6
11
131
10
10
3
6
3
12
1
1
6
129
6
6
5
5
7
8
17
6
9
1
4
1
6
2
140
3
11
11
8
12
2
11
5
5
7
3
4
151
4
5
12
26
2
4
2
9
4
1
150
9
25
4
117
5
2
14
3
3
128
7
8
8
19
4
5
11
10
4
1
44
151
10
11
3
2
21
3
12
2
148
13
4
5
131
2
3
5
5
122
2
6
6
3
7
139
3
10
6
15
1
1
10
4
1
11
5
3
140
7
4
2
1
20
7
3
11
4
9
1
1
138
5
2
4
111
3
1
5
2
8
6
8
3
8
1
7
3
5
116
15
2
1
10
5
16
7
10
2
7
16
19
15
15
16
9
9
1
4
130
16
14
8
9
7
3
2
9
3
2
10
3
2
4
105
7
1
8
4
18
12
13
6
2
20
8
4
2
5
94
18
7
17
5
1
3
4
3
6
80
7
2
19
7
2
5
3
1
21
11
7
5
16
3
3
85
9
6
1
3
13
15
8
17
6
12
17
4
10
6
17
8
12
11
7
11
37
86
19
13
6
1
7
14
1
3
11
2
13
6
4
1
4
1
60
18
7
6
7
5
3
3
22
6
8
2
2
18
6
6
1
3
1
56
23
13
32
8
2
4
13
11
1
11
7
2
15
48
18
9
1
13
2
10
17
4
5
2
6
13
19
3
15
19
20
12
5
5
3
56
26
17
3
4
17
2
11
6
10
5
16
14
9
11
26
10
5
2
6
38
28
14
7
12
5
2
1
19
20
13
7
9
14
19
4
1
2
6
36
32
14
48
6
12
5
9
25
11
14
10
14
23
22
11
9
9
3
19
36
29
20
10
5
14
12
12
3
9
18
16
12
13
16
18
16
11
5
7
4
27
27
19
15
3
6
10
7
11
28
18
16
19
16
12
23
7
4
5
12
30
35
23
20
2
19
14
3
16
4
17
14
4
22
11
5
1
15
2
2
20
12
20
14
2
23
11
1
5
16
28
20
1
14
11
25
10
15
5
12
22
18
26
13
23
23
26
14
9
9
11
56
30
39
30
1
1
7
4
3
10
6
9
5
9
16
30
32
9
17
22
21
11
4
5
16
10
21
33
28
12
3
11
6
6
15
23
21
10
12
6
11
6
2
4
10
3
23
22
12
4
21
3
10
3
4
7
24
21
8
14
24
21
12
4
5
1
16
29
19
2
16
12
6
10
7
10
2
7
16
28
23
8
20
24
28
17
6
6
5
1
14
28
24
2
12
4
22
6
18
6
10
24
25
13
13
19
30
25
11
6
9
4
19
15
25
19
3
3
10
6
14
8
5
14
14
22
14
12
27
12
4
1
6
2
3
24
15
13
7
7
8
5
6
5
12
27
12
14
14
14
8
4
7
10
6
20
18
4
4
11
11
13
11
14
12
9
15
12
2
21
34
9
26
18
34
15
6
10
16
14
39
27
30
3
4
11
17
5
20
10
17
12
18
25
6
35
35
16
29
23
37
14
7
11
22
40
36
34
9
11
10
3
6
5
4
5
1
16
13
10
13
15
3
2
6
15
17
15
28
12
11
10
8
4
12
10
12
12
20
12
2
1
6
1
2
14
18
15
2
10
13
11
28
14
21
13
15
13
30
18
18
25
33
21
15
9
14
8
3
27
26
23
1
21
7
1
14
12
13
12
15
1
42
30
17
18
19
24
13
5
11
7
2
39
30
25
12
8
13
11
15
11
41
13
20
21
16
12
22
2
2
9
6
10
23
32
21
24
14
12
10
9
10
6
17
10
15
1
1
6
9
17
7
24
15
12
11
7
4
9
15
14
4
10
3
10
2
5
30
14
11
1
6
13
19
19
19
19
20
23
36
27
31
24
22
26
14
9
16
12
4
49
30
24
16
11
15
12
19
17
24
23
27
22
19
27
17
3
4
13
9
46
30
28
22
22
11
7
9
11
5
8
11
9
10
1
13
10
2
7
18
14
12
2
14
5
25
20
19
20
17
6
23
17
27
22
24
23
13
10
17
11
16
42
16
23
19
34
14
17
15
16
17
19
21
18
30
26
22
15
8
15
4
2
37
25
20
3
4
15
8
15
18
18
21
31
19
17
17
12
20
8
4
12
4
2
28
28
16
3
3
2
13
14
21
14
18
28
26
24
18
16
22
5
2
13
9
21
29
28
22
13
2
11
18
13
11
16
11
11
17
9
16
17
21
11
10
5
12
7
28
21
16
1
11
15
15
20
17
20
22
18
27
21
23
26
27
22
13
9
18
15
10
44
28
25
8
2
6
6
12
7
17
14
15
23
30
22
15
31
17
5
2
10
8
1
34
28
18
4
8
2
8
4
16
10
6
27
12
16
8
19
14
7
4
16
12
13
5
8
6
15
12
20
16
16
29
20
18
21
21
13
7
5
14
7
32
26
19
2
8
8
8
11
12
18
13
21
23
23
27
25
20
25
18
23
13
8
17
9
11
46
32
23
5
17
1
15
7
17
16
17
18
15
16
16
16
25
4
1
10
2
5
30
21
15
3
9
11
10
6
17
11
17
21
9
18
9
27
8
8
1
18
24
9
10
1
9
12
12
20
17
12
31
15
19
16
19
16
6
4
14
1
3
29
25
17
23
13
12
5
12
12
8
7
10
10
16
12
12
10
3
9
28
15
9
28
1
14
3
10
9
15
7
8
9
6
3
2
7
13
7
6
14
4
16
7
18
11
4
6
18
18
8
19
3
11
2
47
15
18
13
19
3
2
2
9
3
13
21
8
7
4
12
10
5
5
18
21
7
8
2
14
8
6
1
4
3
6
9
5
7
8
4
6
24
10
3
1
4
7
10
14
14
7
12
9
5
7
21
9
2
1
10
7
11
22
11
8
7
11
11
14
9
20
13
4
7
7
8
5
1
3
10
2
9
1
2
7
13
12
18
12
4
9
4
12
12
14
1
1
5
13
18
11
10
7
20
9
12
9
7
13
8
6
10
3
10
7
12
7
9
8
5
5
5
6
8
14
10
11
9
22
15
5
11
4
12
10
8
13
14
12
11
1
1
7
11
7
10
16
5
8
6
7
2
2
8
6
3
4
5
3
1
3
5
8
8
10
7
6
20
3
9
9
16
10
10
7
11
11
5
1
3
2
5
12
10
8
10
7
2
18
11
10
10
16
11
8
13
7
6
7
2
5
8
3
11
5
4
7
15
6
4
7
2
3
10
6
8
2
11
2
5
11
4
11
7
7
4
3
1
1
3
9
12
1
3
4
26
6
5
10
6
4
19
7
6
6
9
7
7
11
1
9
3
5
5
13
11
8
11
13
9
13
13
5
14
5
9
10
8
13
3
17
17
9
3
7
3
10
10
14
13
11
4
7
6
11
6
2
4
12
13
8
1
10
4
6
13
7
10
11
8
9
8
8
8
1
9
1
12
5
8
5
5
7
11
9
8
12
7
7
6
10
7
4
2
9
1
6
7
16
10
11
1
14
7
7
5
7
9
4
18
4
10
8
7
4
8
7
13
5
18
4
1
3
1
10
12
2
13
9
3
2
9
5
6
6
15
8
15
19
15
13
10
5
16
1
9
3
17
11
9
10
8
7
13
8
31
19
13
13
13
9
12
4
10
56
28
26
9
9
17
3
8
2
5
4
5
6
6
10
14
5
3
6
23
14
3
32
11
10
9
7
3
11
11
10
10
6
6
13
11
8
1
3
13
7
11
1
4
18
3
3
15
2
10
15
4
10
5
15
6
6
9
2
19
7
11
1
8
19
3
10
7
10
5
10
6
32
25
4
10
10
28
2
7
5
10
17
4
25
7
2
3
7
12
3
11
6
21
15
10
18
8
23
5
8
4
9
10
24
10
3
2
10
2
14
37
12
11
1
17
5
1
14
3
3
2
10
2
18
28
13
1
22
4
17
5
4
7
9
6
12
8
16
11
3
12
10
1
3
8
5
10
3
16
8
2
5
7
3
10
8
1
25
2
9
9
13
1
6
3
8
8
7
9
2
14
1
8
6
3
7
7
2
11
4
2
3
7
3
4
4
4
2
4
5
9
3
2
5
2
6
4
7
17
5
4
1
6
2
6
5
2
6
1
2
3
6
1
9
2
1
1
4
2
3
6
5
7
5
1
3
2
5
4
12
8
5
4
5
3
2
4
5
3
7
10
10
8
15
6
7
4
4
4
2
5
3
16
2
1
2
8
10
13
1
13
7
16
15
10
3
10
1
3
6
14
59
4
14
6
3
3
6
3
6
6
8
1
1
4
3
2
3
1
4
10
24
11
13
6
13
2
13
5
10
3
8
7
3
11
6
4
3
9
8
2
3
3
2
2
6
4
20
4
3
3
9
22
5
5
5
11
4
3
12
7
9
5
5
5
4
9
12
2
8
3
2
2
10
15
4
10
7
3
2
9
8
19
28
1
3
3
9
13
21
16
3
4
6
15
12
7
5
4
5
2
12
4
14
4
9
7
3
6
1
4
12
10
9
13
5
7
11
4
5
1
3
45
8
8
9
1
4
8
3
1
19
6
7
4
2
4
74
9
12
9
7
20
12
23
40
19
6
23
5
1
12
34
122
24
6
2
2
1
8
16
2
8
2
14
130
11
10
7
11
2
7
14
8
12
1
7
1
7
75
14
3
4
7
10
7
20
19
13
27
15
12
16
9
14
7
6
15
5
26
24
16
6
1
3
1
14
5
10
12
10
5
6
14
5
20
7
19
22
1
20
25
7
7
19
12
3
9
19
10
13
13
5
15
7
19
6
7
2
18
17
5
9
17
15
9
12
10
6
8
8
14
5
11
9
19
11
18
2
4
9
3
7
9
10
10
1
20
7
4
4
19
3
9
15
3
5
12
25
17
11
38
12
15
8
31
2
12
21
1
16
15
21
17
12
11
7
17
11
23
2
2
14
15
10
9
1
11
18
13
5
12
2
4
10
7
4
11
3
5
16
2
10
11
9
4
9
25
10
10
25
15
16
14
7
23
14
21
9
4
17
11
2
11
12
12
17
26
27
25
18
26
14
29
22
19
3
9
22
10
54
26
21
12
6
2
16
15
18
5
13
10
9
5
9
4
8
6
10
24
18
1
12
22
15
15
9
25
13
12
17
6
14
8
5
7
11
22
14
15
13
16
14
22
13
2
57
10
16
1
7
7
12
11
4
18
18
13
8
18
11
11
2
13
3
78
6
10
3
4
13
9
16
23
23
6
24
16
15
20
23
21
4
17
13
1
90
16
20
6
5
4
9
21
15
13
17
7
12
12
11
6
75
6
14
7
1
6
5
21
13
6
6
16
20
20
16
10
4
91
4
9
11
5
9
10
26
24
15
10
12
41
16
34
18
39
2
5
17
21
11
121
24
34
4
9
12
7
7
21
23
8
11
26
11
25
2
32
3
14
10
114
14
27
1
8
3
11
20
16
18
7
17
19
27
18
11
1
97
11
14
3
7
2
5
18
12
14
18
12
11
31
9
9
4
91
18
13
29
3
10
2
14
11
1
16
9
15
7
19
10
3
111
2
12
2
12
10
7
4
12
12
15
19
7
15
2
19
1
11
2
103
4
16
12
1
4
15
13
12
15
28
12
15
2
22
9
12
103
17
22
16
5
10
21
16
18
2
18
17
16
10
19
2
14
7
37
101
18
18
2
32
6
6
12
9
3
8
10
11
15
13
4
12
98
12
7
8
4
2
10
11
9
12
16
2
18
21
9
3
117
15
15
8
6
7
5
10
9
11
4
17
93
4
6
30
10
72
8
4
18
9
4
5
5
9
3
5
102
16
5
5
13
2
5
9
10
6
16
7
3
12
2
16
3
11
1
115
13
10
6
6
8
5
4
4
1
6
4
4
108
11
7
1
13
5
26
24
10
26
5
5
100
22
4
7
12
8
10
18
5
5
4
19
1
5
108
14
5
3
11
7
12
10
4
1
3
5
6
10
7
121
13
12
6
12
6
4
15
13
17
13
6
7
8
10
3
106
23
3
4
17
12
2
1
10
2
1
8
97
15
5
8
22
16
14
10
12
9
6
2
11
10
111
19
10
1
8
4
15
15
17
20
9
3
10
19
13
2
10
3
1
134
23
13
13
9
1
10
10
2
4
5
120
9
2
4
4
2
2
21
19
12
8
4
4
3
10
110
21
2
2
5
11
7
27
21
24
7
6
14
8
13
3
16
31
124
24
9
1
15
15
24
23
4
15
11
2
10
3
13
5
118
15
5
5
10
4
22
27
12
2
1
5
17
5
2
4
14
117
18
9
5
4
21
19
17
1
1
2
1
10
1
12
12
119
17
8
2
2
17
9
4
8
1
3
6
122
12
3
8
3
5
17
11
4
8
4
10
12
4
10
132
17
8
7
5
17
19
16
22
8
1
9
3
10
4
5
9
137
26
9
13
12
4
10
2
114
10
2
10
3
98
2
2
4
7
2
5
1
1
1
114
6
17
9
4
1
2
2
1
129
2
4
7
4
111
7
1
11
3
98
8
4
6
1
4
1
2
120
2
6
2
6
12
12
9
2
10
3
2
1
11
8
9
148
12
7
3
2
12
11
5
3
3
7
31
136
10
3
11
11
7
1
3
122
4
7
3
2
15
12
14
10
9
4
5
10
2
3
8
2
149
19
9
7
12
7
18
18
2
16
7
9
14
14
13
7
7
13
2
11
160
14
16
2
17
14
16
24
26
23
5
11
20
7
19
7
10
17
5
4
153
25
18
5
5
12
8
22
18
8
10
5
9
1
15
3
10
2
2
140
14
12
6
11
20
9
26
22
16
14
15
10
19
6
14
1
138
10
13
5
3
7
13
14
16
24
30
1
31
20
16
25
22
18
9
11
18
11
154
27
21
3
3
12
10
8
23
27
11
23
25
11
18
22
20
6
6
13
9
160
23
24
1
8
12
12
29
27
19
29
17
16
19
31
22
1
4
14
3
141
24
17
3
11
6
11
14
27
25
11
18
12
16
17
6
16
2
4
13
2
2
136
24
16
2
24
8
16
12
21
21
2
15
16
12
18
9
16
7
8
14
5
133
18
17
5
3
7
10
16
16
24
28
17
24
28
16
27
23
27
12
10
16
10
137
28
23
2
9
12
10
22
22
17
9
20
12
16
13
26
5
5
11
5
119
23
19
1
4
7
7
8
16
11
6
5
6
8
4
26
1
2
3
7
98
10
6
17
2
6
6
7
12
13
7
1
8
4
12
6
8
107
11
9
22
7
5
7
8
1
11
6
2
10
4
4
94
7
6
15
6
8
8
14
12
23
5
3
1
5
9
16
75
13
1
19
1
7
5
14
9
3
2
11
3
8
16
59
5
4
18
9
7
10
15
13
5
15
8
3
9
3
14
12
8
12
1
70
13
11
11
10
25
13
18
18
20
18
7
10
9
10
25
1
16
14
18
1
22
65
20
11
14
2
33
7
10
14
15
3
4
5
8
12
47
3
3
9
6
10
16
23
22
4
5
11
8
2
7
17
1
10
34
8
9
3
12
16
20
24
26
9
4
1
10
5
12
9
15
7
11
21
11
36
16
19
13
13
36
13
23
20
24
4
10
9
16
11
15
17
23
15
3
42
20
18
3
5
4
6
18
23
28
28
14
7
27
5
10
7
13
23
8
11
22
13
15
5
8
17
17
33
30
15
3
19
14
18
14
20
11
22
7
22
15
19
6
12
14
20
17
29
27
19
13
17
3
6
4
13
23
7
7
15
10
12
2
20
6
24
17
29
30
20
15
23
15
18
9
16
24
9
21
15
21
22
18
18
18
28
28
10
12
5
17
18
22
6
13
22
6
15
16
16
21
4
16
18
28
25
11
9
2
16
11
16
9
19
5
2
9
4
20
13
21
33
31
17
4
20
22
17
21
26
26
9
15
24
16
18
22
23
12
7
8
11
12
13
22
25
13
1
19
4
5
13
13
18
4
5
9
11
7
5
4
12
16
20
27
30
14
11
4
22
13
14
15
22
10
7
8
15
4
22
15
24
32
30
9
5
6
14
18
21
14
5
15
23
5
19
7
12
15
12
10
13
18
25
23
12
6
14
3
8
5
12
18
1
5
18
20
15
21
26
30
10
23
7
24
2
20
20
19
23
6
15
10
14
2
15
3
20
12
21
20
27
10
2
21
5
5
17
17
20
10
11
8
3
19
5
15
17
16
6
2
6
7
10
13
2
28
6
17
17
14
4
1
9
