10
14
1
12
45
18
8
1
24
101
50
44
49
24
21
2
5
5
48
8
19
106
54
36
34
7
17
5
1
10
32
4
21
103
41
24
31
12
18
2
8
7
31
11
6
16
111
36
103
35
40
16
22
13
11
50
15
3
12
106
53
259
54
39
13
22
3
47
17
8
17
110
52
301
44
35
16
23
8
6
38
13
9
12
76
43
257
30
36
9
19
8
7
12
44
16
8
7
14
61
48
148
52
27
19
8
9
27
13
37
34
12
23
18
11
11
31
6
10
37
36
27
33
23
6
9
49
30
23
4
13
63
52
59
26
21
10
8
1
36
19
13
16
78
41
25
25
17
11
9
7
35
14
6
1
15
68
39
30
14
16
1
5
1
27
5
2
14
32
21
19
15
10
18
11
4
45
34
2
5
5
33
16
20
50
45
57
41
10
26
10
17
4
4
63
27
7
36
15
92
64
72
20
18
6
6
6
35
19
7
1
14
55
38
37
18
18
3
8
32
26
18
5
2
16
56
36
21
35
23
20
9
13
3
39
19
2
20
15
76
43
72
44
12
12
5
6
10
1
33
11
23
16
58
35
39
44
9
14
8
4
25
13
10
10
55
28
6
28
10
12
2
15
5
6
32
36
5
10
31
20
60
34
21
38
10
15
4
13
1
3
32
24
2
23
17
48
33
8
37
7
13
13
6
5
23
10
1
3
12
47
25
13
27
5
8
2
10
28
14
18
1
17
32
29
21
27
7
8
8
14
30
30
2
35
17
62
31
40
44
8
13
2
1
11
2
1
20
37
15
21
17
2
15
5
2
20
7
13
3
19
44
20
8
23
3
6
7
12
9
5
28
26
1
33
15
20
38
28
59
40
1
3
14
5
8
17
15
2
8
32
11
20
34
18
49
28
2
4
1
6
1
1
22
17
28
19
70
23
40
32
4
10
3
5
20
16
7
31
10
20
34
20
54
27
6
3
13
4
5
20
16
5
11
35
34
19
39
20
67
29
10
3
6
2
24
5
30
13
15
41
24
76
36
2
11
3
9
5
9
28
1
16
28
1
18
49
29
75
35
11
15
3
9
7
3
37
24
9
4
28
24
18
65
38
75
44
1
11
3
12
11
10
31
24
5
12
39
14
21
38
31
89
35
9
2
11
7
14
26
9
4
17
28
31
20
45
27
81
27
11
2
8
1
7
7
32
24
11
26
27
20
65
33
79
37
11
5
11
5
9
35
19
2
19
35
10
21
53
34
81
41
11
4
9
3
1
32
12
8
15
29
20
19
38
32
79
36
2
10
3
8
1
6
8
29
18
13
20
18
20
42
31
79
31
8
11
4
9
5
16
34
11
15
24
24
17
50
36
86
38
3
10
3
10
7
32
21
1
18
23
14
16
64
33
85
34
3
12
4
5
30
16
1
3
9
1
16
36
30
60
29
6
11
6
11
31
14
6
11
10
16
34
33
60
30
5
10
3
7
7
10
29
19
12
24
16
18
49
32
83
30
3
9
2
5
3
27
3
11
17
9
19
44
29
78
27
8
2
8
28
13
11
5
20
43
28
69
24
3
8
4
8
2
4
32
14
2
19
17
38
33
67
31
4
8
5
10
31
9
1
14
18
38
33
79
32
4
7
3
7
5
11
31
15
15
7
12
21
51
31
101
30
3
8
6
12
4
10
33
10
11
17
18
20
38
33
104
30
7
6
12
1
2
29
9
5
13
20
38
29
101
27
1
7
4
14
2
10
30
13
11
4
20
48
31
87
26
4
8
5
14
4
6
35
15
1
12
8
18
21
49
35
85
30
6
9
6
14
4
5
33
9
7
7
4
20
49
32
84
26
7
11
7
15
38
4
1
10
19
59
37
74
34
9
10
4
13
2
3
34
4
5
9
19
66
34
74
28
11
10
4
14
9
9
34
16
2
11
11
21
55
35
95
31
13
12
6
15
7
14
39
16
3
9
11
20
71
39
70
34
5
11
7
19
9
16
35
20
8
20
18
25
21
71
34
57
29
9
12
7
21
6
10
37
15
8
18
11
17
22
76
37
83
31
12
13
7
19
17
16
39
19
9
15
13
19
21
85
40
82
31
15
17
10
20
15
17
44
19
11
17
18
8
20
81
44
77
38
12
18
11
21
16
14
43
17
12
11
11
19
94
41
66
36
11
17
10
23
1
15
12
41
33
16
16
19
21
20
83
40
67
35
16
18
8
20
2
13
17
42
19
7
10
28
12
31
21
75
43
47
31
18
20
12
22
23
21
50
31
16
19
22
14
20
100
49
48
41
17
21
12
22
11
12
53
32
15
10
21
7
19
89
52
24
46
13
19
11
19
14
15
48
19
9
22
11
21
21
88
47
4
36
15
18
10
22
12
12
47
32
14
15
18
6
21
74
47
11
38
18
18
8
20
10
11
48
24
11
8
10
20
74
48
36
15
18
9
18
15
12
50
24
10
12
15
6
20
77
48
39
14
18
8
19
1
8
9
44
20
10
12
9
21
79
43
34
16
19
9
18
8
10
47
16
6
8
6
19
72
47
36
13
18
8
15
6
6
45
8
3
9
6
20
70
44
32
15
18
7
16
3
1
44
10
4
6
22
68
43
28
12
17
7
19
7
11
45
28
9
1
13
21
61
45
36
11
16
7
19
4
10
42
15
5
9
6
22
69
42
32
19
16
5
15
9
8
45
10
1
12
23
80
46
34
16
17
6
15
12
9
48
13
2
6
6
23
64
47
40
9
15
9
19
6
3
43
10
6
6
4
24
61
43
33
13
15
7
18
8
9
47
23
8
6
8
24
62
47
39
14
15
6
17
6
8
49
14
4
9
25
68
48
38
13
17
9
17
7
6
54
16
6
4
23
63
52
45
15
18
11
22
5
11
56
20
13
12
21
62
53
47
14
17
12
24
3
6
57
25
13
2
4
21
63
55
47
17
18
12
19
9
1
62
32
10
1
9
21
58
60
53
15
18
10
19
1
10
4
60
31
12
6
9
3
23
62
58
49
16
19
11
21
10
15
62
30
13
12
10
7
24
65
60
53
20
21
11
19
13
8
67
27
12
7
8
21
64
66
60
18
21
11
20
12
11
69
25
12
9
11
21
67
67
65
22
21
11
21
11
16
70
33
14
9
9
22
66
68
67
24
21
11
22
3
13
12
73
35
18
12
23
24
69
72
70
26
18
10
21
3
14
14
71
38
15
14
25
24
75
70
67
28
17
8
23
1
13
16
70
41
16
16
18
25
79
71
68
26
17
8
22
7
18
19
71
34
17
22
26
19
27
83
70
70
31
18
8
18
3
20
22
76
40
13
20
27
17
26
77
76
74
27
17
9
22
5
13
14
77
31
18
19
28
25
77
76
78
30
17
8
20
10
14
10
76
19
15
18
25
4
25
82
76
75
31
19
9
23
2
19
24
79
39
20
18
32
5
26
74
78
77
29
22
10
24
4
16
18
81
43
22
17
28
4
26
74
79
81
30
23
8
18
7
13
14
80
26
11
16
12
1
25
70
80
75
30
23
9
21
1
12
16
79
39
15
11
21
24
68
80
77
33
25
11
19
9
10
83
34
14
6
16
22
76
83
77
34
26
11
17
1
7
6
86
27
10
7
15
22
66
86
79
29
25
11
18
6
6
2
85
41
11
11
23
7
23
52
84
80
27
25
12
18
12
16
83
34
11
10
1
22
60
84
76
32
26
12
18
11
10
88
35
13
3
16
20
64
89
83
28
23
11
18
1
8
7
84
26
10
8
16
22
59
84
74
25
22
11
18
11
13
84
33
11
9
10
22
60
83
79
31
22
11
21
7
11
88
42
15
5
26
22
63
88
84
27
18
11
22
11
14
82
30
15
9
23
23
55
83
74
26
18
11
18
1
15
14
85
27
10
13
19
1
23
58
85
81
32
20
11
20
8
12
88
32
12
11
16
23
64
89
85
28
18
11
21
1
14
15
86
32
15
13
20
24
52
87
82
31
19
11
21
3
10
13
90
33
13
14
14
23
58
91
86
32
20
12
21
3
10
8
94
40
14
9
20
25
60
94
91
33
21
12
19
7
16
15
94
38
12
14
20
26
60
94
6
92
31
21
13
25
3
13
19
93
36
17
16
22
1
25
56
93
92
23
19
12
21
8
15
14
89
35
14
18
30
26
54
89
88
28
21
13
19
11
15
12
93
33
11
19
24
26
57
92
88
30
23
12
23
5
15
12
97
44
16
13
23
25
59
97
95
27
22
12
25
4
10
14
98
42
18
17
30
5
27
53
99
100
33
23
15
23
5
14
18
99
23
15
20
38
5
27
56
100
98
39
23
13
19
3
19
19
101
33
13
12
27
26
56
102
98
36
22
13
24
13
18
101
48
17
15
28
26
50
101
96
34
22
12
21
6
13
10
99
46
15
17
29
26
59
100
95
44
25
13
21
16
21
106
46
13
11
22
25
60
109
104
47
25
13
22
1
17
22
108
46
12
17
24
2
25
43
110
104
42
24
12
21
3
12
12
105
40
12
15
21
25
49
106
96
46
25
14
25
6
17
108
41
15
15
36
24
59
110
101
44
24
13
21
2
10
12
107
36
10
14
20
24
48
110
101
47
26
14
20
17
14
109
35
11
11
20
24
48
111
103
47
28
14
21
12
12
110
45
13
15
39
2
24
55
112
103
45
28
11
16
3
10
8
106
31
4
14
16
6
23
63
108
95
45
28
10
19
2
10
11
107
37
9
15
20
23
61
110
103
43
28
10
17
1
13
11
107
38
7
13
7
23
51
110
103
47
30
9
16
8
4
106
29
7
4
7
1
21
52
108
96
45
31
9
16
1
8
10
103
29
6
14
22
2
2
1
22
43
106
92
41
31
11
17
4
7
107
32
4
10
11
21
29
109
98
47
34
13
17
5
4
112
38
5
5
20
21
66
114
108
44
31
10
16
12
12
107
27
3
12
11
23
57
109
98
45
32
10
16
6
10
110
33
3
9
14
3
22
50
113
101
43
29
9
15
7
5
9
107
27
1
19
29
7
3
1
23
73
110
99
46
28
10
15
3
12
12
107
22
2
10
22
1
23
61
112
99
48
28
10
18
11
15
111
45
9
3
19
24
57
115
89
107
21
18
8
20
1
5
8
92
30
10
5
13
2
25
37
91
232
88
20
16
9
23
5
6
10
85
24
10
15
17
1
27
5
86
331
81
37
19
11
19
5
16
14
98
34
7
15
16
27
63
101
329
93
41
17
6
19
12
21
17
99
29
10
20
22
2
30
113
103
187
95
35
13
5
25
15
28
28
90
36
18
24
37
1
2
34
54
93
87
20
9
9
27
8
31
35
79
24
18
23
45
1
33
43
81
77
28
10
7
25
16
25
31
77
28
15
29
27
3
3
35
31
80
74
25
10
4
11
23
12
22
25
75
45
14
19
29
3
4
32
52
78
75
27
13
5
4
25
11
23
26
74
34
18
24
34
15
4
32
75
76
74
40
19
8
22
17
27
27
78
32
20
12
32
26
3
2
32
96
82
79
36
19
6
19
6
19
21
69
21
11
22
27
9
3
27
135
74
66
37
18
5
20
8
14
18
65
22
11
23
25
13
1
3
27
117
70
66
39
20
6
21
10
14
21
66
28
10
26
30
1
3
28
104
70
70
39
20
5
12
19
10
17
21
65
13
10
22
26
12
4
6
27
119
69
8
66
36
19
4
3
14
16
10
10
16
54
22
4
20
25
6
7
6
25
113
60
40
59
36
18
6
20
12
22
20
52
25
28
11
32
33
21
2
28
128
56
47
58
39
1
22
1
4
5
14
15
12
8
60
19
2
16
18
7
5
25
141
63
33
66
39
22
3
3
23
13
7
7
15
54
22
1
13
23
10
8
23
113
58
5
50
33
18
6
18
9
17
21
45
15
12
7
32
30
29
3
25
126
48
9
44
12
31
10
25
9
6
2
7
4
43
7
11
1
12
5
16
129
47
10
42
33
4
25
1
3
8
9
3
3
11
37
19
15
3
11
6
18
134
41
25
34
17
17
13
12
14
43
27
7
27
46
25
6
6
25
153
43
16
52
20
33
8
20
13
14
9
6
14
32
9
20
17
15
8
19
136
35
1
43
37
12
28
2
9
4
18
33
12
2
16
10
11
13
4
18
149
37
3
26
1
31
7
26
8
21
4
4
3
5
34
13
9
16
8
16
8
17
133
37
2
39
27
22
7
1
5
4
1
3
9
27
1
16
6
5
15
7
16
136
28
10
34
29
27
4
7
3
29
12
9
7
14
5
14
155
32
9
35
26
9
24
29
22
4
24
5
3
23
10
12
97
26
19
23
6
23
32
14
1
24
2
18
2
13
23
9
11
112
25
29
29
27
6
6
2
26
15
10
22
14
8
1
12
147
29
28
34
25
27
4
1
23
13
8
5
13
3
9
124
23
29
22
25
9
17
18
6
15
7
10
105
20
23
15
17
3
5
2
10
20
4
2
12
80
15
13
7
24
10
22
16
24
21
23
4
13
3
17
6
11
115
24
8
40
26
4
28
4
23
8
15
7
11
100
25
22
20
23
8
10
23
19
21
7
11
101
25
39
37
7
12
3
2
4
7
19
2
17
7
6
14
94
6
38
28
9
12
11
1
14
7
5
5
6
18
86
12
22
23
7
10
7
14
1
11
4
5
23
3
18
104
13
37
32
5
1
11
11
8
14
8
18
1
21
27
18
7
23
98
8
72
25
20
28
10
7
3
12
7
1
16
10
4
11
22
76
65
15
10
55
12
12
3
7
8
14
25
15
52
3
31
9
38
39
18
9
49
61
29
28
59
58
2
34
82
12
102
49
9
3
28
15
35
39
14
34
40
24
41
59
36
3
34
113
12
117
50
4
9
36
14
14
13
19
5
5
19
18
23
12
28
70
116
1
20
12
29
30
12
5
16
33
37
43
4
32
99
127
5
14
23
22
24
25
2
17
34
37
29
9
35
77
146
16
29
29
32
38
22
25
41
45
43
9
41
68
164
9
19
27
29
32
43
11
21
49
47
45
9
42
91
143
12
8
31
28
40
49
26
30
50
61
30
9
42
79
178
15
1
13
29
26
33
36
21
24
37
49
15
10
39
89
174
9
6
50
24
31
29
29
18
32
29
51
14
38
70
163
9
40
26
51
59
36
1
43
54
88
67
5
45
110
204
22
8
14
40
27
24
32
37
10
24
39
63
31
13
38
64
171
9
24
32
27
37
34
21
16
34
38
59
63
8
39
46
184
4
4
41
25
50
46
12
42
21
45
56
77
89
1
42
119
221
22
33
3
34
20
35
30
21
36
34
48
67
70
4
35
88
196
19
35
32
38
34
27
35
56
63
57
5
40
84
197
8
6
14
30
28
43
43
15
31
41
59
57
8
41
109
204
6
19
2
2
33
8
39
46
16
5
34
33
73
74
5
34
86
204
11
14
28
15
34
34
3
26
37
49
47
8
33
72
174
28
7
28
36
9
26
28
54
41
6
32
67
173
1
2
28
15
30
30
21
4
26
42
70
56
4
33
94
187
12
27
32
22
19
27
17
12
19
26
50
58
10
31
71
165
1
23
23
26
34
10
17
47
43
52
7
34
61
152
1
3
24
21
37
37
13
23
37
21
55
64
68
2
34
109
155
14
48
8
21
4
28
30
14
5
19
24
52
42
9
30
93
129
4
24
11
31
31
13
2
23
34
48
52
8
34
90
118
24
16
31
33
9
20
34
61
60
9
35
77
114
1
7
25
21
30
35
2
22
37
54
54
10
37
89
102
28
23
35
37
25
27
28
45
57
74
9
39
77
98
6
4
26
25
34
36
12
25
24
50
61
76
9
40
85
95
22
2
25
29
32
32
21
45
45
65
8
40
90
74
7
28
26
33
48
4
13
24
51
47
60
8
42
86
57
9
7
25
25
33
43
20
8
22
47
47
68
10
41
94
48
16
28
14
32
31
21
6
26
29
54
73
8
36
93
61
4
2
29
20
37
47
16
15
26
46
54
65
9
41
91
61
10
30
21
35
39
18
27
42
51
64
9
41
87
61
33
25
35
37
17
29
38
54
59
8
43
102
58
1
11
29
30
36
40
20
24
45
43
45
12
43
92
29
4
30
17
39
39
21
24
27
35
52
63
10
41
98
26
1
12
34
17
38
37
26
26
31
39
62
78
8
43
118
36
5
28
5
30
29
34
36
8
16
6
25
50
54
69
11
44
115
42
49
2
32
24
38
39
15
13
28
42
49
74
10
43
119
42
1
15
36
32
39
42
2
12
21
29
48
53
73
11
48
123
36
23
38
26
41
54
15
21
32
53
53
69
10
49
126
26
22
2
35
23
40
53
10
24
30
28
53
43
72
11
47
131
25
30
6
32
29
35
40
19
23
30
25
48
56
59
12
48
140
15
54
34
25
40
45
18
21
31
28
47
55
72
11
47
143
18
38
3
31
30
36
32
27
25
20
23
44
50
79
12
46
147
24
55
33
28
37
37
19
22
16
27
49
56
70
11
48
158
23
47
1
34
24
39
44
14
20
22
27
47
53
77
11
47
147
23
29
4
33
25
37
44
26
27
29
26
47
45
81
11
46
148
15
48
6
29
29
33
39
41
22
44
20
48
41
80
12
45
166
15
65
3
25
23
27
32
27
19
18
15
37
48
62
11
41
165
22
48
2
24
18
29
37
31
19
22
16
40
39
70
12
40
158
21
49
7
24
24
27
35
40
17
33
14
45
38
74
3
14
42
163
22
49
5
11
22
22
26
32
47
12
34
11
38
39
55
7
14
41
170
15
62
5
8
20
21
27
33
42
3
43
10
39
34
66
7
13
40
170
21
53
6
9
20
23
24
32
34
3
24
7
42
33
76
7
14
41
176
33
50
10
12
20
21
25
34
44
18
25
8
41
34
64
11
15
42
166
34
62
12
12
19
21
19
29
50
14
40
7
36
29
61
11
15
40
158
23
47
7
9
18
21
16
26
44
10
23
1
36
23
60
10
13
39
174
13
46
12
14
16
21
15
25
51
8
45
36
22
61
12
15
39
169
22
58
9
14
19
23
18
20
55
5
45
4
30
28
63
11
16
41
167
43
58
7
16
19
28
18
18
48
12
25
3
31
30
55
10
17
43
172
34
63
8
17
18
29
15
19
51
12
39
37
28
66
8
17
43
174
37
55
4
9
20
23
17
24
50
8
34
1
34
22
59
6
16
43
168
39
44
6
17
20
25
18
25
52
7
30
1
33
25
60
5
17
45
