225
4999
4999
4900
4825
4999
4999
4999
1007
4999
4999
4825
4999
4999
4824
136
4902
4898
4753
208
4999
4999
4996
4819
4999
4999
4999
967
4999
4999
4819
4999
4999
4818
90
4896
4892
4746
200
4999
4999
4994
4812
4999
4999
4999
934
4999
4999
4812
4999
4999
4811
54
4889
4886
4740
191
4999
4999
4999
4806
4999
4999
4999
905
4999
4999
4806
4999
4999
4805
48
4883
4879
4734
184
4999
4999
4999
4800
4999
4999
4999
874
4999
4999
4801
4999
4999
4799
73
4876
4872
4727
175
4999
4999
4999
4793
4999
4999
4999
845
4999
4999
4838
4999
4999
4792
61
4870
4866
4736
156
4937
4939
4999
4797
4951
4937
4965
751
4957
4999
4964
4949
4948
4797
42
4864
4860
352
4895
4654
4682
4813
4911
4621
4662
4758
448
340
497
394
471
4691
4670
4995
212
4607
4658
4914
4857
4853
2212
4994
4275
4341
4615
4996
4190
4272
4458
2953
2184
2984
2381
2863
4330
4311
4991
1393
4161
4249
4995
4851
4847
1439
4978
4262
4332
4532
4978
4163
4248
4443
1931
1426
1959
1553
1866
4308
4268
4989
902
4133
4225
4978
4844
4840
1555
4987
4156
4236
4385
4985
4035
4137
4367
2076
1536
2104
1677
2017
4208
4134
4977
975
4004
4113
4984
4838
4834
1615
4969
4045
4137
4262
4970
3901
4018
4281
2165
1600
2189
1740
2093
4098
4001
4975
1014
3866
3990
4969
4831
4827
4
6
19
113
39
10
6
8
5
9
14
3
1
126
139
140
31
111
22
15
93
55
96
8
96
96
31
114
22
29
60
110
20
56
56
33
126
23
40
7
151
29
3
3
39
7
150
28
10
10
47
178
34
47
16
180
34
16
16
52
199
38
54
209
40
7
7
57
221
43
60
235
45
62
244
47
2
2
66
257
50
68
266
52
2
2
71
277
54
74
287
56
1
1
76
297
58
78
307
60
81
315
62
82
325
63
84
333
65
87
341
66
89
350
68
90
357
70
92
365
71
94
372
73
96
379
74
98
386
75
100
393
77
101
399
78
102
406
80
105
413
81
107
419
83
109
425
85
112
432
87
114
438
89
117
445
91
118
451
93
121
456
94
122
462
96
124
467
97
126
472
99
129
477
101
130
482
102
131
485
102
133
490
104
134
494
106
135
498
106
135
502
107
136
505
107
137
508
108
138
511
109
139
514
109
139
517
110
140
520
110
141
523
111
141
525
111
142
528
112
143
530
113
143
532
113
143
535
114
144
537
114
144
539
114
145
541
115
146
543
115
146
544
115
146
546
116
146
548
116
147
549
116
147
551
117
148
553
117
148
554
117
148
555
117
149
557
118
149
558
118
149
559
118
149
560
118
150
561
119
150
562
119
150
563
118
150
564
119
150
565
119
151
566
119
151
567
120
151
567
120
151
568
119
151
569
120
151
569
120
152
570
120
152
570
120
152
571
120
152
571
120
152
572
120
152
572
121
152
573
121
152
573
120
152
573
121
152
573
121
152
573
120
152
574
121
152
574
121
152
574
120
152
575
121
152
575
121
152
574
121
152
574
121
152
575
121
152
575
121
152
575
120
152
575
121
152
575
121
152
574
121
152
574
121
152
574
120
151
574
120
151
574
120
151
574
120
151
574
120
151
573
120
151
573
120
152
573
120
151
573
120
151
573
120
151
573
120
151
572
120
151
572
120
151
572
120
151
571
120
151
571
119
151
571
119
150
570
120
150
570
119
150
569
119
150
569
119
150
569
119
150
568
119
150
568
119
150
567
119
150
567
118
149
566
118
149
566
119
149
566
118
149
565
118
148
565
118
149
564
118
149
563
117
148
563
118
148
563
118
148
562
118
148
562
117
148
561
117
148
561
117
148
560
117
147
560
117
147
559
117
147
558
116
147
558
117
147
558
117
147
557
116
147
556
116
146
556
116
146
555
116
146
554
115
146
554
116
146
554
116
145
553
115
146
552
115
146
552
115
146
551
115
145
550
115
145
550
115
145
549
114
144
549
115
144
548
115
144
547
114
144
547
114
144
547
114
143
546
114
143
545
113
143
545
113
142
544
114
143
543
113
143
542
113
142
542
113
143
541
113
142
540
113
142
540
113
142
540
113
142
539
113
143
546
114
143
545
113
143
545
113
142
544
114
143
543
113
143
542
113
142
542
113
143
541
113
142
540
113
142
540
113
142
540
113
142
539
113
139
531
111
139
529
111
140
530
112
143
533
114
144
533
115
143
532
114
143
531
115
143
530
114
143
530
114
142
529
115
142
529
114
142
528
114
142
527
114
142
527
114
141
526
114
141
526
114
101
380
84
32
296
62
54
85
344
74
61
41
36
25
33
26
30
44
60
124
15
50
46
304
276
347
53
94
108
96
157
82
144
122
84
77
56
78
64
76
116
160
161
41
152
142
105
40
93
12
44
11
51
131
104
92
148
125
135
113
77
70
50
70
57
68
102
139
150
35
131
122
129
96
124
6
21
5
19
70
39
34
56
74
50
42
29
26
18
25
21
24
36
51
59
14
46
44
71
74
1
3
2
142
527
114
142
527
114
141
526
114
141
526
114
101
380
84
32
296
62
54
85
344
74
61
41
36
25
33
26
30
44
60
124
15
50
46
304
276
347
53
94
108
96
157
82
144
122
84
77
56
78
64
76
116
160
161
41
152
142
105
40
93
12
44
11
51
131
104
92
148
125
135
113
77
70
50
70
57
68
102
139
150
35
131
122
129
96
124
6
21
5
19
70
39
34
56
74
50
42
29
26
18
25
21
24
36
51
59
14
46
44
71
74
1
3
2
1
3
1
1
1
3
3
2
3
1
2
1
1
3
1
1
3
1
3
1
2
4
3
14
3
1
1
1
1
2
3
1
1
2
1
1
1
2
1
2
3
2
1
2
2
2
1
1
2
2
1
2
1
1
1
1
1
1
2
3
1
2
2
1
1
3
1
1
2
3
2
2
3
1
1
1
1
2
2
1
3
1
3
1
3
3
2
2
2
1
1
1
2
2
1
1
1
1
2
1
2
3
1
2
2
1
3
2
1
2
3
3
2
2
1
1
1
1
3
2
1
3
1
3
1
2
3
2
1
1
1
2
1
1
2
1
1
2
1
1
1
1
2
1
1
2
3
2
2
3
1
1
2
1
1
2
3
2
1
2
1
1
1
1
2
2
1
3
1
3
1
2
2
2
1
1
2
1
1
2
3
1
1
2
1
1
1
1
2
1
1
3
3
2
2
2
1
1
2
2
1
2
3
2
2
2
1
1
2
1
3
2
1
3
3
2
3
3
1
1
2
2
1
2
3
2
2
3
1
2
2
1
3
2
1
3
1
4
1
3
3
3
1
1
2
2
1
2
3
2
2
3
1
2
2
1
2
2
1
2
3
1
2
2
3
1
1
3
1
1
1
3
3
2
3
1
2
1
1
3
1
1
3
1
3
1
2
4
3
14
3
1
1
1
1
2
3
1
1
2
1
1
1
2
1
2
3
2
1
2
2
2
1
1
2
2
1
2
1
1
1
1
1
1
2
3
1
2
2
1
1
3
1
1
2
3
2
2
3
1
1
1
1
2
2
1
3
1
3
1
3
3
2
2
2
1
1
1
2
2
1
1
1
1
2
1
2
3
1
2
2
1
3
2
1
2
3
3
2
2
1
1
1
1
3
2
1
3
1
3
1
2
3
2
1
1
1
2
1
1
2
1
1
2
1
1
1
1
2
1
1
2
3
2
2
3
1
1
2
1
1
2
3
2
1
2
1
1
1
1
2
2
1
3
1
3
1
2
2
2
1
1
2
1
1
2
3
1
1
2
1
1
1
1
2
1
1
3
3
2
2
2
1
1
2
2
1
2
3
2
2
2
1
1
2
1
3
2
1
3
3
2
3
3
1
1
2
2
1
2
3
2
2
3
1
2
2
1
3
2
1
3
1
4
1
3
3
3
1
1
2
2
1
2
3
2
2
3
1
2
2
1
2
2
1
2
3
1
2
2
3
1
2
3
2
2
2
4
2
2
3
1
2
2
2
3
3
2
4
1
5
2
2
3
3
1
2
3
2
2
2
4
2
2
3
2
2
3
2
3
3
2
3
1
5
1
2
3
3
1
2
3
2
2
3
4
2
2
3
1
2
3
2
4
3
2
4
1
5
2
3
3
4
1
2
3
2
2
3
4
2
2
3
1
2
3
2
4
3
2
4
1
5
2
3
3
4
1
2
4
2
2
3
4
3
2
3
2
2
3
2
4
3
2
4
1
4
1
3
3
3
1
2
3
2
2
3
4
3
2
3
1
2
3
2
4
3
2
4
2
5
2
3
4
4
14
1
2
3
2
2
3
4
2
2
4
1
2
3
2
4
4
2
4
2
5
2
3
4
4
1
2
4
3
2
3
4
2
2
4
1
3
1
3
2
4
3
2
4
1
5
2
3
3
4
1
3
3
3
2
3
4
2
3
4
1
3
1
3
2
4
4
2
4
2
5
2
3
4
4
1
2
3
3
2
3
4
2
2
4
1
3
1
3
2
4
4
3
4
2
5
2
3
4
4
1
2
4
3
3
3
4
3
3
4
2
3
1
3
3
4
3
2
4
1
5
2
3
4
4
1
3
4
3
3
3
5
2
3
4
2
3
1
3
3
4
3
2
4
2
5
3
3
4
4
1
2
3
2
2
2
4
2
2
3
1
2
2
2
3
3
2
4
1
5
2
2
3
3
1
2
3
2
2
2
4
2
2
3
2
2
3
2
3
3
2
3
1
5
1
2
3
3
1
2
3
2
2
3
4
2
2
3
1
2
3
2
4
3
2
4
1
5
2
3
3
4
1
2
3
2
2
3
4
2
2
3
1
2
3
2
4
3
2
4
1
5
2
3
3
4
1
2
4
2
2
3
4
3
2
3
2
2
3
2
4
3
2
4
1
4
1
3
3
3
1
2
3
2
2
3
4
3
2
3
1
2
3
2
4
3
2
4
2
5
2
3
4
4
14
1
2
3
2
2
3
4
2
2
4
1
2
3
2
4
4
2
4
2
5
2
3
4
4
1
2
4
3
2
3
4
2
2
4
1
3
1
3
2
4
3
2
4
1
5
2
3
3
4
1
3
3
3
2
3
4
2
3
4
1
3
1
3
2
4
4
2
4
2
5
2
3
4
4
1
2
3
3
2
3
4
2
2
4
1
3
1
3
2
4
4
3
4
2
5
2
3
4
4
1
2
4
3
3
3
4
3
3
4
2
3
1
3
3
4
3
2
4
1
5
2
3
4
4
1
3
4
3
3
3
5
2
3
4
2
3
1
3
3
4
3
2
4
2
5
3
3
4
4
1
3
3
2
2
3
4
2
2
4
1
3
3
2
5
4
3
4
2
5
3
3
4
4
2
3
4
3
3
3
5
3
3
4
2
3
1
4
2
5
4
3
4
2
5
3
3
4
5
2
3
4
3
3
4
5
3
3
4
2
3
1
4
3
5
4
2
4
1
5
2
3
4
4
1
3
4
3
3
4
5
3
3
5
2
3
1
4
3
5
5
3
5
2
5
3
3
4
5
1
3
4
2
3
3
4
2
3
4
2
3
1
4
3
5
5
3
5
2
5
3
3
4
4
2
3
4
3
3
3
5
3
3
4
2
3
1
4
3
5
4
3
5
2
5
3
3
4
4
2
3
4
3
3
4
5
3
3
4
2
3
1
4
3
5
5
3
5
2
5
3
4
4
5
1
3
4
3
3
4
5
3
3
4
2
3
1
4
3
5
5
3
5
2
6
3
4
5
5
2
3
4
3
3
4
5
3
3
4
2
3
1
4
3
5
5
3
5
2
6
3
3
5
5
2
3
4
3
3
4
5
3
3
5
2
3
1
4
3
5
5
3
4
1
6
3
4
4
5
1
3
4
3
3
4
5
3
3
4
2
3
1
4
3
5
5
3
5
2
6
3
4
5
5
1
3
4
3
3
4
5
3
3
4
2
3
1
4
3
5
5
3
4
2
6
3
4
5
5
1
3
4
3
4
4
5
3
3
5
2
3
1
4
3
5
5
3
5
2
5
3
3
4
5
1
3
4
3
3
4
6
3
3
5
2
4
1
4
4
5
5
3
5
2
6
4
4
5
5
2
3
4
3
3
4
6
3
3
5
2
4
1
5
4
5
5
3
5
2
6
3
4
5
5
2
4
5
4
3
5
6
3
3
5
2
4
1
5
3
5
5
3
5
2
6
3
3
5
5
1
4
5
4
3
4
6
3
3
4
2
4
1
5
4
5
5
3
5
2
5
3
4
5
5
1
4
4
3
3
4
5
2
3
5
2
3
1
5
4
6
5
4
5
2
6
4
4
5
6
1
4
5
4
3
5
6
3
4
5
3
4
1
5
4
6
6
4
5
3
6
4
4
5
6
1
4
5
3
4
5
6
3
4
5
2
4
1
5
4
6
5
4
5
2
6
3
4
5
5
1
4
5
3
4
4
5
3
3
5
2
4
1
5
4
6
6
4
5
2
7
4
4
5
5
2
4
5
3
4
5
6
3
3
5
2
4
2
5
4
6
6
4
5
3
7
4
4
5
6
2
4
5
4
4
5
6
3
4
5
2
4
1
5
4
6
5
4
5
2
7
4
4
5
6
1
4
5
4
4
5
5
3
4
5
2
4
1
5
4
6
6
4
5
2
7
4
4
5
5
1
4
4
4
4
5
6
3
4
5
2
4
1
5
4
6
6
4
5
3
7
4
5
6
6
1
4
5
4
4
5
6
3
4
5
3
3
1
5
4
6
6
3
5
2
6
4
4
5
5
1
4
5
4
4
5
6
3
4
6
3
4
1
5
4
6
5
4
5
2
7
4
5
5
6
1
4
5
4
4
5
6
3
4
5
3
5
1
5
5
7
6
4
5
3
7
5
5
5
6
1
5
5
4
4
5
6
3
4
5
3
4
1
6
4
6
6
4
5
3
7
4
4
6
5
1
4
5
4
4
5
6
3
4
6
3
4
1
6
5
6
6
4
5
2
7
4
4
6
6
1
4
5
4
4
5
6
3
4
5
3
4
1
6
5
7
6
4
6
3
7
5
5
6
6
2
5
5
4
4
5
7
3
4
6
3
4
1
6
5
7
7
4
6
3
7
4
5
6
6
2
5
5
4
4
6
7
3
4
6
3
4
2
6
4
7
6
4
5
2
7
4
4
5
6
1
5
5
4
4
6
7
3
4
6
3
4
1
6
4
7
6
4
6
3
7
5
5
6
6
1
5
5
4
4
5
6
3
4
5
2
5
2
6
5
7
7
5
6
3
7
5
5
6
6
2
5
6
4
4
5
7
3
4
6
3
5
2
6
5
6
7
4
6
3
7
5
4
6
6
1
5
6
4
4
5
7
3
5
6
3
5
1
6
4
7
7
4
6
3
7
5
5
6
7
1
5
5
4
4
5
6
3
4
6
3
5
2
6
5
7
7
5
6
3
7
5
5
6
7
1
5
5
5
5
6
7
3
4
6
3
5
1
6
5
7
7
5
6
3
7
5
4
6
7
1
5
6
4
5
6
7
3
4
6
3
5
2
6
5
7
7
4
6
3
7
5
5
6
6
1
5
5
5
4
5
7
3
4
6
3
5
2
6
5
7
7
5
6
3
8
5
5
6
7
1
5
6
4
4
6
7
3
5
6
3
5
1
7
5
7
7
5
6
3
8
5
5
6
7
1
5
6
4
5
6
7
3
5
7
3
5
2
7
5
7
7
5
6
3
8
5
5
6
6
1
5
6
4
5
6
7
3
5
6
3
5
2
7
5
8
8
5
6
3
8
5
5
6
7
1
5
6
4
5
6
7
3
5
7
3
5
2
7
5
7
8
5
6
3
8
6
5
6
7
1
6
7
5
5
6
7
3
5
6
3
5
2
7
5
7
7
5
6
3
7
5
5
6
7
1
6
6
5
5
6
7
3
5
6
3
5
2
7
5
7
8
5
7
3
8
5
5
6
7
1
5
6
4
5
6
7
3
4
7
3
5
2
7
5
7
8
5
7
3
8
6
5
7
7
2
5
6
5
5
6
7
3
5
7
3
5
2
7
5
8
7
5
7
3
8
6
5
6
7
1
5
6
5
5
7
7
3
5
7
3
5
2
7
5
7
8
5
7
3
8
6
5
6
7
1
5
6
4
5
6
7
3
5
7
3
5
2
7
6
8
8
5
7
3
8
6
6
7
7
1
6
6
5
5
6
8
3
5
7
3
5
2
7
6
8
8
5
7
3
8
6
5
7
7
26
1
6
6
5
5
6
8
3
5
7
3
5
2
7
5
8
8
5
6
3
7
5
5
7
7
48
1
5
6
5
5
6
7
3
5
7
3
6
2
7
6
8
8
5
7
3
8
6
6
7
7
1
6
6
5
5
6
7
3
5
7
4
5
2
7
6
8
8
6
7
4
8
6
6
7
8
1
6
6
5
6
6
8
3
5
7
3
6
2
7
6
7
8
5
6
4
8
6
5
7
7
2
1
6
7
5
5
6
7
3
5
7
3
6
2
7
6
8
8
5
7
3
8
6
5
7
8
23
1
6
6
4
5
6
8
3
5
7
3
6
2
8
6
9
9
6
7
4
9
6
6
7
8
1
6
6
5
6
7
8
3
5
7
3
6
2
8
6
9
9
6
7
4
9
6
6
7
7
1
6
7
5
5
7
8
3
5
7
3
6
2
7
6
9
9
5
7
3
8
6
5
7
7
11
1
6
6
5
5
7
7
3
5
7
3
6
2
8
6
9
9
6
7
4
9
6
6
7
8
36
1
6
7
5
6
7
8
3
5
7
3
6
3
8
6
9
9
6
7
4
9
7
6
7
7
1
7
7
5
6
7
8
3
5
7
4
6
2
8
6
9
9
6
7
3
8
6
5
7
7
1
6
7
5
6
7
8
3
6
7
4
6
2
8
6
9
9
6
7
4
9
7
6
7
8
1
6
6
5
6
7
8
3
6
7
3
6
2
8
6
9
9
6
7
4
9
7
6
8
8
1
6
6
5
6
7
8
3
6
8
4
6
2
8
6
9
9
6
7
4
9
6
6
7
8
1
7
7
5
6
7
8
3
6
8
4
6
3
8
6
9
9
6
7
4
9
7
6
7
8
1
6
7
5
6
7
8
3
6
8
4
6
3
8
7
9
9
6
8
4
9
7
7
8
8
1
6
7
5
6
7
8
3
6
8
4
6
2
8
6
9
9
6
7
4
9
7
6
8
8
1
6
7
5
6
7
8
3
5
8
3
6
2
8
6
9
9
6
7
4
9
7
6
7
8
1
7
7
5
6
7
8
3
5
8
4
6
2
9
7
9
9
7
8
4
9
7
6
8
8
1
6
7
5
6
7
9
3
5
8
4
6
2
8
7
9
9
6
7
4
9
7
7
8
9
1
7
7
5
6
7
8
3
6
8
4
