65
34
40
32
37
20
49
33
47
36
52
19
52
9
55
25
42
41
47
32
34
38
50
47
53
74
37
45
36
43
21
52
34
49
41
57
19
57
9
59
28
43
46
52
33
47
43
49
45
46
67
34
43
34
43
19
48
30
46
35
57
18
57
12
54
24
47
44
50
29
40
36
48
32
48
70
32
44
34
41
22
47
30
45
35
58
21
55
18
52
24
50
43
48
29
42
38
48
38
50
72
32
44
34
40
24
48
28
45
36
59
24
52
17
54
26
49
44
48
33
44
40
55
35
44
63
30
41
34
39
24
47
25
43
31
58
23
53
13
51
21
46
42
48
32
32
35
43
22
44
69
33
45
40
42
28
50
26
46
32
56
24
59
15
55
22
50
43
51
34
35
34
39
23
38
59
28
34
37
34
27
45
22
42
28
48
20
55
15
52
24
51
34
45
31
32
28
40
17
39
54
27
25
37
27
27
41
17
37
27
44
22
51
16
48
24
50
30
40
30
25
29
1
34
13
41
55
32
26
41
25
28
37
12
32
37
44
24
46
9
42
22
43
33
41
27
33
36
28
36
46
31
16
43
19
27
29
8
26
37
32
22
39
5
33
21
43
28
37
21
21
31
16
42
50
37
17
49
20
34
29
14
28
41
33
29
38
16
33
25
49
32
40
24
24
37
21
49
50
41
20
52
18
39
28
19
29
44
36
36
37
22
33
26
47
34
39
25
27
43
24
3
44
47
36
16
46
11
35
21
16
22
37
30
29
35
17
26
26
38
28
31
17
19
38
27
38
47
32
13
42
7
31
15
16
19
34
31
26
31
18
19
25
29
25
25
8
18
36
26
34
42
18
5
30
24
6
18
15
33
26
26
23
20
12
20
23
14
14
11
30
29
24
34
1
12
13
17
7
24
12
20
12
16
3
15
15
2
21
30
25
35
7
15
20
29
16
22
17
25
17
28
12
12
20
4
1
5
19
15
4
21
30
7
16
23
6
37
22
23
19
27
18
32
17
15
22
3
5
5
18
16
3
16
30
13
21
8
38
25
17
18
24
16
29
20
18
23
5
8
16
14
14
22
37
2
14
27
16
45
32
18
29
24
28
32
29
17
27
2
9
7
16
15
32
23
39
5
8
17
4
30
24
47
37
18
34
23
36
32
36
14
30
7
15
15
15
14
33
29
48
16
21
29
20
39
38
55
48
20
44
28
45
37
47
14
38
22
30
27
27
19
33
30
49
20
20
32
22
39
40
53
49
20
43
26
50
36
48
19
39
24
34
29
32
21
37
30
45
19
17
31
15
33
35
45
42
17
37
19
44
29
44
19
36
22
29
25
21
22
22
36
51
27
23
38
17
37
35
45
41
20
42
19
42
26
44
18
35
28
34
27
28
25
8
43
61
38
29
50
24
44
37
44
43
26
47
25
45
26
44
18
36
39
43
31
34
30
2
46
59
40
27
52
20
44
31
37
38
31
43
25
40
20
39
16
31
38
41
25
28
36
44
52
32
19
45
9
38
22
28
29
30
32
22
28
16
29
17
26
30
32
16
19
34
59
70
46
34
58
23
50
36
36
41
45
49
33
42
25
40
26
41
46
44
29
32
48
6
58
75
48
41
57
30
49
41
36
48
47
61
32
53
22
46
26
48
50
48
31
41
46
1
3
3
55
70
45
41
54
31
44
40
37
50
45
61
31
52
20
45
24
45
46
46
29
42
47
1
1
55
66
40
37
49
25
40
35
36
48
48
55
32
48
24
42
29
42
39
39
24
38
50
7
42
56
25
29
35
16
30
28
28
40
38
48
32
41
24
37
21
36
28
27
17
37
32
16
37
55
18
21
27
15
24
25
25
39
35
47
29
38
17
34
25
34
23
25
13
37
34
18
32
54
16
17
24
11
18
20
20
34
27
41
24
37
16
30
24
37
19
21
8
28
29
29
28
49
11
17
19
8
12
16
16
29
23
41
21
33
16
25
17
35
15
16
3
28
22
35
22
46
4
8
12
4
7
11
20
14
38
13
25
9
18
13
28
8
6
26
16
27
23
41
1
4
11
3
4
10
16
6
36
10
19
8
12
10
24
5
2
21
11
19
3
27
48
11
11
20
2
12
9
18
19
13
42
18
24
19
15
16
27
13
11
29
17
34
5
28
50
16
12
25
4
18
11
27
19
17
42
19
29
21
16
18
28
16
13
1
29
19
41
6
26
37
8
1
18
17
4
25
11
14
26
14
17
19
9
16
18
7
3
13
18
4
48
2
27
43
12
2
22
22
5
31
12
21
26
19
17
23
9
17
18
10
6
18
21
52
8
30
41
13
4
24
24
5
37
14
22
31
21
22
22
9
16
21
10
5
16
22
40
19
21
29
5
18
22
41
11
14
19
19
18
27
7
13
23
7
15
42
7
18
29
12
23
1
46
14
13
19
20
17
30
9
7
21
14
11
46
19
31
12
25
5
53
20
12
28
24
22
28
14
7
21
18
13
40
2
25
43
5
2
20
2
33
16
66
34
15
36
31
34
39
26
15
32
4
4
31
19
6
27
25
44
5
1
18
1
30
16
64
34
19
37
30
34
41
27
13
33
1
3
30
21
5
23
22
37
1
13
26
13
57
31
18
34
25
28
35
23
14
30
24
18
30
22
37
1
14
24
15
54
33
12
32
21
28
32
27
13
28
25
14
26
27
43
7
6
19
4
26
21
53
38
15
37
23
36
30
33
19
30
6
9
4
27
19
23
29
43
10
11
21
8
24
23
47
39
17
42
23
39
23
35
21
35
10
13
5
31
19
21
21
39
6
4
15
2
17
18
39
34
17
33
18
30
18
32
11
30
4
8
18
14
23
28
43
12
3
19
2
19
21
37
36
21
28
16
31
19
37
15
36
8
10
5
22
21
22
34
45
15
6
24
4
20
22
33
36
24
35
16
38
18
39
16
38
13
14
6
30
24
14
29
40
13
1
22
2
16
20
28
35
20
33
13
35
8
35
17
33
9
12
4
20
19
22
32
38
12
21
15
19
27
35
20
28
14
32
10
34
21
37
7
9
3
23
20
2
24
11
33
40
13
19
14
17
26
34
22
31
12
31
12
33
16
31
6
6
1
27
25
2
27
28
28
36
9
15
10
15
24
32
15
31
6
28
9
30
13
34
5
4
29
22
31
31
28
41
12
4
19
1
14
18
27
36
13
38
13
32
17
32
15
40
10
10
2
33
18
29
22
36
50
16
8
22
4
18
20
31
37
23
42
17
35
21
33
20
44
13
13
7
33
29
29
27
31
46
6
1
16
13
15
28
30
14
32
15
28
18
24
18
36
6
7
3
29
22
3
32
42
25
41
2
12
9
9
20
21
9
30
11
20
13
12
12
25
2
5
24
16
44
52
27
41
7
3
19
15
11
23
22
18
29
14
19
19
10
14
27
7
11
3
20
19
58
41
28
43
12
5
25
2
23
13
28
23
17
29
22
19
26
10
22
25
10
15
7
25
20
47
29
23
37
6
20
19
6
21
15
12
28
19
12
22
3
19
18
4
7
1
18
18
37
21
33
43
16
9
31
2
27
14
26
20
27
33
23
20
24
9
18
24
15
16
7
22
29
5
39
11
30
41
17
7
30
2
22
10
20
13
24
32
22
18
15
4
15
21
15
15
2
21
22
2
32
4
32
42
17
8
28
1
18
7
17
9
23
33
21
14
17
2
12
15
14
14
15
23
12
28
47
57
27
19
35
8
23
14
21
14
30
43
23
22
20
10
17
20
25
21
6
34
37
30
32
48
60
28
20
33
8
18
15
17
13
32
42
22
26
14
11
18
24
29
21
5
36
38
3
36
56
68
36
29
38
19
21
23
24
21
42
56
29
35
19
21
21
36
40
30
11
42
47
29
29
54
67
36
32
36
22
19
23
26
23
36
59
28
41
21
24
20
37
39
29
10
47
46
51
21
1
49
63
24
27
24
12
13
16
21
18
30
54
25
39
18
21
18
30
29
18
2
41
37
13
33
3
50
61
18
24
21
10
14
19
25
22
29
44
25
41
16
28
24
39
27
17
3
39
35
43
28
9
38
56
13
20
18
9
13
16
26
23
18
41
17
41
14
27
21
35
21
14
39
23
35
35
8
32
55
10
20
18
12
16
17
34
28
11
45
15
43
19
30
13
42
18
14
1
37
18
19
42
27
44
2
12
12
4
13
12
34
25
12
34
19
39
27
28
14
42
7
6
28
15
27
30
17
34
4
7
3
27
16
9
27
15
25
27
19
14
32
22
6
15
37
11
4
20
22
11
15
9
18
14
14
10
26
10
17
32
14
13
19
7
8
5
20
10
11
6
18
28
30
25
4
18
23
11
18
8
25
18
18
6
25
13
1
50
32
45
3
15
1
20
10
14
7
22
14
20
10
28
11
39
49
43
7
22
7
18
13
18
8
28
12
24
15
30
14
27
59
48
4
22
7
12
13
2
23
8
34
12
25
17
32
16
14
57
54
10
29
3
2
2
12
11
14
1
29
9
36
7
30
15
33
3
22
2
12
55
41
17
34
7
5
4
15
8
15
10
31
9
38
3
32
12
35
3
5
26
12
14
49
33
12
31
6
2
4
12
9
9
29
7
31
27
11
32
2
4
21
6
51
30
16
38
14
10
13
3
16
11
8
38
10
36
30
15
34
11
12
26
7
58
37
25
44
4
19
13
17
7
20
1
11
14
42
13
43
7
32
17
36
14
15
31
15
59
51
31
54
6
25
12
20
11
25
1
11
15
50
14
46
9
32
16
37
18
18
6
36
18
53
43
38
61
12
35
18
30
18
34
4
14
19
62
13
50
10
37
15
36
27
28
16
45
23
63
37
48
72
25
51
29
47
29
49
14
25
28
68
22
58
17
46
15
43
42
45
31
52
32
64
56
54
79
34
59
40
58
39
59
24
33
33
64
27
64
24
53
16
49
50
58
45
54
39
46
55
49
66
25
49
34
51
36
57
19
27
25
63
19
58
18
48
13
36
42
54
44
50
31
58
55
45
63
27
48
37
52
39
61
19
28
27
60
22
55
17
48
16
30
42
58
51
42
29
72
50
48
68
37
56
49
63
49
71
28
36
31
62
28
58
25
54
21
32
51
70
63
48
34
67
50
46
64
36
54
51
63
49
71
26
35
26
61
26
55
26
53
15
29
49
72
64
45
31
62
68
53
69
42
58
58
66
53
77
30
39
32
63
31
57
27
59
15
31
52
75
70
45
36
64
68
54
70
43
57
59
66
51
78
28
40
32
64
28
58
23
61
13
29
54
74
70
43
35
65
65
52
69
47
60
62
66
49
78
29
41
30
63
29
56
23
61
14
25
57
77
68
39
33
59
63
62
75
56
66
71
72
53
83
34
49
36
61
33
59
29
66
18
27
66
84
73
42
46
55
66
59
75
52
61
68
66
50
79
30
46
36
57
30
57
25
65
10
23
63
79
70
39
41
51
64
68
87
62
70
77
74
60
88
34
53
47
69
34
61
29
73
11
27
72
88
79
45
49
16
53
49
73
93
71
81
86
85
72
98
42
64
46
76
45
71
43
83
23
30
82
100
91
56
54
39
51
48
61
85
66
75
79
80
66
93
38
62
38
71
39
70
39
78
21
26
75
95
84
51
42
85
27
43
59
80
58
70
72
74
60
87
35
57
41
72
29
68
27
76
12
21
68
87
78
48
40
238
1
44
49
66
45
61
59
66
53
82
33
54
30
58
24
63
20
72
15
19
58
78
74
33
32
469
35
35
56
34
51
47
57
40
72
24
45
15
49
13
53
10
62
16
10
48
68
62
29
19
719
29
22
43
21
37
31
46
24
56
15
32
3
38
1
41
2
49
14
35
55
45
11
6
926
29
21
44
15
32
23
41
20
51
14
30
1
34
38
2
46
13
29
49
40
11
6
1024
17
25
47
11
34
21
39
20
51
16
31
36
40
3
47
12
4
29
48
40
19
6
834
29
14
36
56
20
42
32
50
29
61
24
40
3
48
8
53
11
57
12
21
38
58
49
32
12
444
87
17
40
61
29
52
42
59
37
66
28
45
8
59
12
64
12
64
12
30
46
66
53
40
16
207
110
20
43
60
31
51
44
56
38
62
25
43
14
56
18
64
13
62
16
39
45
64
50
36
21
38
116
18
53
74
39
57
54
60
49
69
30
48
27
73
31
72
25
71
17
57
52
68
57
56
35
110
20
44
66
32
49
50
53
44
62
21
41
23
72
27
68
23
65
14
52
45
61
50
57
29
103
15
44
66
32
48
49
50
43
57
18
37
31
65
30
62
25
60
17
51
42
58
45
54
29
97
17
40
64
29
44
47
47
41
54
17
33
28
58
32
56
25
56
12
48
38
54
40
50
24
84
29
34
57
22
36
39
37
34
46
12
25
27
54
27
56
19
50
16
38
30
43
33
48
21
82
34
42
61
24
42
41
38
36
47
15
26
35
59
28
58
19
52
18
37
34
44
34
48
31
68
36
29
49
14
30
30
32
25
37
7
15
15
46
20
41
13
38
5
26
26
36
23
32
17
51
34
35
56
18
36
32
38
28
42
12
19
22
54
22
49
20
41
12
30
31
40
26
41
23
40
35
45
67
25
47
39
46
35
52
22
27
27
65
25
57
24
50
17
36
40
48
37
53
31
14
20
39
39
61
22
42
34
41
30
50
18
21
21
59
18
48
18
44
14
30
37
46
36
49
24
4
16
27
45
68
30
50
43
53
37
61
26
31
25
67
23
56
25
52
16
39
46
59
47
53
28
8
14
13
47
67
35
50
47
57
39
65
27
35
21
64
22
61
21
55
18
40
48
64
52
52
30
2
12
1
49
67
33
48
45
52
37
62
27
34
21
63
18
60
19
55
16
36
44
59
50
50
32
10
50
67
34
50
47
53
39
65
31
39
30
66
19
60
23
59
13
40
46
59
53
48
33
16
9
49
62
34
50
45
52
36
63
27
38
31
65
18
57
16
56
14
35
46
57
49
50
35
17
21
52
70
38
52
49
55
38
63
26
40
31
65
21
60
18
58
14
34
48
60
49
56
39
10
31
53
71
37
48
49
55
41
64
29
44
35
61
25
64
25
62
18
37
47
60
51
51
40
13
32
9
53
70
33
48
47
53
43
63
27
43
34
64
26
58
23
59
17
35
46
58
52
48
38
33
34
10
48
66
24
43
40
48
38
55
19
35
25
60
18
50
15
50
14
24
41
53
46
45
32
18
45
43
63
24
47
39
48
38
54
20
36
22
58
21
50
17
49
17
30
40
53
44
46
25
24
47
3
41
64
21
46
35
46
36
51
18
33
19
62
25
46
20
46
16
32
37
49
40
49
21
41
45
20
47
67
23
48
36
46
36
53
19
33
26
66
26
50
23
48
12
30
40
50
41
49
31
49
41
26
52
73
30
56
43
52
39
58
24
39
36
71
30
58
25
52
17
41
48
56
46
48
36
32
42
41
51
70
31
50
41
49
31
51
17
33
30
66
25
51
16
46
17
34
47
52
39
53
33
21
43
36
50
66
31
45
38
44
24
46
12
27
31
60
25
43
13
42
14
27
43
47
32
49
35
33
36
24
54
73
34
51
40
47
26
50
13
30
33
66
25
49
15
47
11
30
48
50
37
45
36
29
36
16
63
85
45
65
50
60
37
65
18
41
42
79
31
63
21
61
14
36
62
63
51
63
44
48
27
2
65
81
51
68
57
67
40
71
19
45
48
75
34
65
20
65
18
37
67
71
57
56
48
51
27
64
79
55
68
59
68
42
72
16
45
48
70
29
62
12
63
16
32
67
74
59
47
49
48
32
66
84
53
70
60
68
44
74
17
46
46
74
28
60
12
65
16
36
67
75
61
51
48
77
33
71
88
56
75
65
74
48
80
21
51
46
75
26
64
13
70
23
38
71
81
69
56
52
77
33
18
78
92
68
80
78
87
59
94
32
63
53
81
34
77
21
83
25
42
82
95
83
67
61
89
23
29
75
89
62
74
74
82
57
91
32
60
47
78
30
74
23
80
24
41
76
92
81
60
58
84
27
41
67
82
50
63
63
70
54
83
29
53
37
69
25
66
21
73
24
34
64
82
75
55
48
71
27
41
63
74
45
61
60
68
56
85
31
53
35
66
27
66
21
75
22
37
61
80
76
50
44
91
26
39
58
77
45
64
61
71
58
86
34
54
33
69
28
67
21
76
19
38
61
80
76
59
44
97
39
41
47
70
37
52
54
62
51
77
30
47
26
63
27
60
19
69
15
32
52
72
65
54
34
106
43
46
47
59
29
43
48
51
46
70
25
42
21
52
22
56
18
65
18
28
42
62
57
39
30
116
50
52
44
56
27
43
47
49
45
69
26
43
18
52
19
55
16
64
19
26
39
59
57
38
24
103
62
40
38
52
26
38
46
48
43
68
25
42
19
49
20
50
12
62
18
27
37
58
55
35
23
91
57
27
37
49
27
36
46
48
41
66
27
44
18
44
20
51
17
63
20
29
36
57
53
32
24
106
41
23
32
45
20
32
39
40
37
61
27
44
22
45
20
55
21
62
15
29
30
50
48
36
19
105
32
32
29
39
12
23
29
31
28
55
23
41
16
33
14
46
12
58
13
27
22
42
42
26
18
124
27
38
27
45
14
30
30
39
28
60
29
49
10
43
13
52
16
65
13
35
26
46
46
35
13
137
27
33
22
44
8
30
24
39
23
57
26
47
3
47
11
50
17
62
11
38
22
44
41
41
6
126
34
42
21
43
2
25
17
32
16
49
21
41
45
10
45
18
56
12
32
18
37
34
39
4
105
28
40
25
47
3
24
20
31
18
49
22
41
1
48
12
57
22
58
13
36
19
36
34
37
9
87
20
44
21
46
4
21
19
27
15
41
18
35
49
6
50
12
51
8
33
18
32
28
41
4
69
22
36
16
46
1
22
15
25
12
33
14
28
45
3
45
9
43
8
29
16
28
19
42
56
32
30
23
42
20
14
19
13
27
17
26
6
41
10
42
14
40
14
34
13
22
14
38
9
51
27
35
18
32
8
8
6
9
15
12
17
3
38
11
33
15
30
8
27
3
11
5
34
2
44
25
25
12
31
9
7
4
8
12
9
13
35
10
29
13
26
5
24
3
8
1
29
21
40
36
13
29
13
11
10
11
14
12
16
39
10
32
13
29
7
32
7
12
1
34
3
52
34
10
30
6
7
4
6
9
8
10
34
7
24
13
23
27
2
7
29
7
51
26
22
45
16
16
9
