4999
4838
4999
3676
3534
3842
3779
1459
691
4838
4999
4999
4838
4999
71
3400
4914
4910
4999
4999
4832
4999
3573
3432
3732
3666
1427
676
4832
4999
4999
4831
4999
75
3309
4908
4903
4999
4999
4825
4999
3454
3312
3601
3535
1375
638
4825
4999
4998
4824
4999
54
3182
4901
4897
4999
4999
4828
4999
3360
3222
3502
3439
1340
629
4831
4999
4999
4819
4999
60
3098
4895
4890
4999
4999
4908
4998
3246
3108
3379
3319
1295
599
4914
4999
4999
4812
4999
52
3001
4888
4884
4999
4999
4999
4999
3151
3014
3275
3217
1260
581
4999
4999
4999
4806
4999
49
2930
4882
4877
4999
4999
4993
4999
3054
2917
3170
3120
1198
559
4993
4999
4999
4799
4999
57
2887
4875
4871
4999
4985
4999
4999
2961
2825
3069
3019
1177
540
4999
4999
4999
4793
4999
41
2857
4869
4864
4999
4986
4999
4999
2867
2734
2970
2914
1142
520
4999
4999
4999
4811
4999
39
2833
4862
4858
4799
4841
4999
4761
2037
1952
2062
2035
914
412
4999
4800
4826
4924
4809
21
2061
4856
4851
4591
758
4670
977
4998
493
4513
198
557
313
4998
4586
4627
4998
4610
659
4849
4845
4249
2168
4406
2690
4992
1407
4098
595
1603
905
4992
4250
4347
4985
4278
1905
4843
4838
2152
787
2315
978
2297
508
2017
206
586
322
2329
2206
2311
2573
2211
706
3020
3022
121
119
132
119
46
21
2
86
282
282
302
308
124
60
10
286
3
7
23
9
4
7
15
29
12
10
140
141
381
383
411
410
162
77
11
364
196
201
220
218
84
37
1
185
96
96
399
402
435
432
169
79
10
376
387
392
424
422
165
76
9
369
56
56
443
448
485
480
187
86
10
416
528
534
577
574
225
104
13
503
3
3
527
533
578
573
223
103
12
498
10
11
623
629
680
675
264
123
16
590
633
639
693
687
268
125
15
600
16
16
699
705
764
757
296
138
18
662
735
742
802
795
311
144
18
696
7
7
775
782
846
838
328
153
19
733
823
829
898
890
348
163
21
780
854
861
933
924
361
168
21
809
2
2
901
907
982
972
380
177
22
852
932
939
1016
1007
394
184
23
883
2
2
971
979
1059
1049
410
192
24
920
1006
1012
1096
1085
424
198
25
952
1
1
1039
1046
1132
1121
438
205
26
984
1074
1080
1169
1158
452
212
27
1017
1104
1111
1202
1190
465
217
28
1045
1136
1143
1237
1224
478
224
28
1076
1166
1172
1268
1255
491
230
29
1105
1195
1200
1300
1287
503
235
30
1131
1224
1229
1330
1316
514
241
31
1158
1250
1255
1359
1345
526
246
32
1184
1278
1282
1388
1374
537
252
32
1209
1303
1307
1415
1400
547
256
33
1233
1328
1332
1443
1427
558
261
34
1257
1352
1356
1468
1452
567
266
34
1279
1375
1379
1493
1477
577
271
35
1301
1398
1401
1517
1501
586
276
35
1323
1420
1423
1541
1524
596
280
36
1344
1443
1445
1565
1547
605
285
38
1364
1464
1465
1587
1569
614
289
39
1384
1484
1486
1609
1591
624
294
40
1404
1505
1506
1631
1612
632
299
41
1423
1525
1525
1652
1632
641
303
43
1441
1543
1544
1671
1652
649
308
44
1459
1561
1561
1691
1670
657
312
45
1476
1580
1579
1710
1689
664
316
46
1493
1597
1595
1727
1707
672
320
48
1509
1613
1611
1744
1724
679
324
49
1524
1629
1628
1762
1741
686
327
50
1540
1644
1642
1778
1757
693
331
50
1554
1658
1656
1792
1772
698
334
51
1567
1673
1669
1808
1785
704
337
52
1580
1687
1684
1823
1800
711
340
53
1594
1700
1696
1836
1814
716
343
53
1606
1713
1708
1850
1827
721
345
54
1617
1724
1720
1862
1839
726
348
54
1628
1736
1731
1874
1850
731
349
54
1640
1747
1742
1886
1862
735
353
55
1651
1758
1752
1897
1874
739
355
55
1660
1769
1762
1909
1884
744
356
56
1670
1779
1772
1918
1894
748
359
56
1680
1788
1781
1929
1904
752
360
56
1689
1798
1790
1939
1914
755
362
56
1697
1807
1799
1948
1923
759
364
56
1706
1815
1807
1957
1932
762
365
57
1714
1824
1815
1966
1940
766
367
56
1722
1832
1823
1974
1948
769
368
57
1730
1840
1830
1982
1956
772
370
57
1737
1847
1838
1990
1963
775
371
57
1743
1854
1845
1997
1971
778
372
57
1751
1861
1850
2004
1978
780
374
58
1757
1868
1857
2011
1985
783
376
58
1763
1874
1863
2018
1991
786
376
58
1769
1880
1869
2024
1997
788
377
58
1775
1886
1874
2030
2003
790
379
59
1780
1892
1879
2035
2008
793
379
58
1784
1897
1885
2041
2013
794
381
58
1790
1902
1889
2046
2018
797
382
59
1795
1907
1893
2051
2023
799
383
58
1799
1912
1898
2056
2028
800
384
58
1804
1916
1902
2061
2032
802
384
59
1808
1920
1906
2064
2037
804
385
59
1812
1925
1910
2069
2040
805
386
59
1815
1929
1914
2073
2045
807
387
59
1819
1932
1917
2077
2048
808
387
59
1823
1936
1920
2080
2051
809
388
59
1826
1939
1923
2083
2055
811
389
59
1829
1943
1926
2087
2058
812
389
60
1832
1945
1928
2090
2060
814
390
59
1834
1949
1932
2093
2063
814
390
59
1837
1951
1934
2095
2066
815
391
60
1841
1954
1936
2098
2068
816
391
60
1842
1956
1939
2100
2070
817
391
60
1844
1958
1940
2102
2073
818
392
60
1847
1961
1942
2105
2074
819
393
60
1848
1963
1944
2106
2076
820
393
60
1850
1965
1946
2108
2078
821
393
60
1852
1966
1947
2109
2079
821
393
60
1854
1968
1948
2111
2080
822
394
60
1855
1969
1950
2112
2082
822
394
59
1856
1971
1950
2114
2084
822
394
60
1858
1972
1952
2115
2084
823
394
60
1859
1973
1953
2116
2085
823
395
59
1860
1974
1954
2117
2087
823
395
61
1861
1975
1954
2118
2088
824
395
60
1862
1976
1955
2118
2088
824
395
59
1862
1977
1956
2119
2089
825
395
60
1863
1978
1956
2120
2089
824
395
61
1864
1978
1956
2120
2089
824
395
60
1864
1978
1957
2120
2090
825
395
60
1865
1978
1957
2120
2090
825
395
60
1865
1979
1957
2121
2090
825
395
60
1865
1979
1957
2121
2089
825
395
60
1865
1979
1958
2121
2090
825
395
60
1866
1980
1957
2121
2089
825
395
60
1865
1979
1957
2120
2089
824
395
60
1865
1980
1957
2120
2089
825
396
60
1865
1979
1957
2119
2089
825
395
60
1865
1979
1956
2119
2088
824
395
59
1865
1979
1956
2119
2087
824
395
60
1864
1978
1955
2119
2088
824
395
60
1864
1978
1954
2118
2086
823
395
60
1864
1977
1954
2117
2086
823
394
59
1863
1977
1953
2117
2085
823
395
60
1863
1976
1952
2116
2084
823
395
59
1862
1976
1952
2115
2084
822
394
59
1861
1976
1951
2114
2082
822
393
59
1860
1974
1950
2113
2081
821
393
60
1860
1973
1949
2112
2081
821
393
59
1859
1973
1948
2111
2079
820
393
59
1858
1972
1947
2110
2078
820
393
59
1857
1970
1946
2109
2077
820
393
58
1856
1970
1945
2108
2076
820
393
59
1855
1969
1944
2107
2075
819
393
60
1855
1967
1943
2105
2074
818
392
59
1853
1967
1941
2104
2072
818
392
59
1852
1966
1939
2103
2071
818
391
59
1851
1964
1939
2101
2070
817
392
59
1850
1963
1938
2099
2068
816
391
58
1849
1962
1936
2098
2067
816
391
59
1847
1960
1935
2096
2065
815
391
59
1847
1959
1933
2094
2063
815
390
59
1845
1958
1932
2093
2062
814
390
58
1844
1957
1931
2092
2061
813
390
59
1842
1954
1929
2090
2059
813
390
59
1841
1954
1927
2089
2057
812
389
59
1840
1952
1926
2087
2055
811
389
59
1838
1951
1924
2085
2054
811
388
59
1837
1949
1922
2084
2052
810
388
58
1835
1947
1921
2082
2050
809
388
58
1834
1946
1919
2080
2049
808
388
59
1832
1944
1918
2078
2047
808
388
58
1831
1942
1916
2076
2045
807
387
58
1829
1941
1914
2074
2043
806
387
58
1827
1939
1912
2072
2041
806
386
58
1826
1937
1910
2070
2040
805
386
57
1824
1935
1909
2068
2038
804
386
58
1822
1934
1907
2067
2035
804
385
59
1821
1932
1905
2064
2033
803
385
57
1819
1930
1903
2062
2031
802
384
57
1817
1928
1901
2060
2029
801
384
58
1816
1927
1899
2058
2027
801
384
58
1814
1925
1897
2056
2025
800
383
57
1812
1923
1895
2054
2023
799
383
57
1811
1921
1893
2052
2021
798
383
57
1809
1919
1891
2050
2019
797
382
57
1806
1917
1890
2047
2017
796
381
58
1805
1915
1888
2045
2015
795
382
57
1804
1913
1885
2044
2013
795
381
57
1801
1911
1884
2042
2010
794
380
57
1799
1909
1882
2039
2008
793
380
57
1798
1907
1880
2037
2006
792
379
57
1796
1905
1878
2035
2004
791
379
57
1793
1903
1876
2033
2002
791
379
57
1792
1901
1873
2031
2000
789
378
57
1790
1899
1871
2028
1997
788
378
57
1788
1897
1869
2026
1995
788
378
57
1786
1895
1867
2024
1993
787
377
56
1784
1893
1865
2022
1991
785
377
56
1782
1891
1863
2020
1988
785
376
56
1779
1888
1861
2016
1986
784
376
56
1778
1887
1859
2015
1984
783
376
56
1776
1885
1856
2013
1982
782
375
56
1774
1882
1855
2010
1980
782
375
57
1772
1880
1853
2008
1977
781
374
56
1770
1878
1850
2005
1974
780
374
56
1767
1876
1849
2003
1972
779
373
56
1766
1874
1846
2001
1970
777
372
56
1764
1871
1844
1999
1968
776
373
56
1761
1870
1842
1997
1965
776
372
56
1760
1868
1840
1994
1963
775
372
56
1758
1865
1838
1991
1961
774
371
55
1756
1863
1835
1990
1959
773
371
55
1754
1861
1833
1986
1956
772
370
55
1752
1859
1831
1985
1954
771
370
56
1750
1857
1829
1982
1951
770
370
55
1747
1854
1826
1980
1949
769
369
55
1746
1852
1824
1977
1947
769
368
56
1743
1850
1822
1975
1944
768
368
55
1741
1848
1820
1972
1942
767
368
55
1739
1845
1818
1970
1940
766
367
55
1738
1844
1815
1968
1937
765
367
55
1735
1841
1813
1965
1935
764
366
55
1733
1838
1811
1963
1933
763
366
55
1731
1837
1809
1960
1930
762
366
55
1729
1861
1833
1986
1956
772
370
55
1752
1859
1831
1985
1954
771
370
56
1750
1857
1829
1982
1951
770
370
55
1747
1854
1826
1980
1949
769
369
55
1746
1852
1824
1977
1947
769
368
56
1743
1850
1822
1975
1944
768
368
55
1741
1848
1820
1972
1942
767
368
55
1739
1845
1818
1970
1940
766
367
55
1738
1844
1815
1968
1937
765
367
55
1735
1841
1813
1965
1935
764
366
55
1733
1838
1811
1963
1933
763
366
55
1731
1837
1809
1960
1930
762
366
55
1729
1810
1784
1933
1903
755
364
59
1705
1808
1782
1930
1900
753
363
59
1703
1806
1779
1928
1897
752
364
59
1700
1804
1777
1926
1895
752
364
59
1698
1801
1774
1923
1893
751
363
59
1696
1799
1772
1920
1891
749
363
59
1694
1293
1276
1383
1368
543
263
43
1240
67
30
54
37
109
18
73
7
19
10
83
45
38
149
41
16
340
348
109
52
91
66
159
34
138
15
43
24
173
121
106
152
124
51
119
93
151
150
163
162
63
32
5
149
106
49
87
62
154
32
130
14
39
22
155
107
92
146
107
44
139
124
73
73
78
76
29
15
2
69
1810
1784
1933
1903
755
364
59
1705
1808
1782
1930
1900
753
363
59
1703
1806
1779
1928
1897
752
364
59
1700
1804
1777
1926
1895
752
364
59
1698
1801
1774
1923
1893
751
363
59
1696
1799
1772
1920
1891
749
363
59
1694
1293
1276
1383
1368
543
263
43
1240
67
30
54
37
109
18
73
7
19
10
83
45
38
149
41
16
340
348
109
52
91
66
159
34
138
15
43
24
173
121
106
152
124
51
119
93
151
150
163
162
63
32
5
149
106
49
87
62
154
32
130
14
39
22
155
107
92
146
107
44
139
124
73
73
78
76
29
15
2
69
3
1
3
2
4
5
1
2
1
1
4
2
2
3
3
1
1
40
5
1
4
3
1
1
3
1
2
1
4
75
1
2
1
2
3
1
1
2
1
2
2
1
1
1
1
3
51
3
1
1
1
1
2
2
1
1
1
1
1
2
1
1
1
3
24
1
1
1
1
2
3
1
1
1
1
2
2
1
3
64
2
1
1
2
2
1
2
2
1
1
2
1
1
2
1
1
1
2
1
3
100
2
1
1
1
1
1
3
1
1
1
1
2
3
1
1
2
4
75
1
2
1
1
2
2
2
1
1
2
1
1
2
2
1
1
1
1
3
45
2
1
1
1
1
2
3
1
1
1
1
1
1
2
1
1
4
68
2
1
2
1
1
2
2
1
1
2
1
2
2
1
1
1
1
1
3
91
2
1
1
1
1
1
2
1
1
2
2
1
1
3
1
1
2
1
2
67
2
2
2
2
2
2
3
1
1
1
2
2
1
3
1
1
1
4
33
2
3
1
3
2
4
5
1
2
1
1
4
2
2
3
3
1
1
40
5
1
4
3
1
1
3
1
2
1
4
75
1
2
1
2
3
1
1
2
1
2
2
1
1
1
1
3
51
3
1
1
1
1
2
2
1
1
1
1
1
2
1
1
1
3
24
1
1
1
1
2
3
1
1
1
1
2
2
1
3
64
2
1
1
2
2
1
2
2
1
1
2
1
1
2
1
1
1
2
1
3
100
2
1
1
1
1
1
3
1
1
1
1
2
3
1
1
2
4
75
1
2
1
1
2
2
2
1
1
2
1
1
2
2
1
1
1
1
3
45
2
1
1
1
1
2
3
1
1
1
1
1
1
2
1
1
4
68
2
1
2
1
1
2
2
1
1
2
1
2
2
1
1
1
1
1
3
91
2
1
1
1
1
1
2
1
1
2
2
1
1
3
1
1
2
1
2
67
2
2
2
2
2
2
3
1
1
1
2
2
1
3
1
1
1
4
33
2
2
2
2
2
2
3
1
1
2
2
2
1
3
2
1
1
1
1
2
3
33
2
2
1
2
1
1
3
1
1
2
2
1
1
3
1
1
1
1
2
4
61
2
2
2
2
2
1
2
3
1
1
3
2
2
1
3
1
1
1
1
1
4
62
2
2
1
1
2
2
3
1
1
2
2
2
1
3
1
1
1
1
1
3
27
2
2
1
1
1
2
3
1
1
2
2
2
1
3
1
1
1
1
2
4
2
2
1
2
2
2
1
2
1
3
1
1
2
2
2
1
3
1
1
1
2
2
3
25
2
2
1
2
2
2
1
2
1
3
1
2
1
2
2
2
3
2
1
1
2
2
4
23
2
2
2
1
2
1
2
1
3
1
2
2
2
2
2
3
2
1
1
2
2
1
2
4
3
3
1
2
2
2
1
2
1
3
1
1
2
2
3
1
3
2
1
1
2
2
1
2
4
2
2
1
2
2
2
1
2
1
3
1
2
1
2
2
1
3
2
1
1
2
2
4
2
2
1
2
2
2
1
2
1
3
1
2
1
2
2
2
3
2
1
1
2
2
1
2
4
22
2
3
1
2
2
2
1
2
1
3
2
2
2
2
2
2
4
2
1
1
2
2
2
4
3
2
1
1
2
3
1
3
1
4
1
1
2
2
2
2
3
2
1
2
2
2
4
2
2
1
1
2
2
1
2
1
4
1
2
2
3
2
2
3
2
1
1
2
1
2
5
2
2
1
2
2
2
1
2
1
4
1
2
2
3
2
2
4
2
1
1
2
3
1
3
5
2
3
1
3
1
3
1
2
1
3
1
2
2
3
3
2
4
2
1
1
3
2
1
2
4
1
2
3
1
2
2
2
1
2
1
3
1
2
2
3
2
2
4
2
1
2
3
1
3
4
2
2
1
2
3
2
2
2
1
4
1
2
2
3
2
2
4
3
1
2
2
3
1
3
5
2
3
1
2
2
2
1
2
1
4
1
2
2
3
3
2
5
2
1
1
2
2
1
2
4
2
3
1
2
3
3
1
2
1
4
1
2
2
3
3
2
4
2
1
2
2
3
1
2
5
2
3
1
2
2
3
1
2
1
4
1
2
2
3
3
2
4
3
1
1
3
3
1
3
5
3
3
1
2
2
3
2
2
1
3
1
2
2
3
3
3
5
3
1
1
2
3
1
3
5
3
3
2
2
3
3
2
3
1
4
1
2
2
3
3
3
5
3
1
2
2
3
1
3
5
5
2
3
2
2
3
3
2
2
1
4
1
2
2
2
3
3
4
2
1
2
3
3
1
3
5
2
3
1
2
2
3
1
2
1
4
1
2
2
3
3
3
5
3
1
1
2
3
1
3
5
3
3
1
3
3
3
2
3
1
5
1
3
2
3
3
2
5
2
1
1
3
3
1
3
5
2
4
2
3
3
3
2
3
2
4
2
3
2
3
4
3
5
3
2
1
3
3
1
3
5
3
3
1
2
3
3
3
2
2
4
2
3
2
4
3
3
5
3
2
1
3
4
1
4
5
3
3
2
3
3
3
2
2
1
4
1
3
2
3
3
3
5
3
2
2
3
3
2
3
5
2
4
2
3
3
4
2
3
2
4
1
3
2
4
3
3
5
3
2
1
3
3
1
3
5
2
4
2
2
3
3
2
3
2
4
2
3
2
4
4
3
5
3
2
2
3
4
1
4
5
3
3
2
3
3
3
2
2
2
4
1
3
2
4
4
3
5
3
2
3
3
4
2
3
6
2
3
4
2
3
3
3
3
2
2
4
2
3
3
4
3
3
5
3
2
2
3
3
1
3
5
2
4
2
3
3
3
3
3
2
4
2
3
3
3
3
3
6
3
1
2
3
4
2
4
5
2
4
2
3
3
3
2
2
2
4
2
3
3
4
3
4
6
4
2
3
3
4
2
4
6
14
2
4
2
3
3
3
2
2
1
5
2
4
2
4
3
4
5
3
2
2
3
3
1
4
5
57
3
5
2
4
4
4
3
3
2
5
1
3
2
4
3
3
6
3
2
2
4
4
2
4
6
40
3
5
2
3
4
3
2
2
1
5
2
3
2
5
4
3
6
4
3
2
3
5
2
4
6
2
4
2
2
3
3
2
3
2
5
2
3
3
4
3
4
5
3
2
2
3
4
2
4
6
16
3
5
2
3
4
4
3
3
2
5
2
3
2
4
4
4
6
3
2
2
4
4
2
4
6
52
3
4
2
3
3
4
3
3
2
5
2
4
2
4
4
4
6
4
2
2
3
5
2
4
6
13
3
4
2
3
4
4
3
2
2
5
2
3
3
4
3
4
6
4
2
2
4
4
2
4
6
21
3
4
2
3
4
4
3
3
2
5
2
4
2
5
4
4
6
3
2
2
4
4
1
4
5
43
2
4
2
3
3
4
3
3
2
5
2
3
2
5
3
4
6
3
3
2
4
5
2
5
6
40
3
5
2
4
3
4
3
3
2
5
2
4
3
5
4
4
7
4
3
2
5
4
2
4
6
5
3
4
2
3
4
4
3
2
2
5
3
3
3
4
4
4
6
3
2
2
4
4
2
4
6
2
4
3
3
4
5
3
2
3
5
3
3
3
4
4
4
6
4
2
3
4
5
2
4
6
41
2
4
3
3
3
4
3
2
2
5
2
4
3
5
4
5
7
5
2
3
4
5
3
4
6
85
2
5
3
4
4
5
4
3
3
6
2
4
3
6
5
5
7
5
3
3
5
6
3
6
7
17
3
5
3
4
4
5
3
3
3
6
2
5
3
5
5
5
8
5
3
3
5
6
3
5
7
3
5
3
4
5
5
4
3
3
6
3
4
3
6
5
5
7
4
3
3
5
5
2
5
7
2
5
3
4
5
5
4
3
4
6
3
5
3
6
5
5
7
4
3
3
5
5
3
5
7
3
2
5
4
4
5
5
4
3
3
6
2
4
3
5
5
5
8
5
3
3
5
6
3
6
7
18
2
6
4
4
5
5
4
2
3
6
2
4
3
7
5
6
7
5
3
3
5
5
2
5
7
9
2
6
3
4
5
5
4
3
3
7
2
5
3
6
5
5
8
4
3
3
5
5
3
5
7
3
6
3
4
5
5
4
3
3
7
3
5
3
6
5
5
8
5
4
4
6
6
3
6
8
31
2
6
3
4
5
5
4
3
3
6
3
5
3
6
5
6
8
5
3
3
6
6
3
5
8
74
2
6
4
4
5
5
4
3
3
