14
2
1
9
5
1
11
10
3
1
12
5
6
1
16
2
11
9
2
3
13
6
12
6
28
15
11
3
4
1
15
7
11
13
14
12
11
5
9
4
1
13
6
1
15
19
1
14
1
12
4
1
7
4
14
14
5
1
19
21
30
16
1
2
14
2
1
2
3
1
14
6
1
16
26
43
20
2
9
2
5
5
2
17
9
12
6
2
15
29
9
20
6
4
5
8
6
3
1
13
15
13
5
2
16
28
10
4
5
8
11
4
6
2
17
28
10
4
3
24
19
10
13
3
3
8
10
2
1
12
17
11
5
3
28
9
35
10
1
1
8
11
2
3
11
15
11
5
2
24
3
20
1
2
4
7
10
3
2
4
1
20
2
2
4
21
5
2
3
3
1
7
9
3
3
3
6
5
1
3
2
8
1
3
3
15
1
4
3
14
1
11
4
3
7
3
1
1
3
3
6
2
3
3
2
4
9
2
4
6
5
9
7
10
10
4
7
7
8
11
1
6
8
10
6
5
8
5
10
7
13
6
8
10
9
14
7
1
8
16
3
8
10
11
11
17
4
3
3
1
9
21
36
9
10
11
11
20
6
1
7
2
9
23
31
12
11
9
9
13
4
5
11
3
1
7
21
10
15
4
11
13
12
19
3
1
9
8
1
1
8
23
1
15
1
13
5
12
14
13
22
4
16
2
3
12
6
3
1
9
30
29
1
1
12
3
11
13
13
20
5
15
4
6
9
12
4
2
8
28
20
2
3
3
14
4
10
14
14
25
6
1
3
20
10
19
5
2
8
21
4
6
8
19
6
13
12
16
22
11
3
2
12
9
15
7
3
7
35
3
11
13
9
18
5
12
11
11
19
12
27
9
17
10
3
6
41
9
5
12
12
13
7
10
4
10
11
12
19
12
28
6
12
24
10
3
6
38
6
11
18
8
5
6
13
3
9
10
14
19
8
1
10
9
14
3
9
3
6
37
1
10
9
10
7
13
6
8
12
13
22
8
9
4
2
15
4
29
11
2
6
33
4
16
4
6
4
1
8
8
9
14
15
24
9
12
9
6
17
10
28
8
2
6
43
3
29
9
5
2
3
7
7
8
14
16
25
12
15
6
11
15
21
19
7
2
6
38
4
21
22
6
6
4
7
4
15
14
25
9
7
9
4
16
6
20
7
2
6
32
1
23
2
8
4
17
16
28
5
9
5
2
19
7
15
8
28
32
4
9
5
18
13
26
8
11
2
3
15
18
16
8
21
36
3
9
2
17
9
22
6
5
9
6
10
7
25
35
18
3
9
2
17
10
23
5
3
2
11
4
20
7
20
20
1
4
10
2
16
7
22
7
12
4
1
10
7
8
7
25
21
5
5
4
16
13
27
8
11
36
5
15
21
11
8
20
23
9
7
7
5
16
12
26
9
16
7
11
17
19
7
27
27
28
8
6
4
16
9
26
14
21
15
2
12
10
14
1
7
35
33
15
1
10
7
5
16
14
29
19
19
5
4
14
20
17
1
7
23
30
2
12
7
5
14
10
26
19
2
3
9
21
12
1
6
34
1
20
1
6
18
4
6
11
6
23
23
3
4
10
7
1
1
6
28
6
8
18
6
8
16
3
7
10
11
24
25
50
7
1
20
3
3
1
6
20
7
12
1
9
9
12
3
7
11
11
26
28
46
1
10
4
24
5
2
7
30
10
8
7
2
12
17
5
9
11
10
27
34
37
6
5
13
9
7
2
7
46
17
2
6
11
1
19
5
15
12
18
31
36
52
4
16
6
26
9
6
1
7
48
15
20
11
2
15
22
5
16
13
22
35
41
31
6
24
10
28
7
8
2
9
47
18
25
18
1
21
1
26
5
14
13
17
32
46
43
5
16
13
21
28
11
4
7
50
23
2
12
11
10
18
3
24
9
20
16
27
40
45
69
11
29
21
46
23
11
3
8
46
21
3
19
18
16
21
7
26
12
22
17
27
37
47
61
16
34
18
47
27
14
3
8
50
28
44
15
5
18
5
28
11
22
18
27
39
43
52
13
31
23
45
34
12
3
8
57
20
59
11
19
2
30
10
24
18
28
38
43
57
12
36
22
51
26
10
3
8
55
19
30
16
22
1
32
10
22
16
24
34
45
52
12
33
17
40
24
11
4
7
50
25
12
13
4
18
28
10
21
16
23
34
42
58
9
27
19
37
32
9
4
7
48
18
37
3
14
25
8
19
14
20
32
37
55
10
23
16
30
25
4
4
7
47
12
38
10
21
6
17
14
19
32
33
52
8
21
15
34
15
3
3
6
47
7
6
18
8
15
14
18
30
29
46
7
20
14
28
23
2
2
7
39
5
3
16
9
14
17
19
34
24
39
7
14
16
19
25
1
8
34
3
5
12
9
12
17
15
32
19
41
6
13
13
23
12
1
8
39
22
12
9
9
16
11
29
15
19
6
8
13
18
18
1
7
29
12
11
8
18
12
32
12
4
7
15
19
24
1
8
33
14
12
9
14
11
28
16
20
3
8
6
21
17
1
7
45
8
9
7
13
8
26
18
58
6
6
7
19
14
2
6
46
20
7
6
5
11
6
24
17
19
3
6
5
20
1
3
5
41
32
11
3
11
5
2
8
2
19
18
29
1
10
1
4
3
48
125
1
2
11
3
6
8
6
22
18
22
6
16
12
3
5
43
292
22
12
7
5
8
23
17
25
7
22
3
5
32
439
49
11
7
4
9
24
18
34
11
25
4
5
36
515
41
13
11
6
22
33
20
25
25
33
12
3
6
27
554
29
14
12
8
22
34
18
28
23
1
36
1
2
7
35
580
44
14
4
12
11
25
41
13
9
23
7
27
7
1
8
34
420
68
12
11
9
27
43
9
29
13
18
15
22
17
1
8
23
152
9
61
6
8
12
22
42
4
35
18
13
17
16
19
2
8
36
30
36
7
6
8
14
24
44
1
10
17
18
12
20
1
7
33
37
27
10
5
10
14
22
40
4
15
18
21
16
18
23
2
7
40
18
44
9
7
10
17
27
46
10
5
20
21
21
24
1
9
42
6
45
6
8
10
19
25
46
17
14
20
23
12
23
1
9
40
7
5
12
8
21
20
42
5
16
13
19
5
15
2
8
49
8
13
10
21
22
43
15
13
11
19
12
21
1
9
48
1
7
10
13
21
25
46
13
22
24
18
25
1
9
49
9
11
10
20
19
41
14
14
19
9
15
2
9
43
10
11
11
19
21
40
39
16
16
18
20
25
3
9
45
6
9
14
19
26
45
29
12
25
24
25
30
1
9
55
10
7
16
17
21
39
21
11
19
18
23
28
1
9
52
7
12
3
14
13
19
37
33
5
18
12
21
20
3
8
40
14
3
13
11
15
31
14
20
7
22
19
3
7
43
15
7
12
13
16
35
26
3
15
11
20
24
1
7
53
15
7
14
15
17
39
4
33
9
17
16
14
23
1
8
48
30
14
5
14
14
17
37
8
42
5
20
12
31
20
2
8
40
19
31
12
5
11
15
17
39
6
39
3
14
14
30
13
1
9
45
27
26
12
6
10
15
14
39
2
26
1
13
12
15
15
1
8
48
26
33
13
3
11
12
14
38
3
26
16
9
20
10
1
8
46
22
54
12
11
11
17
41
3
34
17
8
37
1
8
39
19
43
8
1
7
11
11
36
27
9
5
18
18
7
38
12
11
7
2
8
11
11
36
23
6
6
5
16
8
38
13
3
7
8
9
11
37
21
7
6
10
4
8
32
6
15
6
7
7
10
34
9
8
14
7
31
6
8
6
7
11
34
7
9
7
17
10
9
7
12
39
15
3
8
14
9
7
19
11
11
8
13
39
50
7
5
4
8
29
3
8
11
18
44
34
16
11
10
18
9
27
4
3
9
11
17
40
19
14
6
16
9
25
7
4
1
10
11
14
38
27
12
3
13
1
9
27
9
1
1
9
12
15
40
14
9
6
10
10
9
32
3
2
10
11
15
41
17
9
4
7
9
35
2
9
11
15
41
8
9
6
9
8
8
37
8
3
3
9
13
14
41
3
1
6
9
10
9
8
44
17
4
6
11
16
17
45
2
7
10
15
3
15
9
48
27
3
6
11
15
18
45
8
9
14
12
9
47
32
16
2
7
10
16
17
44
12
7
14
1
23
1
9
50
34
3
12
10
19
20
48
4
13
10
22
1
27
2
8
56
41
2
5
14
14
19
24
49
8
17
13
21
7
15
2
9
57
53
3
3
5
15
11
20
20
48
5
21
8
21
23
2
9
63
47
10
4
12
9
20
15
47
3
16
4
23
13
33
2
9
63
51
4
11
10
20
22
51
12
15
22
21
19
1
9
60
68
4
12
8
20
18
49
1
6
12
7
22
17
19
9
63
69
5
10
9
19
17
48
4
11
10
9
21
26
40
8
59
75
8
6
10
17
17
48
7
7
10
19
23
22
9
49
79
12
5
10
17
16
49
9
6
8
20
23
27
9
47
93
11
9
10
17
18
48
9
43
7
16
18
21
26
1
9
56
81
7
10
10
17
19
49
15
40
7
14
17
26
20
1
8
53
94
2
9
8
10
15
18
47
11
16
6
11
14
33
8
2
8
55
104
10
8
7
15
14
43
9
18
13
10
24
4
3
7
54
94
4
12
7
18
16
47
5
36
16
11
25
30
1
8
50
107
3
11
7
16
16
47
3
38
10
8
18
9
2
8
53
112
1
5
1
6
11
12
44
1
13
31
5
6
14
9
2
6
45
105
3
2
6
11
14
44
18
13
5
12
3
2
7
35
100
12
3
1
5
9
10
39
10
5
6
2
6
36
101
20
2
6
8
10
40
2
1
2
4
11
1
6
42
97
15
27
3
8
7
14
43
3
5
2
7
7
36
103
12
41
2
6
6
11
40
4
3
7
1
7
28
86
13
11
5
8
10
39
2
1
7
26
88
9
1
2
7
10
11
41
3
1
6
25
83
2
17
3
8
12
14
44
3
4
2
1
8
27
61
3
27
4
4
13
7
41
1
1
7
26
75
5
6
4
15
11
45
6
1
8
19
59
8
7
16
14
47
7
9
24
58
7
7
16
12
46
8
8
1
9
32
64
1
1
5
6
14
10
44
7
19
1
9
29
49
2
4
6
13
7
41
3
8
28
37
7
6
15
11
45
16
3
7
12
9
33
28
7
2
15
10
46
9
7
9
35
31
3
1
12
6
42
3
1
1
7
26
19
3
1
11
5
40
4
7
25
5
6
1
12
6
43
7
1
7
35
7
9
14
5
43
8
6
1
7
45
11
21
10
16
3
44
1
12
11
2
7
39
18
16
10
17
1
44
11
15
2
6
29
22
11
16
40
6
4
3
6
35
39
10
14
41
3
5
3
6
30
27
27
7
13
39
1
3
5
25
33
36
6
12
39
2
7
2
5
22
38
11
8
13
41
4
9
3
5
25
40
3
8
13
40
2
4
3
5
32
36
21
4
10
39
3
4
36
21
31
3
10
42
3
5
27
14
6
12
44
2
3
4
5
32
15
7
12
40
3
4
34
18
6
10
37
3
4
19
15
6
11
40
4
5
27
18
1
11
2
47
16
8
4
6
28
15
2
10
45
2
2
4
5
26
9
1
8
39
7
4
5
23
10
27
7
39
4
5
14
6
21
1
7
36
4
5
17
6
1
9
40
3
5
16
16
15
3
12
42
4
5
15
20
47
4
12
43
3
5
5
21
17
39
4
12
42
5
4
24
31
31
6
12
42
5
5
21
49
38
7
13
2
46
2
1
4
5
22
55
54
6
12
42
4
5
34
56
42
6
12
1
44
2
4
5
32
48
12
2
7
12
3
46
5
7
4
5
21
38
7
8
13
4
47
19
3
2
3
6
34
30
21
8
14
5
49
8
10
3
6
42
22
11
8
15
8
51
10
8
3
6
37
12
13
16
8
51
7
7
4
5
38
8
16
18
7
52
10
20
4
5
33
11
17
9
54
19
11
11
5
5
48
1
9
17
11
57
29
15
2
19
4
6
53
12
17
9
54
12
19
4
6
44
1
11
16
6
54
13
11
5
4
5
44
3
7
13
1
47
3
1
5
4
41
3
10
3
4
8
39
6
2
44
10
3
3
8
43
5
3
29
25
4
9
41
7
5
2
21
29
25
1
6
10
45
5
6
2
28
31
63
4
6
12
1
49
3
5
4
25
39
54
10
9
15
1
48
6
3
4
5
38
40
35
8
12
18
5
53
5
8
10
9
3
6
50
41
52
4
9
2
18
10
56
9
12
1
27
4
7
40
42
76
8
7
2
16
8
54
10
1
4
7
41
28
51
12
17
9
54
12
19
4
6
44
1
11
16
6
54
13
11
5
4
5
44
3
7
13
1
47
3
1
5
4
41
3
10
3
4
8
39
6
2
44
10
3
3
8
43
5
3
29
25
4
9
41
7
5
2
21
29
25
1
6
10
45
5
6
2
28
31
63
4
6
12
1
49
3
5
4
25
39
54
10
9
15
1
48
6
3
4
5
38
40
35
8
12
18
5
53
5
8
10
9
3
6
50
41
52
4
9
2
18
10
56
9
12
1
27
4
7
40
42
76
8
7
2
16
8
54
10
1
4
7
41
28
51
8
10
1
11
3
48
3
7
5
4
37
15
9
5
4
11
10
55
5
7
18
7
3
4
4
32
8
13
6
8
12
13
57
6
15
5
10
19
14
3
6
46
24
15
10
9
15
14
59
5
8
9
10
8
21
4
7
47
42
9
9
9
16
19
64
12
54
8
14
15
21
20
4
8
48
27
2
10
11
9
17
16
62
12
14
10
15
20
28
4
8
52
5
4
15
8
12
16
15
62
12
28
12
10
14
17
21
3
8
51
14
5
17
2
13
10
17
58
16
19
13
5
27
8
3
8
45
35
17
12
9
15
58
9
17
12
3
14
2
2
8
32
14
15
13
11
17
62
8
22
12
8
22
3
2
8
31
14
4
13
12
17
61
7
17
12
6
18
2
2
8
33
1
14
3
11
12
14
60
3
10
8
8
9
9
1
7
31
11
14
1
10
9
13
56
11
26
8
6
16
6
3
6
25
1
11
4
7
11
12
56
13
19
8
6
13
16
5
5
30
3
12
6
4
11
9
55
12
3
2
6
7
12
5
3
42
5
12
7
4
11
9
55
14
24
1
6
11
2
5
3
41
3
11
5
4
13
9
58
12
19
2
14
9
5
6
3
36
1
11
2
4
10
8
55
10
15
1
8
16
16
6
3
26
12
4
5
13
10
59
7
16
12
11
16
5
4
36
15
6
7
13
11
59
7
5
10
12
11
10
5
4
39
1
2
16
2
4
9
8
55
9
1
7
11
12
5
4
25
13
18
1
5
9
7
54
7
6
4
4
5
30
15
3
7
10
10
56
3
38
4
5
4
3
5
33
4
8
4
6
10
13
57
3
53
8
5
17
8
2
5
23
39
8
1
3
8
7
53
1
1
9
3
5
27
8
54
6
1
5
2
48
33
4
3
27
7
35
5
5
3
8
6
50
17
3
15
2
3
4
12
4
7
4
7
7
53
19
19
2
6
16
3
4
18
8
6
3
6
3
50
13
5
3
3
25
30
7
3
5
5
51
6
6
4
4
10
7
5
4
5
51
19
1
2
5
16
11
10
6
8
53
25
3
14
2
1
5
26
15
13
9
14
58
5
33
8
4
14
5
1
6
28
18
16
10
18
62
8
26
18
8
19
2
7
27
20
4
16
12
19
64
12
31
16
10
23
18
3
8
30
2
20
7
14
13
16
63
12
27
1
11
12
21
20
3
6
29
8
1
3
8
7
53
1
1
9
3
5
27
8
54
6
1
5
2
48
33
4
3
27
7
35
5
5
3
8
6
50
17
3
15
2
3
4
12
4
7
4
7
7
53
19
19
2
6
16
3
4
18
8
6
3
6
3
50
13
5
3
3
25
30
7
3
5
5
51
6
6
4
4
10
7
5
4
5
51
19
1
2
5
16
11
10
6
8
53
25
3
14
2
1
5
26
15
13
9
14
58
5
33
8
4
14
5
1
6
28
18
16
10
18
62
8
26
18
8
19
2
7
27
20
4
16
12
19
64
12
31
16
10
23
18
3
8
30
2
20
7
14
13
16
63
12
27
1
11
12
21
20
3
6
29
10
3
5
10
10
58
4
32
10
6
21
3
3
17
36
6
2
1
8
4
53
3
34
4
20
4
3
3
10
24
2
7
5
50
11
11
3
1
3
10
8
1
2
50
14
16
1
7
3
1
6
10
7
1
3
2
49
27
5
9
3
2
4
6
6
4
3
6
53
36
8
12
2
3
5
8
9
6
2
8
54
27
9
16
3
3
18
20
12
8
2
11
55
1
12
18
3
3
10
40
16
10
5
12
58
10
3
11
15
3
3
16
34
16
12
6
14
59
3
48
14
3
21
8
3
4
26
22
3
12
12
8
16
62
8
46
1
19
9
26
13
2
5
30
25
17
15
9
18
65
16
46
20
13
20
16
3
6
36
15
17
1
18
10
24
70
16
59
3
26
12
40
15
3
7
34
12
16
1
18
11
24
70
17
47
4
22
16
39
18
3
6
40
13
11
17
1
16
11
25
70
22
54
6
27
16
34
14
3
5
40
6
14
2
13
12
24
71
22
44
9
27
18
28
23
4
5
40
4
18
4
15
13
22
70
24
44
9
24
18
31
23
1
5
5
46
5
20
5
16
16
26
74
24
44
12
28
21
45
23
4
6
38
3
8
21
5
13
15
22
70
23
34
8
23
19
37
28
3
5
6
35
9
10
21
7
9
16
18
68
22
29
7
14
19
30
31
5
7
5
43
4
13
10
2
16
13
66
19
28
7
6
16
15
16
1
6
2
37
7
9
14
4
59
15
16
6
12
11
16
1
5
1
32
6
1
8
12
54
7
22
7
11
15
5
23
15
5
8
51
4
19
2
1
5
23
5
6
51
5
28
5
5
3
5
32
2
8
7
50
4
4
24
7
9
4
1
11
3
60
43
2
6
9
3
3
28
12
1
13
6
63
34
4
15
11
16
3
4
26
1
7
10
3
57
11
6
7
2
4
12
1
11
5
9
9
62
19
3
9
7
18
2
5
22
3
11
14
4
5
6
57
8
16
1
3
2
16
3
3
20
32
14
3
1
3
53
8
24
1
18
2
3
2
21
23
13
1
51
4
7
7
3
1
18
111
1
16
45
8
3
4
23
268
1
12
46
10
21
22
1
5
23
417
15
10
1
6
