5
6
4
12
19
28
29
2
7
5
1
45
9
28
2
3
11
7
5
12
10
2
63
11
8
4
24
24
4
1
2
17
4
57
10
25
14
13
1
18
49
8
37
5
4
18
2
46
2
13
42
5
7
37
7
8
15
4
32
9
11
4
1
39
12
1
2
46
13
15
9
47
12
5
6
51
10
19
4
7
49
9
15
3
8
42
8
2
37
4
40
7
63
6
44
7
20
16
47
9
1
8
13
42
10
18
33
7
5
31
22
1
1
27
14
17
1
33
2
25
5
5
5
1
2
40
17
32
64
27
18
5
4
4
47
14
2
17
34
10
12
4
7
40
11
9
5
10
10
3
44
7
12
35
14
26
7
15
34
15
37
17
35
8
23
2
28
1
2
4
4
10
18
47
2
12
22
2
10
10
68
4
8
10
6
2
3
1
47
4
4
41
1
40
17
23
37
34
35
44
5
1
9
57
6
14
8
13
65
9
22
55
6
4
6
13
65
7
1
35
5
4
8
16
14
16
5
66
21
15
5
3
17
21
10
5
12
13
68
21
21
1
2
16
4
4
4
61
13
21
5
1
7
45
27
6
7
30
30
5
27
16
30
123
30
194
30
1
210
13
1
3
28
6
284
7
8
31
9
187
8
44
5
7
3
5
41
9
11
7
3
11
17
32
18
16
3
23
43
12
2
17
15
6
20
31
15
19
20
19
27
52
14
1
20
14
3
11
27
4
8
4
14
10
20
58
12
17
33
6
8
2
40
7
2
23
29
16
24
10
25
25
12
23
7
11
30
1
17
2
37
3
9
4
48
20
6
32
6
5
25
18
4
3
65
28
12
17
48
10
18
27
9
28
3
12
10
71
4
36
12
23
19
26
27
13
11
21
39
15
48
16
20
21
79
3
46
8
11
11
3
26
9
4
3
26
36
23
24
50
29
30
35
94
49
18
12
13
12
4
38
36
2
5
27
31
14
29
48
36
30
39
90
1
40
16
8
17
21
1
6
5
8
27
17
38
24
46
37
34
36
85
41
3
18
9
20
31
34
4
10
3
6
21
41
16
16
28
22
45
47
37
87
1
46
10
3
49
12
64
14
16
3
14
27
38
13
22
28
40
47
38
35
92
10
2
44
18
2
8
43
32
17
10
19
33
46
52
34
34
49
47
44
35
99
3
6
47
36
31
3
27
19
16
36
17
14
25
41
36
17
20
28
35
39
22
83
7
37
19
14
5
27
6
12
32
1
8
12
22
14
22
17
21
1
68
7
21
10
6
4
7
11
2
4
15
56
9
12
18
1
39
9
18
8
28
9
15
3
26
7
4
27
7
8
19
9
20
42
20
7
15
4
17
3
10
17
1
7
17
14
8
18
11
11
16
2
2
28
17
7
39
8
12
41
10
4
18
35
23
2
28
1
2
3
1
24
22
3
29
1
22
24
4
7
16
1
20
23
4
10
11
24
4
1
10
26
6
3
1
12
31
8
12
12
2
2
10
9
16
4
6
49
8
1
7
11
5
14
60
6
3
15
22
8
16
18
14
56
1
6
8
18
12
5
18
26
5
8
2
18
3
9
20
8
65
5
4
3
13
7
1
13
14
16
4
17
61
7
8
9
27
27
13
16
2
11
48
10
13
8
1
4
38
12
8
1
6
41
5
7
1
3
39
10
9
14
5
32
12
16
2
27
2
34
17
24
6
28
19
20
32
1
17
17
18
20
21
16
8
17
10
24
9
22
22
6
4
20
26
11
1
16
29
19
7
7
40
34
7
43
19
9
3
59
4
31
7
72
8
8
10
44
7
87
13
12
5
6
24
10
34
4
13
99
8
14
5
7
2
9
6
1
29
5
13
42
1
3
102
5
5
17
3
12
6
28
5
4
42
107
4
7
1
8
3
15
10
29
1
5
38
94
8
14
2
54
1
11
2
28
7
28
95
11
25
11
3
24
1
29
97
3
45
2
17
12
23
3
2
43
2
100
40
16
2
15
10
19
4
40
3
2
9
100
1
7
3
9
18
13
6
41
2
7
99
11
20
7
2
2
36
1
13
91
1
23
21
41
31
5
8
63
4
36
9
5
48
2
6
14
28
10
2
46
1
1
14
26
19
5
3
2
26
9
41
3
22
5
3
8
11
3
11
23
14
8
9
19
2
12
12
25
3
16
20
18
35
28
7
1
44
10
33
34
2
26
31
23
31
19
4
25
22
25
2
18
17
5
11
17
9
18
11
8
16
22
7
23
4
7
28
13
7
24
21
7
17
21
4
13
13
16
27
5
31
6
19
10
9
15
26
14
21
44
1
23
14
10
1
18
2
9
4
58
14
21
3
1
41
44
7
25
2
1
4
28
2
16
20
21
1
6
16
25
2
32
5
28
20
12
18
6
14
3
8
3
17
1
13
1
5
16
4
23
2
16
2
13
7
23
4
8
12
9
14
2
11
10
8
7
12
17
19
12
10
7
28
9
15
10
6
2
4
20
16
3
14
19
22
9
27
32
22
15
28
30
9
18
25
31
3
27
14
23
39
22
17
5
7
21
42
13
3
13
8
9
29
26
47
22
8
20
10
3
3
16
8
73
22
16
11
30
17
3
25
29
27
7
5
26
12
2
5
16
7
5
2
15
9
6
13
11
21
13
20
13
17
11
24
10
17
10
1
9
6
1
17
6
13
4
37
25
6
1
15
21
5
1
19
2
20
9
11
2
23
8
6
36
5
9
4
24
1
5
37
3
35
7
11
1
5
46
2
12
16
31
3
39
1
30
14
16
6
13
8
2
5
12
2
16
1
7
16
19
15
31
5
14
19
6
16
9
5
16
13
24
13
10
4
10
14
18
12
23
10
9
8
2
14
9
11
4
17
4
10
16
12
18
19
22
10
20
5
8
13
22
16
19
63
24
15
5
2
37
13
37
14
5
5
34
20
48
10
6
30
13
10
7
11
35
7
4
32
9
21
25
16
22
9
45
11
36
10
29
8
26
3
13
2
3
8
15
4
3
19
4
4
11
7
10
2
3
6
5
2
4
3
18
2
1
18
1
1
3
30
6
1
8
30
12
12
5
13
13
7
18
4
16
5
65
21
4
21
2
21
25
1
18
1
8
14
26
1
12
7
10
1
6
5
2
2
6
7
16
6
9
9
8
6
4
5
3
5
5
10
1
1
47
14
10
24
2
15
16
1
34
3
2
37
35
3
9
5
5
3
7
6
7
35
3
17
4
2
3
13
14
9
6
14
17
15
41
6
4
1
18
10
8
13
23
11
43
2
4
12
8
20
6
42
2
3
8
34
34
25
20
19
8
6
17
13
11
30
16
3
5
13
4
1
20
6
13
5
21
7
28
13
7
1
25
3
7
16
23
15
4
9
24
9
4
10
3
7
28
1
10
2
44
27
2
4
8
31
31
19
30
101
3
30
1
209
5
7
27
4
255
12
11
28
5
287
6
12
7
21
2
330
5
11
2
7
14
12
20
1
200
1
22
4
8
14
4
19
32
2
28
6
6
22
4
1
11
1
18
30
10
14
5
1
8
26
13
14
10
2
9
4
34
18
12
12
12
1
5
24
1
23
11
15
6
1
23
21
21
6
4
5
3
1
24
14
4
19
1
16
1
1
6
10
5
3
6
7
14
8
7
5
4
10
4
15
8
19
3
6
25
21
5
25
27
5
40
15
24
5
28
2
29
2
20
10
56
2
3
28
1
22
6
5
25
2
21
4
6
5
9
28
5
34
17
2
1
1
4
11
8
12
30
10
29
22
3
6
13
9
8
31
12
10
35
3
3
7
12
5
23
13
23
46
1
4
12
3
23
12
22
29
1
3
12
3
25
11
10
7
23
5
9
4
28
11
14
12
27
34
20
2
4
27
10
29
4
23
9
7
25
11
16
16
2
3
25
11
9
18
1
25
9
45
25
4
24
7
32
25
5
8
27
7
30
27
1
1
11
35
7
35
19
57
7
28
6
19
20
26
21
5
23
14
18
11
8
23
13
6
9
5
7
32
5
6
14
6
26
7
13
15
5
39
16
26
37
12
2
63
13
51
22
44
1
5
21
1
38
4
47
1
1
31
71
9
1
5
5
26
62
4
5
7
9
6
10
32
3
65
5
1
7
6
2
30
5
65
13
1
6
8
3
1
29
7
63
3
9
2
19
8
22
9
75
3
9
9
4
1
21
10
70
1
9
8
14
14
6
30
12
82
5
2
14
23
19
20
11
43
15
101
11
2
9
8
17
26
12
25
29
23
53
17
108
16
46
11
11
24
39
15
7
28
37
26
54
18
106
26
7
13
23
38
7
12
23
42
23
58
15
13
114
24
8
18
7
11
27
9
13
35
18
60
6
7
8
125
13
7
12
36
16
3
2
36
10
3
30
12
54
12
1
119
39
86
15
20
3
24
7
42
18
113
10
36
16
1
13
33
16
118
13
10
12
15
41
6
127
1
4
8
12
44
3
117
3
2
12
7
33
1
114
1
9
37
4
131
15
32
6
131
3
7
5
117
4
109
2
6
1
120
11
121
18
9
8
130
4
41
10
115
13
34
8
6
7
117
10
15
6
5
119
5
3
3
1
113
7
7
5
112
9
9
97
6
14
90
7
14
80
9
15
10
75
10
42
1
2
6
18
11
70
18
6
4
3
4
9
3
34
11
50
13
21
7
8
10
15
11
1
40
11
65
13
21
25
7
4
18
16
14
11
39
6
66
1
18
2
10
18
25
2
5
14
18
15
46
58
2
5
14
30
18
10
14
22
18
47
3
61
3
16
7
19
12
6
16
11
47
8
54
2
20
13
7
1
32
1
32
7
16
1
11
37
5
15
4
17
1
8
6
4
1
1
4
1
13
5
1
3
27
11
4
3
5
11
1
17
2
5
12
18
3
16
2
5
16
4
17
3
2
1
5
36
6
25
5
5
3
23
3
54
2
27
19
15
9
5
29
34
1
1
8
3
19
1
3
19
18
8
3
25
3
9
3
5
27
12
2
16
1
16
8
4
1
18
9
5
5
4
4
9
7
19
6
2
13
16
20
6
15
16
9
3
7
6
20
23
9
31
19
1
29
15
19
2
6
3
16
16
21
37
22
12
42
11
23
6
2
7
24
19
29
24
11
48
3
36
7
40
28
24
15
19
26
15
47
4
37
18
38
48
13
11
6
4
27
10
52
8
7
17
3
11
7
3
10
21
52
13
16
5
8
3
3
5
2
5
8
32
12
34
10
7
19
16
2
2
27
11
2
18
54
6
3
28
10
7
7
2
37
8
26
5
11
39
11
17
12
9
14
3
2
2
2
2
1
25
4
21
21
20
2
26
4
7
2
7
8
36
1
3
11
22
21
3
1
11
20
12
3
46
7
3
14
13
12
8
13
15
11
4
36
5
3
29
5
14
33
2
14
1
34
10
1
17
9
26
18
1
5
28
9
1
23
1
15
15
8
28
5
1
16
13
2
23
7
13
34
7
5
7
1
4
3
1
1
5
2
43
1
6
4
1
9
15
7
3
3
3
10
27
32
9
2
23
4
22
6
28
14
4
6
3
9
9
9
9
32
18
30
8
27
11
8
4
12
17
11
36
1
21
35
4
5
43
14
16
12
11
10
4
32
9
22
43
7
4
51
20
18
23
10
16
8
3
28
8
21
48
6
3
7
40
15
43
25
3
27
2
23
3
19
7
19
47
11
5
39
28
2
15
33
7
6
8
15
30
15
33
16
5
2
3
3
6
8
31
23
3
27
7
5
17
4
6
38
21
4
34
6
30
20
23
20
1
6
8
15
34
21
1
3
31
10
23
14
31
37
10
8
14
17
16
35
22
6
7
26
8
14
31
35
14
1
14
7
12
31
13
8
27
2
24
17
5
5
5
29
10
23
1
1
26
5
18
21
14
1
5
12
12
3
2
7
4
17
15
10
1
6
8
24
4
3
9
9
14
4
15
17
5
19
10
2
3
16
3
1
10
9
4
1
9
21
5
17
1
13
1
1
7
1
10
21
5
1
5
29
28
6
1
9
3
20
1
19
5
6
1
31
5
3
18
5
22
5
9
1
27
5
10
12
22
5
15
2
20
1
2
1
2
11
1
5
3
17
7
34
5
3
21
12
4
5
17
28
7
2
11
19
26
12
19
47
4
7
18
2
4
23
9
3
12
12
18
9
3
6
14
10
2
32
8
3
11
14
5
7
1
6
11
6
2
28
6
2
13
3
7
7
2
1
36
6
16
3
32
4
7
1
8
6
21
3
4
14
18
7
16
1
16
6
19
2
20
7
26
18
1
23
26
10
3
13
3
21
3
26
1
25
3
12
8
2
4
9
1
1
5
19
8
7
1
12
1
3
10
12
13
35
1
7
8
18
3
8
15
15
8
18
21
8
43
1
34
21
3
9
21
21
12
19
25
11
50
39
10
5
17
2
9
15
18
18
17
28
10
50
4
44
30
30
25
2
9
6
13
13
16
22
7
46
4
1
44
10
10
3
10
15
10
1
14
15
3
39
2
11
1
5
3
8
6
32
7
1
2
20
12
5
3
6
17
34
2
10
3
8
17
38
3
12
19
35
5
16
13
13
16
4
9
42
8
2
9
32
2
17
18
11
18
11
15
39
11
1
16
39
1
18
20
3
16
17
16
43
14
1
33
38
31
11
1
16
18
17
9
10
13
41
16
1
14
9
34
6
5
7
2
10
9
5
43
18
2
20
14
23
29
14
34
9
22
6
20
7
36
3
24
8
6
27
5
2
14
7
23
7
15
22
25
28
2
11
19
1
10
9
23
5
11
16
3
12
6
1
1
13
4
26
23
4
15
1
3
19
45
22
9
4
6
6
27
7
5
30
41
10
12
7
1
12
33
11
5
1
27
11
8
3
12
19
9
6
5
4
6
10
59
6
8
1
1
12
20
14
5
20
4
9
1
5
15
2
27
15
3
5
6
5
13
8
3
16
7
24
6
5
12
25
24
21
11
3
10
6
15
6
27
11
4
47
7
20
29
1
4
9
19
7
3
3
4
13
1
8
1
4
28
32
19
26
7
2
27
18
1
3
6
35
11
6
5
8
8
19
35
14
6
21
9
11
2
23
12
28
1
30
10
52
17
14
53
27
53
37
9
32
13
18
15
22
4
44
20
56
17
12
12
30
56
13
33
20
9
29
11
4
18
11
6
41
22
60
12
6
45
27
24
21
10
21
2
12
11
26
15
49
10
41
25
9
5
14
5
10
6
30
9
58
2
1
27
1
124
8
20
200
19
7
222
263
35
2
257
25
3
8
103
5
2
3
9
11
2
9
5
12
7
1
29
14
6
11
1
11
13
12
17
2
10
9
12
7
11
3
12
10
17
23
4
16
13
11
13
12
21
19
10
12
1
4
17
13
9
12
19
14
19
22
4
6
9
16
8
12
37
8
9
19
2
10
14
36
14
23
54
23
38
3
4
18
2
6
26
43
16
18
24
25
9
3
9
2
15
36
19
48
3
6
15
16
9
38
18
23
20
2
33
8
14
7
32
16
22
3
3
15
27
24
1
16
22
22
26
15
3
30
6
2
5
26
20
15
6
25
50
18
3
5
23
15
10
10
8
6
19
18
17
11
11
27
3
16
7
1
10
11
10
14
3
14
5
33
4
32
11
6
9
3
20
12
15
6
2
38
7
4
2
8
2
4
3
8
23
20
50
20
16
11
4
9
6
34
18
6
2
8
27
13
6
18
7
19
6
6
7
2
14
11
8
26
6
5
2
5
5
10
6
7
26
12
5
19
6
5
14
1
7
9
14
2
39
9
7
8
8
16
20
1
25
28
7
4
1
7
13
17
7
5
18
6
2
1
8
16
3
8
7
2
5
7
4
21
34
13
2
9
4
1
4
3
7
6
20
51
16
23
7
6
2
5
5
3
18
45
5
52
14
4
6
1
15
2
9
9
13
4
26
3
4
1
15
1
5
2
25
9
17
6
4
29
26
32
6
17
25
20
20
5
12
39
1
8
2
4
7
20
16
13
34
24
12
36
55
10
9
2
13
2
21
19
1
3
23
19
61
35
43
6
21
16
11
26
17
1
5
19
22
19
24
23
4
19
30
7
1
35
23
26
8
6
6
21
6
27
26
18
19
48
9
1
11
20
54
24
19
3
5
16
8
12
3
13
6
8
8
7
1
9
11
13
6
27
11
8
13
5
6
8
18
9
13
15
13
21
2
9
9
7
18
1
27
18
17
3
27
3
15
11
7
36
8
44
10
13
14
3
22
3
17
13
1
43
10
42
27
4
9
12
9
4
20
4
15
11
47
17
30
21
8
14
13
3
2
1
23
14
28
7
52
12
39
56
7
16
11
12
25
16
8
25
7
68
12
52
37
48
20
4
15
18
1
1
26
16
13
22
5
7
92
16
49
42
28
1
10
14
11
4
26
2
14
27
1
15
94
2
41
36
18
22
6
17
5
23
9
74
14
22
19
7
10
15
14
82
5
29
20
1
25
2
16
91
9
13
19
16
5
79
24
3
15
75
14
26
17
2
4
15
87
16
33
35
9
15
1
12
11
5
92
23
35
4
11
11
9
92
21
33
3
32
56
15
7
12
89
7
102
26
15
10
3
1
4
6
10
89
3
37
11
24
9
2
95
20
74
24
1
67
16
1
75
16
5
82
18
5
7
89
20
5
8
71
7
14
7
1
11
9
87
28
11
42
7
16
2
3
7
3
9
1
25
11
100
14
15
36
3
16
4
10
12
9
16
4
9
26
9
66
53
74
14
12
7
20
14
3
19
11
11
32
8
3
62
33
2
5
5
7
17
15
15
14
19
19
10
33
6
3
21
62
5
57
32
1
5
1
8
7
9
12
16
9
35
12
58
13
46
19
58
8
7
3
14
29
18
41
1
16
13
1
6
19
11
15
29
11
23
19
39
5
7
24
9
22
36
17
9
23
42
37
56
39
11
17
14
21
12
16
8
27
10
44
21
16
25
27
32
45
39
41
6
12
8
32
5
19
7
20
12
38
21
4
16
17
1
45
29
22
5
7
7
20
4
21
5
11
9
25
19
2
13
10
39
29
26
9
14
6
17
6
5
11
24
15
6
16
54
36
7
5
2
2
4
4
27
11
1
11
31
1
18
2
3
11
4
22
8
2
1
9
40
6
22
5
13
1
5
15
11
9
14
36
9
3
7
3
20
5
7
9
12
11
12
27
14
40
23
1
1
6
22
3
2
10
17
1
10
13
70
42
50
4
3
26
3
3
5
11
21
5
9
18
5
24
2
6
15
