4937
4868
2758
4940
4933
4875
4879
4938
4934
4892
4865
4875
2864
4873
4886
4933
4872
3694
4874
4940
4895
35
4911
4943
4869
4834
4924
4834
2897
4920
4927
4828
4833
4921
4926
4844
4809
4829
3019
4826
4836
4926
4827
3856
4830
4921
4846
35
4862
4904
4834
4835
4910
4822
2686
4912
4908
4828
4833
4910
4909
4849
4704
4827
2796
4825
4841
4908
4824
3537
4827
4911
4853
48
4872
4914
4823
4843
4918
4840
2656
4916
4919
4837
4842
4916
4918
4852
4571
4838
2770
4835
4845
4918
4836
3551
4838
4916
4854
35
4868
4904
4840
4813
4896
4803
2589
4896
4896
4805
4811
4895
4905
4826
4416
4805
2706
4803
4817
4914
4803
3409
4806
4896
4829
46
4849
4893
4804
4830
4902
4824
2452
4902
4923
4824
4829
4901
4976
4841
4299
4824
2568
4822
4834
4991
4822
3282
4825
4902
4843
36
4859
4895
4824
4805
4887
4797
2439
4886
4985
4798
4804
4886
4998
4817
4149
4798
2549
4796
4809
4996
4796
3230
4799
4887
4819
47
4837
4879
4799
4810
4884
4759
2325
4885
4998
4804
4809
4884
4999
4822
4032
4804
2419
4802
4814
4999
4802
3080
4804
4885
4825
41
4842
4880
4803
4799
4878
4613
2287
4877
4999
4792
4798
4877
4999
4810
3905
4793
2380
4790
4803
4999
4790
3033
4793
4877
4813
53
4829
4869
4773
4792
4869
4471
2211
4869
4999
4786
4791
4869
4999
4804
3790
4786
2288
4784
4797
4999
4784
2909
4786
4869
4807
65
4825
4865
4654
4789
4866
4360
2162
4865
4999
4783
4788
4864
4999
4800
3669
4783
2218
4781
4793
4999
4781
2830
4784
4865
4803
54
4819
4858
4500
4779
4857
4209
2105
4856
4999
4772
4777
4856
4999
4791
3549
4772
2154
4770
4783
4999
4770
2742
4773
4856
4793
43
4810
4850
4365
4776
4852
4076
2017
4852
4999
4770
4775
4851
4999
4788
3439
4770
2080
4768
4780
4999
4768
2646
4770
4852
4790
38
4807
4846
4231
4767
4844
3939
1970
4844
4999
4760
4766
4843
4999
4779
3322
4761
2029
4758
4771
4999
4758
2561
4761
4844
4781
33
4798
4838
4096
4762
4838
3809
1884
4838
4999
4756
4761
4838
4999
4774
3209
4756
1952
4754
4766
4999
4754
2465
4757
4838
4776
9
4793
4832
3965
4755
4832
3690
1813
4832
4999
4749
4754
4831
4999
4767
3105
4749
1896
4747
4759
4999
4747
2390
4750
4832
4769
20
4786
4825
3841
4749
4825
3572
1766
4825
4999
4742
4748
4824
4999
4760
3005
4743
1840
4738
4753
4999
4740
2303
4743
4825
4763
33
4780
4819
3728
4743
4819
3470
1707
4819
4999
4737
4742
4820
4999
4754
2906
4737
1780
4687
4747
4999
4735
2231
4738
4819
4757
13
4774
4813
3607
4819
2308
1558
4819
4999
1323
4854
4999
3336
2207
2118
1630
2519
4956
2701
2039
4819
1
2281
3425
2349
3041
4913
4915
4702
2894
3029
4878
4699
2911
2869
3034
2925
4742
3049
2982
4912
2898
3152
3215
4657
4997
4996
4252
4495
4623
4659
4249
2408
4471
4272
4722
4347
4453
4573
4997
4698
4932
3229
4787
4980
4979
4216
4793
4788
4515
4215
2372
4816
4851
4785
4212
4795
4790
4980
4786
4804
3272
4969
4985
4985
4131
4987
4970
4405
4131
2515
4999
4999
4969
4201
4983
4972
4985
4970
4943
3140
4909
4971
4971
4003
4928
4909
4257
4005
2321
4991
4991
4908
4043
4930
4910
4971
4909
4869
3235
4942
4969
4968
3939
4999
4941
4143
3943
2485
4999
4999
4944
3991
4999
4941
4969
4942
4898
3178
4918
4961
4961
3824
4998
4917
4012
3830
2362
4999
4999
4915
3885
4998
4918
4961
4917
4886
3189
4913
4953
4953
3756
4999
4912
3899
3763
2425
4999
4999
4915
3808
4999
4933
4953
4913
4866
3193
4915
4949
4934
3661
4999
4914
3782
3670
2401
4999
4999
4913
3730
4999
4998
4949
4914
4882
3169
4896
4940
4828
3583
4999
4895
3670
3593
2387
4999
4999
4897
3642
4999
4996
4940
4896
4853
3187
4901
4935
4664
3505
4999
4901
3564
3516
2411
4999
4999
4901
3576
4999
4999
4910
4901
4864
3164
4886
4927
4530
3423
4999
4885
3456
3436
2377
4999
4999
4885
3492
4999
4999
4783
4885
4847
3173
4885
4920
4391
3353
4999
4884
3356
3367
2400
4999
4999
4885
3426
4999
4999
4624
4884
4844
3162
4850
4842
4241
3271
4979
4857
3251
3288
2379
4990
4995
4873
3353
4999
4999
4496
4875
4839
3159
2788
2834
2602
2161
2710
2823
2144
2181
1723
2739
2743
2864
2232
2766
2782
2748
2893
2939
2209
128
65
99
57
68
4
78
24
261
132
257
43
236
235
142
205
2
241
185
257
8
296
112
9
410
277
15
205
395
355
124
22
421
451
129
2
134
206
366
185
310
225
322
281
192
224
308
248
345
11
375
93
202
105
601
550
98
183
570
109
501
95
607
143
653
96
8
96
100
207
392
200
515
517
346
476
207
394
519
267
573
13
394
60
382
196
755
792
16
341
711
204
615
58
760
265
824
58
13
57
24
395
439
225
746
832
9
389
698
232
591
755
301
827
14
3
443
8
518
265
876
997
460
822
276
701
6
883
358
962
5
16
4
532
7
522
267
957
1118
26
463
899
278
767
9
967
360
1055
9
17
10
24
531
612
313
1015
1214
542
951
324
808
1024
421
1119
18
625
17
624
319
1126
1359
14
554
1057
332
903
16
1135
431
1239
16
19
16
15
638
30
688
351
1171
1441
609
1098
365
933
1
1181
473
1292
21
701
197
723
370
1267
1570
1
640
1189
384
1015
127
1278
497
1396
26
21
8
2
739
341
762
390
1325
1661
2
675
1243
404
1058
283
1336
524
1461
122
22
1
778
475
809
413
1399
1766
715
1313
429
1118
420
1410
556
1542
285
24
827
621
839
429
1467
1865
4
743
1377
446
1173
563
1479
578
1617
414
25
2
3
858
745
885
452
1528
1956
782
1434
469
1221
694
1539
608
1684
544
27
905
881
917
469
1596
2052
2
810
1498
487
1276
828
1608
630
1759
679
28
2
2
937
1001
954
488
1652
2137
843
1551
507
1320
953
1664
656
1822
798
30
976
1124
988
505
1714
2226
873
1609
525
1371
1076
1726
679
1889
924
31
1
1011
1240
1021
522
1770
2307
37
901
1661
542
1414
1195
1781
701
1951
1038
32
1045
1352
1054
539
1825
2387
173
930
1714
560
1458
1309
1837
724
2012
1154
33
1078
1463
1084
554
1879
2465
331
955
1764
576
1501
1420
1890
744
2071
1264
34
1109
1568
1114
570
1929
2539
457
983
1811
591
1542
1528
1940
765
2127
1370
35
1141
1672
1143
585
1980
2613
600
1008
1860
607
1583
1633
1991
784
2183
1476
36
1171
1771
1171
599
2027
2682
726
1032
1904
622
1620
1733
2038
803
2235
1575
36
1199
1864
1195
610
2071
2747
851
1053
1946
633
1655
1828
2082
818
2285
1671
34
1224
1952
1216
618
2111
2807
969
1071
1983
642
1686
1918
2122
832
2330
1761
31
3
1246
2041
1242
631
2155
2871
1086
1093
2024
656
1721
2009
2165
849
2377
1852
31
63
1272
2130
1267
644
2197
2932
1203
1114
2064
669
1755
2098
2207
865
2424
1941
32
214
1298
2213
1289
654
2237
2990
1312
1134
2102
680
1786
2182
2246
881
2468
2027
32
353
1321
2295
1312
666
2277
3048
1422
1154
2139
692
1818
2266
2286
896
2512
2111
32
481
1345
2373
1334
677
2313
3102
1525
1172
2174
703
1847
2345
2323
910
2553
2191
32
615
1367
2450
1355
688
2350
3156
1626
1191
2209
714
1876
2422
2359
924
2593
2269
32
735
1389
2524
1375
697
2386
3207
1725
1208
2242
725
1905
2498
2394
938
2633
2346
33
861
1410
2595
1396
708
2420
3257
1820
1225
2274
735
1932
2571
2428
951
2670
2419
33
977
1431
2666
1416
718
2454
3305
1913
1243
2306
746
1959
2641
2461
965
2707
2491
33
1093
1452
2733
1435
727
2486
3352
2002
1259
2336
756
1985
2710
2493
977
2743
2561
34
1205
1471
2797
1453
737
2518
3397
2089
1275
2366
765
2010
2776
2524
990
2778
2628
35
1312
1490
2861
1471
746
2548
3441
2173
1290
2394
775
2033
2839
2552
1001
2810
2692
35
1417
1508
2922
1488
754
2576
3483
2254
1304
2421
783
2056
2901
2581
1012
2842
2756
35
1518
1526
2980
1503
762
2604
3523
2333
1318
2447
792
2078
2961
2609
1024
2873
2817
35
1618
1543
3037
1519
770
2631
3562
2409
1332
2473
800
2100
3018
2635
1033
2902
2875
36
1712
1559
3092
1535
777
2656
3600
2483
1344
2497
807
2120
3074
2660
1044
2931
2933
35
1805
1575
3144
1549
785
2681
3636
2554
1357
2521
815
2140
3128
2685
1053
2959
2988
36
1895
1589
3196
1563
792
2706
3671
2623
1369
2544
823
2159
3179
2708
1062
2985
3042
36
1982
1604
3246
1577
798
2729
3705
2690
1380
2565
829
2177
3229
2730
1070
3011
3093
36
2065
1618
3293
1590
804
2751
3737
2754
1391
2586
836
2195
3278
2752
1079
3036
3143
36
2147
1632
3339
1602
811
2773
3768
2817
1402
2607
842
2212
3324
2773
1088
3059
3192
36
2227
1645
3384
1615
817
2794
3798
2878
1412
2626
848
2229
3370
2794
1095
3082
3239
36
2303
1658
3427
1626
823
2814
3828
2937
1422
2645
854
2245
3413
2813
1103
3104
3284
36
2378
1670
3469
1638
828
2833
3855
2993
1431
2663
860
2260
3456
2832
1111
3126
3328
36
2450
1682
3509
1649
834
2852
3883
3048
1441
2681
866
2275
3497
2850
1117
3146
3371
36
2520
1693
3548
1659
839
2869
3909
3101
1450
2698
871
2289
3536
2867
1125
3166
3412
36
2588
1704
3585
1669
843
2887
3933
3153
1458
2715
877
2303
3574
2884
1131
3186
3452
36
2654
1714
3621
1679
848
2903
3957
3202
1467
2730
882
2316
3611
2900
1137
3204
3491
36
2718
1724
3657
1688
853
2919
3981
3250
1474
2745
886
2328
3646
2916
1144
3221
3528
36
2779
1734
3690
1697
857
2935
4003
3297
1482
2760
891
2341
3681
2931
1149
3238
3564
36
2839
1744
3723
1706
862
2950
4025
3342
1490
2774
896
2353
3714
2945
1155
3255
3599
36
2897
1752
3755
1715
866
2964
4045
3385
1496
2787
900
2364
3745
2959
1160
3270
3632
37
2953
1761
3785
1723
870
2978
4065
3428
1503
2800
904
2375
3776
2972
1165
3285
3665
36
3007
1
1770
3814
1731
874
2991
4084
3468
1510
2813
908
2385
3806
2985
1171
3300
3697
37
3060
42
1778
3842
1738
878
3003
4103
3507
1516
2825
911
2395
3834
2997
1175
3314
3727
36
3111
179
1786
3870
1745
881
3016
4120
3546
1522
2836
915
2405
3862
3008
1180
3328
3756
36
3160
324
1794
3895
1752
884
3027
4137
3582
1528
2848
919
2415
3889
3020
1185
3341
3785
37
3208
446
1801
3921
1759
888
3038
4154
3618
1533
2858
922
2423
3914
3030
1189
3353
3812
36
3255
580
1808
3945
1766
891
3050
4169
3652
1539
2869
925
2431
3938
3041
1193
3365
3838
36
3299
701
1814
3969
1772
894
3060
4184
3685
1544
2879
929
2440
3963
3050
1197
3376
3865
37
3343
823
1821
3992
1777
897
3070
4198
3717
1549
2888
932
2448
3986
3060
1201
3387
3889
37
3385
939
1827
4013
1783
899
3080
4212
3748
1553
2897
935
2455
4007
3069
1204
3397
3912
37
3425
1053
1833
4034
1789
902
3088
4225
3778
1557
2905
937
2462
4028
3077
1207
3407
3935
36
3464
1164
1839
4054
1794
905
3096
4237
3807
1562
2913
940
2470
4049
3085
1210
3417
3958
37
3502
1269
1844
4073
1799
907
3105
4250
3834
1566
2921
942
2476
4069
3093
1213
3426
3979
37
3539
1374
1849
4092
1804
910
3113
4261
3861
1570
2929
945
2481
4087
3101
1216
3435
3999
37
3574
1475
1854
4110
1808
912
3121
4271
3887
1573
2936
947
2488
4105
3108
1219
3443
4019
37
3609
1573
1859
4127
1812
914
3128
4282
3912
1577
2943
949
2494
4123
3114
1222
3451
4038
37
3642
1667
1864
4143
1817
916
3135
4292
3935
1580
2949
951
2499
4139
3121
1224
3459
4056
37
3674
1759
1868
4159
1820
918
3141
4301
3959
1584
2956
953
2505
4155
3127
1227
3466
4074
37
3706
1849
1872
4174
1824
920
3147
4310
3981
1587
2962
955
2510
4170
3133
1230
3473
4091
37
3736
1935
1876
4189
1828
922
3153
4319
4002
1589
2967
957
2514
4185
3138
1231
3479
4108
37
3765
2020
1880
4203
1832
924
3159
4327
4022
1592
2973
958
2518
4199
3143
1234
3486
4123
37
3792
2101
1883
4216
1835
925
3164
4335
4043
1595
2977
960
2523
4212
3148
1236
3492
4138
37
3819
2180
1887
4229
1838
926
3169
4342
4062
1597
2982
962
2526
4225
3153
1237
3497
4153
37
3845
2257
1891
4241
1841
928
3174
4349
4080
1599
2987
963
2530
4238
3157
1239
3502
4166
37
3870
2332
1893
4252
1843
929
3178
4356
4098
1602
2991
965
2534
4250
3161
1241
3507
4180
37
3895
2404
1896
4264
1847
930
3183
4362
4114
1604
2995
966
2537
4261
3165
1242
3512
4193
37
3919
2473
1899
4274
1849
932
3187
4367
4131
1606
2999
967
2540
4272
3168
1244
3516
4205
37
3941
2542
1902
4284
1851
932
3190
4372
4146
1607
3003
968
2543
4282
3171
1245
3520
4216
37
3962
2607
1904
4294
1853
934
3194
4378
4161
1609
3006
970
2546
4291
3175
1247
3524
4228
37
3983
2671
1906
4303
1856
935
3197
4382
4176
1611
3009
970
2548
4300
3178
1248
3527
4238
37
4003
2733
1909
4312
1858
936
3200
4387
4190
1612
3012
971
2551
4309
3180
1249
3531
4249
37
4023
2793
1911
4320
1859
936
3203
4391
4203
1613
3014
972
2553
4318
3183
1250
3534
4259
37
4042
2851
1912
4328
1860
937
3205
4394
4215
1614
3017
973
2554
4326
3185
1251
3537
4268
37
4060
2907
1914
4336
1862
938
3208
4398
4227
1616
3020
973
2557
4333
3187
1251
3539
4277
37
4077
2962
1916
4342
1863
939
3210
4401
4239
1617
3021
974
2559
4341
3189
1252
3542
4286
37
4094
3015
1917
4349
1864
939
3212
4404
4250
1618
3023
975
2560
4347
3191
1253
3544
4293
37
4110
3066
1918
4356
1866
940
3214
4407
4261
1619
3025
976
2561
4353
3192
1253
3546
4301
37
4125
3116
1920
4361
1867
940
3215
4409
4270
1619
3027
976
2562
4360
3193
1254
3548
4308
37
4140
3164
1921
4367
1868
941
3217
4412
4281
1620
3028
976
2564
4365
3195
1255
3549
4315
37
4154
3210
1922
4372
1869
941
3218
4414
4289
1621
3029
977
2565
4371
3196
1256
3551
4322
37
4168
3256
1924
4377
1870
942
3219
4415
4298
1621
3031
977
2565
4375
3197
1256
3552
4328
37
4181
3299
1924
4381
1871
942
3220
4417
4306
1622
3032
978
2566
4380
3197
1256
3553
4334
37
4194
3341
1925
4386
1871
942
3221
4418
4314
1622
3032
978
2567
4385
3198
1256
3554
4339
37
4206
3383
1926
4390
1872
943
3222
4419
4321
1622
3033
978
2568
4389
3198
1256
3554
4344
37
4217
3422
1927
4393
1872
943
3222
4420
4329
1622
3033
978
2568
4392
3199
1257
3555
4349
37
4228
3460
1927
4397
1873
943
3222
4421
4335
1623
3034
978
2568
4396
3198
1257
3556
4354
37
4239
3497
1927
4400
1873
943
3223
4421
4342
1622
3034
979
2568
4399
3198
1257
3556
4358
37
4249
3533
1927
4403
1873
943
3223
4421
4348
1623
3034
979
2568
4402
3198
1256
3556
4362
37
4259
3568
1928
4406
1873
943
3223
4422
4353
1623
3035
979
2568
4405
3198
1257
3556
4366
37
4268
3601
1928
4408
1873
943
3223
4421
4358
1622
3034
978
2568
4407
3198
1256
3556
4369
37
4276
3634
1928
4410
1873
943
3222
4421
4364
1623
3034
978
2568
4409
3197
1257
3556
4372
37
4284
3666
1928
4412
1873
943
3222
4420
4369
1622
3034
978
2568
4411
3197
1257
3556
4376
37
4293
3696
1928
4414
1873
943
3222
4420
4372
1622
3033
978
2567
4412
3196
1256
3554
4378
37
4300
3725
1928
4415
1873
942
3221
4419
4376
1622
3033
978
2567
4414
3195
1256
3554
4380
37
4307
3754
1928
4416
1873
942
3221
4418
4381
1621
3032
978
2566
4416
3194
1255
3553
4383
37
4315
3781
1927
4417
1872
942
3220
4417
4384
1621
3031
977
2566
4416
3193
1255
3552
4385
37
4321
3807
1927
4418
1871
942
3219
4416
4387
1620
3031
977
2565
4417
3192
1254
3551
4386
36
4327
3833
1926
4418
1871
941
3218
4415
4390
1619
3030
977
2564
4418
3191
1254
3550
4388
37
4333
3858
1926
4419
1870
941
3217
4413
4393
1619
3029
977
2563
4418
3190
1254
3549
4389
37
4338
3882
1926
4419
1870
941
3216
4412
4395
1618
3028
976
2562
4418
3188
1253
3547
4390
37
4343
3905
1925
4419
1870
941
3215
4410
4397
1618
3027
976
2561
4418
3187
1253
3546
4391
37
4348
3927
1925
4419
1868
940
3213
4408
4399
1617
3025
976
2560
4418
3185
1252
3545
4392
37
4353
3948
1924
4419
1868
941
3212
4406
4401
1616
3024
975
2559
4418
3184
1252
3543
4392
37
4356
3969
1924
4418
1867
940
3210
4404
4402
1615
3023
975
2557
4417
3182
1251
3541
4393
36
4360
3989
1923
4417
1866
939
3209
4402
4404
1614
3021
974
2556
4417
3180
1250
3539
4393
37
4364
4008
1921
4416
1865
939
3207
4399
4405
1614
3020
974
2555
4416
3178
1249
3538
4393
36
4368
4026
1921
4416
1864
938
3205
4397
4406
1613
3018
973
2553
4415
3176
1248
3536
4393
36
4370
4044
1920
4415
1864
937
3203
4395
4407
1612
3016
973
2552
4414
3174
1248
3534
4393
37
4373
4061
1919
4413
1862
937
3201
4392
4407
1611
3014
973
2550
4413
3172
1247
3531
4392
37
4376
4077
1918
4413
1861
937
3199
4390
4407
1610
3013
971
2549
4411
3170
1246
3529
4391
36
4378
4094
1916
4411
1860
936
3197
4387
4407
1609
3011
971
2547
4410
3168
1246
3527
4391
36
4380
4109
1915
4409
1859
935
3195
4383
4407
1608
3009
970
2546
4409
3166
1245
3525
4390
37
4382
4123
1914
4407
1858
935
3193
4381
4407
1607
3007
970
2544
4407
3163
1244
3522
4389
36
4384
4138
1913
4406
1857
934
3191
4378
4407
1605
3005
969
2542
4404
3161
1243
3520
4388
36
4385
4151
1912
4404
1855
934
3189
4375
4407
1604
3003
968
2540
4403
3159
1242
3518
4387
36
4387
4164
1911
4401
1854
933
3186
4371
4406
1603
3001
968
2538
4401
3157
1241
3515
4385
36
4388
4176
1910
4400
1853
932
3184
4369
4405
1602
2998
967
2536
4398
3154
1240
3512
4383
36
4388
4188
1908
4397
1851
932
3182
4365
4404
1600
2996
966
2535
4396
3151
1239
3510
4382
37
4390
4200
1907
4394
1850
931
3178
4361
4403
1599
2994
965
2533
4394
3148
1238
3507
4380
36
4390
4211
1905
4392
1849
931
3176
4358
4402
1598
2991
965
2531
4392
3146
1237
3504
4378
36
4390
4221
1904
4390
1847
930
3174
4355
4400
1597
2989
964
2529
4389
3143
1236
3502
4376
36
4390
4231
1903
4387
1846
928
3171
4351
4398
1595
2987
963
2526
4386
3141
1235
3499
4374
36
4390
4241
1901
4384
1845
928
3168
4347
4397
1594
2984
962
2524
4383
3137
1234
3495
4372
36
4390
4250
1900
4381
1843
927
3166
4344
4395
1592
2982
961
2522
4381
3135
1233
3492
4369
36
4389
4259
1898
4378
1841
927
3163
4340
4393
1591
2979
961
2520
4378
3132
1232
3490
4367
36
4389
4267
1896
4376
1840
925
3161
4337
4391
1590
2976
960
2518
4375
3129
1231
3487
4365
36
4389
4275
1895
4372
1838
925
3158
4333
4389
1588
2974
959
2516
4372
3126
1229
3483
4362
36
4387
4283
1893
4369
1837
924
3155
4329
4387
1587
2971
958
2513
4369
3124
1229
3480
4359
36
4387
4290
1891
4366
1835
923
3152
4324
4385
1586
2968
957
2511
4365
3121
1227
3477
4357
36
4386
4297
1890
4363
1833
923
3149
4320
4382
1584
2966
957
2509
4362
3117
1226
3474
4354
36
4385
4303
1889
4359
1832
921
3146
4317
4380
1583
2963
955
2506
4359
3115
1225
3470
4351
36
4383
4309
1886
4355
1830
920
3143
4312
4377
1581
2960
955
2504
4355
3112
1224
3467
4348
36
4382
4315
1885
4352
1828
920
3140
4308
4375
1579
2957
954
2501
4352
3108
1222
3464
4345
36
4380
4320
1883
4349
1827
919
3137
4304
4372
1578
2954
953
2499
4348
3106
1221
3460
4342
36
4379
4326
1882
4345
1825
918
3134
4300
4369
1576
2951
952
2497
4345
3102
1220
3457
4338
36
4377
4330
1880
4342
1823
917
3131
4296
4366
1575
2949
951
2494
4341
3099
1219
3453
4335
36
4375
4335
1878
4338
1822
916
3128
4292
4363
1573
2945
950
2491
4337
3095
1217
3450
4331
35
4373
4339
1876
4334
1820
915
3125
4287
4360
1571
2943
949
2489
4334
3093
1216
3447
4329
36
4371
4343
1875
4330
1818
914
3121
4283
4357
1570
2940
948
2487
4330
3090
1215
3444
4326
36
4369
4347
1873
4326
1816
914
3118
4278
4354
1568
2937
947
2484
4326
3086
1214
3439
4321
35
4366
4350
1871
4322
1814
913
3115
4274
4350
1566
2934
946
2481
4322
3083
1212
3436
4318
35
4364
4354
1869
4318
1812
911
3111
4270
4347
1565
2931
945
2479
4318
3079
1211
3432
4315
36
4361
4356
1867
4314
1810
911
3109
4265
4344
1564
2928
944
2476
4314
3076
1210
3429
4311
35
4358
4359
1865
4310
1808
910
3105
4261
4340
1562
2925
943
2473
4310
3073
1209
3425
4307
35
4356
4361
1863
4306
1806
908
3101
4256
4337
1560
2922
942
2471
4305
3070
1208
3422
4303
36
4353
4363
1861
4302
1804
908
3098
4251
4333
1558
2919
941
2468
4302
3066
1206
3418
4300
35
4350
4365
1859
4298
1803
907
3095
4246
4329
1557
2915
940
2465
4297
3063
1205
3414
4296
35
4347
4367
1857
4294
1801
906
3092
4242
4326
1555
2912
939
2463
4293
3060
1203
3411
4292
36
4345
4369
1855
4289
1799
905
3088
4237
4322
1553
2909
938
2460
4289
3056
1202
3407
4288
35
4342
4370
1853
4285
1797
904
3085
4233
4318
1551
2906
937
2457
4285
3052
1200
3403
4283
35
4338
4372
1851
4281
1795
903
3082
4228
4314
1550
2903
936
2454
4280
3049
1199
3399
4279
35
4335
4372
1849
4276
1793
902
3078
4223
4311
1548
2900
935
2452
4276
3046
1198
3395
4275
35
4332
4373
1847
4272
1791
901
3075
4218
4307
1546
2896
934
2449
4272
3042
1196
3392
4272
35
4329
4373
1845
4267
1790
900
3071
4214
4302
1544
2893
933
2446
4266
3039
1196
3388
4267
35
4325
4374
1844
4263
1787
899
3068
4209
4299
1543
2890
932
2444
4263
3035
1194
3385
4263
35
4322
4375
1841
4258
1785
898
3064
4204
4294
1541
2886
931
2441
4258
3032
1193
3380
4259
35
4318
4374
1839
4254
1784
897
3061
4200
4290
1539
2883
930
2438
4253
3028
1191
3376
4254
34
4315
4374
1837
4249
1781
896
3057
4195
4286
1537
2880
929
2436
4249
3024
1190
3373
4250
35
4311
4374
1835
4244
1779
895
3053
4190
4282
1536
2877
928
2433
4244
3021
1188
3368
4246
35
4307
4373
1833
4240
1777
894
3050
4185
4277
1534
2873
926
2430
