4773
4727
992
4826
2686
4724
4999
4827
4826
4829
4763
4964
4826
2886
4401
4826
4825
4984
4903
4898
4968
4767
4722
1011
4820
2660
4707
4999
4853
4820
4884
4757
4996
4820
2852
4332
4820
4819
4988
4896
4892
4997
4760
4715
964
4813
2563
4605
4987
4961
4813
4981
4750
4991
4813
2750
4178
4813
4813
4976
4890
4886
4998
4754
4709
903
4807
2458
4418
4982
4981
4807
4972
4749
4994
4807
2640
4027
4807
4806
4951
4883
4879
4999
4748
4703
885
4800
2396
4302
4999
4983
4801
4999
4820
4999
4801
2565
3914
4800
4800
4979
4877
4873
4993
4742
4696
899
4795
2367
4215
4991
4960
4797
4999
4971
4999
4794
2524
3834
4794
4794
4951
4870
4866
4982
4736
4690
868
4823
2291
4068
4979
4989
4833
4996
4981
4993
4788
2451
3712
4788
4787
4983
4864
4860
4979
4753
688
4933
1814
4789
4997
4932
4984
4984
4936
4800
1879
4799
4801
4792
4857
4853
4878
404
4927
3288
4998
431
528
3505
4600
4950
399
4993
4998
4996
4884
4936
1000
3502
4935
4942
4892
4851
4847
4878
1372
4989
4970
4989
1347
1588
4999
4222
4947
1268
4992
4976
4995
4773
4992
2908
4976
4992
4991
4864
4844
4840
4741
809
4979
4791
4986
811
966
4845
4203
4815
761
4983
4925
4984
4649
4979
1791
4852
4979
4979
4761
4838
4834
4580
995
4984
4960
4980
989
1170
4998
4068
4651
929
4980
4770
4980
4498
4984
2159
4998
4983
4983
4819
4832
4828
20
87
219
218
5
251
187
2
135
3
2
362
4
122
12
349
125
126
113
140
141
37
118
296
243
326
209
388
60
152
520
94
170
485
96
97
39
96
96
336
123
309
418
339
374
616
119
300
644
334
593
59
25
56
56
652
137
342
623
376
567
815
163
409
739
453
674
5
3
3
938
163
408
808
451
740
9
10
11
1029
193
482
854
533
778
1176
196
490
952
542
872
16
16
16
1256
216
541
986
598
900
1386
227
569
1071
629
979
8
7
7
1476
239
599
1119
663
1022
1581
254
637
1182
704
1080
1680
264
661
1240
731
1133
2
2
1770
278
697
1291
770
1179
1866
287
721
1349
798
1233
2
2
1950
300
752
1397
831
1276
2040
310
778
1450
860
1324
1
1
2121
320
804
1496
889
1368
2203
331
831
1544
918
1411
2281
340
855
1590
944
1453
2356
350
880
1633
971
1493
2431
359
902
1677
996
1532
2501
368
925
1717
1021
1569
2571
377
947
1758
1045
1606
2637
385
969
1797
1068
1642
2702
393
989
1835
1091
1676
2765
401
1009
1871
1112
1709
2825
408
1029
1906
1134
1741
2884
415
1047
1940
1154
1772
2941
423
1065
1973
1173
1802
2996
430
1083
2005
1193
1832
3050
437
1100
2037
1212
1861
3103
444
1118
2067
1230
1888
3153
450
1134
2097
1248
1914
3202
456
1150
2125
1265
1940
3250
464
1166
2153
1282
1966
3297
471
1183
2180
1300
1991
3341
476
1197
2207
1316
2015
3384
483
1211
2232
1331
2038
3426
489
1225
2256
1346
2060
3466
494
1239
2280
1360
2082
3505
500
1252
2303
1374
2103
3543
505
1264
2324
1387
2122
3579
510
1276
2346
1400
2141
3615
515
1288
2367
1414
2161
3649
519
1299
2386
1425
2178
3681
524
1309
2405
1436
2195
3713
528
1321
2423
1448
2212
3743
532
1331
2441
1458
2228
3773
535
1340
2457
1468
2243
3800
538
1349
2473
1478
2258
3827
542
1358
2489
1487
2272
3854
546
1366
2504
1496
2285
3880
549
1374
2519
1505
2299
3904
551
1382
2532
1514
2312
3927
554
1390
2545
1521
2323
3950
557
1397
2559
1529
2335
3972
560
1404
2571
1537
2346
3993
563
1412
2583
1544
2357
4013
565
1418
2595
1551
2367
7
4032
567
1424
2606
1558
2378
4051
570
1431
2616
1565
2387
4069
572
1436
2626
1570
2396
4086
574
1442
2636
1576
2405
4103
575
1447
2645
1582
2414
4120
578
1453
2655
1588
2422
4135
579
1457
2663
1593
2429
4149
581
1462
2671
1597
2437
4163
583
1467
2679
1602
2445
4177
585
1471
2687
1607
2451
4190
586
1475
2694
1612
2458
4203
587
1479
2701
1616
2464
4215
589
1484
2707
1620
2469
4226
590
1487
2714
1624
2476
4237
591
1490
2720
1627
2481
4248
592
1494
2726
1631
2486
4257
594
1497
2731
1634
2491
4267
594
1500
2736
1637
2496
4276
596
1503
2741
1641
2500
4285
597
1507
2746
1643
2504
4293
598
1509
2750
1646
2508
4301
598
1512
2754
1649
2512
4309
599
1514
2758
1651
2516
4316
600
1516
2762
1653
2519
4322
601
1518
2766
1656
2522
4329
601
1520
2769
1657
2525
4335
603
1523
2772
1659
2528
4340
603
1524
2775
1661
2530
4346
604
1526
2778
1663
2533
4351
604
1528
2780
1664
2535
4355
605
1529
2783
1666
2537
4360
605
1530
2785
1667
2539
4364
605
1532
2787
1669
2541
4368
606
1533
2789
1670
2543
4371
606
1534
2791
1671
2545
4374
606
1535
2792
1672
2546
4377
607
1536
2794
1673
2547
4380
607
1537
2795
1674
2548
4382
607
1537
2796
1674
2549
4385
607
1538
2797
1675
2550
4387
607
1539
2798
1676
2551
4388
607
1539
2798
1676
2551
4389
608
1540
2799
1676
2552
4391
608
1540
2799
1676
2552
4392
607
1540
2799
1677
2553
4393
608
1541
2799
1677
2552
4394
608
1541
2800
1677
2553
4394
607
1541
2800
1677
2553
4395
608
1542
2800
1677
2552
4395
607
1542
2800
1677
2552
4395
607
1542
2799
1677
2552
4395
607
1541
2799
1677
2552
4395
607
1541
2798
1676
2550
4394
607
1541
2798
1676
2550
4394
606
1541
2797
1676
2549
4393
606
1540
2796
1675
2549
4392
606
1540
2795
1675
2548
4391
606
1540
2794
1674
2547
4390
606
1539
2794
1674
2546
4389
606
1539
2792
1673
2545
4387
606
1539
2791
1673
2545
4386
605
1538
2790
1672
2543
4384
604
1537
2789
1671
2542
4382
605
1537
2787
1670
2541
4381
604
1536
2786
1669
2539
4379
604
1535
2785
1669
2538
4377
603
1535
2783
1668
2536
4374
603
1533
2781
1667
2535
4372
603
1533
2780
1666
2533
4370
602
1532
2778
1664
2532
4367
602
1531
2776
1664
2530
4364
601
1530
2774
1663
2529
4362
601
1529
2773
1661
2527
4359
601
1528
2770
1660
2525
4356
600
1528
2768
1659
2523
4353
600
1526
2766
1658
2521
4351
599
1525
2764
1656
2519
4347
598
1524
2762
1655
2518
4344
598
1523
2760
1654
2515
4341
598
1522
2758
1653
2514
4338
597
1521
2755
1652
2512
4334
597
1520
2753
1650
2510
4331
596
1519
2751
1649
2507
4328
596
1517
2749
1647
2505
4324
595
1516
2746
1646
2503
4320
595
1515
2744
1645
2500
4317
594
1513
2742
1643
2498
4313
594
1512
2739
1642
2496
4310
593
1511
2736
1640
2494
4306
593
1510
2734
1639
2491
4302
592
1508
2731
1637
2489
4298
592
1507
2729
1636
2487
4294
591
1506
2726
1635
2484
4290
590
1504
2723
1633
2482
4286
590
1503
2721
1632
2480
4282
589
1501
2718
1629
2477
4278
589
1500
2715
1628
2474
4273
588
1499
2713
1627
2472
4269
587
1497
2710
1625
2469
4265
587
1496
2707
1623
2467
4261
586
1494
2704
1621
2465
4257
585
1493
2702
1620
2462
4252
585
1491
2699
1618
2459
4248
584
1490
2696
1616
2456
4244
584
1488
2693
1615
2454
4239
583
1486
2690
1613
2451
4234
582
1484
2687
1611
2448
4230
581
1483
2684
1610
2446
4226
581
1481
2681
1608
2443
4222
581
1480
2678
1606
2440
4217
580
1478
2675
1604
2438
4212
579
1477
2673
1602
2435
4208
578
1475
2670
1601
2432
4203
578
1474
2667
1599
2430
4198
577
1472
2664
1598
2427
4194
576
1470
2660
1595
2424
4189
576
1469
2657
1593
2421
4184
575
1467
2654
1592
2419
4180
575
1465
2651
1590
2416
4175
574
1464
2649
1588
2413
4170
573
1462
2645
1587
2410
4165
572
1461
2642
1585
2407
4160
572
1459
2639
1582
2404
4156
571
1457
2636
1581
2402
4151
570
1456
2633
1580
2399
4146
569
1454
2630
1577
2396
4141
569
1452
2627
1575
2393
4136
568
1450
2624
1573
2391
4131
568
1448
2621
1571
2388
4184
575
1467
2654
1592
2419
4180
575
1465
2651
1590
2416
4175
574
1464
2649
1588
2413
4170
573
1462
2645
1587
2410
4165
572
1461
2642
1585
2407
4160
572
1459
2639
1582
2404
4156
571
1457
2636
1581
2402
4151
570
1456
2633
1580
2399
4146
569
1454
2630
1577
2396
4141
569
1452
2627
1575
2393
4136
568
1450
2624
1573
2391
4131
568
1448
2621
1571
2388
4067
558
1426
2579
1547
2350
4062
558
1424
2576
1545
2347
4057
558
1423
2573
1543
2344
4053
558
1422
2571
1542
2342
4052
560
1424
2571
1544
2342
4047
561
1422
2569
1542
2340
4040
559
1419
2564
1540
2336
4036
559
1418
2561
1539
2334
4030
558
1416
2558
1536
2330
4025
557
1414
2555
1534
2328
4020
556
1412
2551
1532
2324
4015
556
1410
2548
1530
2321
4009
556
1409
2545
1528
2319
4004
555
1407
2541
1526
2316
3999
554
1405
2538
1524
2313
3993
553
1403
2534
1522
2310
3974
552
1401
2531
1521
2307
2539
396
1006
1823
1108
1682
97
20
314
164
18
21
66
79
13
169
76
116
64
313
28
313
302
7
347
156
33
88
140
34
42
140
173
32
141
175
163
169
97
79
98
103
25
93
157
47
118
215
132
200
153
32
128
147
32
39
129
157
29
144
156
152
149
126
68
125
126
21
324
123
98
24
57
103
61
92
58
12
71
63
12
16
48
58
10
61
57
60
53
71
24
70
69
8
74
45
5
10
18
9
14
11
3
5
10
10
7
11
9
9
161
14
23
5
9
19
5
7
21
26
4
17
25
23
23
8
11
7
8
4
7
16
7
15
28
17
26
23
6
21
23
5
7
20
25
4
21
23
23
22
19
10
18
19
4
20
17
5
8
16
10
15
95
8
2
11
10
2
4
8
9
1
8
8
9
7
10
3
9
10
2
12
1
7
2
1
2
2
1
1
2
1
1
1
2
1
2
4
1
2
4
1
3
5
2
3
1
4
2
3
5
5
1
3
5
5
4
2
2
1
2
2
121
3
4
3
3
1
5
3
5
1
4
2
4
1
4
2
3
5
5
3
4
5
3
3
1
2
3
2
5
1
4
3
1
1
1
3
2
4
2
2
1
3
2
2
1
2
3
2
2
3
1
2
1
1
1
2
112
3
1
1
2
2
1
1
3
1
2
1
1
2
1
1
2
8
1
1
1
1
2
1
1
1
2
2
2
1
1
1
2
2
1
2
1
2
1
2
2
1
3
3
2
2
2
1
1
1
1
2
2
1
2
1
2
3
1
1
1
2
2
2
1
1
2
2
2
133
1
2
2
2
1
2
2
1
3
1
3
2
1
1
2
2
1
1
1
1
2
1
2
116
2
1
1
1
2
2
1
1
3
1
2
1
1
1
2
1
1
2
3
1
2
1
2
2
2
2
2
3
1
2
1
1
2
1
1
1
1
2
2
1
2
1
2
2
1
1
3
1
2
2
1
1
2
1
1
2
2
124
2
1
2
2
1
3
2
1
1
3
1
3
2
1
2
2
1
1
1
2
3
1
3
214
2
1
2
2
2
3
2
2
3
1
3
2
1
2
2
1
1
1
2
2
2
2
2
2
2
2
3
2
2
3
2
2
1
1
2
3
1
1
2
2
2
2
2
2
2
3
2
2
3
1
3
1
1
1
2
3
1
1
1
2
3
1
3
68
2
2
2
1
2
3
2
2
3
1
3
1
1
1
2
2
1
1
1
2
3
1
3
247
2
2
2
2
2
3
2
1
2
4
1
3
1
1
2
3
1
1
1
2
2
2
2
2
2
2
2
3
2
2
3
1
3
1
1
2
3
1
1
1
2
3
1
3
2
2
2
2
2
3
2
1
2
4
1
3
1
1
1
2
3
1
1
1
3
2
1
3
2
2
2
2
2
3
2
1
2
4
1
3
2
2
1
2
3
1
1
1
2
2
1
3
282
2
2
2
2
2
3
2
1
2
4
2
3
2
1
1
2
3
1
1
1
2
3
1
3
2
2
2
2
2
3
2
1
2
3
1
3
1
2
1
3
3
1
1
1
3
3
1
3
2
2
2
2
2
3
2
2
3
1
3
2
2
1
2
3
1
1
1
3
3
1
3
2
3
2
3
3
4
3
1
2
4
2
3
1
2
1
2
3
1
1
1
2
3
1
1
3
204
2
2
2
2
2
3
2
2
4
2
3
1
2
1
3
4
1
1
1
2
3
1
3
2
2
3
2
2
3
2
1
2
4
1
3
2
2
1
3
3
1
1
1
2
3
1
4
3
3
3
2
3
4
3
1
2
4
2
3
2
2
1
3
3
1
1
1
2
3
1
3
2
3
2
2
3
4
3
1
2
4
2
4
2
2
1
3
4
1
1
1
2
3
1
2
4
166
2
3
2
2
2
3
3
1
2
4
1
4
2
2
1
3
4
2
2
2
3
3
1
2
4
12
3
3
3
3
3
4
3
1
3
4
2
3
2
2
1
3
4
2
1
1
3
3
1
2
4
3
3
3
3
3
4
3
1
3
4
2
3
2
2
1
3
4
2
1
1
3
3
1
2
4
3
3
3
2
3
3
3
1
3
4
2
4
2
2
2
3
4
2
2
2
3
4
1
2
4
90
2
3
3
3
3
4
3
1
3
4
2
4
2
3
1
3
4
2
2
2
3
4
1
2
4
38
2
3
3
3
3
4
3
1
3
5
2
4
2
2
1
3
4
2
2
1
3
4
1
2
4
2
3
3
3
3
4
3
3
5
2
4
2
3
2
3
4
2
2
2
3
4
1
2
4
3
3
3
3
3
4
3
3
4
2
4
2
3
2
3
5
2
2
2
3
4
1
2
4
18
3
3
3
3
3
4
3
1
3
4
2
4
2
2
2
4
4
2
2
1
3
4
1
2
4
87
2
2
3
2
2
3
2
1
2
4
1
3
2
2
1
3
3
1
1
1
2
3
1
4
3
3
3
2
3
4
3
1
2
4
2
3
2
2
1
3
3
1
1
1
2
3
1
3
2
3
2
2
3
4
3
1
2
4
2
4
2
2
1
3
4
1
1
1
2
3
1
2
4
166
2
3
2
2
2
3
3
1
2
4
1
4
2
2
1
3
4
2
2
2
3
3
1
2
4
12
3
3
3
3
3
4
3
1
3
4
2
3
2
2
1
3
4
2
1
1
3
3
1
2
4
3
3
3
3
3
4
3
1
3
4
2
3
2
2
1
3
4
2
1
1
3
3
1
2
4
3
3
3
2
3
3
3
1
3
4
2
4
2
2
2
3
4
2
2
2
3
4
1
2
4
90
2
3
3
3
3
4
3
1
3
4
2
4
2
3
1
3
4
2
2
2
3
4
1
2
4
38
2
3
3
3
3
4
3
1
3
5
2
4
2
2
1
3
4
2
2
1
3
4
1
2
4
2
3
3
3
3
4
3
3
5
2
4
2
3
2
3
4
2
2
2
3
4
1
2
4
3
3
3
3
3
4
3
3
4
2
4
2
3
2
3
5
2
2
2
3
4
1
2
4
18
3
3
3
3
3
4
3
1
3
4
2
4
2
2
2
4
4
2
2
1
3
4
1
2
4
87
2
3
3
3
3
4
3
1
3
4
2
4
2
2
2
3
5
2
2
2
3
4
1
2
4
3
3
3
3
3
4
3
1
3
5
2
4
2
3
2
3
5
2
2
2
3
4
1
2
4
2
3
3
3
3
4
3
1
3
5
2
4
2
3
2
4
5
2
2
1
3
4
1
3
4
2
3
4
3
3
4
4
1
3
5
2
4
2
3
2
4
5
3
2
1
4
4
1
2
4
136
3
4
4
3
3
4
3
1
3
5
2
5
2
3
2
4
5
2
2
2
4
5
1
3
4
3
4
4
3
4
4
3
1
3
5
2
4
2
3
2
4
5
3
2
2
4
5
1
3
4
3
4
4
3
4
5
4
1
3
5
2
5
3
3
2
4
5
3
2
1
4
5
1
3
5
3
4
4
3
3
4
4
1
3
5
2
5
3
3
2
4
5
3
2
2
4
4
2
3
5
157
3
4
4
3
4
4
4
1
3
5
2
4
2
3
3
5
5
3
2
2
4
4
2
3
5
3
4
4
3
3
4
4
1
3
5
2
4
2
3
2
4
5
3
2
2
4
4
1
3
5
3
4
4
3
3
5
4
1
4
5
2
5
3
3
2
4
5
2
2
2
4
5
2
3
5
3
4
4
3
3
5
4
1
3
5
2
5
2
4
2
5
6
3
2
2
4
5
2
3
5
212
3
4
4
3
3
5
4
1
3
5
2
5
2
4
3
4
5
3
2
2
4
5
2
3
5
3
4
4
3
4
5
4
1
3
5
2
5
3
4
3
4
5
3
2
2
4
5
2
3
5
2
4
4
4
4
5
4
1
4
5
3
5
3
4
3
5
6
3
3
3
5
5
2
3
5
3
4
4
3
4
5
4
1
4
6
2
5
3
3
3
5
6
3
2
2
4
5
2
3
5
228
3
4
4
4
4
5
5
1
4
6
2
5
2
4
3
4
6
3
2
2
4
5
2
3
5
90
3
4
4
3
3
5
4
1
4
6
3
5
3
4
3
5
6
3
3
3
5
5
2
4
6
3
5
4
3
3
5
4
1
3
6
3
5
3
4
3
5
6
4
3
3
5
6
2
4
6
3
5
4
4
4
5
5
1
4
6
3
5
3
4
3
5
6
4
3
2
4
5
2
4
5
186
3
5
4
3
4
5
5
1
4
6
2
5
3
4
3
5
6
3
3
2
4
5
2
4
5
138
3
5
4
3
4
5
4
1
3
5
2
5
3
5
3
5
6
3
3
2
5
6
3
4
6
3
5
5
4
4
6
5
1
4
6
3
5
3
4
3
5
7
3
3
3
4
5
2
4
6
3
5
4
4
4
6
5
1
4
6
3
5
3
4
3
5
6
3
3
2
5
5
2
4
5
111
3
5
4
3
4
5
5
1
4
6
3
5
3
5
3
5
6
4
3
2
5
6
2
4
6
205
3
5
4
3
4
5
5
1
4
6
3
5
2
5
3
6
7
3
3
3
5
6
2
4
6
3
5
5
4
4
6
5
1
4
6
2
5
3
4
3
6
7
3
3
2
5
5
2
4
5
3
5
4
4
4
5
5
1
4
6
3
6
3
4
3
6
7
4
3
3
5
6
2
4
6
3
5
5
4
5
6
5
1
4
6
3
6
3
5
3
6
7
4
3
3
5
6
3
4
6
184
3
5
5
4
5
6
5
1
4
6
3
5
3
4
3
5
7
3
3
2
5
6
3
4
6
3
5
4
4
4
6
5
1
4
6
3
6
3
5
3
6
7
4
3
3
5
6
3
4
6
3
5
5
4
4
6
5
1
4
6
3
6
3
5
4
6
7
4
3
3
5
7
3
4
6
3
5
5
4
4
6
5
1
5
7
3
6
3
5
3
6
7
4
3
3
5
6
3
4
6
139
3
5
5
4
4
6
5
1
5
7
3
5
3
5
3
6
7
4
3
3
5
6
3
4
6
3
6
5
4
5
6
5
1
5
6
3
6
3
5
4
7
7
4
3
3
6
6
3
5
6
3
5
5
4
4
6
5
1
4
7
3
6
3
5
4
6
8
4
3
3
5
6
3
5
6
3
6
5
5
5
6
5
1
5
6
3
6
3
5
4
6
7
4
3
3
6
6
2
4
6
134
3
6
5
4
5
6
5
1
5
7
3
6
3
5
4
7
7
4
3
3
6
6
3
5
7
3
5
5
4
5
7
6
1
5
7
3
6
3
6
4
6
8
5
3
3
6
7
3
5
7
3
6
5
5
5
7
6
1
5
7
3
6
3
6
4
6
8
4
4
3
6
7
3
5
6
3
6
5
5
5
6
5
1
5
7
3
6
3
5
4
6
7
4
3
4
6
7
3
5
7
150
2
6
5
5
5
7
6
1
5
6
3
6
3
6
4
7
8
5
3
3
6
7
3
5
7
32
3
6
5
5
5
6
6
2
5
7
3
6
3
5
4
7
8
5
4
3
6
7
3
5
7
3
6
5
5
5
7
6
2
5
7
3
6
3
6
4
7
8
4
3
3
6
7
3
5
7
2
6
5
4
