14
6
6
3
24
10
14
5
6
2
3
23
2
11
16
5
10
3
5
3
29
3
12
20
6
2
2
14
5
3
7
4
51
2
3
13
21
7
3
5
16
8
3
10
4
50
4
14
23
8
5
4
9
17
9
5
13
5
7
62
4
15
26
12
7
3
6
19
9
6
12
6
5
72
1
14
27
15
1
2
2
19
8
5
6
7
62
1
11
29
18
1
6
18
10
4
14
7
2
91
1
8
28
20
1
2
17
8
7
6
1
89
11
7
27
21
15
8
2
6
103
16
8
27
22
16
9
5
6
111
8
4
9
18
23
8
11
5
216
2
5
10
16
22
9
15
5
207
7
9
17
20
1
12
17
3
4
5
213
10
8
19
21
2
16
19
8
1
5
213
2
12
7
21
20
4
6
18
22
12
7
5
217
3
14
6
21
19
1
7
9
20
23
15
15
6
230
5
17
6
24
19
1
10
12
24
27
19
18
7
6
217
6
18
8
26
20
4
1
13
12
26
29
21
16
7
211
5
19
10
27
21
4
1
13
13
28
29
22
15
9
5
206
3
17
10
28
20
2
4
12
15
28
29
22
20
8
13
184
2
15
12
27
20
1
5
10
14
28
30
22
18
8
9
167
4
12
14
27
22
2
7
12
26
31
18
16
8
4
136
5
10
17
25
23
2
11
23
34
15
17
7
121
3
4
7
9
19
24
25
12
21
37
10
17
7
116
5
5
8
9
19
25
27
12
18
38
5
20
7
106
1
6
2
7
9
19
27
29
12
19
37
6
19
8
99
6
6
10
18
27
31
10
19
37
5
18
9
104
1
5
9
16
28
32
11
17
36
19
9
83
1
10
13
29
32
4
16
28
9
61
5
11
10
30
32
4
16
26
10
48
5
6
11
8
30
32
5
13
25
6
9
13
2
3
8
9
8
29
33
5
11
25
6
8
4
9
8
7
26
31
4
9
24
2
8
7
3
13
8
7
24
31
1
8
23
8
10
5
16
10
9
26
32
3
10
23
3
9
3
5
15
3
4
9
8
24
30
1
7
10
21
6
9
5
6
14
1
3
6
8
21
27
5
9
7
19
8
7
13
6
14
7
6
19
23
4
7
15
8
7
14
6
14
1
6
3
18
19
5
9
12
1
5
6
1
11
18
2
7
15
15
2
4
10
8
6
4
4
6
3
14
22
2
3
5
7
12
10
2
3
7
4
10
5
9
4
2
2
13
7
14
22
3
6
5
6
10
9
4
9
9
9
11
6
11
10
3
1
11
14
21
3
4
4
5
8
8
2
9
8
8
10
6
10
9
2
1
8
12
21
1
6
1
3
2
5
6
7
5
5
7
7
8
2
7
11
21
1
7
3
1
2
3
6
8
4
7
6
10
7
5
3
4
12
23
7
6
5
3
7
3
3
10
5
16
4
12
3
6
15
20
9
9
7
4
9
4
7
5
13
6
20
7
15
5
1
10
14
23
3
9
10
1
9
7
12
4
16
7
17
8
26
11
17
5
1
3
11
15
22
1
7
9
1
10
9
15
4
10
5
13
9
27
10
10
4
1
3
13
13
16
7
8
2
11
11
17
5
4
5
9
9
29
9
3
2
2
10
8
18
7
9
1
12
14
20
7
2
12
8
32
6
10
1
3
6
9
20
9
10
2
13
15
21
10
13
7
31
3
11
3
3
2
6
9
19
9
10
3
12
15
22
6
9
5
29
3
3
4
3
3
8
18
9
9
2
12
16
24
6
10
5
29
3
3
5
1
9
10
20
11
9
5
13
19
26
9
12
7
29
7
3
7
3
7
7
21
8
9
5
14
19
28
6
11
6
30
9
3
7
4
5
16
6
9
4
13
21
29
6
12
6
29
10
2
7
3
6
19
8
9
4
13
22
30
9
14
6
29
12
2
7
7
16
4
6
4
14
23
31
7
13
6
29
15
2
7
5
8
3
3
13
23
31
1
10
4
27
14
6
1
4
4
13
21
29
5
3
24
9
4
3
4
12
20
29
3
1
21
3
3
7
2
11
17
28
1
5
20
2
2
2
6
4
11
16
26
1
1
19
1
2
8
1
8
12
16
26
4
19
6
1
12
4
10
15
18
29
3
9
1
22
12
2
16
9
13
16
20
30
9
10
3
22
3
1
2
2
18
9
14
18
23
32
10
14
6
26
8
1
3
5
5
19
10
15
18
24
33
10
17
8
30
14
3
4
1
17
5
19
11
15
17
23
30
11
17
9
29
17
4
3
1
16
7
25
14
16
15
20
26
15
20
8
29
21
7
2
3
6
9
26
15
15
13
20
23
14
21
9
29
22
9
3
2
3
9
21
11
13
11
19
21
12
18
10
26
18
8
2
2
6
2
11
23
1
10
12
10
17
19
11
13
8
23
12
9
2
2
1
10
14
1
6
9
9
16
19
1
4
6
19
3
7
1
2
9
12
2
8
8
16
20
2
17
5
3
5
10
3
7
18
22
2
15
2
4
5
17
24
9
4
2
4
16
25
8
5
3
18
27
4
6
2
18
28
3
6
2
18
28
3
6
16
27
5
14
26
5
11
23
3
9
19
2
3
8
17
1
3
6
12
5
8
1
5
6
2
5
7
2
8
4
8
2
16
4
8
3
14
5
10
2
22
4
11
25
5
13
1
20
7
16
3
28
10
17
3
4
31
12
16
2
5
5
23
2
14
16
3
8
7
3
5
23
5
17
15
7
13
7
8
5
7
2
1
2
9
18
12
5
12
15
3
12
1
5
1
3
6
5
5
10
19
9
12
16
18
1
16
4
5
5
6
7
3
7
7
10
19
7
14
18
19
16
2
6
5
9
1
5
8
7
6
7
9
11
18
5
14
19
18
18
2
7
4
12
7
3
13
11
10
9
11
10
17
2
19
19
16
16
3
10
3
13
10
13
8
11
7
13
11
18
1
21
21
18
17
9
2
12
7
12
7
10
5
12
12
18
19
22
19
1
21
3
9
2
14
12
12
3
12
3
14
13
18
21
24
20
2
21
7
9
1
1
14
10
11
7
14
5
17
14
18
22
27
22
23
4
10
2
15
6
14
11
14
6
17
15
18
28
29
2
23
1
25
10
11
3
20
8
10
1
11
3
14
14
18
27
28
1
23
2
26
10
9
3
16
3
8
1
12
2
15
12
16
22
26
21
2
25
11
8
3
12
4
9
2
15
3
17
12
14
25
28
2
21
3
25
10
9
5
16
10
3
17
4
17
1
10
11
23
24
1
18
3
21
10
11
6
15
9
2
16
1
16
8
9
21
22
1
15
6
18
12
10
7
13
7
14
15
7
8
18
18
14
5
16
6
7
6
10
15
5
5
12
13
6
7
16
14
10
2
11
5
5
7
22
17
7
10
5
7
11
11
10
4
9
3
1
17
13
1
7
5
8
6
9
9
9
9
4
1
14
7
1
5
4
8
2
7
8
7
10
6
6
1
4
5
10
5
6
7
8
13
7
6
1
3
6
12
7
5
7
10
11
7
2
3
7
14
7
5
8
10
9
7
3
7
3
9
15
8
5
8
11
11
8
4
3
3
10
16
7
7
9
12
10
9
2
4
6
12
18
9
12
14
16
12
14
3
5
7
13
20
10
14
15
18
12
15
3
5
8
13
21
10
12
15
20
10
15
6
1
1
10
16
22
10
5
15
22
9
16
6
6
9
16
24
10
12
16
22
9
18
12
7
7
15
24
9
18
18
1
24
8
22
16
7
3
1
9
15
22
3
15
19
24
2
23
6
5
1
7
14
21
19
19
23
23
3
5
1
2
1
7
12
19
18
18
22
22
10
4
3
1
6
10
16
17
18
20
22
3
2
4
8
14
16
15
17
18
1
3
2
5
6
11
15
14
15
16
2
2
1
3
3
5
9
13
11
13
13
2
2
2
6
3
3
5
14
12
10
13
1
2
1
1
7
3
9
3
1
3
18
14
9
13
4
4
1
7
6
3
10
3
3
19
14
9
14
2
6
4
1
9
6
12
3
3
2
20
15
7
14
3
8
5
1
2
10
4
11
3
3
5
3
20
14
1
8
14
8
8
5
2
3
9
66
9
1
2
3
3
16
11
1
5
11
6
6
4
2
5
171
5
1
1
4
14
10
5
3
10
5
3
4
3
2
324
2
6
3
12
8
8
6
10
7
3
4
524
7
5
9
4
5
7
10
8
14
2
4
790
1
1
9
4
10
5
1
9
9
10
7
1
4
948
2
10
4
4
4
1
11
11
11
4
1
4
935
2
3
12
5
1
2
6
13
16
12
11
5
855
2
3
10
3
4
2
5
10
14
11
6
3
207
12
2
3
9
3
6
7
13
7
12
3
2
82
2
9
2
3
6
10
5
14
3
57
3
9
1
5
6
4
14
2
40
6
9
5
4
8
9
5
1
14
3
8
10
11
10
11
14
1
1
6
9
12
13
14
15
18
1
1
1
7
11
12
23
18
18
22
1
2
1
9
12
14
27
22
21
26
6
3
1
5
3
13
15
13
31
28
24
31
5
1
1
7
5
14
16
12
33
30
25
32
1
2
10
4
15
17
11
32
31
28
34
1
1
7
6
18
18
10
34
35
31
36
3
1
5
8
9
21
19
10
33
36
28
37
9
3
7
5
11
3
22
19
7
37
38
28
37
9
1
3
6
6
15
4
23
18
6
38
3
38
1
28
37
5
4
3
12
14
3
19
7
23
17
8
37
9
38
6
28
36
10
7
5
17
13
6
21
8
24
18
9
40
9
40
8
30
39
14
10
4
16
17
11
8
2
21
11
23
2
16
10
40
9
39
11
28
38
15
12
4
19
19
15
7
26
10
25
1
18
13
46
19
45
20
32
42
23
15
5
32
26
9
20
9
31
9
29
20
14
49
25
48
21
35
46
24
17
5
1
35
31
16
21
9
30
12
29
2
21
15
48
17
48
22
35
46
30
17
5
2
29
29
23
11
33
15
33
4
23
15
49
25
52
25
36
49
27
19
5
2
37
34
20
10
31
14
32
5
23
14
50
27
50
27
35
1
45
31
17
5
2
38
32
6
18
9
24
10
26
5
22
16
56
23
48
28
35
5
45
37
14
5
3
37
30
21
14
5
20
11
23
5
21
16
2
48
27
45
29
35
6
44
36
12
4
3
38
25
36
4
2
14
8
20
3
19
16
1
41
23
41
25
34
4
42
30
7
2
2
36
18
31
9
5
17
1
18
17
3
41
19
39
21
32
2
39
26
4
2
32
14
30
6
15
17
17
4
36
11
37
20
33
3
39
32
2
31
9
32
12
17
19
5
34
9
35
17
33
2
39
23
1
26
4
23
9
14
17
4
30
11
30
16
30
2
34
19
26
13
9
12
15
2
27
12
28
18
28
3
32
24
1
28
20
9
11
15
2
24
16
27
22
27
7
32
28
2
27
32
10
10
12
26
18
29
23
27
8
35
28
3
30
38
5
12
9
10
29
18
28
26
26
9
35
32
4
34
3
53
8
1
13
2
8
9
29
23
29
30
26
11
35
37
5
40
3
54
10
5
16
5
11
12
37
30
34
35
31
12
41
44
6
43
8
56
15
12
20
8
14
17
43
34
39
41
38
15
48
51
6
7
47
13
54
4
18
19
23
13
16
20
45
45
43
47
43
17
51
53
11
7
58
17
51
16
17
22
16
17
22
45
44
45
47
46
17
55
53
10
6
60
16
69
1
4
16
22
23
19
17
22
46
40
45
45
45
13
54
50
11
6
1
58
15
98
2
8
16
23
22
18
17
21
44
48
43
46
44
13
50
48
11
6
1
61
16
112
4
13
19
20
14
18
20
42
45
42
41
46
9
51
40
9
3
1
56
13
116
3
7
20
15
18
15
1
18
37
38
37
35
40
5
46
31
6
2
1
53
10
117
1
3
18
10
19
12
5
15
33
34
30
32
34
3
37
30
3
1
2
48
8
118
16
7
18
11
6
16
27
33
27
32
33
1
35
34
3
45
128
15
5
17
10
7
16
26
31
25
30
31
32
31
4
44
113
13
19
6
7
14
20
29
20
26
27
26
25
4
42
116
14
19
5
6
14
17
29
17
26
26
24
28
4
40
135
15
19
5
6
14
17
27
17
23
25
23
21
4
37
134
9
17
4
6
13
12
25
16
23
25
23
20
4
38
151
16
17
22
16
17
22
45
44
45
47
46
17
55
53
10
6
60
16
69
1
4
16
22
23
19
17
22
46
40
45
45
45
13
54
50
11
6
1
58
15
98
2
8
16
23
22
18
17
21
44
48
43
46
44
13
50
48
11
6
1
61
16
112
4
13
19
20
14
18
20
42
45
42
41
46
9
51
40
9
3
1
56
13
116
3
7
20
15
18
15
1
18
37
38
37
35
40
5
46
31
6
2
1
53
10
117
1
3
18
10
19
12
5
15
33
34
30
32
34
3
37
30
3
1
2
48
8
118
16
7
18
11
6
16
27
33
27
32
33
1
35
34
3
45
128
15
5
17
10
7
16
26
31
25
30
31
32
31
4
44
113
13
19
6
7
14
20
29
20
26
27
26
25
4
42
116
14
19
5
6
14
17
29
17
26
26
24
28
4
40
135
15
19
5
6
14
17
27
17
23
25
23
21
4
37
134
9
17
4
6
13
12
25
16
23
25
23
20
4
38
151
1
17
6
7
11
18
34
4
30
22
3
12
30
8
4
5
43
201
15
5
7
10
16
27
1
26
20
1
10
26
9
4
5
37
209
1
12
5
5
8
13
25
20
18
8
17
9
4
4
33
213
1
11
4
4
6
12
26
19
16
6
19
7
4
3
36
209
11
3
4
3
9
17
15
13
1
14
5
3
2
32
202
3
1
2
9
21
15
12
14
2
2
2
30
190
1
1
8
20
13
12
13
3
2
26
159
7
1
6
18
11
9
6
2
1
27
140
3
6
19
10
11
1
7
2
29
133
3
1
1
5
13
7
11
1
5
3
23
110
4
3
1
4
21
12
11
3
13
4
26
99
2
4
5
20
11
15
9
15
5
34
79
3
5
6
22
4
8
16
12
6
4
36
71
2
6
5
27
4
10
16
12
8
5
35
67
5
4
19
6
10
16
13
12
5
33
48
1
4
5
22
5
11
14
11
13
5
34
34
1
2
2
18
4
8
12
10
8
4
30
9
2
1
2
16
5
6
10
9
5
4
31
2
16
4
6
9
8
5
3
28
5
2
14
3
6
8
8
2
3
27
3
18
5
10
10
10
3
2
3
32
1
3
2
3
23
5
12
11
9
10
3
2
31
4
4
1
23
4
13
12
8
11
3
4
2
37
4
5
7
3
3
2
22
8
13
15
11
14
4
5
2
39
3
8
6
6
6
10
26
10
13
17
14
14
4
5
2
38
3
11
7
7
7
9
21
11
11
17
15
8
5
5
3
40
3
13
10
8
6
10
23
12
10
18
14
7
5
5
4
34
1
9
8
1
8
8
9
28
10
12
19
14
12
5
4
4
41
4
6
11
10
10
9
18
14
4
22
17
3
3
3
5
33
3
6
11
11
11
10
17
15
1
21
19
1
2
2
5
30
4
7
10
11
12
19
14
5
21
19
6
1
6
38
4
10
12
9
14
12
1
20
18
3
6
30
2
8
13
5
7
10
18
17
1
6
25
6
12
1
4
5
14
11
4
7
20
3
8
7
10
5
6
20
4
3
6
1
4
23
3
15
1
2
13
1
16
1
9
1
1
2
12
3
2
11
1
3
1
5
2
3
1
9
5
5
7
7
6
2
4
7
4
2
6
5
2
2
7
6
5
1
4
13
10
3
8
2
2
5
1
4
12
1
4
8
1
3
9
1
8
1
5
3
11
3
5
11
2
1
7
6
10
5
2
6
6
4
19
7
8
13
3
9
15
12
7
4
11
1
5
22
1
6
11
13
6
11
10
16
9
8
13
8
6
21
8
10
14
8
21
9
21
13
13
19
14
5
1
27
7
8
10
9
1
28
22
24
18
16
22
16
4
2
35
3
11
12
11
12
4
27
22
28
22
20
4
24
24
2
4
3
39
3
15
12
14
15
1
9
32
25
31
23
23
5
30
24
3
3
4
36
2
2
5
9
14
9
16
1
12
33
24
32
24
25
7
30
29
2
1
5
37
2
6
7
15
8
16
1
12
36
21
34
23
26
6
31
30
2
1
5
43
3
3
5
8
15
6
15
10
35
23
33
23
23
4
30
29
2
1
5
42
5
2
4
4
15
4
14
10
30
18
30
22
22
4
28
31
1
2
5
39
1
1
15
13
8
25
15
28
17
20
2
26
25
2
4
33
4
2
10
4
9
2
19
16
22
16
13
1
19
20
2
2
32
6
1
5
7
6
18
14
18
17
10
3
16
23
1
3
29
12
4
3
2
7
4
3
14
13
13
14
8
3
13
16
3
27
10
6
4
9
1
6
11
13
9
13
5
1
8
12
3
27
5
4
9
1
9
5
8
4
11
3
1
5
13
4
23
8
6
7
9
3
5
1
4
22
6
7
4
7
3
3
5
20
5
12
1
5
5
11
6
16
2
5
10
9
9
5
5
5
8
6
1
8
4
2
7
6
13
3
5
9
3
19
13
6
1
10
1
25
13
7
1
11
25
11
2
9
1
11
10
6
3
10
1
2
3
1
3
11
6
15
3
12
5
4
5
4
7
2
12
12
5
23
5
13
7
5
6
6
8
3
12
13
14
8
15
9
6
9
2
9
10
6
5
12
14
6
11
10
17
10
4
10
13
14
11
11
14
5
16
11
16
7
1
6
13
11
9
10
13
19
12
15
3
9
14
9
9
8
11
19
7
12
2
15
13
8
9
6
5
14
7
11
1
14
12
6
7
6
5
11
6
9
13
12
5
7
6
6
14
3
6
13
12
4
7
6
3
13
4
6
14
13
5
8
5
7
9
5
7
19
18
1
7
13
1
4
16
3
9
9
1
8
25
25
4
10
19
10
1
4
12
11
5
12
3
9
1
28
2
29
6
14
22
8
1
4
18
8
2
3
14
5
11
1
31
9
31
11
15
25
9
3
4
27
3
5
3
16
7
13
2
33
13
33
13
16
2
26
12
3
4
26
7
3
17
8
12
2
32
14
32
17
17
7
24
21
1
3
4
32
6
5
17
12
13
1
37
15
33
17
17
8
25
17
3
4
4
30
1
5
7
17
13
14
1
36
16
32
15
17
7
26
9
3
6
4
30
1
7
5
18
10
17
2
34
17
33
19
18
9
27
20
1
5
5
34
1
