58
24
14
30
18
27
5
33
41
14
1
32
16
35
5
19
11
49
39
23
5
36
11
1
34
24
1
19
13
48
47
12
6
36
19
5
11
31
49
24
15
44
53
35
24
7
2
29
29
26
16
43
56
34
13
3
34
18
18
17
36
59
35
16
2
40
12
16
16
32
43
33
18
1
34
17
18
13
40
52
34
11
2
36
20
22
15
36
43
32
36
1
13
13
34
20
31
1
34
7
6
12
36
36
32
5
3
31
7
9
12
28
46
31
3
6
1
33
10
10
12
36
41
35
6
7
3
35
4
17
16
34
39
5
7
35
7
6
6
27
4
13
14
27
34
13
31
6
5
7
27
2
10
39
46
21
36
13
10
11
30
15
17
14
45
43
21
39
9
11
7
30
27
15
19
39
37
4
25
38
10
12
3
30
13
11
19
34
53
10
30
35
13
11
6
16
11
29
9
17
12
34
40
8
31
31
11
7
14
13
26
4
16
9
31
43
7
29
32
7
1
6
11
27
24
4
17
11
36
55
3
27
33
13
5
7
8
28
35
7
16
12
23
19
19
26
2
5
26
16
6
7
25
24
12
27
1
24
11
4
7
51
50
21
39
20
5
8
34
1
19
16
33
16
16
31
1
31
2
13
11
33
45
12
29
4
27
30
10
9
33
54
12
28
5
2
26
21
18
5
25
33
9
27
26
9
15
6
31
39
15
17
32
7
27
10
16
11
26
26
25
19
32
9
1
12
25
21
11
18
8
29
40
14
19
30
18
3
6
24
30
3
21
6
48
42
23
9
33
34
22
1
9
8
16
30
27
10
1
12
35
13
2
47
25
29
12
36
4
35
29
3
11
12
21
27
18
10
2
13
26
15
45
37
20
8
38
9
32
21
14
12
22
25
34
4
5
24
9
45
66
2
1
38
7
30
32
14
10
18
24
30
1
35
5
3
37
77
3
33
27
27
1
8
4
21
27
30
2
25
62
16
36
30
10
1
13
28
49
7
26
7
11
27
12
32
24
13
21
24
11
24
3
13
9
27
16
9
15
18
18
21
18
8
2
31
20
4
14
19
14
21
35
38
10
36
31
4
1
20
21
27
25
5
52
69
33
31
23
18
20
21
23
4
45
31
28
25
6
16
5
12
34
35
33
25
13
23
9
19
1
41
51
42
31
25
15
26
21
30
9
40
41
4
45
32
20
6
23
24
41
8
32
9
22
40
2
43
24
16
24
24
37
3
27
3
18
38
39
25
7
18
24
24
24
4
39
55
36
29
13
9
24
18
29
6
42
49
31
25
10
4
21
27
25
3
33
47
3
43
28
9
13
23
48
30
5
36
50
8
51
14
27
15
4
16
12
22
44
45
3
11
48
44
3
53
15
33
30
3
19
17
21
35
2
49
10
11
38
49
16
53
14
32
34
4
16
15
27
35
2
47
12
6
30
52
14
45
5
27
16
4
12
4
26
44
42
6
3
36
37
7
43
32
7
16
24
36
41
8
4
29
46
7
42
32
24
12
25
24
4
41
8
2
31
58
11
41
33
26
14
24
27
12
3
42
9
4
23
52
2
24
45
28
19
19
21
40
19
3
9
43
7
8
1
24
23
32
1
45
21
10
16
22
39
26
7
12
39
3
3
45
47
3
40
4
5
53
39
19
2
11
24
2
24
38
26
11
21
46
13
8
70
87
23
2
8
51
44
42
4
16
23
5
22
40
7
5
20
49
16
11
56
70
14
5
47
1
36
37
7
18
3
28
32
1
13
41
12
5
51
70
20
8
49
6
35
41
11
22
7
27
34
7
2
14
44
11
8
39
56
16
5
47
2
29
33
7
18
4
23
45
4
14
42
6
5
43
63
23
2
9
55
2
35
31
15
24
7
24
47
13
7
22
45
10
10
40
59
23
4
12
54
4
34
38
21
28
8
20
52
15
9
22
46
9
16
36
47
22
7
46
28
34
13
27
22
43
8
3
15
45
5
12
27
39
17
41
27
21
4
22
21
24
11
44
5
8
35
40
9
41
30
9
8
24
21
11
37
10
37
68
14
11
48
33
33
12
19
1
25
39
5
3
21
50
10
14
27
59
12
13
48
25
34
13
21
3
20
47
2
18
51
2
18
27
31
4
4
43
25
20
1
17
19
36
12
43
3
8
13
27
8
39
21
18
18
18
30
10
42
4
9
7
25
2
45
22
10
15
17
36
9
41
2
5
25
26
20
15
55
9
31
27
17
20
12
18
39
12
49
9
15
25
35
19
11
47
25
19
26
5
14
24
7
35
1
3
14
32
6
38
22
6
23
21
27
3
25
4
9
14
5
8
41
23
28
12
10
19
20
3
34
5
1
18
52
10
17
45
27
33
17
17
5
16
24
7
43
5
16
46
82
4
9
37
32
29
5
21
18
21
5
36
9
10
39
59
2
9
38
32
27
2
19
16
28
11
34
8
2
29
51
16
18
48
33
16
10
23
5
21
48
3
5
20
41
8
9
42
52
9
17
44
36
12
3
21
21
30
6
4
18
34
10
3
35
30
5
12
41
36
12
18
15
23
2
14
30
11
35
19
14
5
42
37
9
16
16
22
14
28
14
35
41
11
9
42
41
11
3
4
18
23
17
3
2
17
29
17
42
51
1
9
43
44
18
5
9
22
2
24
38
3
3
15
36
21
5
39
52
6
8
36
44
23
2
5
24
19
34
5
2
11
36
20
9
35
47
22
4
19
36
41
21
7
19
31
8
20
32
16
11
20
35
18
9
53
53
1
24
3
27
44
45
30
3
37
23
18
17
48
17
12
25
43
1
21
17
48
54
2
22
4
35
46
7
52
39
1
33
26
23
18
41
20
13
26
54
2
24
28
40
38
4
32
4
39
45
9
50
33
1
29
18
22
18
49
25
13
26
54
25
28
62
66
7
41
1
5
41
45
9
52
44
39
14
24
16
49
27
14
30
59
6
27
32
75
84
7
42
11
12
48
50
15
60
61
8
48
25
33
25
52
30
21
39
68
17
33
41
62
79
3
33
9
10
48
53
17
57
61
2
49
20
34
22
49
27
17
35
66
10
29
44
54
57
7
43
12
9
47
49
17
53
53
45
23
32
24
44
27
18
31
65
26
45
58
47
9
54
13
5
41
45
9
52
55
1
43
19
25
23
33
30
17
28
61
10
27
40
64
99
1
45
10
3
36
42
2
54
76
47
14
21
24
38
31
17
29
66
16
28
45
63
87
5
46
11
9
36
44
4
54
60
3
41
20
20
20
46
35
23
34
64
7
27
39
64
72
8
57
9
12
33
46
6
55
36
6
31
28
18
17
40
38
25
33
56
6
24
30
68
57
10
68
7
15
31
50
7
55
33
5
24
24
18
19
48
33
25
35
56
12
26
27
75
75
8
57
2
15
29
52
4
56
51
1
34
23
18
22
28
33
21
35
52
21
28
22
74
110
4
31
13
28
51
3
55
62
1
30
29
16
23
35
35
16
32
52
17
27
26
59
73
17
6
19
47
46
41
14
24
8
14
34
19
4
20
44
19
19
58
64
12
3
14
43
47
37
15
24
4
18
24
12
14
43
1
21
11
56
65
25
8
19
47
52
36
3
21
27
9
19
29
19
3
20
46
5
26
14
48
75
42
10
22
49
48
40
5
31
27
14
16
36
26
9
23
52
21
24
53
78
1
32
8
19
45
49
50
4
30
27
11
17
35
27
7
17
51
20
26
54
66
28
10
20
47
50
54
6
31
29
12
16
25
26
9
20
51
23
30
46
66
29
10
14
47
51
47
5
25
27
7
15
41
19
7
21
53
1
25
26
47
51
20
5
8
40
51
39
3
21
21
1
17
34
5
17
49
27
19
53
68
28
12
16
46
52
43
10
28
31
10
19
34
9
7
23
52
27
26
54
69
36
17
19
48
1
58
43
15
29
35
14
16
49
22
11
25
51
8
31
28
36
55
24
12
12
44
50
40
7
27
32
10
18
35
16
3
21
47
26
23
31
56
16
7
8
44
46
41
4
18
28
5
19
19
7
20
43
24
15
49
62
24
11
16
45
49
43
5
18
27
7
17
26
13
7
25
43
24
19
52
54
27
15
22
47
50
48
3
26
28
10
17
34
16
14
31
49
25
26
50
57
25
16
20
46
51
45
5
23
24
7
18
31
14
15
34
51
27
25
55
58
24
16
15
42
52
43
6
21
27
2
19
24
14
15
34
47
28
23
57
52
32
22
22
48
54
48
7
28
32
10
17
35
20
24
41
46
4
28
26
41
57
30
20
25
49
46
35
1
23
24
12
14
28
21
25
41
39
20
19
39
54
28
24
27
52
2
48
33
5
28
32
16
14
35
21
27
45
46
24
24
49
68
6
35
6
32
32
61
8
57
44
13
38
36
23
22
46
30
36
56
58
1
32
34
43
69
2
29
26
28
54
3
49
43
4
25
28
16
20
28
29
30
50
47
26
25
45
42
26
25
30
52
5
48
42
4
23
31
17
14
43
24
28
46
45
24
25
43
54
32
5
28
36
59
13
50
43
8
30
33
25
15
47
27
30
50
51
22
29
42
56
33
3
24
31
55
6
47
34
1
24
27
20
18
29
26
27
48
42
22
20
48
50
2
34
4
26
32
57
7
49
40
3
27
28
21
15
35
26
28
49
46
26
26
42
66
32
4
27
33
57
9
51
45
5
27
30
20
11
35
26
28
48
50
28
30
50
67
35
6
27
33
53
6
53
41
6
25
30
18
15
35
30
30
49
45
31
24
61
74
10
50
21
35
45
60
13
61
54
13
40
35
30
22
40
44
41
61
54
9
38
31
63
61
20
58
32
36
53
60
15
61
56
13
46
30
33
21
34
48
47
65
57
12
37
37
61
59
14
57
33
31
56
60
16
55
56
9
48
28
33
15
43
43
45
61
56
3
28
40
57
80
10
60
41
30
62
60
16
53
60
2
58
32
35
16
41
47
47
63
58
27
43
65
87
14
66
50
31
67
56
11
56
63
5
58
31
33
17
42
52
51
68
61
12
31
44
65
94
14
72
57
32
75
58
13
60
71
9
60
26
40
19
50
57
55
74
65
17
34
47
74
89
18
78
66
37
88
60
21
59
72
10
70
29
48
19
47
62
61
81
63
12
33
50
72
96
27
86
76
46
103
65
28
65
81
19
83
42
56
18
52
71
71
92
66
15
36
57
63
85
32
89
75
44
101
60
19
62
72
18
75
39
50
18
47
69
70
93
61
12
36
51
70
69
39
88
66
39
88
54
7
59
59
21
67
35
41
18
43
63
65
87
61
15
37
42
57
69
28
73
52
34
77
50
3
57
60
18
59
36
35
16
35
57
57
76
57
14
33
41
52
37
7
67
39
28
61
47
52
50
12
42
33
27
13
36
48
47
63
49
3
28
38
47
29
20
74
33
27
49
47
56
49
15
40
32
26
16
51
58
45
57
49
32
33
46
83
20
48
19
19
34
39
61
46
17
36
30
16
20
31
56
34
46
44
4
36
31
60
68
1
32
6
11
21
35
57
34
15
24
25
8
18
21
28
21
33
43
5
34
28
63
75
20
7
12
31
54
30
14
19
22
2
12
31
15
11
24
40
7
30
23
63
78
10
3
3
27
49
25
11
14
21
11
27
12
3
18
35
4
25
19
53
57
13
27
41
26
1
17
13
26
9
14
32
18
11
51
36
31
5
34
49
14
4
24
3
10
31
19
2
19
34
27
17
57
47
11
43
19
14
49
7
63
30
15
28
33
26
19
43
39
14
32
45
12
37
32
48
86
16
23
19
17
54
13
59
48
14
24
31
32
16
37
40
12
34
43
7
33
26
48
47
2
9
14
14
53
9
50
31
11
9
25
28
15
24
16
4
34
39
30
17
49
32
4
16
11
10
50
6
50
16
11
9
25
23
19
38
5
2
32
35
32
12
29
64
11
10
4
47
1
48
12
11
5
29
16
13
37
14
26
35
26
15
44
70
9
44
52
18
10
28
6
13
31
10
20
31
28
14
48
43
4
39
52
8
9
21
16
19
4
15
23
6
30
2
40
17
3
39
51
4
13
24
18
9
2
10
25
2
30
2
29
21
3
39
48
6
11
25
16
24
9
4
18
28
14
25
35
43
6
21
10
20
3
14
22
40
16
2
41
47
10
27
14
14
4
16
29
37
29
1
44
46
4
23
13
23
2
8
22
28
42
53
42
48
9
3
25
12
37
5
33
28
6
52
49
42
47
15
1
21
16
30
3
30
26
4
42
36
42
43
6
15
12
21
3
26
23
42
30
44
47
6
1
16
12
18
6
25
28
28
26
36
43
17
15
12
20
23
22
41
28
34
17
10
16
19
16
28
42
33
34
8
5
22
20
15
37
27
36
42
1
6
8
21
29
26
3
43
14
37
45
4
16
13
24
23
29
39
8
37
39
1
15
13
21
16
22
21
25
44
37
2
22
4
27
25
18
13
37
48
37
5
3
25
5
16
29
18
1
32
30
43
36
12
19
10
17
21
20
23
53
39
31
2
16
8
12
14
12
21
23
41
35
2
20
6
5
14
17
29
4
42
39
5
20
7
18
1
22
21
26
42
36
32
5
13
7
17
26
15
5
36
41
36
34
10
14
5
22
26
17
6
35
36
39
39
1
4
18
7
27
23
21
3
31
46
38
41
15
4
19
8
14
32
21
11
29
40
37
41
14
7
19
5
24
32
19
8
27
21
33
36
7
18
4
19
20
18
23
27
32
36
10
2
17
4
20
28
18
10
26
28
35
37
9
18
23
3
25
14
5
35
54
1
42
43
19
7
22
4
17
13
32
20
8
39
53
10
49
48
26
14
31
6
20
4
22
39
23
17
39
34
8
45
44
11
9
30
4
1
20
21
19
1
35
45
8
47
39
13
7
27
1
15
23
23
18
2
27
53
8
48
42
9
6
21
3
22
3
25
27
21
2
19
45
3
11
49
42
14
6
24
5
19
11
24
28
22
5
23
37
4
12
50
37
21
8
32
29
2
24
33
17
11
46
47
7
10
48
40
14
7
31
1
20
1
24
30
17
9
44
26
21
7
46
41
14
5
21
5
14
8
25
30
18
10
22
40
6
48
34
10
4
25
2
23
14
24
27
18
7
20
30
29
5
51
3
34
22
2
10
27
9
26
10
23
28
14
13
28
71
3
42
33
24
6
19
4
15
16
32
8
16
45
48
2
39
32
34
4
18
1
14
19
39
11
21
52
71
11
3
1
47
37
51
7
19
23
9
37
8
27
48
18
32
41
53
28
7
8
51
1
42
50
8
19
24
13
3
40
15
7
31
54
22
40
21
20
2
43
3
3
44
33
34
8
19
3
2
29
16
6
29
46
16
32
20
37
40
38
34
32
9
12
2
19
11
1
27
36
14
21
36
91
19
2
42
42
56
24
17
1
5
23
17
2
31
46
17
35
45
74
24
9
11
52
1
45
53
3
24
24
12
5
38
25
9
37
53
23
42
40
25
38
13
17
59
9
48
42
9
22
27
20
6
49
22
11
43
59
2
26
41
45
28
18
5
8
52
1
42
36
5
17
25
14
4
33
7
1
36
54
20
32
43
80
9
2
47
40
45
14
18
8
7
32
4
30
50
18
29
45
86
3
2
46
37
38
8
22
7
6
42
25
44
16
27
40
58
2
1
42
34
32
6
22
3
34
22
39
14
24
32
68
19
7
43
39
41
12
15
6
6
32
12
30
44
20
26
25
63
23
14
48
41
43
2
17
20
12
9
22
15
3
36
47
23
28
21
33
22
17
48
34
34
3
20
22
12
3
27
5
2
35
47
15
28
30
13
34
17
43
30
15
1
16
18
9
1
35
3
1
33
39
11
21
28
22
24
14
41
31
20
18
17
9
28
4
33
35
10
20
28
69
14
1
19
48
37
48
23
22
15
5
32
9
6
42
44
18
25
32
79
23
1
4
24
50
41
46
4
22
25
18
6
34
10
9
43
44
22
28
27
52
15
20
47
36
34
22
18
15
2
21
7
3
38
39
15
28
26
19
22
5
27
52
3
37
26
2
28
25
18
2
22
8
7
46
41
16
29
22
27
21
3
25
48
37
26
3
23
26
17
5
38
1
3
47
41
18
27
21
48
12
2
27
48
1
35
31
1
23
24
19
2
40
2
2
45
40
16
25
24
39
12
3
31
52
8
35
28
1
27
23
23
33
2
45
39
15
25
25
42
20
8
35
55
11
38
36
5
30
26
29
6
45
7
8
51
45
17
32
33
54
45
14
16
43
60
12
49
50
14
44
32
35
10
46
29
23
62
50
26
38
35
46
5
48
18
19
45
60
11
52
45
19
48
35
35
9
44
34
26
65
49
28
38
34
30
26
8
12
39
53
7
46
29
8
32
28
27
10
30
16
17
55
36
24
25
30
44
19
6
9
36
52
5
42
26
3
30
24
25
4
31
5
13
53
34
21
22
39
50
28
12
14
39
58
8
48
37
10
35
27
30
7
30
17
19
60
46
25
30
35
48
35
14
15
41
57
9
49
41
9
36
26
32
9
25
24
22
60
44
27
29
31
59
41
16
16
45
58
14
45
43
8
39
29
35
4
36
30
25
60
44
21
32
37
39
38
17
18
47
60
16
46
44
10
41
33
35
5
46
22
25
63
49
22
36
34
41
39
20
19
49
61
14
45
38
9
41
29
36
5
38
22
27
68
45
21
33
28
45
7
50
23
20
50
61
13
45
27
6
37
24
34
4
38
33
32
70
37
21
26
23
20
7
59
21
19
48
57
13
42
24
5
31
27
31
2
29
34
30
65
31
17
21
34
27
2
43
18
16
46
54
10
39
32
3
27
25
29
12
34
28
64
28
13
20
35
53
34
18
18
45
53
7
39
40
4
29
24
27
23
31
27
67
34
14
24
44
61
3
41
24
26
52
61
14
51
48
15
40
36
35
7
37
28
33
75
43
25
28
45
67
2
40
23
26
53
63
17
50
39
17
35
34
35
2
32
31
33
74
37
22
24
38
43
47
19
19
48
56
11
39
29
5
25
24
28
1
28
34
29
66
30
14
19
48
22
8
45
21
23
50
59
13
46
33
7
32
31
32
7
32
31
32
72
35
22
24
39
39
39
19
22
47
57
8
50
35
10
32
29
27
4
25
21
29
71
34
24
21
34
32
44
20
22
47
56
10
44
32
6
34
26
29
22
22
29
69
31
17
22
39
41
3
43
20
26
50
60
16
43
31
12
39
29
34
25
30
33
71
34
16
28
36
