39
32
1
9
107
57
25
4789
4759
4819
14
30
20
94
36
16
4782
4751
4812
15
32
21
3
95
59
11
4776
4746
4806
24
40
28
1
100
60
17
4769
4739
4799
15
30
19
90
26
11
4763
4733
4793
23
39
27
1
96
44
15
4757
4727
4786
22
36
22
89
27
11
4751
4721
4780
13
31
25
94
16
16
4744
4714
4774
12
30
25
91
50
12
4738
4708
4767
25
35
23
91
42
10
4732
4702
4761
18
36
24
92
54
12
4725
4695
4755
24
40
23
90
42
14
4719
4689
4748
24
40
25
91
34
11
4713
4683
4742
24
43
9
25
90
45
13
4707
4677
4736
30
47
9
26
91
65
16
4700
4671
4729
30
51
9
29
93
62
17
4694
4664
4723
38
56
32
94
32
25
4688
4658
4717
28
39
30
94
52
23
4682
4652
4711
19
40
29
94
44
16
4675
4646
4704
23
43
32
95
13
15
4669
4640
4698
19
40
31
95
50
12
4663
4633
4692
24
43
5
35
96
41
18
4657
4627
4685
32
53
11
40
98
31
25
4651
4621
4679
32
55
17
38
99
55
24
4644
4615
4673
36
55
15
39
2
5
104
51
27
4638
4609
4667
49
60
11
40
3
5
105
61
32
4632
4603
4661
41
60
16
40
3
7
103
54
28
4626
4597
4654
26
56
9
40
2
5
103
54
22
4620
4591
4648
40
57
5
42
1
5
102
44
24
4614
4584
4642
34
48
37
47
3
7
102
1
32
21
4608
4578
4636
35
51
19
45
1
4
101
45
25
4601
4572
4630
38
54
16
42
4
99
50
26
4595
4566
4624
30
48
15
40
98
54
21
4589
4560
4618
31
49
6
37
7
101
63
18
4583
4554
4611
29
47
10
35
12
102
55
16
4577
4548
4605
25
46
7
32
10
101
5
50
15
4571
4542
4599
25
41
3
34
2
9
103
57
15
4565
4536
4593
23
41
36
2
6
103
51
14
4559
4530
4587
16
41
34
11
101
54
10
4553
4524
4581
15
39
34
13
101
52
7
4547
4518
4575
18
37
16
35
14
102
60
10
4541
4512
4569
23
42
12
37
10
101
64
10
4535
4506
4563
32
46
8
35
9
100
45
16
4529
4500
4557
20
42
5
35
9
99
48
15
4523
4494
4550
20
49
2
36
2
98
51
15
4517
4488
4544
27
51
12
35
1
9
101
40
18
4510
4482
4538
9
41
13
36
14
103
54
1
11
4485
4476
4532
32
51
2
35
3
14
104
54
16
4362
4470
4526
18
41
33
20
103
4
7
51
3
4203
4464
4520
20
47
9
37
3
12
102
56
9
4094
4424
4514
30
45
4
39
3
12
103
55
17
3955
4285
4508
18
29
7
36
18
100
5
41
5
3834
4128
4502
26
50
14
37
12
99
46
15
3715
4009
4490
23
53
6
38
2
11
100
45
2
18
3604
3879
4419
28
48
1
39
4
18
103
52
3
18
3503
3750
4270
25
47
9
37
5
18
103
60
3
19
3371
3627
4141
29
53
16
36
6
14
103
58
9
24
3275
3515
4024
23
54
7
36
6
22
104
53
4
21
3165
3399
3892
25
52
11
35
4
17
102
49
16
3047
3285
3770
25
48
5
35
6
13
102
38
2
11
2952
3175
3647
7
44
34
5
15
102
54
11
2852
3065
3534
12
43
32
4
17
103
62
6
2758
2954
3416
5
35
7
33
5
21
104
45
2657
2842
3301
13
44
11
37
8
23
106
63
1
18
2570
2775
3210
14
41
35
9
28
107
43
4
22
2495
2670
3107
3
37
7
35
9
21
106
46
17
2390
2571
3006
15
44
35
10
23
108
58
5
12
2309
2496
2912
13
40
31
9
28
109
49
3
3
2247
2393
2812
20
43
29
8
25
107
42
2156
2308
2715
23
47
28
6
26
106
53
10
2089
2227
2629
21
52
30
6
27
107
61
2
22
2022
2162
2547
24
54
30
6
32
109
7
48
7
21
1945
2086
2468
33
59
31
7
38
111
13
64
3
16
1888
2010
2383
62
82
8
35
10
36
112
65
13
17
1816
1959
2306
58
84
6
33
11
33
112
4
68
16
29
1744
1873
2233
60
88
6
34
10
38
113
13
66
9
25
1689
1799
2153
73
101
5
38
12
33
112
36
15
39
1646
1744
2085
75
106
35
11
31
111
47
11
38
1575
1668
2008
96
114
15
34
11
37
113
6
66
8
25
1512
1613
1931
94
116
14
35
13
32
113
3
81
10
20
1450
1551
1868
92
124
8
35
12
31
112
61
7
21
1384
1489
1802
109
132
13
35
14
34
113
33
15
34
1362
1432
1741
111
135
35
14
34
113
4
64
12
28
1303
1363
1676
105
138
11
39
17
32
113
59
9
29
1237
1312
1616
119
139
32
37
14
35
112
12
67
11
30
1206
1262
1557
121
143
12
38
12
37
111
13
77
14
30
1152
1226
1503
114
136
25
38
13
34
111
1
3
60
16
35
1107
1174
1451
119
113
22
34
13
39
114
13
63
18
33
1070
1117
1399
119
133
15
37
17
40
117
8
77
22
28
1038
1080
1346
105
145
32
14
45
116
20
78
15
25
982
1032
1291
88
126
6
33
13
42
113
18
64
10
24
927
982
1240
96
134
17
37
15
32
113
57
12
17
900
939
1191
91
120
36
14
34
112
4
50
9
19
865
892
1144
89
109
15
38
16
28
110
43
9
17
829
847
1094
84
92
22
34
15
30
109
3
38
8
8
782
797
1048
90
109
2
37
17
30
111
69
9
18
742
783
1012
81
105
34
14
28
108
3
76
1
10
695
746
963
61
89
33
11
26
104
56
6
663
695
919
66
91
13
33
11
22
103
45
639
651
872
65
72
32
12
18
103
32
2
621
620
837
58
76
32
15
20
105
57
8
6
599
597
806
39
77
28
10
21
101
2
59
548
553
752
54
67
29
8
20
100
66
517
532
725
59
67
2
27
7
24
101
9
78
493
507
690
41
46
27
7
26
101
14
47
476
465
645
41
49
30
10
21
101
57
453
429
620
52
88
34
12
23
102
70
426
423
593
47
72
36
12
24
101
7
64
404
396
562
37
68
4
37
14
17
100
60
357
357
531
38
49
6
38
14
19
101
64
299
336
497
33
45
32
9
25
97
16
70
275
310
467
40
68
32
11
12
97
46
279
294
448
35
47
33
11
14
96
44
256
256
417
26
61
31
9
16
95
56
239
231
392
19
54
32
7
10
92
60
228
216
364
17
39
31
4
13
88
5
6
72
198
194
334
30
52
35
8
10
91
66
177
189
321
29
49
34
8
11
92
60
153
154
298
14
43
32
7
13
91
73
112
137
271
31
45
33
7
13
90
54
1
92
127
254
23
41
33
7
10
90
38
1
94
94
230
25
47
35
9
12
90
53
2
68
80
212
20
42
32
6
16
90
3
51
43
59
183
6
20
31
5
16
89
4
47
24
33
160
23
18
33
6
13
88
55
5
18
145
13
31
4
10
85
41
117
13
32
4
9
85
54
102
6
37
27
2
10
84
46
80
20
26
8
81
46
59
13
28
7
81
52
43
19
26
9
81
46
21
4
29
3
79
34
10
15
30
80
31
13
29
80
25
14
30
2
80
46
16
27
7
80
37
25
7
79
5
3
5
33
3
1
83
31
7
11
34
3
5
83
40
30
10
82
31
30
1
5
82
47
27
4
81
37
3
30
2
80
38
4
30
1
81
29
1
29
1
80
28
5
28
80
43
29
2
1
83
7
13
29
2
82
5
6
27
3
7
85
29
12
32
9
5
89
32
4
15
32
8
2
87
26
2
31
7
1
86
3
28
5
86
28
6
28
4
2
86
27
7
31
7
85
4
29
7
86
5
28
7
3
87
18
2
29
8
87
3
2
30
11
90
5
28
9
89
7
27
9
4
91
17
19
29
13
9
95
19
32
29
15
7
98
19
6
7
22
29
15
6
97
25
5
5
1
29
12
7
94
10
4
9
26
10
6
93
14
12
26
9
7
92
5
25
8
7
92
14
26
9
6
92
11
15
27
13
2
93
3
27
12
93
4
27
13
12
95
1
22
29
14
10
96
5
4
4
22
30
15
6
95
2
1
7
15
31
16
10
96
13
7
9
26
10
33
14
10
95
23
5
12
21
29
12
8
94
8
7
33
28
13
6
93
1
3
9
9
28
10
9
91
5
23
1
27
10
10
92
16
1
1
37
5
31
12
13
94
5
6
13
28
10
10
91
5
19
29
11
6
91
3
22
7
33
12
4
91
1
5
14
12
31
11
8
90
2
8
32
9
30
10
13
91
39
1
31
10
7
89
3
5
13
24
10
35
13
7
90
16
8
5
39
2
35
12
10
91
4
4
35
10
36
11
1
86
8
35
15
33
10
4
85
5
9
45
10
35
11
7
86
10
9
35
22
39
13
5
87
6
2
14
40
11
37
12
11
87
2
2
12
16
45
23
39
15
6
89
12
9
28
12
41
25
41
18
9
91
14
11
13
29
10
49
17
42
20
17
94
23
18
33
21
54
19
42
19
14
95
1
13
6
14
32
14
57
14
41
17
16
92
16
15
13
34
14
53
30
38
14
22
92
15
23
16
41
14
59
19
36
15
23
94
5
5
11
30
15
38
36
75
32
43
22
15
96
13
28
29
49
32
71
37
40
19
21
95
8
23
25
27
51
36
67
20
38
19
28
97
13
23
38
27
50
29
62
24
39
23
29
101
21
25
30
36
59
38
76
23
37
22
32
102
26
23
29
37
63
41
65
23
38
22
32
102
23
26
32
41
60
37
49
22
40
22
29
101
21
30
58
42
65
40
88
26
39
23
35
103
24
28
1
35
37
64
43
93
37
37
22
34
102
26
32
35
42
64
48
72
23
38
21
32
100
18
26
50
40
62
29
65
12
38
20
31
98
6
18
45
34
39
33
68
18
37
19
25
97
7
25
29
36
37
58
83
35
36
18
23
95
20
12
37
37
57
62
83
21
34
17
26
94
18
29
20
38
35
60
54
93
24
38
20
28
97
15
25
38
40
53
56
84
28
37
21
31
99
11
18
50
40
38
50
71
28
36
19
32
97
10
19
1
36
38
43
48
84
38
37
19
37
98
10
17
10
61
37
39
56
70
41
36
17
30
95
5
9
27
35
27
60
84
21
34
17
25
95
10
4
25
40
37
56
103
9
32
17
30
95
1
17
43
35
25
54
62
24
32
16
32
94
8
2
31
32
14
43
61
11
32
16
32
95
6
36
37
19
52
97
32
16
28
93
12
31
30
24
60
87
32
17
32
94
12
2
4
22
27
16
49
57
13
32
19
32
96
5
39
36
11
45
79
34
32
19
32
96
6
43
31
12
41
90
14
31
18
33
96
3
5
2
19
28
9
39
35
28
34
20
30
96
3
31
31
12
31
52
22
32
17
31
93
27
21
4
11
68
8
31
15
21
90
2
8
15
4
19
47
4
29
14
23
89
15
18
2
29
50
26
12
27
88
20
17
13
33
4
27
11
23
87
24
10
31
51
25
10
24
87
38
10
1
12
45
25
9
22
85
25
5
1
30
27
10
19
84
6
13
45
28
11
22
85
6
12
23
17
25
8
22
83
35
6
13
25
24
8
19
83
27
8
23
25
6
19
81
15
3
14
24
26
4
21
80
15
1
9
20
25
3
23
79
16
1
20
24
1
20
77
28
29
5
23
82
18
3
3
24
32
5
27
82
6
3
29
4
26
81
17
1
17
29
5
26
81
17
7
30
30
3
23
80
16
1
17
32
5
26
83
43
5
8
30
5
23
82
4
26
1
24
79
4
5
26
1
26
81
12
26
3
28
84
29
2
27
81
18
27
1
22
80
25
29
81
25
9
19
23
59
4
11
18
3
3
5
5
7
4
10
30
17
14
27
28
11
14
19
13
26
6
2
3
2
2
15
63
37
30
45
36
5
1
2
6
7
7
41
1
3
4
12
14
6
12
1
18
51
41
44
43
12
5
6
2
4
7
26
4
19
1
7
6
9
21
60
14
17
35
1
6
8
7
66
5
16
2
6
11
10
62
50
2
8
4
1
15
11
19
3
6
13
42
101
17
14
22
3
5
1
5
15
14
4
5
11
19
155
1
1
22
16
7
5
11
2
2
8
68
115
3
11
7
1
12
15
17
2
2
16
30
29
19
5
7
22
2
23
13
4
19
5
19
17
26
8
18
10
3
1
7
6
36
7
4
5
5
21
4
3
2
7
24
3
3
6
7
37
5
7
12
11
13
8
6
13
13
63
10
10
10
23
7
9
4
10
4
10
10
19
7
5
13
11
4
15
18
17
19
10
14
6
2
18
1
1
30
17
12
8
17
1
19
69
111
16
13
11
1
10
12
4
12
3
7
19
15
33
138
3
11
4
3
15
9
6
18
17
5
78
2
13
12
13
1
9
8
6
16
19
28
43
7
14
25
4
4
11
8
2
15
14
25
6
9
10
12
1
67
16
1
2
7
5
4
8
4
8
8
55
9
14
2
5
9
2
23
18
14
5
20
22
57
14
24
15
15
10
26
7
20
13
10
11
32
1
3
11
1
27
14
18
5
14
15
40
16
8
5
2
1
1
4
2
15
8
4
14
1
18
29
10
12
9
10
11
1
3
18
17
1
9
5
1
12
1
19
47
10
14
7
2
4
3
8
16
10
3
13
1
17
31
13
5
10
4
3
8
5
10
5
7
1
11
38
10
4
11
5
5
1
4
14
13
8
6
6
7
2
12
46
18
4
8
6
15
7
7
14
2
18
15
3
9
11
1
5
17
12
10
1
3
13
2
18
41
16
10
8
1
5
7
7
10
24
6
16
1
9
3
10
10
9
3
8
6
8
11
46
7
4
4
10
3
11
14
1
16
8
24
19
12
7
20
3
18
66
7
12
11
12
4
4
8
17
16
8
8
5
16
3
18
33
23
10
9
6
4
6
12
9
3
14
11
2
14
19
2
4
2
7
7
11
22
7
4
18
2
19
36
14
13
9
19
5
9
14
16
4
10
12
4
2
14
2
16
38
16
7
12
9
17
3
6
9
8
16
12
10
6
19
3
20
45
12
10
24
2
4
11
18
26
2
9
11
26
3
30
13
2
16
19
4
6
3
12
14
25
3
14
5
10
23
3
26
6
3
16
14
20
2
1
8
11
16
17
1
9
16
6
23
3
17
69
6
23
9
10
1
6
1
7
10
9
21
15
10
18
6
2
25
3
24
45
1
16
16
8
2
7
6
4
9
1
26
43
13
16
7
21
3
27
12
1
7
14
2
2
23
1
9
28
26
13
4
7
24
3
26
60
23
15
27
9
4
2
9
11
30
15
5
11
27
3
26
28
1
13
17
11
17
5
10
5
25
22
13
15
14
27
4
26
37
12
16
5
16
6
11
33
33
20
12
14
12
31
5
35
64
7
30
22
21
7
11
9
12
21
41
14
19
20
16
29
6
36
21
11
23
23
10
14
7
7
13
20
35
3
19
14
18
3
29
6
33
53
12
26
25
16
5
5
1
13
14
15
30
17
21
14
31
6
31
46
18
18
20
29
27
13
6
1
12
15
9
36
21
23
20
15
34
6
34
18
2
21
24
19
17
26
3
1
9
15
15
38
3
24
12
18
37
5
38
38
7
23
26
12
5
7
14
32
30
3
20
9
18
38
5
38
57
13
23
28
19
7
11
14
22
32
6
22
19
15
34
6
33
20
3
26
20
34
35
5
12
14
27
37
12
16
20
12
37
5
39
53
6
24
22
36
1
14
5
1
11
16
19
34
51
24
22
14
18
37
6
32
66
13
18
22
16
5
3
16
19
17
41
18
21
22
41
8
40
45
1
26
28
17
5
13
3
3
16
18
29
43
24
20
23
43
7
43
46
1
30
30
26
9
10
15
3
14
16
15
40
42
27
29
19
11
37
7
37
14
24
24
44
14
4
15
21
20
48
23
12
24
51
8
53
61
16
33
39
30
11
4
3
5
17
22
25
46
8
27
20
25
48
8
41
57
3
20
29
22
24
11
10
3
4
18
22
37
38
5
20
23
25
45
7
35
43
1
28
27
29
1
18
5
6
14
22
32
43
26
5
28
53
7
43
54
15
30
35
16
7
4
11
2
4
12
20
26
33
23
20
20
25
9
43
7
34
52
28
23
6
7
1
5
14
21
24
32
19
19
24
3
43
6
31
61
27
20
5
20
11
4
12
21
15
36
26
22
11
24
41
5
31
30
16
20
33
14
19
9
3
3
17
21
18
37
43
17
23
22
44
6
33
21
19
23
36
16
5
15
23
15
41
25
8
27
1
51
7
38
28
24
28
21
16
15
14
1
5
15
22
22
31
24
14
23
46
7
33
56
4
18
25
20
12
8
6
14
23
21
36
9
25
14
28
50
7
38
63
5
17
28
8
5
10
5
14
24
21
36
17
12
29
49
8
32
52
20
25
27
1
5
8
4
6
22
25
28
44
10
21
25
29
54
9
39
48
11
22
31
22
22
4
9
29
30
28
45
31
32
36
6
59
10
47
38
14
30
37
9
17
18
10
4
27
26
24
37
23
20
38
26
3
51
9
36
38
26
28
42
13
26
11
5
7
21
27
34
52
7
32
21
31
4
59
10
49
57
11
31
39
49
21
14
5
6
9
25
30
21
47
14
34
25
36
16
64
11
47
51
18
27
42
16
7
11
11
7
30
30
1
35
52
22
39
29
13
58
10
24
36
17
13
30
23
6
16
11
7
8
26
29
25
43
8
28
30
32
2
60
9
31
56
3
26
33
48
30
20
11
4
7
25
28
49
67
37
24
34
21
65
6
9
67
81
15
50
50
55
21
10
7
6
29
29
43
57
21
34
36
33
50
65
4
9
55
73
29
38
42
34
12
19
12
4
34
29
26
36
2
25
47
28
29
62
9
22
34
5
32
32
41
10
36
21
9
5
27
29
37
60
11
32
32
29
67
9
9
48
70
16
40
45
64
44
37
14
7
6
27
30
58
69
22
36
32
34
31
68
13
9
64
96
20
52
49
57
24
18
23
12
4
34
30
44
49
26
23
48
25
35
64
5
9
42
75
15
40
39
64
8
27
24
10
6
29
31
42
61
35
33
41
30
14
65
9
9
50
75
10
40
42
4
58
26
7
5
11
25
32
49
61
38
29
37
13
70
10
11
48
49
18
52
43
56
18
23
21
9
8
27
30
36
55
19
25
37
31
38
68
7
9
41
58
27
38
40
72
40
22
20
9
7
31
31
46
57
15
30
42
32
30
68
8
9
44
85
6
47
41
1
73
21
29
20
8
6
25
29
48
60
32
32
42
30
6
70
11
8
46
79
18
37
43
77
5
25
29
10
4
22
28
37
67
74
36
43
32
24
71
16
8
53
87
21
33
47
2
71
18
28
20
7
7
29
30
54
64
1
39
46
35
51
74
19
8
52
99
19
62
46
46
28
31
25
10
6
34
30
41
65
22
34
62
35
51
76
11
8
50
47
24
57
45
6
59
35
32
29
8
