66
12
14
3
3
1
9
12
18
1
5
13
5
14
47
65
73
13
14
2
4
1
7
15
15
6
3
12
4
15
53
8
7
66
79
16
27
2
4
1
5
17
20
9
6
9
4
5
18
4
52
19
10
2
57
62
17
24
5
2
2
20
19
11
3
5
1
8
18
4
50
13
12
1
66
60
22
23
11
3
24
14
13
3
11
21
1
54
5
15
67
67
28
23
15
6
25
17
12
2
25
3
1
57
1
10
57
71
30
21
19
10
25
14
12
4
24
4
56
8
68
72
31
21
20
10
24
10
11
2
24
4
57
4
67
61
27
18
16
8
17
9
6
22
2
54
68
63
24
16
12
4
12
8
20
48
1
64
55
23
11
8
9
4
18
47
53
60
21
12
4
5
6
18
43
62
57
20
8
4
4
1
15
1
42
55
57
17
7
3
2
13
1
42
48
58
14
10
1
2
7
13
1
42
69
53
16
11
5
9
15
49
62
63
16
7
7
12
18
1
50
47
61
14
3
4
14
18
2
45
59
60
10
16
1
7
3
18
1
41
55
63
9
26
10
4
5
18
2
44
67
82
13
35
1
1
16
22
7
24
3
3
55
4
72
86
17
37
4
2
16
26
2
10
8
29
5
6
60
6
5
79
86
19
35
5
22
29
3
2
6
7
30
6
11
67
9
1
90
96
22
37
1
6
26
35
4
6
5
6
32
6
16
74
12
8
74
86
20
31
5
3
22
26
8
3
1
6
9
28
6
7
65
13
12
3
77
80
20
27
6
22
18
7
2
8
27
6
64
10
73
86
19
25
5
23
16
5
4
26
5
64
6
73
85
19
26
4
2
21
25
4
1
8
2
27
4
9
62
6
90
77
21
26
5
5
1
23
28
3
4
12
28
3
13
66
1
7
5
88
83
21
26
5
7
4
3
21
29
2
7
15
27
2
1
12
65
4
5
76
78
19
26
7
12
11
4
18
28
4
3
19
2
27
2
3
10
60
5
66
76
15
24
5
14
14
5
11
24
1
2
18
25
2
4
4
54
65
86
13
27
12
15
5
4
26
3
14
25
2
3
3
46
78
83
15
26
1
9
13
3
6
25
10
27
3
1
7
50
1
68
74
13
18
4
5
8
5
22
2
26
3
5
48
55
61
12
23
5
2
3
2
20
24
4
43
65
74
16
34
8
4
23
26
5
4
47
71
78
18
34
10
7
26
25
4
5
51
60
78
18
30
10
9
22
21
2
50
61
75
21
28
2
9
11
22
20
2
48
68
69
23
24
2
7
14
17
19
3
51
61
69
22
18
1
7
13
19
17
2
47
63
69
23
21
4
6
14
17
17
2
44
70
72
25
31
5
7
14
12
21
3
47
68
72
27
32
4
9
17
15
4
25
2
52
63
72
22
33
2
10
15
16
9
25
2
50
63
64
19
29
1
8
13
11
8
23
46
52
57
15
21
2
6
3
11
5
12
6
19
40
43
56
11
8
3
5
2
8
5
15
12
15
36
43
56
10
10
4
3
2
2
2
6
7
10
12
13
32
16
42
53
10
21
6
1
5
1
1
3
5
8
11
11
1
28
33
43
54
10
16
6
7
4
5
6
10
8
1
30
53
45
67
11
18
6
2
7
7
11
6
8
9
1
33
29
46
54
13
9
6
2
7
1
12
13
6
5
9
1
36
45
46
12
8
5
1
7
3
11
10
6
1
9
1
36
37
56
13
21
4
3
6
4
10
13
5
1
1
6
14
1
36
1
49
51
14
19
3
2
5
5
14
12
7
1
9
15
2
39
2
54
59
10
14
1
1
3
14
8
5
12
13
43
1
46
53
4
4
2
9
7
12
9
39
43
49
5
2
6
7
6
7
35
48
59
22
4
6
11
1
10
37
49
59
23
3
5
11
7
3
11
36
44
66
24
4
7
14
12
9
11
37
53
59
21
4
9
17
16
13
12
39
45
54
17
2
10
13
20
20
12
40
1
48
59
19
1
1
12
14
18
3
20
12
42
67
63
4
18
1
1
17
16
17
3
15
14
50
2
1
59
65
5
17
1
2
20
14
15
4
15
13
2
51
2
2
59
59
9
15
2
1
3
20
17
12
6
15
13
3
50
3
69
65
11
15
3
2
2
17
18
5
6
10
15
2
4
53
3
65
69
14
15
3
3
15
18
1
6
6
16
3
1
49
11
2
59
63
15
20
3
5
15
19
4
18
4
48
9
61
62
15
21
1
4
15
16
20
5
50
66
65
16
24
4
12
16
25
7
47
57
62
18
27
1
5
9
16
28
9
42
48
65
22
16
5
4
9
12
3
2
32
11
36
52
59
25
16
6
2
1
7
7
3
4
33
10
35
57
55
28
32
9
1
7
5
10
5
5
12
34
9
39
54
52
28
29
9
11
15
6
10
1
5
16
32
7
1
37
36
39
21
17
5
11
20
13
15
24
3
3
24
25
40
14
7
3
14
25
15
14
18
6
17
21
31
6
7
15
27
16
11
11
7
10
12
23
6
15
2
27
18
10
3
8
17
29
1
15
4
24
18
9
1
8
16
26
1
13
6
22
18
5
7
14
26
11
8
20
18
6
6
1
19
29
1
12
8
19
19
9
5
5
4
21
35
1
4
13
8
18
19
13
9
1
4
7
19
33
7
4
3
14
6
15
13
3
1
19
7
1
4
13
23
36
1
11
6
2
14
2
12
9
1
7
1
24
6
3
2
15
26
49
4
16
8
4
13
8
2
2
11
12
7
27
5
9
2
16
38
47
10
19
12
5
12
4
12
16
21
8
32
3
14
4
25
3
4
4
47
51
19
22
17
3
12
22
20
32
5
36
10
19
6
2
36
18
16
5
37
64
23
26
20
2
9
25
24
37
6
36
13
7
25
8
10
39
33
19
10
54
65
29
26
21
6
32
23
40
6
34
17
11
30
11
11
46
20
24
12
61
62
34
27
21
3
34
19
41
2
29
14
7
33
13
8
50
38
24
8
51
63
34
27
20
31
15
39
21
11
34
12
44
16
18
54
56
32
23
16
27
9
30
15
11
33
10
43
10
17
57
49
29
19
13
23
3
23
7
5
31
10
40
23
10
50
52
24
17
9
18
14
28
9
34
2
43
47
18
14
7
13
6
23
6
30
44
45
14
11
5
11
3
20
4
30
42
50
10
10
3
5
17
3
28
51
47
11
9
5
5
6
5
16
2
1
33
54
34
15
6
8
13
5
11
11
14
1
3
42
44
27
12
8
18
15
4
7
13
9
4
36
48
42
11
1
8
20
20
6
5
13
8
5
36
54
60
14
6
8
20
21
5
10
9
12
10
2
4
47
56
65
15
15
7
17
21
7
10
9
9
10
2
4
48
52
51
17
20
7
14
18
3
6
5
8
10
3
3
44
54
61
21
19
7
10
12
1
7
14
6
14
5
1
46
3
64
64
23
18
6
5
5
4
14
5
19
7
1
46
77
72
29
34
7
4
8
31
3
25
9
16
53
64
84
29
42
5
8
1
29
26
8
13
42
13
66
77
31
39
4
11
2
32
28
8
16
41
10
83
77
34
42
5
13
7
41
33
8
26
47
4
78
79
28
33
4
13
38
4
31
7
22
36
1
79
84
26
26
4
11
3
48
2
8
31
6
32
40
12
11
59
93
22
35
3
9
1
48
8
30
6
38
34
18
9
65
90
19
46
2
8
48
7
29
4
38
28
5
6
75
88
19
44
1
7
2
52
9
29
2
43
33
11
58
89
13
42
7
51
12
24
1
41
25
11
14
60
84
9
38
7
55
14
1
21
45
22
14
60
75
7
34
7
52
14
18
44
17
13
46
77
2
32
7
51
12
14
41
8
5
11
47
68
28
6
46
10
9
35
5
8
52
68
26
6
1
41
7
8
29
7
5
55
79
28
7
46
7
10
39
9
5
50
66
23
6
1
41
7
1
5
32
1
3
37
61
12
6
34
4
2
20
1
1
36
73
11
8
40
7
4
32
12
4
50
67
26
9
3
4
40
4
8
4
6
30
21
2
40
56
27
7
4
29
5
5
4
7
13
15
42
57
24
6
7
31
5
6
6
18
15
9
44
63
1
23
6
6
37
5
3
7
27
16
42
60
1
17
3
3
28
9
1
16
8
35
37
1
13
3
1
4
1
22
8
1
10
2
24
42
4
14
5
5
8
26
1
9
1
15
38
61
8
22
6
6
9
33
1
2
12
1
20
4
32
56
8
23
7
7
8
36
4
1
12
25
3
3
28
60
10
25
2
6
8
7
34
5
4
5
13
1
24
3
7
39
62
15
30
5
5
8
6
39
8
5
15
16
2
27
15
17
12
51
51
16
27
5
3
7
2
33
5
2
16
3
24
21
7
42
62
13
28
6
2
7
1
31
2
14
3
23
21
1
32
70
9
29
5
3
4
30
1
14
3
20
21
1
40
56
6
21
2
2
1
24
4
9
3
13
14
29
53
1
14
2
4
1
24
2
4
1
18
6
8
2
15
41
18
5
2
22
5
15
4
6
14
34
18
5
2
8
19
5
3
14
1
4
15
40
15
5
3
10
17
4
3
11
14
1
18
35
5
4
3
10
14
3
3
5
23
1
9
24
4
2
9
14
6
6
10
6
4
5
25
3
1
8
13
3
3
7
1
12
37
9
1
8
10
5
1
3
2
36
8
6
14
2
3
1
8
1
9
31
7
1
4
18
2
2
11
19
25
4
1
2
15
1
10
21
42
10
2
1
20
2
1
14
28
29
8
2
3
23
1
1
1
18
1
12
3
17
21
4
2
18
2
11
15
6
35
3
17
1
9
11
5
31
2
20
13
10
1
11
40
18
1
22
4
1
13
7
15
39
20
17
7
2
9
9
15
29
17
19
7
4
13
17
22
27
5
17
3
3
18
9
6
12
14
24
43
8
20
7
5
17
8
12
8
9
12
2
25
33
9
19
9
6
18
4
13
12
7
8
17
1
25
29
10
15
10
5
15
9
15
1
11
5
9
5
9
2
2
15
33
10
13
10
4
3
16
9
20
9
4
10
2
7
3
14
32
6
8
10
2
6
13
10
23
5
3
5
12
40
1
9
8
2
9
10
23
3
1
1
1
14
23
5
10
6
6
1
20
1
1
1
8
15
5
12
10
4
15
1
3
2
3
29
10
1
13
14
3
5
8
1
5
14
22
10
11
16
7
5
1
6
13
8
27
9
9
16
9
6
2
7
7
38
9
3
12
9
3
4
6
17
22
8
6
7
2
5
5
20
15
1
8
4
7
7
1
2
23
28
3
10
5
9
2
12
32
3
6
5
9
2
13
28
1
3
7
8
2
28
31
1
14
8
8
3
4
16
32
15
13
8
2
2
3
13
40
8
3
18
3
3
7
7
2
11
4
24
40
14
5
18
2
7
5
8
7
10
21
8
20
33
18
5
18
2
7
1
1
7
9
10
6
3
30
34
16
6
18
2
9
4
9
3
6
10
14
6
3
31
39
1
16
6
1
2
18
4
9
6
11
1
7
9
18
1
3
4
19
39
4
13
1
6
1
2
16
1
7
6
12
6
8
7
1
7
13
11
4
1
16
28
5
13
3
7
3
1
5
16
9
7
19
4
11
5
7
8
12
2
5
11
22
5
7
4
7
5
1
3
7
16
8
6
19
4
1
8
5
11
4
3
30
5
5
3
9
3
2
5
10
13
5
2
18
6
2
2
2
13
30
6
14
10
3
7
13
14
3
17
7
2
6
6
9
25
6
21
9
3
7
14
15
1
15
7
8
3
6
4
2
31
3
21
9
3
6
17
14
3
15
12
8
3
3
2
13
30
4
18
7
2
7
18
13
1
11
9
3
3
23
2
19
5
6
4
1
10
20
10
8
9
3
2
10
2
33
8
12
1
3
13
20
15
5
12
3
2
7
3
14
30
11
19
7
10
18
21
12
4
15
4
5
3
27
9
20
11
12
10
15
20
18
9
1
1
14
3
7
2
14
3
10
40
10
12
11
16
18
10
12
3
14
3
7
7
6
5
13
35
9
9
12
17
16
5
9
7
6
3
10
2
7
5
1
25
5
2
21
30
9
7
11
15
13
7
9
6
7
1
7
4
19
5
2
17
27
9
10
13
10
5
9
5
6
1
6
2
15
11
18
7
7
11
7
4
10
4
4
1
5
2
10
1
24
27
7
7
5
7
4
2
5
9
4
6
1
5
7
1
12
20
8
7
5
6
2
4
4
12
6
7
1
4
8
3
8
26
7
7
3
2
1
5
10
6
8
1
2
5
1
23
28
8
9
6
6
10
3
7
25
28
8
11
2
11
1
13
4
1
12
38
42
9
16
3
15
3
16
5
2
16
33
45
7
10
5
16
6
18
5
2
16
2
22
39
5
15
6
18
10
2
18
5
3
12
2
34
36
6
25
8
22
16
5
18
6
9
17
10
37
49
7
27
7
1
26
16
9
20
7
12
22
9
37
51
8
28
7
5
27
16
12
19
7
14
25
4
11
40
52
8
22
2
7
2
5
28
5
22
7
16
5
4
18
6
16
27
2
7
18
44
54
6
12
1
5
8
3
1
25
10
22
18
17
2
7
16
5
9
23
3
3
17
31
38
4
12
4
1
16
11
6
16
14
15
30
15
1
12
4
1
1
16
1
11
15
14
2
14
7
23
25
12
5
20
10
41
14
1
4
8
2
4
8
18
1
5
27
35
5
14
8
1
25
34
19
11
23
11
45
16
9
11
2
6
14
12
7
9
33
46
7
18
8
3
24
2
37
22
3
18
23
13
43
15
9
14
2
7
6
22
1
10
10
25
36
5
15
6
4
21
3
38
25
3
12
19
9
39
17
8
11
2
6
22
4
9
4
39
51
4
20
2
6
16
5
36
25
10
14
16
8
33
18
8
13
2
5
34
6
10
2
41
45
1
17
5
12
6
31
24
8
3
8
2
26
15
7
3
12
1
4
35
21
6
29
41
12
5
7
6
24
20
2
16
13
3
8
1
3
30
13
33
40
14
5
5
5
19
18
11
9
10
9
1
3
40
1
29
34
11
3
5
5
18
17
8
5
8
9
1
3
36
24
27
3
3
5
4
14
14
7
2
6
10
1
3
36
14
24
27
1
2
3
4
3
10
11
7
3
12
2
1
38
16
9
32
14
4
4
4
8
11
2
6
13
3
1
29
5
13
36
3
16
1
5
4
5
7
11
12
9
14
2
2
36
2
2
38
38
9
17
3
6
4
5
4
10
17
4
10
1
16
2
2
46
3
7
25
15
9
9
3
5
3
3
1
7
14
5
6
3
13
3
2
43
3
8
13
21
9
8
3
3
1
1
3
16
4
2
4
12
3
1
42
11
22
29
11
12
3
4
1
5
19
6
11
7
3
14
4
2
43
14
12
2
30
22
12
9
2
6
1
5
20
10
17
10
2
1
17
4
2
43
30
15
11
37
30
16
3
1
10
1
4
24
6
17
24
13
8
6
21
5
46
12
20
17
36
35
17
18
2
13
5
29
15
25
32
18
20
19
24
7
47
31
27
28
29
36
16
32
3
13
4
32
15
27
35
21
21
31
24
8
46
51
31
32
18
39
19
27
5
14
4
31
18
24
37
24
15
22
25
8
3
43
56
28
34
21
29
20
23
6
13
4
30
17
21
34
22
15
14
25
8
3
41
72
26
32
24
31
20
18
6
9
4
29
12
17
22
14
14
16
25
9
42
110
25
21
19
30
17
9
5
6
9
25
8
7
17
16
14
14
21
7
38
100
21
17
18
32
12
12
4
3
4
2
10
16
22
3
2
14
5
19
16
12
16
3
2
33
50
18
14
18
17
8
8
2
10
2
19
21
19
4
10
14
14
12
1
5
32
16
2
25
6
5
13
5
27
29
16
1
12
19
16
8
6
31
13
6
13
1
15
6
31
33
13
12
20
18
5
8
26
11
1
18
6
34
32
11
16
15
20
1
9
21
12
5
18
4
33
30
10
21
12
29
9
20
13
2
16
3
29
26
10
5
21
9
39
7
18
19
12
5
1
14
3
25
25
12
10
22
11
28
1
6
23
18
19
12
5
1
2
12
2
20
20
17
16
24
9
15
4
1
5
28
17
9
9
2
4
10
3
18
19
19
23
1
27
10
22
4
2
4
24
24
1
20
1
11
4
5
10
2
15
19
19
27
5
28
12
22
6
3
5
24
27
2
10
22
4
12
7
6
10
2
14
18
24
37
5
31
11
28
10
3
4
30
30
15
17
6
9
5
7
3
13
18
27
36
8
31
16
29
11
4
3
32
35
1
21
19
9
10
4
6
9
14
27
30
7
27
9
28
20
12
6
3
33
10
34
6
9
26
8
17
10
3
6
8
10
23
28
9
21
9
32
10
14
7
2
30
20
30
8
10
25
8
22
9
2
8
7
7
23
19
9
18
9
26
2
15
7
3
30
22
27
10
29
13
12
17
9
3
10
8
3
26
14
12
14
7
13
17
18
8
4
38
32
21
14
25
17
12
18
8
3
11
6
24
7
14
7
5
7
12
19
8
3
38
24
17
18
18
14
10
12
5
3
9
3
20
11
5
9
18
7
2
34
19
9
12
12
14
9
12
2
4
8
1
15
13
4
7
10
17
7
2
32
21
7
13
17
16
12
11
1
5
6
15
15
6
1
10
18
8
2
32
24
5
16
23
22
14
13
5
3
12
15
10
3
18
9
2
32
16
1
13
21
32
15
12
1
4
3
13
9
3
5
18
8
2
33
21
4
6
19
16
15
9
2
5
4
3
16
8
4
2
15
6
3
34
19
6
5
15
6
12
7
3
5
8
8
12
16
15
2
15
1
9
10
4
5
33
12
8
13
19
10
10
5
5
4
12
2
17
18
19
7
13
12
17
4
4
8
2
5
35
17
10
10
9
1
7
3
4
4
12
4
23
25
19
12
13
15
22
8
10
5
1
6
32
29
14
10
15
2
6
2
2
12
5
28
28
21
16
8
17
20
11
1
4
1
6
35
28
17
1
14
14
1
3
11
7
31
31
19
14
5
17
21
9
3
7
34
23
16
13
10
3
4
10
7
32
32
19
15
6
18
22
15
13
4
7
35
47
19
2
16
12
2
5
5
9
5
29
29
21
17
3
17
15
17
12
8
1
5
39
18
20
23
19
3
7
5
5
2
21
25
16
6
2
8
13
6
11
3
3
36
14
20
8
3
8
3
3
1
14
20
13
4
5
8
11
3
2
28
16
10
4
2
3
2
2
9
18
12
5
