35
1
24
22
25
42
21
136
66
9
40
31
17
18
11
95
397
9
29
3
16
25
25
47
26
158
70
16
42
37
19
18
13
108
426
8
35
3
26
27
25
46
26
155
64
19
39
32
19
17
14
104
453
7
37
3
21
28
22
50
28
145
67
23
38
35
18
14
13
105
471
2
27
8
16
28
18
51
27
155
56
25
32
32
12
11
11
107
492
3
29
6
17
28
20
54
30
142
59
32
33
35
15
16
13
113
505
10
37
2
20
27
21
56
33
152
10
61
36
35
3
40
26
25
15
113
541
5
39
9
18
25
12
51
25
149
55
35
25
32
22
20
8
104
576
18
48
25
24
18
61
36
171
69
45
37
17
49
34
27
10
126
8
612
23
49
13
23
24
11
55
29
176
63
42
31
10
43
35
26
6
120
2
653
29
67
10
30
23
12
53
28
149
66
41
28
11
39
41
29
8
116
696
21
57
5
27
21
10
51
25
158
65
40
23
12
40
41
28
9
120
1
733
14
47
12
21
19
1
39
12
162
51
30
7
1
29
34
25
4
110
4
768
15
53
10
25
14
2
30
5
143
47
19
21
37
31
3
110
793
12
53
6
27
10
4
23
1
154
46
10
17
37
36
4
109
830
7
54
3
29
7
4
15
163
42
10
36
38
5
99
872
4
51
5
29
2
2
7
135
36
1
33
37
5
95
898
6
51
37
7
7
127
38
1
33
40
7
92
926
7
42
3
23
1
10
11
156
44
5
31
36
9
97
937
12
46
1
18
3
11
18
160
46
9
31
31
11
105
898
12
50
29
6
16
24
4
157
49
11
28
25
13
106
772
6
37
1
17
9
15
30
9
153
53
1
17
22
20
12
108
518
5
38
20
12
19
36
15
159
54
8
20
22
22
16
109
216
4
41
23
13
23
39
20
152
58
15
22
21
23
18
111
110
33
21
13
21
39
22
163
57
19
23
19
22
18
105
128
32
24
14
24
40
24
152
60
25
27
18
22
17
112
177
4
33
23
15
26
42
27
169
67
2
32
32
16
23
16
119
217
28
23
15
27
43
30
164
69
2
36
34
11
21
17
115
219
1
33
25
16
29
43
33
171
76
5
39
37
8
18
18
120
300
5
41
30
17
32
48
38
193
85
10
46
43
9
18
18
130
6
411
5
42
31
21
37
54
45
198
92
20
54
51
8
16
19
136
8
470
9
50
38
24
40
59
51
194
104
28
61
4
57
12
15
21
139
12
387
13
51
41
25
39
63
54
207
107
33
62
6
60
14
12
19
148
17
346
20
57
46
26
41
67
57
227
109
37
65
13
67
17
12
18
153
29
381
18
60
7
54
25
38
62
54
195
107
34
62
10
65
20
14
15
156
19
313
22
62
13
48
21
32
57
49
208
110
31
57
7
63
24
18
11
154
5
284
32
75
53
18
37
62
53
220
9
122
37
63
18
72
34
31
17
160
20
237
23
68
2
58
16
30
52
40
197
108
29
51
5
59
29
30
13
149
11
213
19
61
8
47
15
24
46
31
213
103
24
42
53
24
26
9
143
2
207
27
65
3
51
15
29
49
35
208
103
29
46
8
59
29
29
13
153
185
27
67
56
15
32
52
37
212
107
31
49
15
63
28
27
18
162
6
182
24
66
50
17
28
49
33
210
103
31
43
10
59
25
23
16
157
12
179
27
64
2
49
18
31
48
33
205
100
30
43
12
59
27
23
17
157
11
160
27
67
48
19
33
48
34
211
101
27
45
12
60
27
21
18
160
148
21
62
44
20
28
46
30
208
95
25
41
8
57
21
18
16
153
136
22
63
41
18
23
40
24
208
89
19
35
3
51
23
18
14
150
3
131
24
69
5
43
16
20
34
17
184
84
12
28
41
28
23
12
142
118
23
61
1
42
15
22
35
19
190
81
10
30
43
30
29
14
142
102
21
61
39
13
20
31
15
192
76
5
25
39
28
30
15
144
93
19
62
38
13
20
31
14
193
74
5
22
37
27
28
16
137
52
23
67
37
13
20
30
12
196
70
4
19
34
28
27
15
136
26
66
4
37
14
21
29
11
173
71
3
19
33
30
27
15
139
26
61
3
36
15
24
33
15
187
77
6
25
40
29
25
17
142
28
63
1
37
17
24
37
17
195
76
10
26
39
28
23
18
145
23
57
2
34
19
23
38
17
170
70
12
25
36
27
25
17
142
18
58
8
39
18
22
34
14
175
62
6
23
30
27
29
15
128
21
61
40
18
24
38
19
172
69
8
27
33
30
33
17
137
20
57
26
19
19
40
19
177
74
10
26
35
31
32
14
139
21
19
66
3
37
16
16
36
13
172
64
7
19
23
33
33
10
126
32
21
59
1
33
16
16
37
14
163
61
8
19
22
34
34
11
127
42
16
55
4
29
16
16
37
16
176
60
7
22
28
31
31
10
129
39
11
56
33
14
16
37
16
169
59
8
22
28
27
27
10
128
45
18
59
34
15
17
39
17
160
63
12
24
29
29
26
10
134
53
25
61
5
38
14
22
40
21
180
67
14
32
36
32
29
11
140
52
21
54
6
36
14
26
40
25
185
67
15
36
38
27
28
12
139
56
25
66
45
12
31
42
31
181
76
18
42
44
30
30
16
146
45
24
62
4
42
10
29
41
29
171
74
20
41
41
27
30
14
140
48
22
60
4
42
12
29
40
30
184
76
23
43
45
25
32
14
143
51
24
63
4
45
13
32
40
32
195
81
24
46
2
50
26
34
16
148
54
16
56
14
41
14
28
36
27
179
78
19
43
45
21
28
15
140
54
20
60
7
47
16
33
42
32
182
88
26
50
4
56
27
30
16
154
42
30
68
54
17
39
47
36
198
95
31
56
16
63
37
37
20
164
9
36
22
58
9
43
16
30
35
24
186
87
18
44
51
28
31
14
153
34
27
64
1
45
15
31
35
23
193
85
16
43
49
31
32
17
156
38
26
65
47
16
30
35
21
195
87
13
42
47
28
29
18
149
33
19
48
39
18
27
36
21
201
85
12
41
50
21
25
16
154
37
23
53
41
20
28
40
22
196
86
14
43
53
21
26
18
157
44
18
59
40
21
24
39
19
175
88
15
39
50
17
23
17
147
38
8
43
39
23
24
45
23
193
85
21
40
53
9
19
18
150
36
3
38
43
26
23
47
22
176
77
23
37
48
7
16
17
143
29
10
37
31
28
25
54
29
191
89
30
42
8
58
12
16
18
156
45
17
50
38
29
28
58
34
182
94
33
47
13
62
19
19
21
157
217
13
44
40
26
23
53
30
188
86
32
42
7
56
18
18
18
152
536
11
42
34
23
21
50
27
195
86
29
38
7
54
17
18
17
152
740
14
49
43
21
23
47
26
175
83
23
37
3
49
20
25
18
148
911
11
42
39
19
25
47
28
185
82
22
38
1
51
18
27
20
151
1068
10
46
45
18
27
48
31
185
88
24
42
5
55
16
27
22
152
1073
9
44
49
17
30
47
32
188
92
23
44
3
57
14
27
23
155
1035
16
49
53
15
34
46
32
198
93
23
48
6
57
19
30
23
158
960
24
59
59
14
37
46
33
181
99
25
51
8
57
26
33
23
156
841
18
52
57
13
37
47
34
196
101
25
53
9
62
24
31
23
156
743
23
59
57
11
33
42
29
210
97
24
50
6
57
28
31
20
155
697
35
77
3
63
8
37
38
27
188
103
21
53
3
56
37
36
20
160
647
30
70
4
64
6
41
37
30
195
104
20
59
7
61
39
41
21
161
620
32
73
2
64
3
42
33
28
199
105
16
60
5
61
45
46
23
162
603
36
87
3
68
41
27
24
193
106
9
56
57
52
50
22
159
580
35
77
5
63
40
24
22
202
101
5
56
54
51
50
20
157
576
26
64
12
50
1
35
19
17
180
89
48
44
41
45
18
146
550
20
58
6
46
4
33
20
16
180
84
45
42
36
41
19
143
518
18
55
1
43
5
29
21
13
181
82
3
39
38
35
38
16
139
468
10
42
6
34
8
21
22
8
168
75
4
32
36
23
29
11
139
420
18
42
32
14
22
32
13
177
78
16
35
44
22
27
13
156
390
7
34
4
24
15
14
30
6
171
69
13
24
33
15
21
8
139
346
6
34
25
17
14
34
8
174
69
16
27
35
13
21
9
137
261
5
42
31
19
13
35
7
182
68
19
25
34
17
24
8
137
219
9
50
7
35
18
11
34
5
172
70
18
24
33
22
29
5
137
203
16
50
6
23
20
9
38
8
174
81
23
24
40
28
31
6
147
164
14
54
8
28
20
6
38
7
190
76
24
20
38
30
31
7
144
136
15
60
4
35
20
6
38
6
193
76
26
18
37
31
30
8
143
112
16
61
7
31
21
5
37
4
183
77
26
14
36
30
30
7
145
108
16
60
6
36
22
6
36
5
167
72
25
10
32
29
28
9
145
90
16
58
35
22
7
34
3
182
72
26
6
29
24
24
11
146
76
12
54
33
21
4
30
177
64
26
21
19
22
10
135
81
17
57
37
20
8
28
1
181
68
27
4
23
19
24
12
137
73
14
54
36
19
11
29
4
180
75
28
12
32
16
25
12
145
72
17
60
36
17
11
27
5
188
76
30
14
34
19
25
11
147
67
24
70
40
15
12
26
6
193
80
31
20
36
22
25
10
149
75
22
60
5
41
14
18
30
13
183
86
35
33
9
49
24
27
12
159
84
32
74
5
50
15
28
34
22
207
99
40
46
18
59
33
34
16
172
88
33
78
6
56
15
32
37
27
220
105
39
53
19
64
33
34
18
172
100
38
82
3
60
14
37
39
30
209
109
38
57
18
67
37
35
21
174
9
104
3
43
88
4
63
14
41
41
33
205
112
36
62
20
70
38
36
23
181
11
110
2
43
83
3
62
13
45
42
35
218
113
29
63
21
73
37
35
25
180
1
107
1
42
83
63
12
43
38
31
213
109
20
58
11
68
37
35
25
179
105
35
70
56
10
38
35
26
231
98
10
50
2
58
32
31
23
175
124
31
69
52
9
36
32
22
207
91
1
44
49
29
30
20
162
149
30
72
53
8
37
28
19
165
90
41
44
29
31
19
155
156
27
61
49
7
35
27
18
203
87
39
44
27
31
19
158
164
24
65
49
7
32
26
16
185
82
36
41
26
31
17
155
179
23
69
56
8
30
25
14
181
76
32
34
27
33
16
142
197
23
66
47
11
28
29
16
183
81
34
39
29
34
14
144
202
26
63
5
31
15
23
36
20
191
85
7
37
46
29
29
12
156
193
31
70
46
18
27
45
27
210
89
20
46
2
54
33
28
15
161
182
25
62
7
35
21
20
46
24
178
86
23
40
1
50
27
19
10
155
185
31
63
7
37
23
23
51
28
195
89
33
43
9
56
30
21
10
165
190
40
71
45
24
29
57
36
203
97
41
51
21
65
36
28
14
175
193
22
56
2
35
22
16
47
23
181
84
31
36
5
52
24
21
9
156
194
24
59
40
21
16
43
20
187
80
30
30
2
46
24
23
10
151
195
18
61
38
21
14
38
14
174
76
27
22
39
22
23
9
144
186
17
54
38
19
15
37
15
181
76
24
24
42
27
27
10
147
194
21
53
36
18
13
35
13
183
71
22
20
40
30
28
10
151
194
23
65
40
17
12
33
11
184
75
24
18
38
32
27
10
148
186
27
66
42
17
17
33
15
182
78
24
24
41
36
28
12
151
191
30
69
1
42
18
18
33
16
197
77
25
25
1
41
35
28
13
157
201
31
79
48
16
22
36
20
186
83
28
29
4
45
36
30
15
156
216
27
72
47
16
23
36
22
177
84
30
32
3
47
33
28
16
152
221
32
73
49
15
27
38
27
192
92
37
39
10
52
33
30
16
161
7
218
33
69
1
50
15
32
40
32
197
93
36
46
13
57
34
32
17
162
1
220
25
66
2
49
14
34
40
33
183
94
33
48
8
56
29
31
19
158
216
28
68
52
13
36
41
36
193
97
32
51
7
56
26
30
20
157
208
26
63
52
11
36
38
33
194
96
23
49
1
53
25
30
18
155
1
205
23
65
50
10
38
35
33
188
98
16
49
50
26
30
19
151
200
21
60
45
11
37
35
31
193
92
10
47
48
24
27
19
151
196
7
45
37
10
31
28
22
170
79
3
35
36
17
21
16
140
189
5
46
37
10
30
25
18
177
76
34
31
14
21
18
127
176
4
42
32
10
31
21
15
167
73
33
32
12
20
18
134
172
34
26
9
27
17
10
158
65
26
25
7
18
16
131
170
32
30
8
24
16
8
167
57
23
22
1
17
16
124
163
29
36
7
25
16
7
165
53
23
19
18
16
119
158
26
25
9
27
19
10
148
64
27
24
22
17
120
153
16
26
10
28
21
12
137
62
29
28
23
17
122
153
10
28
12
28
29
17
159
61
6
31
32
23
18
126
147
18
25
15
26
36
18
160
68
14
32
39
22
16
130
137
28
31
17
26
40
21
152
70
21
35
3
44
4
20
16
136
116
2
33
3
28
20
28
44
26
186
77
26
40
8
51
8
17
17
149
106
4
46
4
35
22
27
47
25
181
84
30
42
7
55
11
13
17
146
104
12
52
3
35
24
26
48
25
175
88
36
41
11
56
14
10
16
147
4
106
19
58
39
24
32
51
30
206
92
39
47
18
61
20
14
19
156
10
105
20
62
45
24
38
55
36
180
96
42
52
24
66
21
17
23
159
1
101
18
57
39
24
36
53
36
193
94
42
50
22
65
19
18
23
159
3
94
19
64
44
22
37
53
35
203
97
42
50
20
64
18
19
23
153
4
93
11
51
1
36
22
31
47
29
169
85
38
43
9
54
9
14
18
142
95
24
62
43
24
39
54
39
195
96
45
53
20
66
18
21
23
158
96
39
77
54
26
49
64
51
223
4
110
55
66
36
79
28
28
29
172
9
92
29
69
48
26
43
60
47
209
103
50
59
25
72
21
23
26
164
17
78
27
73
56
27
43
62
50
186
101
52
60
24
71
22
23
25
158
12
69
33
75
1
50
28
41
60
49
195
99
50
57
23
66
23
20
22
156
3
72
35
66
2
35
29
40
65
54
204
105
53
60
29
73
22
16
24
168
7
74
24
56
1
44
28
39
64
54
197
99
50
60
27
74
17
14
23
163
12
81
25
63
1
45
26
36
61
51
206
98
45
58
25
71
18
17
21
161
19
74
23
55
1
42
26
35
61
51
190
95
45
58
24
70
18
20
19
164
14
68
24
64
2
46
24
32
57
46
180
97
39
56
16
65
21
23
18
153
74
30
68
3
43
24
31
58
47
200
98
40
57
18
67
26
23
18
161
4
65
33
70
48
26
35
63
50
207
102
42
62
25
73
29
24
20
165
24
74
33
74
2
48
27
37
62
49
205
103
41
63
24
74
31
24
20
161
20
74
34
78
1
50
26
38
59
45
184
103
37
63
23
72
31
23
21
161
26
72
31
70
44
25
35
55
39
196
98
34
58
21
69
27
18
21
161
59
58
26
66
1
43
23
32
49
32
207
92
31
52
13
62
24
16
20
153
112
40
24
72
48
22
35
46
30
179
93
28
53
12
58
23
17
21
146
180
33
22
69
48
21
38
42
29
174
91
25
53
13
54
21
18
24
145
143
48
16
63
54
19
39
40
28
181
85
22
52
14
50
15
19
25
135
74
9
55
51
18
39
39
29
167
83
21
50
15
45
9
19
24
121
97
8
46
38
16
41
40
31
171
84
22
49
17
47
6
22
24
119
132
12
51
52
17
49
46
41
172
86
25
57
26
56
12
28
30
127
164
9
45
44
18
45
44
39
187
86
24
52
17
56
9
24
28
127
159
11
52
43
17
43
43
38
178
88
27
49
13
59
10
22
28
124
148
13
52
45
18
46
47
43
182
91
31
54
18
69
13
21
31
135
134
10
39
34
20
41
45
41
168
86
32
53
15
68
7
16
28
145
108
10
41
36
19
41
45
41
162
85
31
52
14
63
6
16
28
136
87
4
33
32
19
36
43
37
182
78
31
45
8
56
1
15
27
133
72
1
35
34
19
34
39
32
156
72
29
39
2
45
14
24
130
56
27
31
19
32
36
29
155
64
24
33
37
12
22
115
10
39
23
30
20
29
34
27
129
59
21
29
30
10
21
100
46
32
24
33
20
34
39
32
134
62
26
35
33
14
23
111
86
38
19
36
21
31
38
28
138
53
24
31
27
13
20
108
66
48
24
32
21
26
35
24
125
53
21
28
22
15
17
102
49
58
27
21
22
27
40
28
151
66
28
34
32
19
18
113
43
65
27
28
23
24
41
27
143
58
29
33
29
18
16
108
54
54
34
29
27
25
47
31
154
65
36
37
34
8
21
15
108
65
40
6
49
3
29
27
24
50
33
144
71
41
40
6
40
18
24
12
117
68
32
16
57
5
34
27
25
53
36
151
75
43
45
13
48
26
28
9
132
72
27
17
55
8
30
27
22
51
33
182
79
43
44
11
50
27
27
7
129
69
31
20
57
7
33
24
22
50
31
167
77
45
44
18
52
31
28
6
136
84
47
24
63
7
35
22
22
47
28
167
75
42
43
18
52
36
31
6
135
79
37
22
63
14
33
19
19
39
22
178
69
37
38
13
45
33
31
5
128
66
30
24
67
3
39
18
23
38
22
154
74
36
41
16
48
35
35
10
136
68
33
19
67
4
38
13
18
29
13
176
71
30
33
5
40
35
35
7
123
65
38
20
69
2
39
10
18
26
12
177
73
27
33
9
45
35
36
6
124
73
35
25
71
39
10
20
23
12
150
74
24
33
9
47
39
40
9
134
63
24
29
79
1
41
7
19
19
9
179
78
20
30
4
44
44
41
9
126
54
6
25
68
40
7
21
21
11
162
78
19
32
6
49
44
41
11
131
68
29
73
43
8
22
20
9
173
75
17
28
2
41
44
42
13
127
62
32
78
45
10
27
23
12
171
79
16
31
5
47
44
43
16
133
60
33
82
47
12
29
27
15
155
79
15
32
5
46
43
41
19
129
59
30
77
47
14
27
27
13
180
74
13
28
39
37
36
20
126
57
23
71
52
13
27
26
12
162
69
8
29
37
34
34
20
122
57
21
72
44
16
29
31
16
152
78
8
32
39
30
30
21
120
56
25
68
35
19
34
39
26
171
84
14
38
4
47
29
29
27
131
56
16
61
41
16
34
37
26
159
70
8
36
40
28
29
27
115
56
11
57
31
16
28
