1
12
2
11
1
2
5
7
8
3
30
3
2
3
4
7
5
1
3
32
3
3
1
1
1
5
1
4
15
6
4
6
2
3
1
6
24
1
5
14
10
5
3
9
3
9
2
6
5
10
9
2
12
1
57
6
11
9
4
6
8
7
5
2
3
6
5
9
9
3
6
55
4
17
3
8
13
5
5
4
1
7
10
7
1
8
2
5
14
7
4
9
3
1
5
10
8
3
21
5
1
4
9
2
21
2
5
6
7
3
4
3
2
7
66
11
2
9
1
19
7
1
1
45
19
8
1
1
20
5
2
11
47
8
4
6
19
8
6
78
46
9
7
8
21
13
3
8
108
16
13
4
87
25
8
101
46
7
3
108
37
5
3
93
10
8
81
15
3
94
27
7
99
50
3
16
92
32
7
26
2
8
84
5
9
26
1
2
5
57
15
8
9
7
12
26
7
8
16
56
2
29
1
8
11
6
9
22
6
5
13
13
9
15
3
8
9
4
7
19
4
4
7
3
5
13
8
4
2
15
1
1
2
5
10
10
13
10
2
15
2
3
4
8
21
11
7
8
7
6
3
1
5
1
16
5
11
6
4
1
1
6
2
19
3
11
6
5
6
2
5
8
3
21
16
6
5
12
5
4
1
47
12
3
1
1
4
3
36
11
5
3
1
1
3
2
12
11
5
7
1
6
4
1
5
5
11
9
7
4
4
5
1
5
3
28
11
9
4
2
8
5
1
4
4
23
7
11
3
5
8
4
2
3
7
15
1
4
5
2
1
2
1
2
5
5
16
23
4
9
7
8
1
2
5
6
13
9
8
1
10
3
6
10
21
7
3
4
1
3
3
7
13
8
5
4
22
5
7
19
3
1
1
3
7
10
7
2
5
7
17
1
5
4
3
3
11
10
8
4
3
4
7
15
3
3
1
5
6
5
10
8
9
6
6
3
8
1
1
2
2
1
6
8
1
1
2
8
3
1
4
3
12
13
2
8
10
4
3
6
1
14
10
6
5
1
5
8
4
5
9
4
21
5
1
3
10
7
20
4
7
5
14
2
7
5
12
2
6
5
2
9
2
15
38
5
4
5
2
11
14
67
2
9
1
13
7
3
8
14
2
10
62
8
16
5
10
10
1
6
35
2
19
6
6
5
12
2
4
13
44
1
2
17
4
7
7
12
2
9
20
73
3
3
21
10
8
11
14
14
17
74
7
2
2
6
21
18
14
14
1
22
22
44
6
1
13
17
11
7
19
18
31
12
4
3
3
6
23
14
1
17
4
18
51
11
3
5
18
10
1
17
6
22
45
1
16
6
9
4
5
21
8
16
10
3
21
13
14
10
14
12
9
3
21
11
17
14
10
2
20
2
9
7
9
14
5
14
6
12
10
7
3
15
24
10
3
3
15
4
15
10
1
13
4
2
4
16
29
12
1
1
2
12
9
8
14
3
13
2
1
20
6
11
4
15
14
9
16
11
2
11
8
1
6
23
11
14
10
27
4
8
3
18
15
1
4
14
11
1
1
4
20
10
13
13
33
10
14
7
24
1
21
9
13
19
3
7
27
6
4
16
10
4
6
34
5
5
17
13
2
6
29
10
6
17
14
9
14
4
9
6
10
1
1
24
3
1
13
12
5
3
2
14
11
8
4
3
2
15
10
12
2
9
16
1
3
9
1
9
7
3
5
27
1
2
5
1
14
5
1
8
2
4
2
7
5
7
9
24
9
11
1
3
2
5
16
7
8
8
5
2
1
13
10
6
33
3
5
9
9
15
12
8
11
1
2
1
21
16
9
4
38
13
13
20
18
27
19
17
1
21
6
10
5
4
29
26
17
6
14
4
12
14
18
23
23
33
26
23
8
21
7
11
3
6
34
32
23
7
15
10
7
5
18
9
20
25
24
21
8
10
10
8
5
6
10
27
28
22
5
5
6
33
1
11
9
16
14
18
5
5
10
7
8
3
2
5
11
13
17
16
12
3
3
35
3
6
7
5
4
5
1
10
8
4
1
12
3
1
3
2
22
16
2
5
2
6
2
35
11
4
3
24
13
3
1
15
5
18
3
5
31
1
7
2
46
1
9
35
7
6
15
2
5
1
1
2
10
5
7
17
1
3
1
2
2
19
5
11
1
1
41
3
5
1
25
3
4
10
3
2
3
4
3
30
5
2
4
1
1
26
11
6
2
7
5
3
4
21
11
18
3
6
1
4
12
7
3
7
14
11
1
9
8
29
25
29
16
11
6
6
12
12
3
1
19
28
27
21
9
10
14
17
33
31
36
24
12
7
12
2
10
2
13
7
1
1
26
34
36
4
1
2
20
13
15
19
24
35
34
41
30
13
8
14
7
5
5
14
9
1
3
31
39
44
6
11
7
19
22
23
29
39
38
46
36
16
13
17
7
9
5
15
12
7
37
43
50
19
9
11
18
19
22
36
33
40
32
12
12
15
10
12
10
33
38
46
6
36
8
16
19
20
38
34
42
34
11
16
6
2
8
3
13
18
3
33
39
46
3
3
51
3
10
13
13
30
30
37
31
13
20
7
2
8
3
13
20
7
26
33
40
1
24
5
3
21
22
25
22
10
17
1
1
8
17
3
14
21
27
19
18
17
18
15
10
16
3
9
15
2
5
10
16
3
48
3
11
9
7
11
17
1
8
11
1
2
4
2
55
5
7
1
5
4
28
11
14
5
9
1
1
11
14
6
6
1
21
8
14
5
9
4
48
5
5
4
8
4
27
3
1
7
8
10
4
13
4
7
3
10
13
6
3
15
26
5
9
22
6
5
1
15
30
3
4
13
13
27
47
3
5
18
15
30
32
3
17
13
26
1
2
12
8
26
11
1
11
4
26
35
23
21
1
4
1
14
9
5
6
5
17
12
8
18
7
14
1
2
6
10
13
12
9
14
6
15
16
11
12
25
17
15
2
17
11
10
3
6
20
24
19
10
11
2
13
10
17
10
16
26
19
21
5
5
11
1
6
8
23
29
23
11
9
5
12
18
15
16
33
20
29
11
14
13
12
1
1
7
11
25
33
28
18
6
8
10
15
8
8
26
20
28
14
14
14
16
6
10
8
16
23
26
20
19
5
16
10
19
9
10
4
7
2
4
1
7
17
9
7
12
4
5
5
12
9
5
10
9
5
1
5
9
11
16
1
19
5
4
8
8
3
3
3
5
12
2
18
1
9
2
7
4
8
8
4
5
1
7
4
11
9
5
3
14
2
7
2
9
2
11
5
8
1
11
5
13
1
12
2
5
8
3
15
3
6
7
8
9
11
3
10
6
4
8
11
4
13
14
10
17
9
7
3
9
5
19
4
12
2
13
3
19
12
14
7
19
4
16
3
18
16
17
21
14
10
6
12
21
4
15
3
18
3
22
15
21
13
18
2
8
10
7
14
18
14
8
5
14
21
9
17
3
18
4
20
8
18
13
19
16
4
9
6
2
19
4
14
10
5
22
3
7
27
21
10
1
12
4
9
2
15
18
21
4
6
14
18
16
3
9
1
10
16
13
5
4
3
6
8
12
9
1
3
1
4
10
11
3
5
1
6
10
11
10
3
2
9
9
14
7
14
15
15
2
3
9
12
8
5
1
16
15
11
5
5
5
7
6
14
18
13
15
12
4
10
1
17
13
13
11
2
9
14
12
9
13
4
6
3
13
15
7
2
9
2
1
15
14
4
9
4
4
9
10
2
2
2
12
13
13
1
5
10
10
1
2
5
4
1
10
166
3
11
1
362
10
10
482
34
453
31
450
17
341
11
50
64
75
1
94
60
1
5
4
8
7
5
1
2
3
3
79
45
3
3
5
1
43
54
3
2
3
2
15
63
11
5
7
4
2
2
5
6
4
10
2
40
2
10
6
7
9
10
11
8
6
9
12
16
10
5
16
5
9
12
10
10
3
5
15
11
5
9
11
19
7
6
20
11
3
9
5
4
2
5
5
7
8
1
2
15
20
7
1
4
2
1
1
2
1
2
11
7
12
2
9
12
4
5
5
5
8
7
3
1
2
3
16
10
18
6
2
2
11
1
17
5
5
5
1
8
11
14
1
7
7
14
5
7
10
4
12
8
8
2
4
11
1
10
5
3
9
13
7
8
13
2
3
7
11
11
3
2
9
5
11
8
11
7
11
10
2
12
10
3
6
10
9
9
16
17
12
13
1
5
2
10
5
6
11
12
7
8
1
3
10
9
4
3
6
1
4
4
1
1
27
8
14
11
6
5
2
7
5
2
4
8
7
4
8
3
8
4
22
18
18
6
7
5
3
7
8
3
4
3
16
21
13
10
18
5
12
9
28
18
20
6
4
4
6
11
8
2
3
8
22
26
16
4
45
3
11
19
21
30
25
22
10
2
10
9
13
2
8
3
6
29
32
21
11
1
48
2
10
19
27
30
29
22
14
1
12
15
11
5
7
5
4
11
29
33
23
23
31
10
13
26
27
30
21
16
10
14
12
8
5
7
5
9
23
30
24
15
23
4
16
7
25
8
11
1
9
8
6
5
7
8
14
15
11
39
1
1
14
5
6
6
5
1
10
4
10
62
1
8
5
9
8
11
1
12
13
45
3
2
12
11
10
17
15
21
6
9
3
4
15
9
9
12
12
45
14
6
12
3
1
15
12
11
13
1
12
60
18
18
17
6
26
19
10
19
17
10
3
13
36
3
8
4
22
18
18
6
7
5
3
7
8
3
4
3
16
21
13
10
18
5
12
9
28
18
20
6
4
4
6
11
8
2
3
8
22
26
16
4
45
3
11
19
21
30
25
22
10
2
10
9
13
2
8
3
6
29
32
21
11
1
48
2
10
19
27
30
29
22
14
1
12
15
11
5
7
5
4
11
29
33
23
23
31
10
13
26
27
30
21
16
10
14
12
8
5
7
5
9
23
30
24
15
23
4
16
7
25
8
11
1
9
8
6
5
7
8
14
15
11
39
1
1
14
5
6
6
5
1
10
4
10
62
1
8
5
9
8
11
1
12
13
45
3
2
12
11
10
17
15
21
6
9
3
4
15
9
9
12
12
45
14
6
12
3
1
15
12
11
13
1
12
60
18
18
17
6
26
19
10
19
17
10
3
13
36
13
5
1
12
11
64
4
19
9
5
13
14
3
48
1
15
7
1
7
9
1
50
6
2
14
8
5
3
84
14
1
10
3
3
2
72
2
10
2
4
1
1
5
102
8
1
2
5
4
4
124
18
3
5
3
6
4
94
42
79
20
2
90
1
3
4
2
2
1
4
5
4
88
17
2
104
25
2
4
2
5
115
9
2
1
80
1
1
1
69
1
78
9
73
8
1
3
3
80
3
11
3
2
2
1
94
6
3
83
3
3
72
6
2
4
2
51
2
4
50
3
34
25
5
7
27
25
2
1
12
8
2
4
1
1
1
2
7
1
4
18
6
1
29
8
2
1
1
2
6
4
2
2
2
5
1
1
9
6
2
7
7
20
1
1
3
7
8
1
33
1
3
4
3
8
8
10
21
5
6
6
4
2
7
5
7
4
9
11
16
8
3
2
1
1
3
7
1
12
9
15
25
4
3
3
10
8
17
19
8
45
4
6
16
19
13
26
1
7
14
4
3
20
19
7
10
3
7
14
19
8
4
24
25
21
10
12
3
17
15
1
28
1
2
12
16
2
20
15
3
18
1
6
1
13
17
2
24
1
19
4
1
4
15
12
1
16
15
3
22
1
6
15
13
1
16
21
5
51
3
2
1
9
20
16
1
19
2
25
3
45
8
5
1
8
18
9
1
13
2
23
16
5
1
8
5
4
1
13
21
11
4
7
1
2
5
9
1
2
4
8
14
51
2
2
1
2
5
56
8
2
5
1
2
5
2
5
2
30
3
3
17
11
11
4
5
11
2
2
5
4
1
13
8
4
5
12
18
12
13
6
7
15
7
5
3
12
10
8
3
33
3
3
11
21
24
20
16
13
25
2
5
10
12
10
5
5
17
16
17
10
40
1
4
8
13
11
7
7
19
1
5
5
7
3
5
5
9
7
9
4
2
9
6
15
7
4
3
3
3
8
7
14
3
9
18
2
5
7
5
4
3
8
39
7
3
13
1
4
15
8
6
3
2
1
6
57
10
1
5
7
4
1
3
6
2
5
25
1
9
4
4
3
2
2
6
3
10
1
9
8
3
3
4
9
1
4
3
5
22
1
3
8
5
9
3
4
3
8
4
2
8
4
13
1
8
5
6
11
3
3
2
1
6
1
4
2
6
7
6
2
2
3
4
29
3
4
3
2
3
12
6
2
1
6
4
2
7
9
9
35
5
10
30
1
11
10
9
1
2
1
1
8
26
9
2
1
1
14
53
2
24
44
9
3
3
1
21
20
13
2
4
5
4
11
10
4
21
7
12
7
6
1
12
6
9
11
8
4
10
36
6
5
24
16
17
8
10
12
5
19
10
3
12
15
14
11
19
49
6
11
10
7
1
2
1
3
6
5
2
14
17
2
14
16
10
7
7
5
1
2
6
8
7
9
2
1
14
17
13
10
1
10
6
4
1
5
5
8
9
3
6
21
9
13
11
8
9
3
1
1
1
6
3
13
26
9
10
11
8
5
8
5
4
4
12
11
9
12
6
1
2
11
4
2
3
11
15
14
15
9
5
5
14
6
4
3
1
9
1
10
18
3
5
1
21
18
20
14
5
10
21
6
2
8
9
16
4
36
7
5
25
18
24
17
6
7
16
7
3
12
15
20
2
21
4
6
9
27
20
24
16
3
9
7
2
15
20
19
7
9
12
28
21
23
12
4
5
18
5
3
19
22
16
9
1
5
2
8
18
15
15
5
1
7
8
6
7
15
14
8
39
1
5
3
5
19
13
14
3
1
9
18
8
8
3
13
13
7
10
29
3
3
1
14
10
8
10
1
12
4
10
9
2
17
6
4
2
12
10
3
3
5
2
3
4
10
6
9
7
8
6
2
5
3
3
6
5
33
6
5
1
1
3
1
3
9
27
1
11
10
7
2
6
1
6
3
4
6
1
8
5
4
3
12
10
12
8
4
7
4
5
2
6
4
6
6
1
13
14
13
8
14
13
3
1
10
6
3
5
11
1
25
8
8
10
4
7
5
6
3
6
7
10
22
2
6
7
5
3
1
5
1
9
1
8
2
10
12
3
7
7
6
6
4
6
3
6
7
5
6
14
4
6
3
6
6
6
8
2
1
8
15
10
10
7
16
14
15
6
10
12
3
4
9
14
12
1
11
14
10
10
3
6
14
14
6
6
14
5
5
8
19
1
7
15
5
7
1
3
8
8
1
1
9
2
3
3
12
3
5
13
18
6
8
5
18
5
15
4
2
4
11
6
6
2
16
9
1
8
13
2
12
7
10
2
3
8
21
20
3
6
1
2
1
13
3
13
5
5
14
6
2
1
2
4
10
15
4
5
26
4
1
4
9
16
1
1
5
3
3
9
5
3
2
5
1
3
6
9
2
17
1
3
50
2
44
3
3
6
4
15
15
3
7
1
5
20
1
39
2
1
5
32
3
1
11
1
1
12
10
5
9
28
3
5
13
23
2
8
7
5
3
11
8
7
7
19
2
9
1
6
4
9
4
6
14
43
11
10
20
2
5
2
2
8
1
10
3
8
9
9
1
13
50
4
3
11
14
16
6
5
3
8
4
9
1
6
6
10
10
4
14
26
3
9
17
17
11
9
3
2
9
6
9
1
6
9
10
12
9
12
5
3
17
16
14
12
10
9
10
9
2
6
9
6
8
10
11
14
25
1
2
3
1
4
2
1
4
33
1
4
3
2
8
9
4
5
3
5
2
6
8
5
12
19
5
9
10
7
3
11
21
9
7
11
14
12
4
15
22
1
38
4
1
7
10
5
9
12
7
25
3
4
11
1
7
3
8
15
9
15
12
1
2
3
3
6
7
8
15
2
5
5
3
1
5
5
10
36
2
8
7
2
6
1
1
8
1
8
1
7
4
11
23
6
7
2
1
3
5
4
3
4
3
4
10
4
10
2
3
5
7
7
4
2
6
1
6
11
12
1
2
6
37
2
1
5
4
35
4
1
6
14
3
4
3
6
8
19
1
1
3
3
6
9
48
1
1
1
3
2
13
47
2
5
9
1
1
3
3
15
10
1
7
3
4
1
3
8
13
3
3
4
10
2
4
5
1
6
13
5
12
10
5
5
12
1
6
2
13
10
1
12
23
1
6
13
19
18
9
1
2
11
3
6
1
19
20
5
6
4
3
15
19
21
7
3
1
4
1
1
18
21
4
6
5
16
14
22
3
2
1
5
1
5
15
17
2
8
26
7
5
12
1
2
6
6
7
113
35
2
323
13
455
430
387
20
268
2
44
1
2
4
1
2
6
7
63
8
6
2
1
2
4
3
2
1
11
45
29
3
9
9
13
4
7
2
7
7
3
3
3
4
3
10
11
7
11
19
20
9
5
14
14
18
8
10
13
12
14
10
6
2
8
7
15
17
12
11
5
10
12
2
3
2
12
3
1
2
4
10
12
6
5
7
3
4
9
17
16
6
7
2
12
3
3
8
3
15
16
9
7
37
1
9
12
2
2
8
1
1
6
1
5
9
3
11
32
8
10
2
1
7
3
5
2
9
14
11
13
7
3
9
3
7
3
5
5
8
12
3
6
2
10
1
4
7
17
1
4
3
3
1
6
5
3
3
4
5
2
2
4
6
3
8
1
5
9
3
1
1
3
1
3
9
1
1
4
2
13
4
2
4
6
4
12
7
6
7
11
4
9
19
9
6
3
12
1
6
5
5
7
15
2
3
9
12
4
9
22
10
4
5
7
2
2
10
1
6
17
1
2
9
4
3
6
8
5
5
2
6
3
2
2
11
4
8
2
4
4
1
2
1
5
6
3
5
1
3
2
10
1
7
1
3
7
3
1
5
2
8
2
3
4
1
5
10
1
6
1
5
3
10
37
3
5
5
9
31
3
8
12
1
6
8
3
6
10
2
5
9
14
5
4
3
4
8
10
7
9
14
2
1
3
5
33
7
2
8
2
2
9
27
8
1
6
3
5
2
10
1
11
1
6
4
6
6
10
5
3
7
1
1
6
9
2
6
8
5
2
6
14
5
8
4
4
1
11
2
4
3
1
8
2
5
1
7
3
9
2
4
7
7
1
1
14
1
14
5
1
11
7
5
2
9
12
2
5
4
3
12
1
9
5
2
4
2
3
5
42
3
10
5
2
11
3
6
1
2
4
9
36
5
4
8
2
4
7
49
14
1
1
