49
101
50
103
90
62
156
72
62
21
64
113
88
57
63
31
78
60
63
91
148
72
13
110
79
41
101
44
106
88
66
157
74
63
17
56
124
80
65
66
36
62
58
64
93
131
74
9
102
82
51
98
37
105
81
68
151
75
62
14
48
127
81
74
58
28
63
55
59
90
134
67
7
99
70
39
93
41
101
84
63
153
77
67
17
57
118
93
58
62
29
77
53
57
90
130
43
4
107
92
64
109
58
117
103
81
173
96
86
16
70
133
104
76
84
41
95
70
74
108
143
72
15
116
73
43
91
39
98
82
62
149
71
58
15
58
117
90
59
58
32
66
48
51
84
158
54
8
106
74
25
96
40
104
86
69
158
82
70
25
63
121
91
65
69
40
85
51
56
91
150
57
24
116
76
42
86
36
95
79
59
149
74
64
58
112
73
58
64
25
78
45
48
83
128
51
10
104
65
33
87
44
97
88
61
156
77
68
12
71
114
99
59
70
34
71
49
53
87
160
45
14
109
77
50
92
53
102
99
71
168
92
83
5
77
110
108
70
84
36
88
56
60
96
167
60
119
71
55
79
45
92
90
65
160
86
78
78
111
99
63
79
15
89
44
49
87
136
33
114
80
43
90
54
100
99
70
166
91
84
8
88
124
113
67
84
32
91
54
57
93
165
55
8
118
92
69
104
70
111
112
80
177
101
99
28
98
131
118
74
104
41
100
66
68
103
209
61
19
144
91
62
111
74
120
115
88
177
99
93
24
103
133
118
83
90
46
87
70
74
107
176
65
28
146
85
48
98
61
103
103
73
165
84
73
95
114
93
67
70
32
80
58
62
95
180
56
4
128
60
45
81
43
84
89
54
156
73
71
71
93
91
44
81
19
83
41
46
81
168
30
1
107
89
59
112
68
115
112
81
177
98
99
22
90
134
122
71
95
53
85
70
74
107
173
75
35
126
110
69
122
79
127
121
93
183
102
97
24
106
129
110
90
92
41
89
82
86
116
207
79
37
146
84
57
109
65
115
107
76
166
82
77
15
95
92
101
65
74
47
94
67
71
101
177
44
13
128
80
53
98
60
97
103
59
165
74
77
17
89
153
105
48
83
48
86
59
62
91
178
51
22
125
85
53
104
62
99
106
61
167
78
79
14
94
134
103
61
83
32
97
64
67
94
198
59
26
136
92
57
115
67
122
112
86
174
92
88
21
95
100
112
94
91
46
107
72
78
106
188
58
21
130
75
37
88
46
92
88
60
150
66
59
5
79
145
85
64
65
52
79
48
54
81
168
43
19
118
74
38
102
49
97
90
48
149
65
58
5
92
160
90
33
63
41
76
53
56
79
191
47
19
135
107
70
123
76
124
117
83
177
91
86
44
117
141
113
81
96
40
98
79
84
107
217
80
48
157
59
22
81
32
87
74
50
132
53
42
68
112
68
58
48
35
56
37
44
67
164
30
2
107
77
47
111
59
113
100
69
157
79
70
95
157
107
61
76
55
86
61
68
89
182
54
27
129
112
80
130
97
136
136
100
189
110
100
87
140
158
130
95
104
56
131
93
99
121
242
76
80
182
108
65
149
94
163
133
117
185
109
95
31
135
117
130
117
96
72
133
98
105
123
226
79
52
172
94
70
125
77
140
118
101
174
96
87
28
113
135
121
106
95
54
102
79
87
107
191
61
31
146
65
33
80
44
81
84
44
140
67
59
36
82
162
74
45
59
36
71
41
47
69
174
32
42
119
94
60
131
83
131
124
91
181
104
97
36
130
137
122
93
101
67
101
80
87
107
219
73
67
160
65
46
100
68
115
111
80
169
89
83
23
112
137
116
85
89
50
97
61
71
94
204
33
30
145
62
28
96
62
102
108
57
167
83
82
10
106
159
112
45
92
67
104
55
64
87
193
25
34
133
64
39
102
68
112
114
74
174
92
89
24
113
131
112
67
102
53
94
58
69
94
198
33
34
141
62
21
92
54
102
101
70
164
89
83
11
94
138
109
66
94
59
96
47
59
86
171
32
38
129
66
39
107
69
120
115
87
173
100
93
18
118
107
128
91
94
59
113
61
74
101
205
36
45
152
47
21
88
51
103
97
72
157
85
79
4
102
121
99
74
81
53
89
43
57
85
201
22
20
140
52
16
87
39
90
86
53
147
73
68
12
85
156
96
39
78
64
86
35
46
74
159
27
35
119
68
45
109
60
115
106
82
168
93
86
38
105
137
114
77
94
60
110
57
68
96
197
47
50
143
51
16
92
48
106
97
75
161
89
82
7
97
130
106
73
90
67
95
45
60
90
192
23
37
135
47
25
95
49
109
95
75
157
87
78
21
98
148
106
70
84
63
95
47
61
90
174
25
33
131
55
10
93
43
105
91
72
155
84
75
15
85
139
97
66
84
55
104
45
59
88
170
30
30
123
33
84
32
99
83
67
147
79
68
4
75
119
87
63
76
53
96
36
51
81
164
8
37
111
38
7
86
30
99
77
66
139
72
56
3
69
116
81
66
65
41
87
36
49
76
151
15
23
100
50
11
92
40
104
86
70
148
78
62
7
75
137
84
71
75
59
90
46
59
84
162
29
32
111
55
20
97
46
106
89
72
147
77
58
26
90
152
85
72
67
67
76
52
63
87
183
26
47
131
45
11
89
36
99
79
66
134
67
44
9
78
125
81
66
49
53
69
44
55
78
160
14
25
111
40
8
93
41
105
87
72
144
75
55
9
80
130
84
71
65
65
84
48
62
85
167
23
37
117
43
15
96
42
109
88
74
145
71
51
12
78
141
84
75
62
61
92
51
65
87
150
16
34
107
55
16
99
42
112
90
76
147
71
50
10
74
127
91
73
64
60
84
54
68
90
138
31
35
104
31
81
30
95
79
62
137
63
43
11
70
114
75
60
56
54
66
38
54
77
149
9
31
104
37
8
93
41
108
91
75
148
73
54
19
84
143
81
73
68
65
94
49
66
88
161
11
34
112
52
10
96
42
108
90
71
146
70
54
9
85
138
89
69
66
69
86
51
65
85
160
38
41
113
49
9
99
44
105
90
67
144
70
54
89
140
89
68
69
60
79
50
64
82
159
38
37
112
54
24
105
48
115
94
75
147
74
58
26
93
141
87
72
70
69
88
55
69
87
165
32
47
114
51
27
104
54
125
98
85
152
84
66
35
95
116
89
83
77
68
100
58
74
93
159
22
44
118
47
11
102
45
117
90
80
146
85
68
89
131
99
90
75
65
93
52
68
88
152
27
36
113
53
17
92
36
94
78
54
131
65
50
10
79
150
81
52
58
66
79
42
54
68
141
31
32
100
34
6
87
36
99
89
59
139
69
52
37
78
133
60
58
66
61
73
41
55
71
141
13
32
103
36
93
33
108
88
70
141
75
55
5
72
147
78
79
68
54
77
42
56
73
145
21
37
102
51
16
103
45
111
86
70
143
84
69
20
85
126
92
75
83
64
95
50
59
77
145
36
38
105
15
79
25
99
66
66
127
80
63
3
65
113
78
87
66
55
93
29
45
65
132
9
90
26
72
11
84
39
49
104
61
46
66
125
79
59
49
51
77
20
29
50
140
7
15
99
61
19
101
43
107
83
74
142
86
70
29
85
153
86
78
79
84
81
50
60
80
145
42
54
108
33
82
17
95
61
65
124
74
54
13
61
142
72
80
58
63
76
30
43
65
127
13
31
93
20
69
12
84
54
53
118
66
51
50
117
60
60
61
41
66
21
35
58
105
2
8
77
7
65
3
84
49
57
113
67
48
42
120
58
68
50
66
59
17
35
58
104
70
9
69
2
84
47
56
108
60
40
49
112
63
63
42
60
58
17
33
54
126
11
82
50
14
100
39
115
83
85
139
85
64
19
79
121
75
94
67
62
83
51
65
84
157
31
41
108
52
17
103
40
125
82
93
139
86
64
10
81
121
86
102
67
59
83
54
69
87
159
29
29
109
58
18
112
47
132
93
95
148
89
70
9
87
141
91
89
79
62
102
61
76
92
160
42
34
119
50
10
103
39
107
82
69
132
74
54
63
162
75
65
57
69
75
50
61
75
138
28
29
95
25
81
33
95
80
63
131
71
51
15
65
135
77
64
63
62
74
37
53
70
131
4
16
89
46
18
97
51
112
103
84
156
94
76
19
91
146
84
91
87
63
109
57
74
94
157
28
40
121
60
25
108
56
118
112
82
158
86
65
15
64
149
77
82
78
64
86
63
76
92
124
32
34
89
45
8
97
38
114
76
82
135
85
58
15
93
138
91
82
67
66
91
49
65
84
139
22
29
106
22
80
23
93
56
63
111
66
35
1
82
130
70
70
39
66
79
30
45
65
145
5
23
109
26
71
26
86
73
59
123
66
39
4
59
126
74
67
48
58
88
29
45
65
132
4
18
92
32
81
33
96
75
69
129
79
54
76
121
91
81
64
64
101
38
52
73
149
9
13
105
31
5
88
40
103
87
74
139
84
61
2
70
107
88
93
78
51
105
42
55
75
134
5
18
96
35
5
87
38
102
79
74
141
91
72
82
139
93
85
90
81
103
43
56
77
151
21
19
118
40
9
97
48
109
86
70
139
84
67
4
79
151
92
68
74
74
65
49
61
77
139
20
31
106
27
5
94
41
110
95
73
144
84
67
70
97
68
84
73
47
76
45
59
77
117
28
87
20
79
18
98
68
66
133
86
72
66
114
95
80
83
64
101
31
48
69
138
3
99
18
77
32
94
63
62
123
85
71
16
73
143
104
76
76
61
101
33
49
67
133
13
110
29
82
39
94
83
63
134
79
63
51
133
83
84
76
57
60
39
53
69
137
5
25
106
37
82
35
92
76
57
126
70
57
2
72
128
75
69
70
68
74
39
50
64
149
10
21
113
23
80
25
88
68
54
121
64
50
4
70
127
59
67
68
61
76
34
46
61
128
8
22
92
47
104
49
115
90
78
146
79
66
15
63
145
97
85
105
70
76
54
66
81
136
31
38
98
37
8
99
48
117
85
81
136
85
69
18
76
145
129
93
75
83
101
52
65
80
144
15
30
121
27
14
77
22
97
74
72
126
77
57
9
74
112
106
103
54
64
90
34
50
68
127
8
26
113
47
6
87
22
100
61
70
119
77
59
11
81
130
53
91
65
63
102
36
51
67
138
23
42
111
40
6
86
26
99
67
64
120
68
52
11
51
133
87
71
61
74
84
37
51
65
129
26
45
112
51
13
105
37
116
88
83
144
84
70
17
71
162
100
96
96
85
88
52
68
82
140
35
38
89
63
23
111
45
120
104
82
157
86
75
14
87
171
122
81
104
77
99
61
77
88
144
44
25
114
23
67
11
89
56
55
107
52
30
7
52
93
28
60
35
58
86
26
43
55
114
12
112
29
86
17
106
50
76
122
75
56
19
63
112
54
88
81
57
61
36
53
69
133
3
30
78
24
81
17
102
69
72
132
82
66
9
39
139
108
79
84
66
63
34
54
71
118
13
30
78
38
81
23
95
53
62
97
70
43
17
61
146
69
74
26
79
101
35
47
59
130
20
40
142
31
83
19
103
61
72
117
71
47
11
47
154
89
85
59
77
79
36
53
68
108
9
34
75
24
72
18
91
60
60
112
62
43
6
51
129
75
65
53
65
88
29
44
59
113
26
94
37
1
78
22
91
56
58
106
62
37
10
61
128
66
68
50
53
76
32
42
57
134
15
28
122
50
10
95
40
113
81
80
135
85
64
28
72
157
72
91
90
81
81
51
64
80
143
27
46
106
38
3
83
31
100
69
66
119
77
57
14
58
117
88
73
62
63
82
40
53
67
122
15
35
107
36
3
79
26
95
65
59
112
68
44
9
49
130
84
69
43
71
68
36
47
59
119
12
28
105
53
17
94
44
107
81
71
126
76
54
28
78
144
80
80
67
80
99
52
63
73
145
28
56
110
36
5
85
39
102
80
67
128
79
61
19
68
135
96
78
70
67
107
45
58
71
129
15
41
108
38
6
86
37
103
78
65
126
69
53
17
70
137
88
78
69
76
88
44
56
68
127
15
39
122
40
6
88
37
103
76
67
123
72
55
13
67
130
85
79
67
68
86
44
55
68
140
19
36
105
38
78
25
93
68
60
119
73
57
5
53
140
78
74
72
75
97
33
44
59
110
2
18
82
38
2
81
26
96
64
60
112
62
44
13
63
130
74
75
62
72
90
33
44
56
129
5
30
104
37
9
86
33
104
72
68
119
71
53
23
68
137
85
82
67
68
78
41
52
65
161
16
39
109
37
80
21
98
62
64
112
67
50
13
51
130
74
80
66
71
79
33
45
59
109
14
32
86
31
72
15
91
56
58
106
62
42
1
50
128
74
73
58
70
77
25
39
53
110
3
28
98
57
18
92
36
112
75
78
123
77
57
22
70
141
85
88
72
73
87
47
60
74
142
26
42
109
57
21
94
40
116
80
82
129
81
63
25
72
136
93
92
78
68
101
52
66
81
131
32
39
117
56
11
93
39
117
82
85
132
82
64
26
75
156
101
94
83
84
93
51
68
84
149
28
47
113
62
21
102
46
129
89
98
139
89
69
30
81
160
104
104
89
89
100
59
77
93
155
35
55
118
49
13
88
31
115
71
83
121
75
54
10
61
141
84
89
66
68
82
44
61
78
120
27
36
100
60
21
94
34
117
73
83
123
74
55
17
62
137
88
85
71
63
84
49
64
79
121
32
38
96
81
40
124
52
140
92
103
140
88
68
32
81
149
102
102
85
72
106
70
85
98
147
51
49
118
72
33
117
50
137
90
101
139
87
66
38
84
156
102
101
84
85
102
66
80
95
147
40
52
115
62
24
86
40
116
80
84
128
74
54
67
83
156
95
85
76
76
95
48
64
81
137
31
58
113
72
28
104
45
123
83
87
131
78
58
11
76
148
96
92
78
70
93
54
67
84
141
52
34
111
84
50
104
56
125
90
89
136
84
64
60
80
147
102
93
84
87
81
59
71
88
137
39
52
115
77
40
89
41
108
74
72
116
66
43
39
70
132
77
72
60
60
70
44
54
69
120
40
47
97
100
61
131
70
137
104
98
146
90
69
98
175
106
98
91
79
100
75
84
95
151
83
59
121
116
77
165
82
154
114
106
155
94
77
107
153
109
101
104
90
88
92
96
105
153
85
47
122
109
78
110
75
134
107
94
144
85
67
149
108
152
114
93
85
65
95
74
84
95
159
70
55
121
121
92
103
81
122
111
88
144
83
64
55
117
172
123
89
82
74
110
75
82
92
163
81
71
132
132
99
161
89
147
117
98
151
86
70
115
151
108
93
97
72
104
94
94
99
157
89
48
127
114
82
105
74
124
103
82
136
74
56
112
103
157
104
85
78
72
85
72
77
85
143
88
44
109
120
87
114
74
124
102
75
134
66
47
15
103
149
114
80
77
71
79
73
76
80
144
106
47
104
144
109
149
93
148
118
91
148
76
59
39
121
158
119
91
91
69
102
95
95
94
161
96
57
127
139
104
109
86
122
108
77
135
68
48
135
122
163
92
81
75
83
104
80
83
83
161
76
63
131
141
108
130
84
137
108
81
137
70
52
54
110
163
98
87
78
71
72
88
89
85
153
104
57
112
152
119
137
94
147
117
90
145
75
57
85
118
178
103
97
85
73
88
99
100
94
161
102
67
121
150
111
128
87
135
111
80
139
67
48
77
113
156
105
86
84
67
104
90
91
85
149
111
59
117
153
109
132
83
138
108
83
139
70
54
57
107
162
104
83
84
68
86
88
89
85
132
111
55
104
147
110
126
83
137
106
84
136
67
50
78
113
160
100
86
75
69
89
85
87
84
143
99
54
111
147
111
129
85
141
109
91
140
73
55
65
114
160
107
94
86
70
90
87
90
89
144
111
54
112
148
108
126
85
137
110
92
141
75
57
65
117
161
105
93
82
76
102
86
89
91
143
106
53
116
152
114
131
88
140
113
93
141
72
51
71
123
156
106
90
82
78
93
88
90
91
146
110
59
119
164
128
144
104
155
129
109
158
90
70
80
136
171
121
108
101
75
102
104
106
108
162
122
71
130
165
130
149
111
162
135
117
162
98
77
83
140
173
123
117
98
79
108
112
115
117
164
122
74
131
126
93
119
82
135
109
91
136
74
50
53
113
144
100
90
76
80
82
82
88
90
132
83
44
105
124
89
117
83
131
109
89
134
72
49
51
120
151
100
89
75
74
93
80
85
88
146
79
41
115
141
110
131
96
144
121
101
146
84
62
65
134
172
114
103
87
79
103
94
98
101
163
99
63
128
152
122
146
114
159
140
115
166
102
82
80
155
168
137
112
109
74
127
111
115
119
183
111
77
150
149
117
148
115
163
141
119
169
108
88
83
157
168
141
114
116
72
128
113
118
124
180
107
78
150
149
117
147
111
163
138
122
167
107
86
82
153
174
142
120
117
90
126
109
114
121
172
104
83
148
139
107
134
100
149
124
108
150
91
69
68
147
175
126
103
95
88
115
96
98
106
176
93
72
144
118
95
121
88
139
112
98
139
82
60
57
136
157
113
94
85
75
106
84
87
96
171
75
62
135
136
110
136
102
154
127
113
155
94
74
78
151
166
133
111
103
75
127
99
101
110
182
96
80
149
135
103
133
93
151
118
110
147
87
64
77
140
171
122
107
90
76
111
92
95
104
171
94
79
138
124
95
127
85
144
112
101
141
78
56
70
129
164
111
96
84
71
104
85
91
100
155
83
68
127
124
91
129
86
147
113
102
141
76
54
78
129
175
113
99
82
84
100
87
93
102
152
90
75
125
123
91
124
82
140
109
93
137
67
45
76
124
163
111
92
79
85
103
82
87
95
152
89
83
123
145
113
141
100
152
126
103
153
76
56
95
143
178
126
96
93
73
124
99
102
110
172
110
95
143
140
104
140
96
152
125
103
152
75
55
92
140
178
123
99
89
79
118
96
101
108
165
102
92
139
124
97
127
88
139
117
89
143
65
45
83
136
158
120
85
83
90
120
86
91
98
160
89
92
137
121
92
126
89
138
117
87
141
61
40
85
134
168
115
88
77
86
107
86
91
97
158
94
89
133
137
105
141
103
155
134
105
158
82
63
92
149
194
129
108
98
109
123
100
106
112
167
101
101
145
121
93
123
88
136
118
87
142
67
49
76
134
162
115
85
86
68
108
82
88
93
149
86
83
130
121
95
124
92
140
123
93
148
76
57
81
139
168
122
95
93
64
117
85
93
98
153
92
85
134
124
97
121
92
139
122
95
150
