20
43
10
2
39
11
2
2
10
7
21
165
20
33
12
44
5
14
6
40
16
3
9
11
25
163
27
5
34
21
39
4
13
4
42
12
3
7
11
24
159
27
50
14
45
8
16
3
47
15
1
9
13
27
170
27
47
12
45
11
21
7
49
19
3
10
18
31
169
1
21
36
23
42
14
23
10
46
17
7
8
10
20
33
162
2
15
11
40
16
42
11
21
8
45
16
4
3
8
20
33
164
19
41
18
43
9
18
4
45
16
10
19
30
160
21
42
18
48
13
19
5
48
23
14
22
31
165
20
40
16
45
8
15
1
43
14
1
13
19
28
161
19
3
40
22
46
6
11
44
10
12
18
25
161
9
38
27
46
4
8
45
13
11
17
23
163
9
28
14
32
3
27
3
4
6
18
16
143
7
37
34
17
32
3
2
32
8
2
8
16
14
150
13
40
3
43
21
34
1
30
4
1
9
14
13
151
19
38
23
21
17
29
2
6
27
5
5
4
3
16
16
138
15
37
6
17
19
29
1
12
3
31
11
12
5
6
2
21
22
138
24
38
31
18
35
6
19
10
4
37
18
18
6
10
7
26
29
145
29
41
15
7
31
7
22
1
13
7
34
18
3
19
15
12
3
29
32
140
24
47
16
8
8
26
2
18
9
3
24
8
10
1
11
27
30
129
19
46
25
12
28
5
20
1
11
4
29
11
12
2
12
1
29
32
135
21
40
34
14
33
7
11
26
6
19
10
37
19
5
20
2
13
17
4
34
37
145
19
43
33
15
34
1
9
25
6
18
8
33
18
5
16
1
13
14
5
35
37
141
14
44
26
26
15
27
5
1
16
8
30
14
3
4
4
13
29
30
138
5
43
12
17
14
22
11
5
23
3
5
12
26
27
128
2
45
29
15
29
14
6
29
5
2
7
5
9
5
29
30
135
46
37
17
33
3
12
4
30
7
3
1
14
8
30
30
141
52
20
27
15
30
10
1
27
3
8
4
30
28
137
44
13
18
16
29
2
12
30
8
1
3
6
1
32
29
131
2
30
32
8
34
8
19
5
8
5
39
16
12
13
10
4
37
35
141
15
23
28
10
37
11
20
5
7
5
41
19
9
5
12
6
37
35
145
2
25
16
28
13
40
1
10
18
4
5
5
39
16
7
5
11
5
37
33
141
26
21
31
8
41
14
22
6
9
7
43
21
13
14
10
5
39
36
143
3
18
21
16
38
12
21
5
8
8
43
22
13
13
15
5
37
33
140
6
23
19
21
39
10
19
5
8
9
46
22
14
1
10
19
7
34
31
146
7
32
41
12
39
9
16
5
5
9
51
24
2
14
16
19
6
34
29
152
7
30
11
32
9
35
4
9
3
44
17
1
10
9
14
3
31
23
142
5
26
24
12
34
3
39
11
3
11
5
28
18
140
2
23
36
13
34
2
2
39
12
1
6
12
7
28
17
143
6
24
34
15
34
3
40
15
5
7
10
7
28
16
143
4
27
21
30
12
34
3
5
43
15
8
9
13
5
30
18
142
7
22
28
13
38
5
9
1
44
17
3
12
18
21
6
33
21
141
21
5
32
13
41
8
13
3
48
23
1
17
23
22
9
33
23
145
32
3
5
32
17
37
7
13
1
42
22
1
15
8
18
7
31
22
141
7
13
39
29
18
37
5
5
12
1
41
22
5
13
20
4
31
22
140
2
23
29
17
36
4
4
11
39
19
1
15
1
15
4
29
20
138
25
4
34
14
38
2
4
10
39
20
10
19
11
7
29
19
141
59
16
1
31
11
43
11
15
47
25
12
16
15
10
34
23
144
118
5
26
25
16
39
9
14
38
17
14
4
4
8
34
22
137
164
14
31
17
42
2
11
15
42
22
8
13
2
9
35
21
141
218
33
18
40
13
16
43
18
6
3
4
9
36
22
139
296
22
10
35
13
19
39
16
16
12
8
38
25
133
336
14
20
33
15
21
40
21
13
16
6
42
28
134
307
28
22
28
12
19
41
16
14
13
3
42
28
134
242
23
8
29
8
17
40
14
11
3
7
7
42
28
134
155
9
25
5
34
6
16
39
13
11
4
12
7
43
30
133
59
12
35
25
9
33
5
16
2
43
16
10
8
13
6
43
31
136
15
36
21
13
34
6
16
2
44
16
9
10
15
6
43
30
138
5
26
8
38
8
18
3
3
4
50
20
12
14
20
7
42
30
142
32
10
41
14
22
8
9
9
57
27
5
20
4
17
26
10
45
35
146
53
16
25
7
43
17
23
9
9
10
59
30
11
22
1
26
25
9
47
36
146
88
36
25
10
41
14
19
8
5
10
57
29
7
18
3
22
28
3
46
32
144
120
8
30
5
42
11
14
4
6
56
24
14
2
9
24
3
43
28
146
107
28
1
41
7
8
1
55
21
8
9
17
6
39
23
145
69
21
7
35
1
2
43
14
1
10
16
5
34
16
132
27
23
16
6
35
43
11
13
3
31
12
132
44
20
4
36
3
3
46
17
5
9
14
4
31
12
133
42
21
9
35
1
2
43
14
4
11
10
7
29
9
129
39
19
18
36
2
2
44
16
6
6
9
9
28
7
131
42
21
22
6
41
8
8
50
23
12
18
11
8
33
12
136
31
19
20
7
38
6
7
47
22
7
12
11
6
33
11
131
36
31
12
37
4
8
42
20
11
13
16
8
33
12
130
31
5
24
7
36
5
12
43
19
18
15
19
8
36
17
130
26
49
15
12
34
6
15
44
21
16
7
17
6
39
20
129
36
36
20
13
34
9
19
1
44
22
19
16
17
3
43
25
129
44
18
1
33
13
23
3
1
46
28
2
17
16
18
3
46
29
130
29
14
33
14
23
2
42
25
1
17
7
14
5
48
30
129
22
16
18
9
37
12
18
43
16
13
3
14
6
45
26
131
34
6
7
34
3
35
3
11
14
40
15
1
5
5
43
22
129
25
12
22
3
31
11
14
40
14
5
4
5
43
22
128
12
21
15
12
35
9
12
43
17
6
11
7
41
19
125
30
13
18
13
32
1
3
7
37
9
6
4
39
16
122
42
5
11
18
13
32
2
4
41
8
6
3
39
15
125
31
20
12
32
4
40
11
5
4
38
15
123
22
16
18
29
1
3
38
11
6
1
6
37
15
123
29
18
22
15
32
4
41
12
5
6
7
39
17
124
37
1
25
27
8
35
5
9
48
18
6
6
20
7
42
21
132
37
30
15
39
7
9
52
21
7
13
16
9
43
21
136
37
29
14
41
10
13
51
25
12
12
20
10
44
23
133
48
22
13
40
14
17
1
54
31
19
20
22
9
47
25
132
61
2
5
21
2
40
15
18
3
2
54
32
19
22
27
5
47
26
128
53
3
22
40
16
19
5
4
56
33
2
19
21
30
3
48
26
131
60
23
6
37
14
17
6
6
53
28
1
16
1
28
30
4
46
25
129
63
26
9
37
11
15
8
8
54
24
5
18
5
24
32
4
45
24
130
66
9
30
11
37
7
14
10
10
54
27
8
17
6
22
35
3
45
25
131
67
30
4
39
15
1
22
17
4
17
53
32
12
23
12
24
40
3
49
32
130
67
20
10
40
20
3
28
19
8
19
57
37
12
27
12
20
37
6
51
35
131
75
18
9
37
19
5
28
22
10
23
53
36
13
25
16
26
42
6
52
36
127
74
4
1
21
8
37
4
21
3
29
20
9
21
53
34
11
30
12
28
39
5
52
36
127
74
2
4
21
13
37
1
18
26
16
5
17
53
36
8
26
9
17
36
4
50
31
127
74
4
22
11
39
20
28
16
8
18
54
40
11
26
11
24
37
7
51
32
127
85
6
22
16
39
1
18
27
14
8
16
54
35
13
33
9
35
37
9
49
29
126
97
3
30
23
11
39
1
16
25
11
6
14
51
33
9
32
7
22
37
8
47
27
124
78
2
25
28
4
41
18
27
11
5
11
52
35
12
32
3
32
35
8
48
27
127
84
1
23
15
38
16
25
7
3
7
53
32
9
32
2
30
36
8
45
25
130
92
3
15
18
36
1
17
26
7
4
6
51
33
6
31
3
23
37
9
45
26
123
90
10
4
20
5
41
18
27
8
4
4
52
34
10
31
32
35
6
48
28
123
90
12
8
14
36
14
25
4
47
29
3
28
22
28
1
47
26
119
85
6
14
2
33
12
22
47
27
24
12
22
1
46
24
120
102
4
13
2
32
11
19
46
25
20
17
20
1
46
22
120
79
12
10
29
8
16
38
20
15
16
12
1
44
18
112
69
6
13
12
27
3
9
34
13
5
9
42
14
113
75
21
1
7
32
12
5
9
42
14
105
73
1
18
3
28
7
6
2
39
11
99
78
7
5
4
27
2
33
10
2
8
6
40
12
108
61
44
2
29
1
4
32
13
4
2
10
3
42
15
104
72
22
1
25
1
29
7
5
3
10
1
40
14
100
71
1
9
4
28
3
32
10
16
5
42
16
104
63
25
6
1
28
3
9
1
33
14
7
7
25
7
45
23
102
72
7
57
3
5
28
3
10
2
33
13
8
9
20
5
45
23
101
59
12
34
5
26
3
10
3
32
12
4
24
4
45
23
101
63
8
6
26
6
14
6
2
37
16
9
15
28
4
46
26
104
67
16
11
10
5
29
9
16
7
2
36
16
2
7
9
23
7
48
27
105
55
30
45
10
1
32
16
23
11
8
41
27
2
14
1
16
30
7
54
34
111
49
27
41
1
34
19
28
15
1
14
47
28
4
21
6
26
31
6
57
37
115
50
17
6
9
33
19
28
14
3
15
48
28
6
23
7
20
33
9
56
36
118
50
25
32
12
37
19
26
12
2
13
56
34
7
19
7
15
37
11
54
34
128
49
38
26
27
7
41
1
18
25
15
3
16
55
30
12
22
11
25
41
9
54
34
129
49
34
22
10
8
36
17
23
15
4
16
52
31
11
21
10
23
43
6
53
33
117
41
21
10
11
34
1
15
19
11
1
13
55
30
7
18
7
13
38
7
50
29
117
29
13
12
6
34
2
12
16
9
13
49
26
8
16
9
25
37
7
46
24
116
26
16
14
6
31
9
12
9
12
45
22
11
14
8
19
41
5
44
22
108
35
12
35
3
1
31
1
6
8
6
9
46
20
7
8
6
13
36
3
42
19
109
28
4
9
5
6
32
5
6
4
7
46
22
5
11
4
21
36
4
40
17
109
33
5
8
5
34
7
9
4
7
48
25
6
17
4
21
43
9
41
17
112
31
12
32
6
5
34
6
10
5
6
46
23
8
14
1
25
37
9
43
19
109
22
14
47
7
11
33
5
9
3
2
44
20
6
13
21
30
6
43
19
108
20
9
26
2
8
30
9
15
2
40
23
12
3
27
5
45
22
106
10
14
8
26
9
18
5
38
24
17
6
23
3
49
27
102
12
21
34
26
9
20
6
37
19
16
9
23
3
50
30
101
4
17
62
26
11
20
4
38
20
9
9
20
2
50
29
99
16
24
24
10
19
2
34
18
14
8
18
1
49
27
94
22
6
23
8
16
32
17
9
4
17
3
47
25
94
20
22
28
10
16
40
20
12
14
15
3
47
23
100
13
53
29
11
17
38
22
16
13
17
3
49
25
98
9
14
46
1
2
30
10
14
40
23
12
7
24
5
48
22
101
10
12
16
1
2
34
14
17
47
27
14
13
25
10
49
23
108
17
15
19
11
1
26
10
14
40
23
13
19
23
9
48
21
102
3
27
58
7
2
29
1
7
11
39
17
14
13
21
5
46
18
99
1
22
63
12
7
39
4
10
14
45
24
15
12
27
9
48
18
105
23
1
28
10
8
35
10
14
46
23
17
16
32
9
47
18
108
22
3
34
9
29
9
13
43
25
19
20
35
8
46
18
99
25
20
68
6
15
29
8
11
48
26
2
20
28
40
9
45
17
103
21
19
56
14
11
34
11
13
4
58
30
2
23
2
25
42
9
47
18
115
39
17
11
9
4
32
12
15
6
10
53
31
7
23
9
20
46
9
48
21
109
47
23
2
1
29
1
10
12
4
8
50
26
5
18
5
21
46
9
47
19
105
31
23
32
2
28
4
8
9
3
5
47
24
3
12
3
22
43
5
45
17
99
29
18
42
29
10
10
6
7
45
24
4
13
5
23
44
5
48
19
96
27
14
10
30
9
7
6
7
41
19
3
4
4
9
41
5
48
20
97
36
10
10
30
8
7
7
8
38
18
7
6
12
41
9
48
20
95
30
14
42
13
34
10
11
8
10
43
22
2
17
5
27
40
10
49
21
99
17
19
75
3
3
29
5
8
6
9
37
16
10
3
13
39
7
46
20
95
14
14
41
4
26
4
9
6
8
37
16
2
6
5
35
7
46
20
95
23
18
17
7
25
1
5
12
6
9
36
15
11
2
36
8
46
22
90
18
37
41
5
22
3
6
17
9
11
34
16
11
2
15
38
5
48
25
84
23
38
63
24
3
9
21
10
9
39
20
16
13
35
3
50
28
92
20
26
37
1
27
16
30
16
7
15
44
28
5
27
4
18
43
6
56
34
93
27
14
11
5
31
22
2
37
18
12
16
48
34
4
33
5
31
40
10
61
39
96
32
5
26
2
27
17
2
32
14
6
9
41
28
6
23
18
36
8
60
36
91
23
50
24
16
1
31
13
4
7
40
27
7
26
23
39
4
58
35
90
26
29
1
25
12
27
7
40
25
24
17
38
3
54
30
93
16
25
11
25
2
42
28
20
10
34
4
52
27
91
19
3
23
9
20
39
25
16
11
30
4
50
24
89
14
37
14
3
16
28
12
15
4
27
2
50
22
80
5
31
16
5
16
32
15
12
11
20
3
52
22
82
11
18
3
12
27
10
7
5
20
4
50
20
78
5
6
16
3
13
25
7
11
9
23
4
50
20
78
8
42
20
6
14
34
9
10
12
26
6
52
22
86
14
30
7
23
6
14
36
18
12
13
33
4
51
21
84
12
1
2
25
8
14
44
29
16
23
33
6
48
20
93
10
10
6
27
3
9
48
23
20
28
37
8
45
17
101
17
32
4
20
1
5
39
18
1
15
18
39
4
42
13
87
16
41
1
18
1
1
3
36
20
10
9
36
2
42
12
78
5
3
1
22
37
16
6
10
31
4
40
8
83
5
1
22
2
36
14
4
28
6
40
8
80
1
5
22
2
33
13
1
7
32
6
42
9
78
5
19
21
1
2
31
9
1
30
3
44
12
78
3
24
7
8
38
18
1
10
1
35
4
47
17
83
7
25
6
9
2
40
20
7
11
1
28
45
6
46
18
86
12
17
2
25
7
12
7
5
43
22
5
14
3
14
45
5
47
20
86
18
38
11
30
11
1
18
14
13
49
30
11
18
8
17
45
7
51
26
92
13
1
6
4
3
32
5
15
6
22
20
1
19
50
33
13
22
13
33
52
7
53
30
94
11
1
2
37
2
22
9
28
27
11
28
56
37
22
30
24
33
57
10
56
35
96
30
3
2
8
41
4
25
9
32
29
14
31
59
40
23
33
25
36
60
15
57
37
100
35
6
20
3
7
39
3
25
10
33
29
14
31
59
39
19
32
24
33
58
12
56
36
98
25
3
11
33
4
23
10
33
29
14
30
56
36
23
30
26
28
60
8
56
37
1
95
19
6
33
5
24
10
34
27
15
28
54
36
21
29
22
30
57
9
58
38
93
21
1
34
3
23
11
36
27
14
26
51
39
20
28
20
32
54
7
59
39
87
24
21
4
24
6
17
10
32
24
10
20
45
28
19
26
14
25
52
3
58
37
82
10
16
5
21
3
15
10
31
22
8
16
45
27
13
22
12
16
49
2
57
37
83
6
20
1
13
11
31
23
9
15
46
27
17
28
14
11
52
3
57
38
86
12
7
19
14
12
32
24
12
16
47
27
20
32
14
25
54
3
58
40
3
88
14
14
43
8
23
16
11
33
22
10
12
51
31
17
30
11
39
49
3
59
40
89
17
14
50
3
23
1
16
11
30
20
6
7
45
26
17
29
8
32
48
4
60
39
82
24
5
8
1
2
37
2
22
9
28
27
11
28
56
37
22
30
24
33
57
10
56
35
96
30
3
2
8
41
4
25
9
32
29
14
31
59
40
23
33
25
36
60
15
57
37
100
35
6
20
3
7
39
3
25
10
33
29
14
31
59
39
19
32
24
33
58
12
56
36
98
25
3
11
33
4
23
10
33
29
14
30
56
36
23
30
26
28
60
8
56
37
1
95
19
6
33
5
24
10
34
27
15
28
54
36
21
29
22
30
57
9
58
38
93
21
1
34
3
23
11
36
27
14
26
51
39
20
28
20
32
54
7
59
39
87
24
21
4
24
6
17
10
32
24
10
20
45
28
19
26
14
25
52
3
58
37
82
10
16
5
21
3
15
10
31
22
8
16
45
27
13
22
12
16
49
2
57
37
83
6
20
1
13
11
31
23
9
15
46
27
17
28
14
11
52
3
57
38
86
12
7
19
14
12
32
24
12
16
47
27
20
32
14
25
54
3
58
40
3
88
14
14
43
8
23
16
11
33
22
10
12
51
31
17
30
11
39
49
3
59
40
89
17
14
50
3
23
1
16
11
30
20
6
7
45
26
17
29
8
32
48
4
60
39
82
24
5
8
12
6
27
8
7
5
27
42
15
63
5
15
10
1
21
3
1
32
39
12
57
5
32
10
1
20
2
2
27
2
39
12
58
1
59
9
3
1
21
5
3
5
28
40
13
54
36
10
4
3
25
7
4
30
40
15
56
1
6
12
5
10
7
3
32
17
3
6
12
35
1
42
19
63
15
27
12
10
2
14
10
7
40
25
6
13
3
13
42
44
22
70
34
63
21
15
5
19
16
14
48
27
11
20
10
18
48
47
27
79
45
55
24
17
9
24
21
20
51
31
13
27
14
29
51
50
31
78
47
10
21
1
13
9
20
20
19
51
30
14
22
14
31
54
47
29
77
31
4
21
8
5
14
17
15
50
23
12
17
13
19
51
43
25
80
23
35
16
1
2
7
13
10
42
17
11
9
9
7
48
41
21
72
19
31
16
5
11
8
41
15
9
5
7
18
47
40
19
72
17
15
5
9
4
41
15
5
8
3
15
42
40
19
75
25
6
5
8
2
33
13
5
7
3
9
43
39
19
62
28
18
6
1
9
9
3
33
14
4
9
5
12
45
43
22
60
26
32
6
5
13
8
1
34
16
2
14
21
41
47
24
61
21
