5
13
2
3
22
8
267
8
8
11
2
2
16
15
11
294
14
6
1
12
5
1
2
10
41
297
40
15
6
1
10
59
35
16
28
3
2
281
13
9
4
12
18
14
3
8
282
10
3
1
10
7
10
7
6
15
9
294
8
1
4
3
17
7
2
9
289
54
1
2
5
2
9
261
6
5
1
30
1
3
9
244
10
10
13
20
255
1
7
259
59
7
4
6
12
8
5
6
7
242
1
12
5
2
1
2
10
3
36
34
4
6
5
17
2
13
9
229
13
2
4
6
9
18
10
21
20
10
12
14
15
20
225
3
6
11
9
5
19
8
27
59
16
17
13
35
242
5
10
1
8
2
9
14
25
14
21
31
8
11
34
25
1
235
36
3
1
18
14
10
23
7
25
21
4
20
14
16
3
222
7
18
16
2
26
10
30
39
25
24
10
50
11
229
16
19
6
30
11
16
46
37
4
19
2
264
16
18
10
22
1
16
13
56
9
6
266
45
14
11
7
15
40
21
29
21
18
22
16
232
3
11
3
1
10
23
70
24
37
20
223
6
1
8
2
10
7
38
84
7
25
25
8
221
2
6
6
9
3
42
18
24
4
22
25
10
222
23
8
7
10
9
6
36
45
6
209
2
14
14
52
33
3
18
3
199
2
10
15
2
15
7
11
8
219
7
15
12
2
2
5
13
10
11
6
4
21
8
231
55
10
20
6
4
7
9
42
43
24
14
6
1
21
9
212
11
3
5
4
3
2
12
10
4
2
17
1
197
1
11
6
29
29
18
1
209
2
2
5
3
23
45
22
9
12
4
229
52
6
16
3
14
9
225
29
2
28
56
1
7
11
207
3
16
1
6
215
8
1
234
45
3
19
22
233
43
8
3
19
17
5
12
3
220
4
9
2
37
39
9
4
12
223
11
7
7
11
6
1
13
240
5
11
13
21
4
13
5
1
15
236
21
10
16
10
11
2
11
18
22
24
5
11
213
16
17
1
4
16
8
11
220
9
13
15
8
3
40
7
8
3
9
17
236
8
19
14
9
16
46
37
6
1
11
33
236
34
4
5
23
13
8
10
27
20
4
1
37
215
4
2
28
15
13
34
32
9
17
13
5
16
22
192
5
11
2
1
18
16
14
34
14
34
12
8
20
5
34
16
207
10
1
5
6
16
18
13
34
1
17
12
13
12
18
21
220
35
2
23
8
7
28
25
23
10
29
40
37
22
37
1
6
47
202
4
21
5
6
14
27
34
26
4
26
8
22
35
26
40
9
14
43
205
11
4
17
14
23
19
14
18
20
33
4
43
1
13
234
16
1
15
12
12
14
7
15
65
19
22
2
28
14
34
247
61
17
8
16
27
9
17
11
28
44
8
5
16
3
49
224
17
6
7
8
6
9
9
32
5
14
13
43
201
5
2
20
15
13
18
34
206
49
15
212
37
6
12
202
17
5
3
22
193
3
11
2
8
20
28
213
8
5
15
244
32
4
6
249
36
2
3
1
3
1
4
225
1
12
48
1
1
1
14
216
1
1
25
17
7
224
18
2
219
31
2
205
1
220
2
249
26
12
13
5
253
84
12
17
240
6
32
16
230
25
14
235
25
3
2
233
72
3
18
204
4
65
185
6
9
1
211
5
4
4
21
5
230
43
1
5
2
27
21
216
6
4
2
2
13
29
213
7
6
5
1
6
3
4
7
229
10
4
4
5
23
4
234
51
3
5
6
23
23
10
214
21
5
5
3
7
14
15
22
181
2
3
13
30
1
3
18
48
26
182
3
2
5
16
33
6
16
9
32
203
47
3
1
6
5
5
2
14
3
21
204
37
3
4
26
19
37
12
27
39
18
10
204
6
3
1
6
4
12
23
10
41
28
217
3
4
7
1
11
7
17
23
8
15
31
9
23
239
35
4
15
5
7
1
13
19
4
7
35
28
14
18
7
22
31
244
70
17
7
4
17
2
31
14
12
4
6
31
7
34
219
6
10
10
5
5
13
28
12
9
40
50
38
23
25
34
213
5
13
10
5
5
10
14
13
8
52
3
75
2
12
2
23
44
224
30
1
15
7
9
3
10
1
21
11
14
12
12
35
227
65
13
5
9
2
7
9
13
10
11
6
26
208
4
15
5
9
2
16
19
17
7
20
21
25
23
27
14
17
208
15
20
12
2
5
12
20
8
27
31
16
7
8
39
12
242
12
16
6
1
4
20
19
8
41
33
13
6
10
41
18
251
43
6
18
2
3
7
21
25
17
28
53
25
14
36
19
50
4
25
230
1
19
4
1
10
26
15
10
20
53
23
25
7
4
3
30
208
7
20
4
14
23
16
24
24
10
19
15
21
6
21
47
216
2
11
2
1
5
28
15
27
23
66
12
10
22
17
10
25
230
49
8
4
4
8
24
9
27
10
2
18
6
1
13
26
214
6
8
3
5
23
6
20
1
9
8
8
2
4
28
196
3
4
12
5
24
5
20
23
20
23
2
8
7
28
210
5
2
4
27
8
34
22
19
12
15
14
33
235
47
2
1
21
7
41
1
37
3
5
23
228
12
2
13
31
8
215
5
4
3
18
1
5
226
5
6
2
59
4
12
244
65
3
15
5
234
63
11
28
2
8
4
201
4
2
9
62
14
19
200
67
10
210
37
2
5
8
4
13
27
205
51
9
17
183
4
1
14
4
1
182
7
6
12
208
4
8
9
10
10
209
53
7
186
1
12
3
185
5
9
7
31
10
199
5
15
10
2
8
198
41
1
4
14
34
21
16
185
6
2
6
8
22
17
36
14
21
186
1
8
1
4
10
11
1
1
4
211
9
4
5
1
19
38
8
13
17
12
224
43
7
6
1
4
3
15
18
11
5
15
16
24
216
1
12
3
1
12
22
7
1
25
29
33
10
37
208
2
1
1
9
18
9
18
18
20
24
220
1
1
7
7
7
33
7
29
5
18
2
29
228
56
4
1
8
6
11
9
17
19
203
8
6
2
7
4
15
11
23
183
7
30
10
12
12
8
9
12
86
87
14
54
3
5
26
54
193
22
5
9
13
10
7
5
23
26
10
28
3
15
5
38
208
21
12
5
1
15
10
4
37
204
21
7
3
3
27
6
4
11
12
28
190
6
8
4
12
28
198
7
1
1
57
27
217
24
7
1
1
10
14
5
13
27
201
45
5
4
3
19
168
1
2
4
2
23
158
18
170
10
176
27
2
5
164
5
171
2
200
18
7
207
43
1
194
4
24
4
9
178
1
2
22
5
34
187
3
1
1
3
42
195
71
4
7
8
8
18
33
2
45
189
23
4
7
9
3
10
11
31
9
2
35
187
3
3
5
7
4
1
35
45
14
9
11
4
47
204
5
8
5
8
21
14
22
9
1
4
54
229
90
9
1
6
9
10
33
28
2
21
219
45
7
15
24
13
9
1
6
34
206
8
10
5
19
29
211
11
3
1
30
216
71
1
17
3
6
5
12
202
77
1
1
6
50
10
20
20
180
5
13
6
18
185
5
3
5
9
25
27
7
1
13
6
8
25
200
28
8
1
1
2
27
36
49
1
12
6
8
44
194
45
21
3
1
5
17
43
17
5
1
3
56
183
11
6
3
5
13
1
44
35
45
15
9
5
1
29
187
11
4
1
16
3
3
8
2
27
7
11
8
23
205
43
8
1
3
23
3
2
32
7
27
207
67
1
91
4
43
2
7
185
5
36
8
180
3
21
198
24
14
10
2
23
208
72
9
9
1
24
196
3
6
14
8
3
41
193
5
3
7
12
2
16
28
1
39
224
2
12
18
4
5
7
1
24
245
75
3
11
3
14
2
10
16
227
21
9
13
9
4
17
11
4
204
5
11
12
23
38
8
12
8
203
1
3
4
74
2
24
211
43
2
1
2
3
20
193
11
2
6
34
75
7
10
34
174
5
23
28
9
28
189
2
1
7
21
213
40
3
3
13
6
27
212
41
3
3
8
9
25
199
7
2
29
29
14
34
193
6
9
16
13
38
198
36
5
5
10
11
26
194
47
3
43
6
173
5
11
12
23
38
8
12
8
203
1
3
4
74
2
24
211
43
2
1
2
3
20
193
11
2
6
34
75
7
10
34
174
5
23
28
9
28
189
2
1
7
21
213
40
3
3
13
6
27
212
41
3
3
8
9
25
199
7
2
29
29
14
34
193
6
9
16
13
38
198
36
5
5
10
11
26
194
47
3
43
6
173
14
4
1
9
4
22
10
18
18
33
8
9
18
35
29
15
62
204
8
8
13
11
24
9
26
11
33
16
2
2
2
6
40
215
4
14
14
8
10
2
1
35
25
23
6
3
46
225
38
6
1
4
11
21
10
3
60
38
1
17
34
34
12
63
218
20
3
3
14
21
25
18
23
15
1
37
15
74
14
55
207
3
18
17
23
16
2
7
19
10
65
216
7
21
21
28
18
25
17
19
21
52
231
39
4
20
11
28
17
53
20
13
29
46
225
26
4
19
22
27
20
22
12
18
54
202
9
19
23
23
17
18
7
30
8
31
203
5
16
15
19
14
29
10
13
5
3
37
227
8
6
10
7
10
3
2
3
26
229
30
1
3
2
39
5
14
220
2
7
1
2
1
9
25
215
2
4
9
14
216
6
16
10
17
215
41
8
8
13
198
11
12
179
1
1
9
20
188
7
7
19
195
42
2
5
9
188
4
1
2
2
9
44
193
10
2
6
25
3
10
45
220
3
5
15
1
19
240
52
2
23
223
1
3
23
24
208
6
16
25
3
36
210
7
13
24
213
20
7
7
3
24
205
5
1
37
1
30
197
8
27
15
8
1
25
213
7
18
17
230
45
25
1
30
217
25
3
3
34
197
5
18
195
1
6
3
199
8
49
27
4
17
184
2
3
33
177
3
1
24
181
6
1
33
3
32
198
3
2
47
202
41
5
4
2
1
18
5
7
27
183
11
5
5
7
22
8
21
32
173
4
2
12
14
1
27
37
185
5
7
6
1
16
16
31
182
75
12
2
2
1
5
3
19
9
17
2
5
54
155
6
11
12
34
140
4
3
5
1
14
17
10
1
10
22
16
3
31
156
7
2
5
4
16
7
16
1
1
109
14
2
49
177
27
6
3
12
20
17
2
25
37
10
2
54
178
1
19
5
24
7
31
18
44
18
24
19
37
47
1
21
69
172
18
7
11
5
21
17
16
9
14
1
32
17
15
21
36
1
57
184
14
5
15
23
7
16
5
10
16
18
15
8
10
16
61
194
46
14
2
12
20
18
3
9
41
19
5
5
16
65
181
31
16
4
5
12
4
10
39
47
9
7
19
1
4
63
170
14
10
6
9
10
10
45
20
5
11
19
1
13
62
174
10
10
1
2
4
11
22
41
5
12
2
3
5
7
56
182
72
7
10
1
4
54
26
13
10
41
1
3
6
54
169
51
5
3
7
9
1
11
48
14
2
23
53
152
9
3
8
4
20
57
40
30
4
60
161
7
2
5
4
16
7
16
1
1
109
14
2
49
177
27
6
3
12
20
17
2
25
37
10
2
54
178
1
19
5
24
7
31
18
44
18
24
19
37
47
1
21
69
172
18
7
11
5
21
17
16
9
14
1
32
17
15
21
36
1
57
184
14
5
15
23
7
16
5
10
16
18
15
8
10
16
61
194
46
14
2
12
20
18
3
9
41
19
5
5
16
65
181
31
16
4
5
12
4
10
39
47
9
7
19
1
4
63
170
14
10
6
9
10
10
45
20
5
11
19
1
13
62
174
10
10
1
2
4
11
22
41
5
12
2
3
5
7
56
182
72
7
10
1
4
54
26
13
10
41
1
3
6
54
169
51
5
3
7
9
1
11
48
14
2
23
53
152
9
3
8
4
20
57
40
30
4
60
161
14
6
10
5
56
35
44
12
5
39
62
187
31
2
19
23
7
3
51
179
56
3
16
2
34
155
1
12
26
9
4
39
161
2
1
7
24
169
27
2
6
24
158
55
3
25
46
25
11
13
35
133
18
3
5
12
6
37
128
21
70
13
10
23
41
154
12
13
4
3
30
157
38
9
1
1
2
41
143
5
1
3
26
2
30
148
11
5
3
2
35
164
3
1
2
1
25
170
61
4
1
1
153
6
9
25
1
7
16
130
9
1
1
2
14
134
7
1
6
1
12
1
4
3
147
38
8
1
4
7
4
43
4
4
148
14
8
6
10
1
7
32
46
7
159
20
3
3
3
10
3
34
12
6
23
177
20
5
15
7
7
29
52
10
2
30
24
31
196
34
7
1
1
1
3
16
19
11
2
31
197
32
1
11
17
23
172
2
21
24
168
1
18
187
41
4
187
49
172
188
10
4
210
8
6
6
15
4
204
69
8
7
19
17
192
9
9
19
183
5
7
20
26
196
21
15
11
1
4
191
64
5
1
19
4
8
167
1
24
44
3
47
164
5
7
31
192
6
13
218
59
27
9
15
212
2
10
9
24
197
6
8
29
11
9
38
214
4
12
9
1
31
225
50
1
9
1
21
206
9
3
12
4
31
196
6
4
5
13
33
1
34
204
1
8
7
3
8
216
1
9
12
2
11
207
4
13
5
5
180
7
4
4
3
3
33
1
1
3
185
2
7
1
6
16
1
4
1
3
7
196
5
3
9
4
2
175
28
2
9
41
55
2
7
144
5
13
24
4
21
139
1
5
11
157
13
17
5
4
159
14
2
21
3
142
2
29
141
6
15
3
7
41
161
8
2
3
9
31
35
1
6
166
20
6
3
8
4
2
30
4
7
9
163
3
1
2
5
13
4
9
169
3
6
6
9
5
30
3
3
188
4
6
6
10
41
3
11
4
11
192
47
1
4
1
7
9
9
2
2
19
171
5
1
1
7
13
4
1
35
13
9
4
28
153
2
2
9
7
9
3
10
29
4
7
41
168
4
11
4
2
4
1
3
24
185
45
6
13
1
8
179
16
3
14
3
23
4
3
13
170
3
12
10
3
39
20
13
6
14
179
1
12
6
2
18
11
6
4
193
65
12
14
48
25
14
7
20
183
77
20
3
11
24
10
23
23
8
27
55
164
12
3
8
36
5
15
168
16
4
11
1
17
5
3
183
50
18
5
11
3
27
17
7
1
4
22
185
62
17
2
4
2
15
9
10
19
10
14
6
5
1
9
30
174
15
1
8
7
1
36
4
6
15
6
19
43
175
9
9
1
3
3
2
3
12
202
35
9
10
3
6
203
84
7
5
8
36
40
3
8
179
6
7
6
4
15
4
1
174
5
3
5
189
8
2
3
47
9
5
5
7
202
71
3
22
2
13
23
9
23
182
1
2
2
25
8
3
20
167
4
10
4
1
16
2
16
182
2
6
12
7
1
10
198
77
5
48
48
41
5
4
33
184
42
1
3
20
52
6
13
7
13
46
165
3
17
3
15
8
27
180
6
26
2
35
17
15
27
181
68
7
10
15
16
52
27
162
21
7
9
14
5
10
5
5
24
154
3
7
16
2
7
32
2
12
2
8
39
164
5
4
7
16
7
24
11
25
188
56
5
4
2
8
20
189
45
9
10
1
16
181
1
6
3
53
7
1
14
189
3
24
5
23
192
41
5
7
1
16
172
48
8
6
1
16
8
3
16
5
43
142
9
8
1
3
2
4
4
3
7
2
14
140
3
10
3
4
1
171
6
1
19
73
7
3
183
31
2
7
10
7
1
16
33
7
171
5
11
12
2
21
171
3
11
187
1
18
196
55
27
175
4
9
2
168
8
81
3
182
1
1
7
6
174
36
7
3
7
3
41
4
158
8
3
20
4
7
148
10
3
9
5
167
7
20
8
4
184
39
15
6
13
16
171
17
2
3
8
152
5
9
7
2
152
12
8
38
7
24
168
3
11
7
16
13
16
40
16
163
5
14
9
21
3
145
11
9
13
5
30
156
9
10
1
28
47
8
19
3
19
190
12
10
12
45
193
19
1
2
6
9
1
2
4
165
3
5
9
9
8
165
4
8
10
25
3
8
184
14
2
10
4
3
20
30
1
3
29
175
22
17
2
4
15
16
17
89
18
18
28
148
18
6
10
19
23
2
9
7
5
5
17
145
21
13
13
16
13
13
6
9
176
26
9
7
13
5
32
13
16
2
7
20
16
189
11
30
6
2
10
8
2
23
40
8
3
8
5
17
172
29
1
4
3
12
12
9
14
8
18
3
1
26
169
25
3
1
9
6
13
10
1
5
17
3
186
22
5
14
15
11
24
5
198
42
38
2
2
4
7
12
5
19
10
2
3
12
31
2
8
13
19
184
51
7
19
1
21
7
6
16
10
7
25
15
5
3
14
16
175
5
56
7
20
23
13
17
29
21
13
14
6
16
36
4
15
8
5
7
22
184
18
75
2
32
32
11
25
34
32
3
26
10
99
35
21
70
14
9
1
35
28
50
188
47
54
2
19
5
21
18
17
35
23
17
23
32
7
28
3
34
185
9
6
59
24
26
17
24
33
25
1
10
38
23
27
19
7
5
3
21
8
47
175
54
3
16
1
18
13
15
18
19
13
27
9
26
2
4
7
26
182
40
1
4
5
13
5
14
11
22
12
2
1
15
199
57
28
2
12
13
6
29
6
5
3
4
188
53
25
1
11
13
7
18
5
2
3
164
30
15
18
8
16
11
3
17
161
19
10
10
6
10
2
166
48
21
7
7
7
50
162
57
27
8
6
1
19
13
6
149
32
4
3
1
1
28
9
152
25
9
5
1
3
190
20
40
2
1
1
25
12
22
4
10
4
189
61
35
1
7
28
16
14
165
21
8
8
2
4
159
33
5
1
21
50
6
4
1
167
4
31
7
5
21
9
8
5
166
69
19
1
14
16
11
37
4
150
24
3
14
44
34
22
29
5
148
28
4
8
15
1
3
3
163
16
11
21
1
4
177
51
16
11
20
3
19
4
5
152
21
1
11
19
3
6
15
3
1
135
25
6
6
17
8
13
21
5
8
10
150
27
7
10
16
1
6
25
155
37
31
3
8
15
2
17
28
3
15
150
2
7
54
3
7
14
4
16
18
3
12
1
9
7
34
49
140
42
6
2
16
10
7
4
1
6
50
144
31
6
4
2
9
1
3
44
75
14
4
5
12
157
46
45
8
13
11
3
13
67
18
44
8
1
37
143
39
39
3
8
15
13
23
4
7
35
138
4
47
7
5
13
3
30
88
6
19
2
8
37
59
148
52
2
10
4
9
1
12
6
23
12
1
10
90
162
36
45
12
14
20
33
19
8
7
