880
4884
3073
1792
2629
496
1295
4998
4884
4884
3589
4958
318
3395
4962
4958
4878
845
4878
3023
1748
2563
488
1273
4999
4877
4878
3486
4950
312
3314
4954
4951
4869
806
4869
2904
1685
2471
481
1219
4999
4869
4869
3362
4944
300
3192
4948
4944
4866
774
4865
2821
1640
2405
448
1183
4999
4865
4866
3266
4938
257
3104
4941
4938
4857
728
4871
2740
1590
2309
449
1133
4999
4856
4857
3152
4930
248
3007
4935
4931
4860
704
4954
2641
1535
2243
419
1097
4999
4866
4852
3062
4925
225
2921
4928
4925
4923
690
4998
2566
1500
2198
403
1077
4999
4953
4845
2969
4917
219
2834
4921
4918
4999
653
4995
2477
1448
2109
398
1031
4999
4998
4839
2874
4911
216
2750
4915
4912
4833
382
4842
1468
879
1288
226
617
4869
4852
4874
1627
4905
113
1598
4908
4905
4290
1584
4311
182
437
145
77
1102
4419
178
4332
4985
4898
1481
705
4902
4899
4071
2103
4100
222
562
171
79
1465
4226
218
4105
4985
4892
1952
901
4896
4892
4091
1221
4114
116
313
85
35
841
4241
108
4118
4983
4885
1138
519
4889
4886
43
147
83
124
28
66
178
22
168
8
9
34
13
132
135
137
63
214
120
176
38
92
244
28
225
28
113
59
93
14
46
131
95
10
117
96
96
65
229
127
188
37
97
260
27
238
60
218
118
180
33
92
252
57
24
229
57
57
71
255
139
210
39
107
290
28
264
84
298
164
247
47
127
343
4
35
314
4
4
83
301
164
248
46
127
345
10
34
314
10
10
100
353
194
292
56
150
405
41
370
101
359
197
297
55
152
413
16
40
377
16
16
112
397
218
329
62
168
455
46
417
117
416
229
345
65
176
478
8
47
437
8
8
124
440
242
364
68
186
505
50
462
131
465
256
386
73
198
535
53
490
136
484
266
401
75
205
556
1
55
509
2
2
144
510
281
423
79
216
585
58
536
149
527
291
438
82
224
606
2
60
555
2
2
155
549
303
456
86
233
632
63
578
161
568
314
472
89
241
653
1
65
599
1
1
166
587
324
488
92
249
675
67
619
171
605
335
504
95
257
697
69
639
176
623
345
518
98
264
717
71
657
182
641
355
533
100
272
738
73
676
186
657
363
547
103
279
756
75
694
191
673
373
561
106
286
775
77
711
196
689
381
574
108
292
793
79
728
200
703
390
587
111
299
811
81
744
204
719
399
599
113
305
828
82
760
209
733
407
611
115
311
844
84
775
212
747
414
623
118
317
861
85
790
216
760
422
634
120
323
876
87
804
220
773
429
645
122
328
890
88
818
224
786
436
656
124
333
905
90
832
227
798
443
666
126
339
920
91
845
230
809
450
676
128
343
933
92
857
234
821
457
685
129
348
945
93
869
237
831
463
695
131
353
959
95
881
240
842
469
704
133
357
971
96
893
243
853
475
713
134
362
982
97
904
246
863
480
721
136
366
994
99
915
250
872
487
729
138
371
1006
101
926
253
883
493
738
140
375
1017
103
936
257
892
499
747
143
380
1028
104
947
261
902
505
756
146
385
1040
107
958
265
912
512
765
148
390
1051
109
968
269
922
518
772
151
395
1061
111
978
272
930
523
780
153
399
1071
113
987
275
939
528
787
155
404
1081
115
996
278
947
533
794
157
407
1090
116
1005
281
955
538
801
159
411
1099
118
1013
283
962
543
807
161
414
1107
119
1021
286
968
546
813
162
417
1115
119
1028
287
975
550
818
163
420
1122
120
1035
289
980
553
823
164
422
1129
121
1042
291
986
557
828
164
424
1135
121
1047
292
992
560
833
166
427
1142
122
1054
294
997
564
839
167
429
1149
124
1061
296
1003
567
843
168
432
1155
124
1066
298
1008
570
847
169
434
1161
125
1072
299
1013
573
852
170
436
1166
126
1077
301
1018
576
856
171
439
1172
127
1082
302
1022
578
860
171
440
1177
127
1088
304
1027
581
864
172
442
1182
128
1092
305
1031
584
867
173
444
1187
128
1097
307
1035
586
871
174
446
1192
128
1102
308
1039
589
874
175
448
1197
129
1106
308
1042
591
877
175
449
1201
129
1110
310
1046
593
881
176
451
1205
130
1114
311
1050
595
884
177
452
1209
130
1118
312
1053
597
887
177
454
1213
131
1121
313
1056
599
890
178
455
1216
132
1125
314
1059
601
892
178
456
1219
131
1128
315
1062
603
894
179
457
1223
132
1131
316
1065
604
897
179
458
1227
132
1134
317
1067
606
899
180
460
1230
133
1137
317
1069
608
901
180
461
1232
133
1140
318
1072
609
904
181
462
1235
133
1143
319
1075
611
906
181
463
1238
134
1145
319
1076
612
907
182
464
1240
134
1148
320
1078
613
909
182
465
1243
134
1150
321
1080
614
912
182
465
1245
135
1152
322
1082
616
913
183
466
1247
134
1155
322
1084
617
914
183
467
1250
135
1156
323
1085
617
916
183
467
1251
135
1159
323
1088
619
917
184
468
1253
135
1161
324
1089
620
919
184
469
1255
135
1162
324
1090
621
920
184
470
1257
136
1163
324
1091
622
921
184
470
1258
136
1165
325
1093
622
922
184
470
1259
136
1166
325
1094
623
923
185
472
1261
136
1168
326
1095
624
924
185
472
1262
136
1169
326
1096
624
925
185
472
1263
136
1170
326
1096
625
926
185
472
1264
136
1171
327
1097
625
927
186
473
1265
137
1172
327
1098
626
928
186
473
1266
136
1173
327
1099
626
928
185
473
1267
136
1174
327
1100
627
929
186
474
1268
137
1175
327
1100
627
930
186
474
1269
137
1176
328
1101
628
930
186
474
1270
137
1176
328
1101
628
931
186
475
1270
137
1177
328
1102
628
931
186
475
1271
137
1178
328
1102
629
932
186
474
1271
137
1177
328
1103
629
932
186
474
1271
137
1178
328
1103
629
932
186
475
1272
137
1179
329
1103
629
932
187
475
1271
137
1179
329
1103
630
932
186
475
1272
136
1179
329
1103
630
933
187
475
1272
137
1179
329
1103
630
933
187
475
1272
137
1180
328
1103
630
933
187
475
1272
137
1179
329
1103
630
933
187
475
1273
137
1180
328
1103
630
933
187
475
1273
137
1180
329
1103
630
933
186
475
1272
137
1180
329
1103
630
933
187
475
1272
137
1180
328
1102
630
933
187
475
1272
137
1180
329
1103
630
933
186
475
1272
137
1179
329
1103
630
933
187
475
1271
137
1179
328
1102
629
933
187
475
1271
137
1179
328
1101
630
932
186
475
1271
137
1179
328
1101
630
932
186
474
1271
137
1178
329
1101
629
932
187
474
1271
137
1178
328
1100
629
932
186
474
1270
137
1178
328
1100
629
931
187
473
1269
137
1177
328
1100
629
931
186
473
1269
137
1177
328
1099
629
931
186
473
1268
137
1177
328
1098
628
930
186
473
1268
137
1176
327
1098
628
929
186
473
1267
137
1175
327
1097
628
929
186
473
1266
137
1175
327
1097
627
929
186
472
1266
137
1175
327
1097
627
928
186
472
1265
136
1174
327
1096
626
928
186
471
1264
137
1173
327
1095
626
927
185
472
1264
136
1173
326
1094
626
927
185
471
1263
136
1172
326
1093
626
926
185
471
1262
136
1171
326
1093
626
925
185
470
1261
136
1171
326
1092
625
925
185
470
1260
136
1170
326
1091
625
924
185
470
1259
135
1169
325
1091
624
923
185
470
1258
136
1168
325
1089
624
923
185
469
1257
136
1167
325
1089
623
922
184
468
1257
135
1166
325
1088
623
921
185
468
1256
135
1166
325
1087
622
921
184
468
1255
135
1165
324
1086
622
920
184
467
1254
135
1164
324
1085
621
920
184
467
1253
135
1163
324
1084
621
919
183
467
1252
135
1162
324
1084
621
918
184
466
1250
135
1161
323
1083
621
917
183
466
1250
135
1160
323
1082
619
916
183
465
1249
135
1159
322
1080
619
916
183
465
1247
134
1158
323
1080
619
915
183
465
1246
134
1157
323
1079
618
914
183
464
1245
134
1156
322
1077
617
914
183
464
1244
134
1156
322
1077
617
912
182
464
1243
134
1154
321
1076
616
912
182
463
1241
133
1153
321
1074
616
911
182
462
1241
134
1152
320
1074
615
910
182
462
1239
134
1151
320
1073
615
909
182
461
1238
133
1150
320
1072
614
908
182
461
1237
133
1149
320
1071
614
907
181
461
1236
133
1148
320
1070
613
906
181
460
1234
133
1146
319
1068
612
906
181
460
1233
133
1146
319
1067
612
904
181
459
1232
133
1144
318
1066
611
904
180
458
1231
132
1143
318
1065
611
903
180
458
1229
132
1142
318
1064
610
902
180
458
1228
132
1141
317
1063
609
901
180
457
1226
132
1139
317
1062
609
900
180
457
1226
132
1138
317
1061
608
899
180
457
1224
132
1137
317
1059
607
898
180
456
1223
132
1136
316
1058
607
897
179
456
1221
132
1134
316
1057
606
897
179
455
1220
132
1133
316
1056
605
895
180
455
1219
131
1133
315
1055
605
895
179
454
1217
131
1131
314
1053
604
894
179
453
1216
131
1130
314
1052
604
892
178
453
1215
131
1129
314
1051
603
891
178
452
1213
130
1128
314
1050
602
890
178
452
1212
130
1126
314
1049
601
890
178
452
1211
130
1125
313
1048
601
889
178
451
1209
130
1124
313
1046
600
887
177
450
1208
129
1122
312
1045
599
887
177
450
1207
130
1121
312
1044
599
886
177
449
1205
130
1120
312
1043
598
884
177
449
1204
129
1118
312
1042
598
883
177
449
1202
129
1118
311
1040
597
882
177
448
1201
130
1116
310
1039
596
881
176
448
1199
129
1114
310
1038
596
880
176
447
1198
129
1113
310
1037
595
879
176
446
1197
129
1112
310
1036
594
878
176
446
1195
129
1111
309
1034
594
877
175
445
1194
128
1109
309
1033
593
876
175
445
1193
128
1108
308
1032
592
875
175
444
1192
128
1107
312
1045
599
887
177
450
1207
130
1121
312
1044
599
886
177
449
1205
130
1120
312
1043
598
884
177
449
1204
129
1118
312
1042
598
883
177
449
1202
129
1118
311
1040
597
882
177
448
1201
130
1116
310
1039
596
881
176
448
1199
129
1114
310
1038
596
880
176
447
1198
129
1113
310
1037
595
879
176
446
1197
129
1112
310
1036
594
878
176
446
1195
129
1111
309
1034
594
877
175
445
1194
128
1109
309
1033
593
876
175
445
1193
128
1108
308
1032
592
875
175
444
1192
128
1107
304
1016
583
862
173
437
1173
127
1090
303
1015
582
861
172
437
1171
126
1089
303
1013
582
860
172
436
1170
126
1087
303
1012
581
859
172
436
1168
126
1086
302
1011
580
858
172
435
1167
125
1084
302
1010
579
856
171
434
1165
125
1083
301
1008
579
855
171
434
1164
125
1082
301
1007
578
854
171
433
1163
125
1080
301
1006
577
853
171
433
1161
125
1079
300
1004
577
852
171
432
1159
124
1077
300
1003
576
851
171
432
1158
125
1076
301
1003
577
851
171
432
1158
126
1076
304
1005
579
853
175
435
1159
128
1078
304
1004
579
853
175
435
1158
129
1077
302
1002
577
851
174
434
1156
128
1075
303
1002
577
850
174
433
1155
129
1074
302
1000
576
849
174
433
1154
129
1072
301
998
576
848
174
433
1152
129
1071
301
997
575
847
173
432
1150
128
1070
301
996
574
846
173
431
1149
128
1069
300
995
573
845
173
431
1148
128
1067
300
993
573
844
173
430
1146
127
1066
300
993
572
843
173
430
1144
128
1064
299
991
571
841
173
429
1143
128
1063
299
989
571
840
172
429
1142
128
1062
214
709
409
607
124
310
831
93
776
67
34
62
4
6
3
1
18
41
2
48
183
354
19
8
338
345
109
57
108
6
14
6
2
40
100
7
124
140
85
58
27
9
94
24
85
48
72
14
36
99
10
91
106
55
104
6
13
6
2
37
89
7
110
142
121
50
23
37
124
11
42
22
34
7
17
46
5
41
41
22
39
3
3
3
1
12
32
2
39
62
73
17
8
73
2
10
4
1
6
1
2
8
5
5
1
1
4
1
1
6
14
4
14
17
10
16
2
2
1
5
15
1
18
17
5
8
4
3
7
3
13
6
9
2
4
13
1
11
16
10
16
1
2
4
14
1
17
21
19
7
3
20
1
8
3
1
6
1
3
8
6
6
5
6
1
2
1
5
6
8
11
2
1
11
1
3
1
1
1
1
1
2
1
3
1
1
2
2
1
1
3
2
1
2
4
3
3
1
1
2
4
1
4
3
2
1
1
2
1
1
5
2
1
1
2
1
1
3
1
3
3
3
1
1
2
1
3
1
4
3
4
2
1
4
1
4
1
1
2
1
1
1
1
3
1
2
3
1
3
1
2
1
1
1
1
2
1
2
1
2
1
2
1
3
1
2
1
1
2
1
1
1
1
1
2
1
3
1
1
2
1
1
1
1
1
2
1
1
1
1
1
2
3
2
3
1
2
1
1
1
1
1
1
1
1
1
1
1
2
1
3
1
1
2
1
1
1
1
2
1
2
1
2
2
1
1
2
2
2
1
1
1
1
2
1
2
1
3
1
1
2
1
1
1
1
1
1
2
1
1
1
2
1
3
1
4
1
1
2
1
1
1
2
1
2
1
1
1
1
1
2
1
3
1
1
3
1
2
1
2
2
2
2
1
1
1
1
1
1
2
1
3
1
1
3
1
1
2
1
2
2
1
2
1
1
1
1
1
2
3
1
3
1
1
3
1
1
1
2
2
2
1
1
1
1
1
2
3
1
3
1
1
2
1
1
2
1
2
2
2
2
2
1
1
1
1
1
2
1
3
1
3
1
1
2
1
1
2
1
2
2
2
2
1
1
1
1
1
1
2
1
3
2
4
1
1
2
1
2
1
2
2
1
2
1
1
1
1
2
2
1
3
2
4
1
1
2
1
2
1
3
2
2
2
1
1
1
1
1
1
2
1
3
2
3
2
1
3
1
1
1
2
1
3
2
2
1
2
2
1
1
1
1
1
2
1
2
2
4
2
1
3
1
1
2
1
3
2
2
1
2
1
2
1
1
1
1
3
1
3
2
4
2
1
3
1
1
2
1
2
2
2
2
1
1
1
1
1
2
3
2
3
2
1
3
1
1
2
1
3
2
2
2
2
1
1
1
1
1
2
1
3
2
4
2
1
3
1
1
1
2
2
3
3
2
2
1
2
1
2
1
1
2
2
3
2
4
2
1
3
1
1
2
1
3
2
2
2
1
2
1
1
1
1
3
1
3
2
4
2
1
3
1
1
2
1
3
3
2
1
2
2
2
1
2
1
2
3
1
3
2
4
2
1
3
1
1
1
2
2
3
3
2
1
2
2
2
2
1
2
1
2
1
3
2
4
2
1
3
1
1
1
3
2
3
2
2
2
2
2
1
1
1
1
3
1
3
2
4
2
1
3
1
1
1
2
2
3
3
2
1
2
1
2
1
2
1
1
2
1
3
2
4
2
1
3
1
1
1
3
2
3
3
3
1
3
2
2
2
2
2
1
3
1
3
2
4
2
1
3
1
1
1
3
2
3
3
3
1
2
2
2
1
1
1
1
3
1
3
2
4
2
1
3
1
1
1
3
1
3
3
2
2
2
2
1
1
1
1
3
1
3
2
4
2
1
3
1
1
1
3
2
3
3
3
1
2
2
3
1
2
2
2
3
1
3
2
4
2
1
3
1
1
1
3
2
3
3
3
1
2
2
2
1
2
2
1
3
1
4
2
4
2
1
4
1
1
1
3
2
4
3
2
1
2
2
2
1
2
2
1
3
2
3
2
5
2
1
3
1
2
1
3
2
4
3
3
1
3
2
3
2
2
2
1
3
1
3
2
5
2
1
3
1
2
1
3
2
3
4
3
1
3
3
3
1
2
2
1
3
2
3
2
5
2
1
4
1
2
1
3
2
4
3
3
1
2
2
2
1
2
1
1
3
1
4
2
4
3
1
3
1
2
1
3
2
4
3
3
1
3
2
3
1
2
2
1
3
1
4
2
4
3
1
4
1
1
1
4
2
4
3
3
1
3
2
3
2
2
2
2
3
2
4
3
5
3
1
1
4
1
2
1
3
2
4
4
3
1
2
3
3
2
2
2
1
3
1
4
2
5
3
1
4
1
1
1
3
2
4
3
3
1
3
2
3
1
2
2
1
3
2
4
3
5
3
1
4
1
2
1
4
3
4
4
3
2
3
2
3
2
2
2
2
3
2
4
3
5
3
1
1
4
1
2
1
4
2
4
4
4
1
3
3
3
2
2
2
2
4
2
3
3
5
3
1
1
4
1
2
2
4
2
4
4
3
1
3
2
3
2
2
3
1
3
2
3
2
5
3
1
1
4
1
2
1
4
3
4
4
3
2
3
3
4
2
2
3
1
3
1
4
3
5
3
1
1
3
1
2
1
4
2
5
4
3
2
3
3
4
2
2
2
1
4
2
4
3
5
3
1
1
4
1
2
1
4
2
4
4
3
2
3
3
3
2
2
2
1
4
2
4
3
6
3
1
1
4
1
2
1
4
3
4
4
4
1
3
3
4
2
3
3
2
4
2
4
3
5
3
1
1
4
1
2
2
4
3
5
5
4
2
3
3
4
2
3
3
2
4
2
4
3
5
3
2
1
4
1
2
2
4
2
4
5
4
2
3
3
3
2
3
3
1
4
2
4
3
6
4
1
1
4
1
2
2
4
3
5
4
3
1
3
2
4
2
3
3
1
4
2
4
3
5
3
1
1
4
1
2
2
5
3
5
5
4
2
3
3
4
2
3
3
2
4
3
4
3
5
4
1
1
5
1
2
2
5
3
5
5
4
2
3
3
4
3
3
3
2
4
2
4
3
6
4
1
1
5
1
2
1
4
3
5
5
4
1
3
3
3
2
3
3
1
4
2
4
3
5
4
1
1
4
1
2
2
4
3
5
5
4
2
3
3
4
2
3
3
2
4
2
4
3
5
4
1
1
4
1
3
2
4
3
5
5
4
2
3
3
4
3
3
3
25
1
4
2
4
3
6
3
1
1
5
1
3
1
4
3
5
5
4
2
3
3
3
2
3
3
1
4
3
4
4
5
4
1
1
5
1
2
1
5
3
5
5
4
2
3
3
4
3
3
3
2
4
2
4
3
6
4
1
1
5
1
3
2
4
4
5
5
4
2
3
3
5
3
3
4
2
5
3
4
3
6
4
1
2
5
1
3
2
4
3
5
5
4
2
3
3
4
2
3
3
5
1
5
3
4
4
5
4
1
2
5
1
3
1
5
3
5
5
4
1
3
3
4
3
3
3
1
5
3
4
3
6
4
1
1
5
1
3
2
5
3
6
5
4
2
3
3
4
3
4
3
2
5
3
5
4
6
4
1
2
5
1
3
2
5
3
6
5
4
2
3
3
4
3
3
3
2
4
3
4
4
6
4
2
2
5
1
3
2
5
3
6
5
5
2
3
3
4
2
3
3
1
1
5
3
4
4
6
4
1
2
5
1
3
2
5
3
6
6
4
2
4
3
5
3
4
4
1
5
3
5
3
6
4
2
2
5
2
3
1
5
4
6
6
4
3
4
3
5
3
4
4
2
5
3
4
4
6
5
1
2
5
2
3
2
5
4
6
6
4
2
4
3
5
3
3
4
2
5
3
4
4
6
5
1
2
5
1
3
2
5
4
6
6
4
2
3
3
5
3
4
4
10
1
5
3
5
3
6
4
1
2
5
2
3
2
5
4
5
6
5
3
4
3
5
3
4
4
2
5
3
5
4
6
5
1
2
5
2
3
2
5
4
6
6
5
2
3
3
5
2
4
4
1
5
3
5
4
7
4
2
2
5
2
3
2
5
3
6
6
5
2
3
3
5
3
4
4
1
5
3
5
4
6
