4866
4817
4808
4815
4920
4842
4808
4819
287
868
4994
4917
4999
4808
4916
4806
4803
4829
4816
4979
4995
1621
4882
4824
4794
4815
4911
4847
4801
4804
287
830
4999
4914
4999
4792
4927
4796
4793
4833
4814
4997
4988
1574
4871
4829
4817
4826
4916
4850
4818
4826
244
773
4999
4914
4999
4816
4914
4816
4813
4839
4827
4984
4986
1554
4857
4799
4776
4792
4896
4824
4780
4786
270
796
4999
4896
4999
4774
4906
4776
4772
4810
4792
4981
4975
1461
4864
4818
4801
4813
4901
4839
4803
4810
232
720
4999
4901
4999
4799
4905
4800
4797
4827
4813
4974
4972
1451
4844
4791
4772
4785
4886
4815
4775
4783
229
720
4977
4886
4999
4771
4892
4771
4768
4802
4786
4967
4963
1380
4848
4798
4777
4792
4884
4820
4781
4787
219
675
4991
4885
4999
4776
4892
4778
4775
4808
4792
4961
4958
1353
4835
4785
4768
4780
4877
4808
4770
4778
211
674
4999
4876
4999
4747
4881
4767
4764
4796
4781
4953
4951
1305
4832
4780
4759
4774
4869
4803
4763
4769
204
653
4999
4869
4999
4628
4877
4759
4756
4790
4773
4948
4944
1258
4825
4776
4758
4771
4865
4798
4761
4761
192
617
4999
4864
4999
4471
4869
4758
4755
4786
4771
4941
4938
1227
4817
4766
4746
4760
4856
4789
4749
4675
190
611
4999
4856
4999
4334
4862
4746
4743
4776
4760
4934
4931
1186
4813
4763
4730
4758
4851
4786
4747
4522
184
586
4999
4851
4999
4198
4857
4744
4741
4773
4758
4928
4925
3629
874
4905
4906
3614
3997
4999
746
3994
4954
4182
3350
481
4999
4999
4905
4905
1521
4843
4840
3565
830
4921
4921
3521
3905
4999
708
3928
4951
4130
3306
457
4999
4999
4921
4921
1445
4837
4834
3610
852
4898
4898
3405
3982
4999
727
3850
4943
4069
3330
469
4999
4999
4898
4898
1483
4831
4827
3571
770
4901
4901
3319
3915
4999
657
3790
4936
4022
3310
422
4999
4999
4901
4901
1345
4824
4821
3584
794
4891
4891
3214
3945
4999
678
3719
4930
3964
3310
436
4999
4999
4892
4891
1384
4818
4815
3576
737
4884
4884
3126
3927
4999
629
3659
4923
3917
3309
403
4999
4999
4884
4883
1289
4811
4808
3555
732
4857
4859
3031
3908
4982
624
3593
4913
3867
3298
400
4999
4999
4881
4880
1278
4805
4802
2332
506
2799
2810
2032
2529
2718
437
2349
2842
2500
2247
281
2776
2780
2890
2895
906
3022
3026
47
156
144
9
21
123
74
17
300
15
236
287
18
41
12
274
219
186
171
115
116
159
385
31
119
57
194
393
348
129
130
5
138
139
110
422
274
404
24
58
377
269
207
56
100
93
238
111
98
557
222
9
28
95
207
101
560
482
96
98
96
96
116
455
42
462
435
23
61
403
462
370
110
38
97
446
341
43
694
421
21
57
59
393
30
695
587
57
253
56
56
128
144
512
375
679
486
25
67
451
682
561
314
150
336
603
547
801
572
29
79
7
533
802
666
5
474
4
3
151
18
462
608
675
16
875
577
28
79
8
535
22
879
731
9
617
10
10
178
577
711
772
926
675
34
93
628
929
768
714
180
16
734
727
925
16
1030
688
34
95
16
640
16
1035
861
31
873
16
16
199
831
800
1010
1069
759
37
105
705
1074
888
99
962
209
4
973
841
1145
5
1159
797
39
110
8
741
3
1165
966
279
1100
7
7
221
1077
887
1240
1212
841
42
117
783
1218
1008
393
1202
234
1197
941
1352
1280
892
45
124
830
1286
1065
530
1314
244
3
1307
977
1456
2
1342
926
46
129
1
862
3
1349
1118
660
1423
2
2
257
1412
1029
1551
1398
975
49
137
908
1405
1164
777
1521
267
2
1520
1066
1654
2
1461
1010
51
142
2
940
2
1469
1217
906
1627
2
2
278
1616
1110
1743
1512
1053
54
148
980
1522
1259
1015
1719
288
1717
1149
1837
1570
1089
57
154
1
1014
1580
1308
1134
1817
1
1
298
1810
1187
1924
7
1621
1126
58
159
1048
1631
1350
1241
1906
308
1902
1226
2010
84
1672
1162
60
164
1082
1683
1392
1347
1994
316
1990
1260
2093
242
1721
1195
62
169
1112
1733
1434
1451
2080
326
2076
1296
2173
373
1768
1229
64
174
1144
1781
1473
1550
2163
334
2160
1329
2252
503
1815
1260
66
179
1173
1828
1511
1648
2243
343
2240
1362
2327
635
1859
1291
67
183
1203
1873
1548
1741
2320
351
2318
1393
2401
756
1902
1322
69
187
1230
1917
1585
1833
2396
358
2393
1423
2471
879
1943
1350
70
191
1256
1958
1618
1920
2468
365
2466
1453
2539
993
1983
1378
71
195
1282
1999
1651
2005
2538
372
2537
1481
2606
1108
2023
1405
73
199
1307
2039
1684
2089
2607
379
2605
1509
2670
1218
2060
1431
74
202
1331
2077
1715
2170
2673
386
2672
1536
2733
1325
2097
1457
75
206
1355
2114
1746
2247
2737
392
2736
1562
2794
1429
2132
1481
76
210
1378
2149
1775
2323
2799
399
2798
1586
2853
1530
2166
1505
78
213
1400
2185
1804
2397
2859
405
2859
1611
2910
1628
2200
1528
79
217
1421
2219
1832
2468
2917
411
2918
1635
2966
1722
2232
1551
80
220
1443
2251
1858
2538
2974
418
2
2974
1657
3019
1815
2263
1572
82
223
1463
2283
1885
2605
3029
424
56
3030
1680
3071
1904
2293
1594
83
227
1483
2314
1910
2670
3082
430
205
3083
1701
3122
1990
2322
1614
85
230
1501
2344
1934
2733
3133
435
346
3135
1722
3171
2075
2351
1634
86
233
1520
2373
1958
2795
3183
442
472
3186
1743
3219
2157
2379
1654
89
238
1539
2402
1981
2855
3233
448
609
3235
1764
3266
2237
2407
1674
91
241
1557
2430
2004
2913
3280
453
730
3282
1783
3311
2314
2433
1692
92
245
1574
2456
2027
2969
3325
459
855
3328
1802
3355
2389
2458
1710
94
248
1591
2482
2048
3024
3370
465
973
3373
1820
3397
2462
2482
1727
96
251
1606
2506
2068
3076
3412
469
1088
3415
1837
3437
2532
2506
1744
98
254
1622
2530
2087
3127
3453
474
1200
3456
1853
3477
2600
2528
1760
99
257
1637
2554
2106
3177
3493
479
1307
3496
1870
3515
2666
2550
1775
101
260
1651
2576
2124
3224
3532
484
1413
3535
1886
3552
2730
2571
1790
102
262
1665
2597
2142
3270
3568
488
1514
3572
1901
3587
2792
2592
1805
104
265
1679
2619
2160
3316
3605
492
1613
3608
1915
3622
2852
2611
1818
105
268
1692
2638
2176
3359
3639
496
1709
3643
1929
3655
2910
2630
1831
106
270
1703
2657
2191
3400
3673
500
1802
3676
1943
3687
2966
2648
1844
107
273
1716
2676
2207
3441
3705
503
1891
3708
1955
3717
3020
2666
1856
108
275
1727
2694
2221
3480
3736
507
1978
3739
1967
3748
3072
2682
1868
108
276
1737
2711
2234
3517
3766
510
2063
3769
1979
3776
3123
2698
1879
109
278
1748
2727
2248
3553
3794
512
2144
3798
1990
3803
3172
2713
1889
110
280
1758
2743
2261
3589
3822
515
2223
3826
2001
3830
3220
2728
1900
110
281
1767
2758
2272
3622
3849
518
2300
3852
2011
3856
3266
2742
1910
111
282
1776
15
2772
2284
3655
3874
520
2374
3878
2021
3880
3310
2755
1919
112
284
1785
115
2787
2296
3687
3899
523
2446
3903
2030
3904
3353
2768
1929
112
285
1794
275
2800
2307
3717
3923
526
2517
3927
2040
3927
3395
2781
1937
112
287
1802
401
2813
2317
3747
3946
528
2584
3950
2049
3949
3435
2793
1945
113
288
1810
534
2826
2327
3775
3969
530
2650
3972
2057
3971
3474
2805
1954
113
289
1817
663
2837
2337
3803
3991
532
2714
3993
2065
3992
3511
2816
1961
114
290
1824
784
2849
2346
3830
4011
534
2776
4014
2073
4011
3548
2827
1969
114
291
1831
907
2860
2355
3855
4031
536
2835
4033
2080
4031
3583
2837
1976
114
292
1838
1021
2871
2364
3880
4050
538
2893
4053
2088
4049
3617
2847
1983
115
293
1844
1136
2881
2372
3903
4068
540
2949
4071
2095
4067
3650
2856
1990
115
294
1850
1245
2890
2379
3926
4086
542
3003
4089
2101
4084
3682
2865
1996
116
295
1856
1352
2900
2387
3949
4103
544
3056
4106
2107
4100
3712
2874
2002
116
296
1862
1455
2909
2394
3970
4119
545
3107
4122
2114
4116
3743
2882
2008
117
297
1867
1555
2917
2401
3991
4134
547
3156
4137
2119
4131
3771
2890
2014
117
298
1872
1652
2926
2408
4010
4150
548
3204
4152
2125
4146
3799
2898
2019
117
299
1877
1747
2934
2414
4030
4164
549
3250
4167
2130
4160
3825
2905
2024
117
299
1882
1838
2941
2420
4048
4178
551
3295
4181
2135
4173
3851
2912
2028
117
300
1886
1926
2948
2425
4066
4191
552
3338
4194
2140
4186
3876
2918
2033
117
301
1891
2012
2955
2431
4083
4204
553
3380
4207
2144
4199
3900
2925
2037
118
301
1895
2095
2962
2436
4100
4216
554
3421
4219
2149
4210
3923
2931
2042
118
302
1898
2176
2967
2441
4116
4228
555
3460
4230
2153
4221
3945
2936
2045
118
302
1902
2255
2974
2446
4131
4239
556
3498
4242
2156
4232
3967
2942
2049
118
303
1906
2331
2980
2450
4145
4250
558
3535
4252
2160
4243
3988
2947
2053
119
304
1909
2404
2985
2454
4159
4260
558
3570
4262
2164
4253
4008
2952
2056
119
304
1912
2476
2990
2459
4173
4270
559
3604
4272
2167
4262
4027
2956
2059
119
305
1915
2545
2995
2462
4185
4279
560
3637
4281
2170
4271
4046
2960
2062
119
305
1918
2612
2999
2466
4197
4288
561
3669
4290
2173
4280
4064
2965
2065
119
305
1920
2677
3003
2469
4210
4296
561
3701
4298
2176
4288
4080
2968
2068
119
306
1923
2740
3008
2472
4221
4304
562
3731
4306
2179
4295
4097
2972
2070
119
306
1925
2801
3011
2476
4232
4311
563
3759
4314
2181
4303
4113
2975
2073
119
307
1927
2860
3015
2478
4242
4319
564
3787
4321
2183
4310
4128
2978
2075
119
307
1930
2917
3019
2481
4252
4326
564
3814
4327
2186
4317
4143
2981
2077
120
307
1932
2973
3022
2483
4261
4332
565
3840
4334
2187
4323
4157
2984
2079
120
307
1933
3026
3025
2485
4270
4338
565
3865
4340
2189
4329
4170
2987
2081
120
308
1935
3078
3027
2487
4279
4344
566
3890
4345
2191
4334
4183
2989
2082
120
308
1937
3128
3030
2490
4287
4349
566
3913
4351
2192
4340
4196
2991
2084
120
308
1938
3177
3032
2491
4295
4354
566
3935
4356
2194
4345
4207
2993
2085
120
308
1939
3224
3035
2493
4302
4359
567
3957
4360
2195
4349
4219
2995
2086
121
308
1941
3270
3037
2495
4309
4363
567
3978
4365
2196
4354
4229
2997
2088
120
309
1941
3314
3038
2496
4316
4367
568
3999
4369
2198
4358
4240
2998
2089
120
309
1942
3357
3041
2497
4322
4371
567
4018
4373
2199
4362
4250
3000
2089
120
309
1943
3398
3042
2498
4328
4375
568
4037
4376
2199
4365
4259
3000
2090
120
309
1944
3438
3043
2499
4333
4378
568
4055
4380
2200
4369
4268
3002
2091
120
309
1944
3477
3044
2500
4339
4381
568
4072
4383
2200
4372
4277
3003
2092
120
310
1945
3515
3045
2500
4344
4385
568
4088
4385
2201
4374
4285
3003
2092
121
310
1945
3551
3046
2501
4348
4387
568
4105
4388
2202
4377
4293
3004
2093
120
309
1946
3585
3047
2502
4352
4389
569
4120
4390
2202
4379
4301
3005
2093
121
310
1946
3619
3047
2502
4356
4391
569
4135
4392
2202
4381
4307
3005
2093
121
309
1947
3652
3048
2503
4360
4393
569
4149
4394
2202
4383
4314
3005
2093
120
309
1947
3684
3048
2503
4364
4394
569
4163
4396
2202
4385
4321
3005
2094
120
310
1947
3714
3048
2503
4367
4396
568
4176
4397
2202
4386
4327
3005
2094
120
310
1947
3744
3049
2503
4371
4397
569
4189
4398
2202
4387
4333
3005
2093
121
310
1947
3773
3049
2502
4373
4398
569
4201
4399
2202
4388
4337
3004
2093
120
309
1946
3800
3048
2502
4375
4398
568
4212
4400
2202
4389
4342
3004
2093
120
309
1946
3827
3048
2501
4378
4399
568
4223
4400
2201
4390
4347
3004
2093
120
310
1946
3852
3048
2501
4380
4400
569
4234
4400
2201
4391
4352
3003
2092
120
310
1945
3877
3047
2501
4381
4400
569
4244
4401
2200
4390
4356
3002
2092
120
309
1945
3900
3047
2500
4383
4400
569
4253
4401
2199
4390
4359
3002
2091
120
309
1945
3924
3046
2500
4385
4400
569
4263
4400
2199
4390
4363
3001
2091
120
309
1944
3946
3045
2499
4386
4400
568
4272
4401
2198
4390
4366
3000
2090
120
309
1943
3967
3044
2498
4387
4399
567
4279
4400
2197
4389
4369
2998
2089
120
308
1942
3988
3044
2497
4388
4398
567
4288
4399
2197
4389
4372
2998
2089
120
309
1942
4008
3042
2496
4388
4398
567
4295
4399
2196
4388
4374
2997
2088
120
309
1941
4027
3041
2495
4388
4397
567
4302
4397
2194
4387
4377
2995
2087
120
308
1940
4045
3040
2494
4388
4396
567
4309
4396
2194
4387
4379
2994
2086
120
309
1940
4063
3039
2494
4389
4395
567
4316
4395
2193
4385
4380
2992
2085
120
308
1938
4080
3037
2492
4389
4393
566
4322
4393
2191
4384
4382
2991
2084
119
308
1937
4097
3036
2490
4388
4392
566
4327
4393
2190
4383
4384
2989
2083
120
308
1937
4113
3035
2489
4389
4391
566
4333
4391
2189
4382
4385
2987
2082
119
307
1935
4127
3033
2488
4388
4389
565
4338
4389
2188
4380
4386
2986
2080
119
308
1934
4142
3031
2486
4386
4386
565
4343
4387
2187
4378
4387
2985
2079
119
307
1933
4156
3029
2485
4385
4385
565
4348
4385
2186
4376
4387
2983
2078
119
307
1932
4169
3028
2484
4385
4383
565
4352
4384
2184
4375
4388
2981
2077
119
307
1930
4182
3026
2482
4384
4380
564
4355
4381
2182
4373
4388
2979
2075
119
307
1929
4195
3024
2480
4382
4379
564
4359
4379
2181
4370
4388
2977
2074
119
307
1929
4207
3023
2479
4382
4377
564
4362
4377
2180
4368
4388
2975
2073
119
307
1927
4218
3020
2477
4380
4374
563
4365
4375
2178
4366
4388
2973
2071
119
306
1925
4228
3018
2475
4378
4372
562
4368
4372
2176
4363
4388
2970
2070
118
306
1924
4239
3016
2474
4377
4369
562
4371
4369
2175
4361
4387
2968
2068
118
306
1922
4249
3014
2471
4375
4366
562
4373
4367
2173
4358
4386
2966
2067
118
306
1921
4258
3011
2469
4372
4363
561
4376
4364
2172
4356
4386
2964
2065
118
306
1920
4267
3009
2468
4371
4360
561
4378
4361
2170
4353
4384
2962
2063
118
305
1918
4275
3007
2466
4369
4358
561
4380
4358
2168
4350
4384
2959
2062
118
305
1916
4284
3004
2463
4366
4354
560
4381
4355
2167
4347
4382
2957
2060
118
304
1915
4291
3002
2461
4363
4351
560
4382
4352
2164
4344
4381
2954
2058
118
304
1913
4299
3000
2460
4362
4348
559
4383
4349
2163
4341
4379
2951
2057
117
304
1911
4306
2997
2457
4358
4345
558
4384
4346
2161
4338
4377
2949
2055
118
304
1910
4312
2994
2456
4356
4342
558
4384
4342
2158
4334
4376
2946
2053
117
303
1909
4320
2993
2454
4354
4339
558
4385
4338
2157
4331
4374
2944
2051
117
303
1907
4325
2989
2451
4350
4335
557
4386
4335
2155
4328
4372
2941
2049
117
303
1905
4330
2987
2449
4347
4332
556
4385
4331
2153
4324
4370
2939
2048
117
303
1903
4335
2985
2447
4345
4328
556
4385
4328
2151
4321
4368
2936
2045
117
302
1902
4340
2982
2444
4342
4324
556
4385
4324
2149
4317
4365
2933
2043
117
302
1900
4345
2979
2442
4338
4320
555
4385
4320
2147
4314
4363
2930
2042
117
302
1898
4350
2976
2440
4336
4317
555
4384
4317
2145
4310
4361
2927
2040
117
301
1896
4354
2974
2438
4333
4314
554
4384
4313
2142
4306
4358
2924
2038
117
301
1894
4357
2970
2435
4329
4309
554
4383
4309
2140
4303
4356
2922
2036
117
301
1892
4361
2967
2433
4326
4306
553
4382
4305
2138
4299
4353
2919
2033
117
300
1891
4364
2965
2430
4322
4302
552
4382
4301
2136
4295
4350
2916
2032
116
301
1889
4367
2962
2428
4319
4297
552
4380
4298
2134
4291
4348
2913
2030
116
300
1887
4370
2959
2425
4315
4294
552
4379
4293
2132
4287
4344
2910
2028
116
300
1885
4373
2956
2423
4312
4290
551
4377
4289
2130
4283
4341
2907
2025
116
299
1883
4375
2953
2420
4308
4286
550
4375
4286
2128
4279
4338
2904
2023
116
299
1881
4376
2950
2418
4304
4281
550
4374
4281
2125
4275
4335
2901
2021
116
299
1879
4378
2947
2415
4301
4278
549
4372
4277
2123
4271
4332
2898
2019
116
299
1877
4380
2944
2413
4297
4273
548
4371
4273
2121
4267
4329
2895
2017
115
298
1875
4381
2940
2410
4293
4269
548
4368
4268
2119
4263
4325
2891
2015
115
298
1873
4382
2937
2408
4289
4265
547
4366
4264
2116
4259
4322
2888
2013
115
298
1871
4384
2935
2406
4285
4261
547
4364
4260
2114
4254
4319
2886
2010
115
297
1869
4384
2932
2402
4281
4256
546
4362
4256
2112
4250
4315
2883
2008
115
297
1867
4385
2928
2400
4277
4252
545
4359
4250
2109
4246
4311
2879
2006
115
297
1865
4386
2926
2397
4273
4247
545
4357
4246
2107
4241
4307
2876
2004
115
296
1863
4385
2922
2395
4269
4243
545
4355
4243
2105
4237
4304
2873
2002
114
296
1861
4385
2919
2392
4264
4238
544
4352
4238
2103
4233
4300
2870
2000
115
296
1859
4386
2916
2390
4261
4234
543
4349
4233
2100
4228
4297
2867
1997
114
295
1857
4385
2913
2387
4257
4230
543
4346
4229
2098
4224
4293
2864
1995
114
295
1855
4385
2909
2384
4252
4224
542
4343
4225
2095
4219
4288
2860
1993
114
295
1853
4384
2906
2381
4248
4220
541
4340
4220
2093
4215
4284
2857
1990
114
294
1851
4384
2903
2379
4243
4216
541
4337
4215
2091
4210
4281
2854
1989
114
294
1849
4383
2900
2376
4239
4211
540
4334
4211
2088
4206
4277
2851
1986
114
294
1846
4382
2896
2373
4235
4206
539
4331
4205
2086
4201
4272
2847
1984
113
294
1844
4381
2893
2370
4230
4202
539
4328
4201
2083
4196
4269
2844
1982
113
293
1842
4380
2890
2368
4226
4197
538
4324
4197
2081
4192
4264
2841
1979
113
293
1840
4378
2886
2365
4221
4192
537
4321
4192
2079
4187
4260
2837
1977
113
293
1837
4377
2883
2362
4217
4188
537
4317
4187
2076
4182
4256
2834
1975
113
292
1836
4375
2880
2360
4213
4183
536
4314
4183
2074
4178
4252
2831
1972
113
292
1833
4373
2876
2357
4208
4178
536
4310
4178
2071
4173
4247
2827
1970
113
291
1831
4371
2873
2354
4203
4174
535
4307
4172
2069
4168
4243
2824
1968
112
291
1830
4370
2870
2351
4199
4169
534
4303
4168
2067
4164
4239
2821
1965
112
291
1827
4367
2866
2348
4194
4164
534
4300
4163
2064
4159
4235
2817
1963
112
290
1825
4365
2863
2346
4189
4160
533
4295
4158
2061
4154
4230
2814
1961
112
290
1823
4363
2860
2343
4185
4154
533
4291
4154
2059
4149
4226
2810
1958
112
289
1820
4360
2856
2340
4180
4150
532
4288
4149
2057
4145
4221
2807
1956
112
289
1818
4358
2852
2337
4176
4145
531
4284
4144
2054
4140
4217
2804
1954
112
289
1816
4356
2849
2335
4171
4140
531
4280
4139
2051
4135
4212
2800
1951
112
289
1814
4353
2846
2332
4166
4135
530
4276
4134
2049
4130
4208
2797
1949
112
288
1812
4350
2843
2328
4161
4130
537
4317
4187
2076
4182
4256
2834
1975
113
292
1836
4375
2880
2360
4213
4183
536
4314
4183
2074
4178
4252
2831
1972
113
292
1833
4373
2876
2357
4208
4178
536
4310
4178
2071
4173
4247
2827
1970
113
291
1831
4371
2873
2354
4203
4174
535
4307
4172
2069
4168
4243
2824
1968
112
291
1830
4370
2870
2351
4199
4169
534
4303
4168
2067
4164
4239
2821
1965
112
291
1827
4367
2866
2348
4194
4164
534
4300
4163
2064
4159
4235
2817
1963
112
290
1825
4365
2863
2346
4189
4160
533
4295
4158
2061
4154
4230
2814
1961
112
290
1823
4363
2860
2343
4185
4154
533
4291
4154
2059
4149
4226
2810
1958
112
289
1820
4360
2856
2340
4180
4150
532
4288
4149
2057
4145
4221
2807
1956
112
289
1818
4358
2852
2337
4176
4145
531
4284
4144
2054
4140
4217
2804
1954
112
289
1816
4356
2849
2335
4171
4140
531
4280
4139
2051
4135
4212
2800
1951
112
289
1814
4353
2846
2332
4166
4135
530
4276
4134
2049
4130
4208
2797
1949
112
288
1812
4350
2843
2328
4161
4130
522
4221
4070
2017
4066
4147
2752
1918
109
284
1783
4308
2797
2291
4098
4066
521
4217
4065
2014
4062
4142
2749
1916
110
283
1781
4305
2794
2288
4093
4060
520
4212
4060
2011
4056
4137
2746
1913
110
283
1779
4301
2790
2286
4089
4056
520
4207
4055
2008
4051
4132
2742
1911
109
282
1776
4297
2787
2283
4084
4051
519
4203
4050
2006
4047
4128
2739
1909
109
282
1774
4293
2784
2280
4079
4045
520
4199
4046
2005
4043
4123
2737
1907
110
283
1773
4291
2781
2279
4075
4042
522
4198
4044
2006
4041
4122
2737
1909
113
287
1775
4289
2781
2279
4074
4041
522
4192
4039
2004
4036
4117
2733
1906
113
286
1772
4283
2778
2276
4068
4035
520
4186
4033
2001
4030
4110
2729
1903
113
285
1769
4277
2774
2273
4062
4029
521
4181
4029
1999
4025
4106
2727
1902
114
286
1768
4272
2771
2271
4058
4025
520
4175
4023
1996
4019
4100
2722
1898
113
285
1765
4266
2766
2267
4051
4019
519
4170
4018
1993
4015
4094
2719
1896
113
285
1763
4261
2763
2265
4046
4014
518
4164
4012
1990
4009
4088
2715
1893
112
284
1760
4255
2760
2261
4041
4008
518
4159
4007
1987
4004
4084
2711
1891
113
284
1758
4249
2756
2259
4036
4003
517
4153
4002
1985
3999
4078
2708
1889
113
283
1756
4243
2752
2255
4030
3998
517
4148
3997
1983
3993
4073
2705
1886
113
283
1753
4238
2749
2252
4025
3993
516
4142
3991
1980
3988
4067
2701
1884
112
282
1751
4232
2745
2250
4020
3988
515
4137
3986
1977
3983
4062
2698
1881
112
282
1749
4226
2741
2246
4015
3982
515
4114
3966
1975
3964
4045
2693
1879
112
282
1746
4221
2738
2244
4010
3977
367
2601
2535
1414
2541
2588
1916
1353
81
204
1268
2710
1963
1637
2619
2606
21
75
14
40
348
30
6
18
248
345
35
144
32
94
85
75
20
66
93
42
150
157
165
158
157
216
159
9
24
149
156
218
194
167
171
33
134
29
85
124
67
17
56
192
124
20
97
97
81
98
97
106
77
4
11
69
96
103
89
97
98
13
50
11
31
73
25
5
18
74
3
47
44
14
43
45
21
13
2
10
45
18
13
41
42
1
7
9
7
1
15
6
9
10
53
14
6
20
6
14
8
12
2
8
6
7
5
15
16
