6
15
3
1
31
22
2
1
9
4
7
8
6
2
17
4
5
33
24
7
9
10
17
3
13
6
13
8
30
24
11
14
21
8
18
5
8
5
12
29
23
14
18
14
7
16
6
5
3
7
29
24
15
2
17
15
19
9
18
7
1
11
7
27
20
18
4
24
8
23
12
21
6
16
6
26
19
21
5
30
3
16
13
18
8
15
4
25
18
20
5
29
16
15
18
7
17
9
26
21
22
7
26
17
15
20
7
18
6
27
19
22
7
28
12
14
13
15
9
16
4
32
17
19
5
27
6
14
14
14
8
3
18
6
37
21
18
4
26
2
16
18
13
9
8
22
2
10
41
23
19
3
30
8
7
13
16
10
9
13
24
6
8
1
47
24
16
3
29
20
8
8
11
10
9
20
20
5
8
6
48
28
14
3
24
16
7
8
10
9
9
29
10
18
4
15
10
10
45
31
13
2
4
23
8
6
6
9
5
8
4
32
16
17
4
15
13
15
47
32
10
8
21
7
7
1
5
3
9
2
8
36
3
23
16
4
18
17
21
46
33
6
12
18
17
4
1
9
11
38
7
29
15
5
20
17
23
44
36
14
17
18
3
9
2
12
38
5
29
15
3
19
16
26
42
35
13
18
2
1
9
13
37
7
31
13
2
19
19
27
43
37
13
17
9
2
10
15
35
11
33
14
5
13
22
23
44
33
14
15
15
3
12
16
35
11
34
14
5
13
21
24
41
33
15
13
10
11
18
34
14
34
16
7
14
24
24
40
34
15
15
1
11
19
33
14
32
14
5
13
25
22
39
30
14
11
2
12
18
31
11
30
12
1
13
23
19
37
30
12
11
14
12
16
29
11
27
14
11
22
15
33
30
10
15
8
11
14
26
7
24
9
11
19
13
32
29
8
10
10
14
26
5
23
7
15
20
14
31
28
7
7
7
3
10
12
22
16
7
15
16
10
24
25
5
9
6
1
9
7
11
15
5
9
24
17
19
1
9
4
4
16
2
5
17
11
18
5
2
9
19
3
13
8
3
20
3
10
3
10
26
17
4
6
28
11
4
12
30
17
7
29
13
5
11
32
14
11
32
6
18
10
11
32
13
17
34
14
24
15
12
35
16
22
38
3
13
26
17
12
40
13
25
3
41
12
25
20
12
40
1
6
26
7
43
18
26
23
10
39
4
3
28
10
43
17
27
24
9
4
37
7
1
29
13
40
15
23
25
9
3
12
34
11
2
28
14
36
9
19
22
9
6
18
33
10
1
25
13
34
6
15
19
9
7
23
27
13
1
3
21
10
29
11
12
9
5
26
20
12
7
3
15
7
20
8
7
9
5
28
18
10
10
1
12
5
16
3
5
10
5
28
15
8
9
7
1
13
2
10
1
27
15
6
10
1
3
16
1
9
1
28
3
12
10
15
8
3
12
11
24
5
10
10
15
11
2
8
12
23
9
13
8
15
2
17
10
12
5
26
17
17
14
3
21
14
25
12
1
14
8
26
25
20
2
16
10
25
24
31
15
9
3
14
11
28
34
21
6
20
19
29
31
39
18
23
3
4
15
14
28
5
41
23
6
20
25
27
34
40
2
20
36
3
5
15
17
25
12
37
21
7
20
33
23
42
43
2
2
22
57
5
7
2
13
20
21
19
33
21
8
20
38
20
47
46
5
4
22
87
8
9
1
12
22
18
27
34
23
8
19
42
18
48
45
5
4
3
24
103
13
10
11
7
13
22
16
33
28
26
9
20
45
13
52
45
8
5
3
32
108
14
1
11
8
8
11
22
14
35
22
23
6
19
44
7
53
44
7
7
3
28
107
10
2
12
8
9
9
21
9
34
12
22
3
19
42
1
50
43
9
6
12
27
88
9
4
17
10
12
7
16
3
27
20
14
34
46
37
12
5
9
30
53
6
1
12
9
11
6
13
21
14
10
26
36
29
11
5
23
39
12
11
15
6
8
12
15
10
18
35
28
16
2
5
26
21
26
19
24
6
1
1
22
8
6
35
21
26
7
4
36
8
28
24
24
7
1
25
6
25
15
30
9
2
39
12
25
27
25
7
4
24
2
16
9
33
13
1
40
7
31
28
32
7
3
12
26
6
18
7
36
18
3
42
32
30
34
8
6
13
28
8
17
4
36
19
43
29
31
32
7
7
13
29
6
17
5
37
18
46
23
26
32
7
13
18
27
10
19
7
35
17
40
1
21
21
28
8
13
19
25
10
20
9
30
14
36
14
17
23
9
12
20
22
12
2
22
12
24
10
32
7
12
19
8
13
21
17
16
8
20
15
17
7
24
8
11
16
9
12
24
20
18
14
23
20
15
3
27
10
8
13
9
10
26
4
20
20
19
23
25
12
28
11
7
14
10
10
30
16
16
29
5
29
26
34
11
22
7
7
12
12
9
3
34
27
20
2
31
16
35
30
39
9
1
25
2
9
7
8
13
6
9
37
36
21
5
30
23
38
31
41
6
4
29
6
4
5
4
8
13
7
15
42
14
49
19
4
34
32
43
34
43
4
9
27
9
3
4
1
7
13
5
21
42
27
54
18
7
30
40
44
36
42
12
25
4
7
5
14
1
25
42
36
60
16
8
29
47
44
39
42
13
21
3
4
10
7
13
2
30
42
46
65
18
7
30
52
45
37
44
17
23
17
5
11
6
14
33
37
51
58
21
10
25
55
37
41
42
17
27
21
8
4
2
14
34
33
54
58
21
9
21
55
32
42
39
16
28
10
7
8
3
11
34
32
56
59
21
6
21
54
33
43
43
18
27
19
9
11
1
6
10
32
30
53
56
20
20
49
29
43
44
1
17
26
31
5
13
4
7
10
31
26
52
53
21
1
17
46
23
42
45
4
18
30
34
7
15
7
5
8
28
22
48
46
22
3
14
42
16
47
43
7
18
3
30
30
9
1
13
9
8
9
23
19
39
39
23
11
32
10
40
37
9
17
31
14
5
15
9
9
8
22
17
32
33
18
7
27
6
37
33
11
18
28
24
4
12
9
10
7
17
13
22
24
16
19
34
25
12
16
25
29
11
10
10
7
12
7
11
13
19
8
27
17
15
12
29
21
11
11
10
6
7
6
1
5
17
1
23
12
17
10
28
35
15
16
17
6
5
22
19
11
21
3
7
31
81
22
20
23
7
1
27
18
7
26
7
2
35
100
23
23
25
8
1
28
18
4
29
8
38
90
17
23
23
9
27
20
2
27
8
37
75
13
21
22
8
23
23
26
7
32
28
1
17
23
21
8
28
23
25
6
38
19
23
20
11
29
21
25
4
41
21
25
24
12
31
14
27
3
43
25
25
25
13
32
2
10
2
27
3
41
27
24
25
12
29
8
27
3
39
24
23
26
12
29
7
27
4
41
17
20
25
13
26
1
6
26
4
36
23
21
30
12
27
12
11
7
29
5
38
31
22
32
13
5
27
18
14
14
30
5
5
41
28
20
29
12
5
25
18
13
15
27
3
3
38
22
19
25
13
2
5
25
22
1
20
27
26
1
7
38
1
20
16
26
12
5
14
19
27
12
22
32
23
9
33
17
11
23
10
9
22
13
14
29
22
24
33
19
6
27
18
14
9
16
10
4
25
19
12
24
22
26
36
16
2
24
35
10
3
15
7
3
29
27
10
19
1
23
22
36
13
19
34
4
13
6
4
32
32
5
19
3
28
25
36
12
5
1
14
26
1
8
6
2
2
34
34
1
15
6
26
20
31
9
9
11
37
1
6
4
7
35
35
9
7
23
17
27
7
13
6
37
4
4
8
32
32
5
6
18
17
23
5
13
6
32
3
5
8
28
27
1
4
14
12
19
6
14
9
29
4
4
10
26
23
7
9
14
20
6
16
7
31
1
4
5
12
22
17
10
2
15
16
7
16
9
40
2
1
5
5
11
19
1
12
9
15
14
8
15
11
34
1
4
4
11
16
1
6
9
15
15
8
14
11
33
2
4
4
10
11
1
10
14
12
7
12
12
28
3
5
8
5
9
13
9
6
9
8
39
2
6
5
1
5
16
5
5
3
8
36
2
6
4
2
4
16
7
4
6
28
1
1
3
9
4
10
1
6
22
13
4
1
12
42
6
7
5
11
1
24
7
3
3
26
15
5
5
27
41
6
9
8
7
13
27
9
6
2
29
18
5
2
30
50
8
12
10
11
16
29
13
13
2
36
27
8
11
32
62
14
23
16
13
16
35
16
20
4
41
32
12
23
39
52
18
4
27
20
19
18
37
18
25
5
46
36
16
23
41
65
22
8
27
19
21
18
39
17
27
4
45
39
17
23
41
79
22
12
31
22
22
18
40
17
29
4
45
39
19
26
46
65
24
16
33
23
28
18
41
16
33
8
46
43
23
31
47
63
24
20
31
22
27
18
37
16
31
12
45
41
23
30
41
71
21
19
28
21
28
18
33
14
28
14
43
37
22
21
39
74
20
12
24
16
25
17
32
10
22
17
40
34
20
18
35
63
16
8
19
13
23
14
25
7
20
18
37
29
18
12
29
56
12
3
17
12
21
13
21
4
20
21
32
28
16
10
27
55
8
2
11
6
15
13
3
12
1
15
25
30
25
11
10
18
62
1
6
2
12
11
9
6
8
11
1
15
29
32
26
7
6
16
59
2
4
9
11
12
12
12
9
15
31
2
29
26
5
3
15
49
6
9
14
16
14
3
2
13
30
8
25
24
2
7
45
3
9
14
20
16
12
1
9
30
9
21
23
6
50
1
8
16
27
18
19
5
30
13
17
23
1
6
47
2
7
19
31
23
30
11
34
21
22
27
4
4
39
1
6
20
31
27
36
9
37
22
26
29
1
5
3
48
2
7
20
33
28
37
1
7
38
22
24
26
2
9
5
53
8
21
32
29
37
1
8
38
19
28
27
11
4
48
1
8
19
31
22
32
1
11
32
18
26
27
9
1
4
43
7
18
26
16
26
11
28
16
25
28
7
1
42
9
17
20
15
20
3
3
8
29
10
28
29
4
3
6
48
10
14
15
9
11
7
6
10
25
5
31
29
5
8
56
3
12
11
7
2
2
8
9
9
21
32
29
3
7
45
6
12
9
2
12
12
13
22
35
33
7
11
43
9
1
14
6
16
14
17
19
39
37
17
13
60
15
4
5
16
2
23
15
12
14
36
32
14
21
56
16
3
6
16
25
14
14
10
36
32
2
11
21
40
14
2
6
2
16
24
14
19
7
38
33
5
14
19
34
18
4
5
9
6
17
26
15
22
9
38
36
8
20
26
46
20
9
9
10
9
16
1
27
15
25
6
40
36
9
23
27
52
21
10
12
10
14
15
1
26
13
26
3
37
37
12
21
26
39
22
9
17
13
19
15
30
12
28
1
38
40
17
28
31
33
23
15
17
15
19
16
30
11
30
41
41
17
31
31
47
24
18
19
15
21
15
2
5
29
11
30
37
42
17
32
32
50
23
17
20
14
24
15
5
10
29
10
30
39
41
18
32
33
43
23
16
14
10
20
15
3
13
1
21
3
28
3
35
39
15
23
24
34
18
15
7
9
15
14
3
15
1
15
24
5
30
32
13
17
18
24
10
3
1
5
10
12
1
21
10
9
18
9
23
28
11
11
13
25
4
6
10
25
19
1
12
6
12
23
25
5
4
5
18
3
9
3
30
26
12
13
18
26
25
2
3
2
17
7
6
32
33
10
18
21
24
29
1
1
5
27
7
9
32
7
39
6
26
21
25
28
3
37
7
13
36
12
45
7
29
25
26
30
5
45
7
15
38
13
47
10
27
27
28
34
7
41
9
18
37
19
51
13
33
30
31
36
8
1
1
51
9
20
37
23
53
3
14
36
30
34
39
10
2
3
63
3
9
21
37
23
52
14
33
28
32
38
13
1
59
8
23
39
25
55
17
33
32
28
40
16
61
9
23
38
25
50
1
3
19
34
30
31
41
17
1
62
9
22
36
19
45
6
3
21
29
26
32
39
18
5
73
4
8
19
34
15
39
3
1
19
20
19
28
40
17
1
1
74
1
7
14
31
8
29
17
13
13
24
34
15
3
61
6
11
29
21
1
18
5
10
18
31
14
4
2
55
6
8
25
13
15
3
19
29
13
3
1
64
2
5
5
22
6
12
22
25
11
4
68
7
6
1
18
1
10
16
21
3
10
8
5
62
8
6
12
2
6
11
14
5
7
9
4
51
11
6
6
2
5
13
10
8
3
5
6
5
52
3
4
14
7
8
13
5
11
3
11
12
60
7
5
15
8
8
4
13
4
11
12
50
7
9
18
7
9
6
17
7
6
14
41
5
12
18
7
11
19
9
7
14
43
7
13
20
8
11
21
10
7
15
48
8
13
20
7
11
1
21
10
8
15
49
4
10
20
8
8
20
10
7
12
39
10
21
7
6
2
19
10
6
12
43
1
7
16
6
5
5
17
11
7
6
56
2
13
8
6
12
8
2
1
60
8
7
9
6
4
48
3
7
3
1
39
5
7
55
5
4
5
1
4
5
55
6
9
12
6
5
9
1
51
5
12
16
10
8
11
4
48
5
17
18
3
16
11
15
7
57
5
18
23
5
6
18
13
17
11
68
6
19
27
9
9
17
4
11
19
14
61
6
21
29
11
1
11
18
9
14
22
18
62
6
20
30
14
7
13
20
12
18
24
19
63
7
18
30
15
4
15
20
10
25
27
17
3
80
9
15
28
12
6
3
1
15
18
9
28
31
15
7
78
2
8
11
29
8
10
4
1
21
16
14
29
36
13
13
73
6
2
8
3
7
29
2
8
2
2
27
13
16
30
40
10
15
86
8
1
5
10
1
2
24
3
7
1
25
5
11
28
43
3
5
21
3
90
9
8
1
9
10
17
9
25
2
27
40
8
24
6
90
10
7
4
14
9
9
7
23
25
34
10
20
6
70
5
4
7
13
10
12
17
19
33
12
24
8
76
4
7
10
16
12
15
14
19
27
15
22
13
84
5
12
16
11
16
11
19
26
17
1
19
14
78
4
1
2
15
18
12
20
10
12
25
19
2
24
19
69
3
3
6
19
21
14
23
13
13
25
21
5
23
20
68
4
18
18
14
25
11
18
27
19
3
23
22
82
7
1
2
16
18
14
23
9
20
25
18
2
26
20
77
7
11
15
12
20
8
20
25
14
24
14
72
5
11
11
11
22
8
25
25
11
25
15
74
10
11
8
13
21
1
6
28
24
9
23
14
82
13
7
2
13
19
3
2
30
23
4
18
12
82
12
2
2
13
7
15
3
5
4
32
27
1
15
7
76
11
1
12
14
14
4
12
9
2
33
31
16
6
79
14
11
19
5
12
5
14
13
9
31
32
16
4
82
13
13
1
23
7
13
7
16
17
12
33
36
13
3
82
13
14
28
20
15
12
17
25
20
39
41
17
3
81
17
14
5
33
30
11
12
18
32
27
39
44
2
18
88
19
13
11
37
3
35
11
13
23
41
33
43
45
8
16
86
20
11
14
39
12
42
8
11
18
44
32
43
44
11
19
89
17
10
16
39
18
44
8
18
44
31
42
43
14
13
85
12
9
18
41
22
48
4
20
44
33
39
46
17
3
76
8
9
17
40
19
46
5
21
40
33
38
47
16
13
90
12
12
16
36
18
43
11
8
21
36
29
41
47
13
27
2
90
19
3
9
14
35
17
41
21
30
28
33
48
13
20
89
8
5
7
14
34
17
40
19
28
26
32
48
13
13
79
3
3
7
13
32
16
39
6
21
27
24
35
51
13
21
80
13
7
6
11
31
13
38
7
23
21
22
32
51
14
27
2
95
10
9
5
10
31
11
37
18
17
18
28
45
16
13
81
6
1
3
9
33
8
35
15
12
17
20
41
16
8
70
1
2
7
32
3
31
17
7
16
22
40
1
16
15
70
4
2
1
5
29
27
14
3
12
19
35
3
14
10
78
5
1
27
20
8
5
12
30
6
1
12
9
71
9
23
13
6
11
27
8
1
9
10
59
5
2
18
5
5
3
23
7
6
11
60
2
3
14
4
6
19
7
3
10
62
7
4
12
4
6
16
7
2
11
65
7
5
9
3
4
8
15
7
1
11
1
54
1
6
6
5
4
5
9
16
6
13
2
51
2
6
6
2
6
6
5
14
7
1
14
1
60
2
9
7
7
5
3
9
9
2
9
4
50
1
9
7
6
6
1
9
8
2
11
4
48
3
9
8
1
8
9
3
7
9
3
14
5
49
4
9
8
1
7
8
4
10
5
13
5
47
2
8
8
1
6
7
2
9
5
7
1
50
1
10
8
3
1
9
9
2
3
9
5
13
5
48
1
9
7
2
1
6
9
1
9
5
15
3
45
7
5
4
5
10
7
5
7
48
4
5
7
6
4
4
9
43
5
9
1
2
10
45
2
4
14
1
7
5
39
10
14
3
9
33
12
15
10
11
10
2
45
1
17
19
23
1
19
14
2
46
1
22
23
32
10
24
2
19
2
47
23
25
36
14
25
2
21
40
25
29
40
21
27
6
25
49
1
25
29
41
24
27
2
10
25
4
56
26
30
38
25
27
3
7
11
25
5
46
25
31
36
27
28
5
8
12
26
3
51
1
23
30
31
26
25
4
9
11
25
5
60
2
23
29
28
24
22
3
11
11
23
5
58
3
20
28
22
20
19
4
12
12
20
7
60
4
15
25
12
11
1
14
5
11
13
15
8
53
4
13
21
5
3
1
13
1
13
17
12
12
59
7
8
16
8
19
16
7
15
67
2
6
2
9
5
15
15
1
21
62
2
5
3
1
2
6
12
2
23
60
1
3
6
4
8
9
6
19
56
2
7
6
2
8
9
13
9
3
29
58
3
6
10
6
7
5
10
13
13
5
34
6
66
7
7
15
5
3
6
12
11
16
16
8
37
6
59
9
2
5
14
4
3
4
13
12
17
16
9
35
3
66
8
1
4
15
3
5
2
3
13
15
18
16
10
32
3
75
6
1
4
14
3
6
9
3
17
15
24
16
9
34
7
72
5
4
1
11
4
4
14
3
17
19
24
12
8
36
70
9
2
7
3
5
19
4
20
3
22
29
8
7
4
35
73
9
4
3
4
4
22
9
18
1
7
25
29
3
3
5
30
83
7
3
1
5
3
26
16
18
10
11
26
30
7
30
75
7
1
5
7
28
24
18
21
15
25
33
10
29
73
4
2
2
14
28
10
27
17
31
19
26
30
13
25
73
4
1
20
30
19
30
12
37
18
23
28
17
22
76
25
29
29
32
5
43
13
