45
27
21
68
35
44
8
95
42
37
33
28
97
46
55
3
8
1
14
112
43
43
45
44
30
28
64
39
50
10
97
16
57
42
40
32
36
9
69
34
50
6
14
96
51
7
45
41
31
30
68
38
50
6
13
100
23
43
45
28
21
67
43
49
23
9
97
32
41
42
29
24
70
38
48
4
12
99
57
9
45
41
28
25
69
36
44
2
13
96
24
42
39
28
27
67
32
43
14
97
41
39
25
19
62
28
42
12
98
89
11
43
41
26
18
68
37
43
14
11
100
173
42
44
41
27
21
67
37
40
20
12
96
350
6
46
44
26
17
73
45
41
58
10
96
539
44
42
25
16
74
39
41
17
9
101
408
2
41
41
27
25
66
29
44
11
96
60
90
42
41
31
36
2
63
32
48
14
13
93
50
16
41
42
33
39
6
60
33
52
11
14
88
39
42
31
30
63
38
53
34
12
89
24
39
40
27
23
65
35
46
4
12
92
82
40
38
28
28
58
28
43
15
90
54
13
42
40
26
25
41
24
38
15
14
85
4
42
43
22
15
47
22
33
10
84
37
33
26
18
85
28
38
5
18
104
42
36
24
19
67
28
35
1
16
99
41
35
25
25
56
17
34
17
92
5
40
35
26
21
66
27
38
3
2
17
96
41
40
22
10
61
28
35
17
1
13
93
27
40
37
24
17
63
26
34
7
3
17
98
32
42
36
24
24
60
21
33
1
19
95
14
41
33
22
19
61
13
28
4
20
97
42
37
21
11
66
24
29
5
16
101
18
43
38
22
14
66
26
32
4
17
101
34
45
37
23
17
69
27
30
15
1
18
100
5
45
38
24
19
66
27
33
6
2
17
101
45
39
22
13
69
27
32
3
4
15
105
4
45
40
25
19
71
32
37
13
4
16
104
44
47
37
25
23
70
24
33
4
18
107
42
28
48
38
24
19
72
27
30
3
16
106
47
40
23
17
73
30
34
5
15
108
2
50
44
20
10
56
24
27
3
12
107
64
50
46
23
19
58
27
30
12
97
26
9
5
47
34
31
33
100
36
43
8
21
114
52
49
37
23
17
83
26
30
10
18
117
22
52
43
21
8
82
34
29
9
6
13
112
43
67
53
42
26
16
91
47
37
42
6
16
115
48
31
13
53
42
24
19
76
33
30
18
4
15
108
58
4
49
37
21
15
79
22
26
11
17
114
64
50
38
18
8
79
23
24
11
15
115
44
50
39
22
17
80
28
29
10
16
110
2
27
10
51
37
22
18
77
25
27
9
19
109
64
7
52
40
21
10
80
34
28
8
9
16
108
47
49
39
20
11
78
29
27
13
16
111
14
33
48
38
22
19
75
28
30
12
17
107
42
23
48
38
24
25
75
28
31
10
19
103
90
7
51
39
19
14
61
17
22
10
16
103
83
52
45
14
64
26
18
7
10
102
77
18
47
36
21
10
103
37
27
22
17
19
115
108
32
50
35
22
16
85
32
25
12
14
20
111
106
5
49
37
19
15
74
23
22
12
17
102
127
45
32
20
13
83
24
26
3
19
20
110
139
48
37
19
12
74
26
24
15
17
105
114
43
50
36
21
18
83
28
25
14
19
106
96
13
51
35
18
13
78
23
19
14
18
107
109
48
36
19
12
79
27
25
6
17
17
105
130
48
37
18
8
84
34
25
8
19
16
109
90
41
53
36
17
11
82
29
20
18
18
109
93
4
52
35
19
18
83
27
24
3
19
19
108
99
52
37
18
10
85
34
26
42
3
20
15
110
98
53
40
15
1
84
38
22
38
1
22
14
112
113
46
57
43
11
2
64
27
13
17
12
105
116
13
12
53
35
16
15
83
24
21
14
21
18
106
154
1
50
28
22
17
110
41
31
17
22
30
22
120
187
53
38
16
7
82
36
25
9
25
14
111
182
31
50
33
19
17
87
31
28
1
21
28
19
112
177
15
5
54
35
18
11
86
35
22
14
23
25
17
112
127
4
55
36
14
3
88
37
20
6
13
25
14
113
108
7
1
53
33
11
1
93
30
17
27
32
16
119
96
24
1
53
36
13
4
88
35
19
26
8
28
14
112
57
38
56
34
14
5
93
37
18
38
28
16
114
50
7
3
57
34
12
2
91
34
16
2
7
29
14
115
87
9
2
53
35
12
3
88
33
21
10
32
14
116
92
28
10
5
53
34
13
7
87
30
23
17
33
15
117
62
48
4
57
36
16
8
93
42
24
32
11
28
14
114
51
18
9
7
55
33
15
8
88
37
24
18
31
16
115
81
16
11
56
35
12
92
37
21
17
18
34
13
121
78
18
19
15
57
34
10
93
32
16
14
36
13
123
99
50
1
14
14
56
33
12
8
72
26
18
19
33
15
116
82
25
8
7
61
39
7
71
31
11
9
7
27
10
111
13
25
22
56
31
10
114
43
19
20
9
39
14
128
19
29
27
55
1
32
11
105
45
21
35
16
41
15
131
50
48
19
20
58
36
9
86
34
16
10
13
34
13
119
49
6
21
25
26
58
32
11
1
100
41
20
12
12
38
15
127
69
3
30
30
60
33
5
92
36
14
14
39
11
129
66
34
34
59
2
34
7
99
40
18
16
11
41
11
131
82
61
32
34
60
34
10
97
43
20
12
5
39
12
128
124
19
5
33
35
60
30
9
2
88
29
16
14
40
14
129
161
36
37
60
31
9
90
34
19
9
23
41
12
131
205
41
41
59
5
33
6
91
33
16
2
25
43
11
132
235
26
42
42
61
1
33
7
95
38
16
12
43
12
135
231
23
10
41
41
64
32
8
94
39
16
11
41
11
135
189
8
43
43
61
33
7
83
36
17
10
10
43
10
133
170
41
37
65
40
1
69
34
12
17
38
4
130
125
34
50
46
63
1
33
5
104
38
14
4
9
43
10
141
99
33
4
53
50
61
3
27
12
3
111
45
23
21
13
47
17
146
105
10
44
38
66
36
5
89
41
15
22
39
8
135
118
58
50
62
5
31
4
99
36
14
5
48
11
145
115
10
54
44
64
32
4
88
33
13
7
44
10
142
83
32
7
47
38
64
33
8
92
42
18
17
40
11
135
34
30
48
40
63
31
6
88
36
15
13
42
12
137
52
41
62
33
3
86
32
13
8
43
9
137
57
53
42
61
33
6
88
37
19
43
10
139
81
22
3
50
38
63
31
5
84
31
11
2
41
11
136
99
27
49
36
63
32
7
86
38
13
10
40
10
135
61
52
38
62
32
4
86
33
12
43
9
136
54
39
60
31
3
84
28
10
44
11
136
24
41
47
34
61
32
7
80
34
15
39
11
131
23
8
45
32
60
31
6
77
26
9
39
12
129
6
46
30
58
32
5
71
24
11
40
11
128
41
25
58
36
3
52
23
11
35
8
119
32
42
26
59
33
7
85
32
13
36
12
126
10
17
46
30
56
27
16
101
44
24
8
40
18
131
5
37
21
58
36
10
75
39
19
19
34
10
118
44
25
55
32
10
85
33
18
38
12
125
41
38
21
53
32
14
74
34
22
11
36
15
116
37
10
20
34
20
52
31
15
70
29
20
13
1
34
16
112
156
21
39
22
51
30
13
71
27
19
36
16
115
285
39
19
50
33
11
69
29
17
35
13
114
502
34
14
51
32
12
75
30
16
34
15
113
581
12
4
27
8
50
31
16
5
67
26
21
30
17
106
307
19
26
5
46
31
17
5
65
26
26
31
17
103
26
1
46
32
17
2
69
31
28
31
15
103
65
22
43
32
19
7
63
29
30
29
17
98
77
4
15
44
33
20
5
52
31
27
24
25
18
92
23
6
45
38
17
35
28
21
4
20
14
80
20
37
28
18
3
65
18
23
31
20
90
31
27
1
37
23
20
6
72
21
27
34
24
100
61
6
41
33
19
2
50
24
21
21
19
82
8
6
34
26
22
10
54
18
26
25
24
81
9
32
28
20
2
41
15
24
27
21
75
18
31
28
16
43
8
16
30
22
78
41
15
29
23
18
6
38
3
16
30
27
71
2
17
10
27
22
22
11
33
6
22
28
28
62
15
24
23
20
5
32
5
21
31
27
62
16
23
24
18
1
33
6
19
31
26
59
44
9
21
24
23
9
31
11
24
28
29
52
7
8
4
20
23
23
12
24
6
22
27
30
46
10
20
21
21
5
29
5
21
29
28
49
6
18
25
21
29
13
23
28
27
46
35
2
18
24
22
4
30
12
21
25
29
43
18
12
18
20
20
7
14
15
25
31
39
4
18
27
18
1
14
19
26
28
1
11
20
22
5
30
1
22
28
31
37
13
15
6
8
13
27
16
29
1
27
33
39
42
6
25
5
13
20
23
14
6
19
23
34
29
5
10
7
13
23
17
13
18
29
38
32
8
19
22
6
10
20
27
33
29
25
10
21
23
4
19
4
22
24
33
29
47
10
17
25
15
10
21
24
37
27
8
17
9
18
23
12
7
19
23
36
24
10
7
19
23
7
11
22
24
35
25
29
2
7
19
22
5
10
20
24
35
23
2
44
7
15
23
11
8
16
22
38
22
1
6
15
23
11
5
15
21
38
19
20
4
17
24
9
5
21
22
36
17
41
5
2
15
24
15
22
24
37
18
57
59
3
12
24
20
17
22
40
16
12
19
19
3
13
25
18
18
20
39
13
6
2
16
21
11
14
19
36
9
37
4
20
20
6
15
17
32
10
23
37
1
12
31
24
27
29
23
41
23
57
14
4
12
27
18
2
21
18
39
14
64
10
3
16
25
12
1
20
18
35
12
80
12
27
1
22
26
23
38
16
97
21
14
26
20
21
17
37
9
101
1
9
2
14
28
19
3
21
16
38
9
72
12
2
16
26
12
21
14
34
7
92
13
26
15
22
18
35
9
105
30
10
26
21
18
19
39
6
84
40
8
12
28
21
21
14
37
4
98
24
11
27
19
21
16
38
3
94
12
25
16
21
18
36
5
105
14
12
26
17
22
17
36
8
104
41
11
27
21
18
14
38
5
60
11
12
28
23
2
20
14
37
110
13
25
17
20
15
34
1
114
1
17
23
14
19
9
30
112
38
8
32
29
6
7
27
14
39
144
9
5
31
25
3
1
25
17
41
7
79
14
24
8
17
12
32
61
8
26
3
18
19
18
37
5
66
39
8
26
25
2
18
14
37
63
3
8
28
21
1
20
12
36
90
9
24
14
17
15
35
2
66
12
26
15
22
14
33
43
46
9
28
22
20
14
36
36
15
22
6
25
21
2
13
15
37
13
8
27
20
21
14
34
15
10
26
1
20
24
15
32
24
30
7
26
1
24
2
19
16
36
30
19
15
11
23
19
14
9
32
13
12
11
23
14
16
11
30
3
27
5
18
17
23
22
37
14
34
10
24
16
17
14
33
33
3
7
27
22
1
18
13
36
5
9
27
14
22
13
34
2
13
25
12
21
14
31
28
4
7
25
2
19
17
17
35
2
52
25
6
26
23
5
15
15
36
25
15
9
27
19
19
15
35
2
52
12
25
10
20
15
31
3
99
7
25
5
21
18
18
35
1
143
33
2
5
26
1
25
7
15
16
36
2
172
24
8
27
22
3
18
14
35
188
10
25
14
18
15
33
3
162
11
24
1
13
17
16
33
2
112
52
3
15
23
12
14
9
30
31
2
19
4
17
23
11
12
7
29
5
4
29
6
22
16
24
21
38
9
14
9
25
3
16
21
18
33
6
43
50
11
26
19
18
16
35
1
79
28
13
1
8
28
21
2
19
18
36
5
51
7
2
11
24
13
14
18
33
3
13
10
24
4
14
19
21
33
8
41
4
13
25
16
18
16
32
6
44
17
19
2
9
28
1
25
7
19
18
35
4
50
23
5
11
26
1
17
19
18
32
9
5
13
24
3
11
2
18
20
30
11
42
18
3
12
25
2
16
17
19
32
9
38
46
10
7
14
27
19
20
15
31
6
28
5
12
26
19
19
18
32
8
5
14
26
3
14
22
18
30
10
19
5
14
25
3
15
19
19
31
10
41
7
14
27
22
5
19
17
32
9
19
8
14
27
19
1
21
16
31
9
10
18
21
8
14
16
26
8
7
17
22
3
15
16
17
28
6
34
6
4
5
7
4
33
9
30
12
25
29
24
38
19
38
12
15
27
15
4
20
16
29
14
3
9
15
24
1
12
9
18
19
28
16
134
7
9
14
24
4
13
8
19
21
30
18
200
26
10
14
24
17
15
17
30
13
352
28
11
14
28
21
2
9
23
16
30
17
507
5
14
21
26
10
12
24
14
25
15
401
2
12
21
27
13
16
26
16
25
18
108
68
14
21
30
21
14
27
12
13
27
16
55
6
13
18
32
28
8
10
27
13
29
13
9
16
30
5
25
4
2
28
16
29
12
1
12
21
25
1
12
21
15
25
12
32
15
23
23
12
16
12
24
8
38
6
6
10
13
3
32
5
25
10
29
26
21
35
19
6
4
13
17
30
4
18
16
26
19
30
19
4
10
19
2
26
6
12
3
21
18
27
12
11
5
8
13
9
27
10
18
2
5
2
18
7
24
34
17
1
4
13
19
28
18
3
18
16
31
12
17
5
11
18
2
30
3
19
1
10
23
19
31
16
11
4
9
15
7
27
10
18
4
21
23
31
18
3
10
3
11
18
5
27
6
14
12
20
22
30
18
44
7
7
16
20
28
13
18
18
9
19
29
21
30
6
14
19
3
29
2
16
1
12
19
20
30
19
10
3
11
20
7
29
8
16
12
24
23
29
19
7
8
1
12
22
5
28
6
16
23
21
28
16
36
5
16
25
25
10
14
15
26
10
25
10
5
14
18
4
31
1
18
1
32
23
6
23
32
24
19
13
11
16
10
27
8
11
26
2
19
28
32
28
13
7
15
21
4
21
1
2
12
10
23
27
20
31
13
9
14
16
6
27
2
16
21
19
26
32
24
21
8
7
14
18
5
26
16
1
7
14
24
31
17
1
14
14
12
2
16
12
24
6
13
12
8
14
6
28
30
21
54
15
16
12
5
18
13
24
9
11
11
8
15
5
29
30
20
72
32
13
14
17
1
19
8
23
10
19
3
14
28
31
21
12
7
31
11
14
19
19
6
23
5
22
1
9
27
31
22
13
13
15
18
3
21
7
22
5
21
3
12
28
29
22
32
18
20
18
9
21
11
21
3
3
23
4
14
32
29
26
44
30
14
18
19
5
22
7
21
24
3
10
22
30
29
23
42
18
18
13
21
19
4
19
7
23
8
22
5
12
30
31
23
18
15
12
17
24
1
26
1
17
6
7
27
25
23
9
15
20
22
7
28
5
16
17
7
29
23
22
5
23
32
42
14
26
12
22
27
11
19
2
47
19
22
20
16
42
36
2
37
5
35
14
21
34
19
15
16
14
23
1
16
3
16
11
15
12
12
36
33
28
16
22
34
20
16
18
13
19
7
23
12
14
6
13
36
30
29
30
41
21
24
20
17
20
5
5
32
16
17
14
25
40
28
36
47
9
25
37
23
20
23
12
20
5
26
11
13
12
6
37
27
33
43
38
2
24
38
26
17
22
10
21
3
36
12
12
9
14
36
28
36
47
24
24
39
27
18
22
11
18
1
32
13
14
6
18
37
26
35
54
34
47
25
27
19
16
16
1
35
19
17
7
5
42
26
4
43
103
2
32
45
27
26
22
14
18
35
17
14
11
41
24
3
42
105
48
27
40
31
18
24
8
18
40
11
4
9
9
26
1
38
24
43
56
16
29
43
34
18
23
7
17
43
11
2
8
5
39
23
47
93
33
46
29
25
24
12
17
39
16
5
12
11
5
41
21
1
45
90
39
54
28
33
22
18
16
36
25
21
9
16
44
23
13
49
65
46
33
50
32
25
25
12
15
19
19
17
4
13
40
22
5
45
112
10
28
45
34
19
28
5
14
23
14
10
3
4
36
18
40
93
45
61
29
37
19
20
20
1
66
29
12
24
16
32
16
48
24
16
58
89
46
59
32
35
23
17
17
49
25
10
20
13
8
11
47
21
13
58
71
41
43
59
32
31
22
15
14
37
25
21
5
17
44
21
14
54
74
8
16
46
62
32
32
18
17
16
43
28
25
5
25
47
24
14
58
103
14
45
59
34
31
24
14
13
42
24
1
20
4
18
44
19
12
56
120
51
63
32
37
21
19
14
49
28
3
24
8
25
47
20
17
60
113
49
48
61
33
33
22
16
14
41
26
23
5
25
45
20
15
57
95
45
2
45
58
36
26
22
11
14
45
22
3
19
7
9
24
40
20
8
58
136
7
48
57
35
27
24
10
13
48
19
10
15
6
36
5
34
18
8
57
139
53
61
34
33
24
15
12
47
23
6
19
7
9
32
17
14
59
116
21
53
59
34
30
22
12
14
45
21
6
18
11
7
8
30
18
9
61
74
40
9
46
55
36
23
23
8
12
29
18
1
15
3
5
24
18
5
54
78
10
45
52
36
22
25
8
9
23
17
16
12
21
15
5
48
97
64
67
29
38
15
21
13
61
30
27
8
23
30
21
20
65
68
19
61
64
31
33
18
17
14
49
24
5
23
10
10
16
26
20
15
62
89
26
50
52
36
18
24
4
12
42
12
7
10
6
33
1
16
16
2
56
98
11
56
57
34
22
19
9
13
51
17
8
16
7
22
9
18
18
7
60
73
56
53
32
23
23
8
10
38
14
5
15
5
5
16
14
5
55
66
22
62
59
29
28
18
12
9
39
20
20
1
15
18
17
12
58
81
61
55
54
31
19
19
8
12
34
14
17
4
15
13
18
4
53
43
9
17
53
48
33
14
19
3
12
39
8
2
10
5
10
2
10
16
54
81
56
48
33
18
20
5
11
44
7
9
10
7
32
4
10
14
57
32
11
57
50
29
20
21
8
11
39
11
5
14
7
16
9
10
14
3
52
1
59
56
50
30
16
18
5
12
36
10
1
12
3
4
9
17
1
51
7
5
28
52
45
29
12
18
4
12
27
6
11
3
10
5
18
47
13
10
52
43
28
11
21
3
8
10
3
10
10
3
14
43
50
51
39
27
8
21
1
8
27
4
1
2
13
44
27
39
56
42
21
16
10
13
19
5
51
9
21
12
14
9
25
51
49
15
23
45
37
25
8
16
7
17
4
22
5
16
9
15
1
20
39
96
10
53
48
24
15
18
7
15
31
9
13
10
3
5
2
17
6
41
134
63
54
21
23
16
12
14
28
14
16
10
5
6
19
19
43
144
32
57
50
21
