5
2
10
27
12
30
23
3
44
16
5
3
11
19
7
25
8
39
2154
3524
8
4
4
12
21
22
3
34
1581
3127
10
6
5
10
19
23
9
39
14
5
3
2
10
21
20
27
20
3
43
11
4
4
10
16
5
23
9
36
1844
2836
5
4
1
14
18
1
7
2
20
7
7
38
1985
2737
9
2
4
4
16
20
4
14
4
24
12
24
3
41
14
6
5
8
18
11
27
20
2
41
3
21
6
3
9
25
15
25
14
43
1430
1921
2
14
8
4
13
17
3
20
14
39
2280
1664
4
9
9
6
12
17
8
23
19
42
4
15
3
5
2
3
19
2
24
14
1
34
27
5
2
52
1
21
5
2
1
14
27
14
34
25
1
3
52
23
5
11
22
8
27
11
40
2198
3528
11
8
8
12
19
3
34
1637
3118
14
12
1
8
19
1
29
3
25
7
2
24
5
26
12
1
40
18
7
6
23
9
23
5
40
1829
2822
6
6
1
10
16
3
21
3
35
1990
2692
8
4
2
12
19
4
25
12
2
45
16
7
2
7
17
15
29
15
3
39
17
3
4
11
21
17
34
18
2
44
1402
1916
11
3
14
18
8
29
15
48
2272
1605
11
6
3
5
13
5
25
9
36
4
21
6
2
1
24
6
30
13
2
1
41
6
28
7
1
33
13
33
17
2
45
943
930
18
9
1
22
8
28
6
32
2443
4871
9
9
2
19
4
28
7
1
34
168
136
14
12
1
17
8
32
11
1
35
13
9
3
8
5
34
4
31
411
64
2
1
6
7
20
5
38
11
32
2469
4297
2
7
7
9
3
37
10
27
672
1450
1
4
8
2
7
8
7
43
13
4
36
10
9
5
9
16
4
27
21
3
53
28
8
5
47
8
9
4
7
20
1
20
20
6
50
21
4
4
39
2341
3833
6
8
5
5
22
2
16
14
6
46
21
3
5
39
1144
2450
10
1
8
7
8
22
7
20
3
14
9
52
3
30
6
5
44
3
17
3
3
5
6
18
5
20
3
18
9
52
1
25
5
2
43
7
21
3
3
18
18
3
10
9
45
3
20
1
38
2112
3563
2
12
4
15
14
4
34
10
34
1594
3106
1
8
6
1
13
12
2
4
4
33
11
2
3
38
2
18
4
2
14
19
1
6
5
37
17
1
5
40
1
20
2
3
18
23
2
8
5
37
17
3
41
1776
2740
6
1
4
3
21
17
3
12
9
35
4
20
2
1
46
1967
2663
1
8
5
6
6
23
1
12
7
11
10
36
11
23
4
2
46
5
19
6
6
5
2
18
1
15
8
7
9
38
12
21
4
47
9
21
1
5
5
3
21
2
2
38
10
12
12
41
9
25
3
1
54
5
1370
1813
10
12
5
4
23
3
25
9
19
10
33
3
25
49
20
2237
1580
12
17
3
3
1
3
19
5
26
11
16
10
26
10
20
3
1
50
1
23
15
27
3
7
9
3
32
8
14
4
26
8
17
4
1
51
1
21
12
27
8
6
3
23
4
10
25
16
1
48
16
861
827
5
19
9
8
24
6
20
12
44
3
2386
4932
7
16
8
2
13
5
23
8
12
5
23
7
17
1
48
130
2629
10
25
1
9
1
3
14
7
29
12
14
8
26
12
24
2
3
54
4399
10
32
9
2
1
10
2
31
7
15
3
25
9
19
1
54
363
3960
8
25
5
1
14
26
3
9
1
21
12
47
2430
4938
5
14
6
1
14
16
1
1
1
16
7
41
656
1461
11
20
1
4
1
9
1
22
4
7
2
19
3
13
1
2
46
8
21
4
4
14
1
16
3
1
40
4
12
4
8
5
1
14
33
2312
3783
5
5
1
3
1
5
14
2
5
4
2
11
1
2
33
1138
2468
7
9
6
7
4
12
17
6
14
10
8
19
5
2
8
3
36
3751
8
19
5
8
2
14
1
19
1
5
24
10
8
9
26
15
1
9
5
45
4154
2
16
1
3
10
19
1
17
8
8
8
19
1
8
5
3
41
2076
4725
10
2
9
17
21
6
6
7
14
4
3
4
2
42
1583
2161
12
2
3
9
14
11
8
7
14
10
8
2
7
1
44
3575
2
22
3
5
9
19
6
3
15
5
7
2
6
37
3728
1
24
2
5
26
13
3
1
41
1756
4431
2
12
2
4
13
8
1
39
1961
2633
5
14
4
2
13
8
2
2
1
36
3153
4
18
5
15
11
2
1
1
35
3631
1
13
3
19
10
39
1328
4114
1
7
5
13
7
9
37
2222
2888
6
2
5
12
9
1
38
3003
1
16
5
14
14
2
2
1
42
3798
1
21
5
10
16
3
1
36
839
3748
10
6
3
7
12
1
34
2384
4944
12
2
7
18
1
13
5
1
43
133
3010
5
23
3
6
34
4
21
11
4
1
55
3536
4
26
9
3
27
11
21
3
44
321
3618
7
25
5
7
27
2
18
6
41
2405
4701
2
16
7
5
21
2
16
6
43
655
2848
14
8
1
18
3
16
8
41
3556
3
21
4
24
7
18
11
43
3182
12
3
13
3
14
38
2305
4692
11
1
1
2
18
1
12
1
40
18
1152
2848
2
18
2
1
2
26
9
17
11
2
2
43
101
3286
3
25
4
1
20
8
21
12
1
2
42
136
3125
1
22
3
4
19
6
20
8
43
187
2074
4629
16
4
1
6
17
1
16
1
39
245
1589
2910
14
7
2
3
18
14
30
227
3140
13
2
12
17
1
30
46
3022
13
1
9
12
23
1815
4371
3
8
11
2070
3023
1
1
4
2
11
12
1
16
3071
10
2
3
4
11
22
4
25
3050
14
3
3
5
18
10
26
3
2
32
1392
4112
11
3
3
9
15
10
21
7
34
2277
3224
11
5
6
1
7
17
4
22
9
2
42
3052
16
1
6
4
4
28
9
25
11
6
44
3173
16
3
2
23
8
24
9
2
39
813
3859
10
2
21
15
3
41
2376
4952
7
2
1
15
10
1
37
6
170
3094
16
5
18
16
9
3
1
42
28
2969
1
21
5
21
4
19
8
2
46
21
345
3660
14
5
5
8
17
2
39
21
2453
4763
12
7
8
17
4
19
7
39
39
727
3069
4
19
9
1
6
29
7
25
13
1
48
38
2996
4
28
6
9
31
9
30
16
54
52
3421
25
10
9
27
10
25
8
48
40
2321
4664
15
9
1
8
24
7
21
7
49
42
1184
3273
18
9
3
3
31
6
25
14
51
50
2747
25
9
4
31
5
27
11
47
41
3096
22
7
1
1
28
10
24
14
50
44
2071
4549
1
16
8
28
2
16
7
47
36
1617
3337
5
19
7
2
27
10
20
7
2
49
47
2813
9
29
8
29
11
22
9
3
52
51
2923
2
25
8
24
2
19
2
46
37
1708
4288
16
9
7
2
12
32
25
1963
3345
14
6
16
12
39
37
2937
5
24
5
25
4
17
6
1
1
48
50
2995
23
7
14
2
15
2
35
38
1293
4109
13
2
17
14
2
39
46
2232
3530
13
4
12
2
12
5
40
48
3039
22
5
14
17
7
1
3
42
46
2738
21
3
23
2
17
2
1
40
44
794
3822
11
3
8
10
28
41
2374
4975
7
3
1
6
12
34
51
155
3156
15
4
18
1
17
6
1
2
39
56
2565
20
1
1
19
19
1
1
42
58
268
3460
12
6
16
17
39
51
2372
4777
9
3
2
7
13
17
1
39
56
656
3215
21
5
1
1
11
16
4
22
12
1
46
76
2610
3
26
4
2
13
27
9
26
18
2
53
78
3181
20
4
15
24
4
26
13
50
79
2260
4661
13
5
14
13
2
21
9
7
43
85
1157
2875
1
13
5
15
14
26
4
12
50
91
2814
2
22
1
1
15
2
27
3
32
17
54
96
2458
19
2
15
23
12
32
13
46
94
2042
4535
10
3
18
20
6
30
12
51
94
1611
2809
15
4
2
15
21
5
32
15
51
103
2920
22
5
3
8
1
22
9
37
22
48
108
2199
22
4
3
15
3
32
16
42
22
58
106
1725
4083
12
6
16
24
15
37
20
54
106
2011
3090
14
5
5
10
20
9
35
21
52
109
2814
20
7
4
2
12
7
35
1
12
46
101
2034
21
3
2
23
6
34
8
40
89
1305
3533
11
1
6
28
9
32
9
47
91
2257
3173
7
4
1
2
18
4
25
4
42
93
2747
14
3
1
21
2
28
3
41
83
1790
14
2
1
15
27
40
65
801
2814
7
2
2
12
2
24
35
58
2399
4999
1
1
3
1
7
12
2
25
7
40
67
190
8
2
5
3
4
12
29
4
37
51
9
3
2
2
3
15
3
28
2
34
40
265
4
1
2
1
7
12
24
30
32
2383
4053
1
3
4
9
17
24
35
28
693
673
1
1
3
3
3
22
30
24
3513
7
2
1
6
23
25
3
4819
3
2
5
11
22
28
2
2256
4930
1
3
9
11
3
20
5
35
2
1182
2492
6
5
1
1
12
21
6
34
10
4
1
4
20
6
27
11
41
8
13
1
8
26
9
28
13
44
2030
3519
1
2
1
5
11
18
35
1629
3088
5
2
1
3
8
18
41
15
4
10
18
2
39
11
2
16
3
19
31
1714
2612
3
3
12
18
34
2022
2536
1
5
3
8
15
34
11
5
1
22
7
22
11
41
16
2
1
27
6
25
12
47
1267
1689
11
4
20
5
18
42
2262
1168
9
8
1
16
13
39
13
9
1
16
15
37
20
1
27
9
22
8
46
787
767
10
23
2
19
2
41
2402
4677
1
1
4
10
15
32
219
372
9
2
1
14
3
17
4
1
39
10
1
18
20
4
42
276
4
3
19
5
20
1
41
2418
4182
1
4
7
3
16
31
741
1624
5
5
2
1
23
4
24
12
1
40
16
1
5
3
28
15
26
11
2
53
6
3
1
3
17
19
38
2289
3737
3
2
3
14
15
33
1225
2600
4
2
15
1
19
3
41
9
1
6
4
24
5
3
25
10
3
47
8
1
15
20
3
40
2044
3525
1
2
9
19
36
1662
3061
4
3
8
9
22
7
6
27
15
1
50
12
5
7
1
5
21
10
5
36
17
3
50
12
1
4
7
7
16
9
6
32
6
43
1695
2611
6
2
5
9
12
26
10
7
30
10
1
52
2030
2462
1
7
7
7
16
5
5
30
5
14
46
6
1
3
2
10
6
32
2
17
7
31
2
17
3
53
4
3
5
4
30
14
31
14
48
1261
1688
2
2
1
4
14
3
22
4
35
2270
1022
2
2
5
17
4
22
6
40
2
2
15
7
25
11
41
8
1
18
9
27
12
46
768
764
5
2
2
21
20
1
42
2404
4648
5
6
1
1
17
3
18
3
44
223
530
12
5
7
1
5
21
10
5
36
17
3
50
12
1
4
7
7
16
9
6
32
6
43
1695
2611
6
2
5
9
12
26
10
7
30
10
1
52
2030
2462
1
7
7
7
16
5
5
30
5
14
46
6
1
3
2
10
6
32
2
17
7
31
2
17
3
53
4
3
5
4
30
14
31
14
48
1261
1688
2
2
1
4
14
3
22
4
35
2270
1022
2
2
5
17
4
22
6
40
2
2
15
7
25
11
41
8
1
18
9
27
12
46
768
764
5
2
2
21
20
1
42
2404
4648
5
6
1
1
17
3
18
3
44
223
530
2
17
21
1
36
2
24
6
28
8
1
39
15
2
26
4
36
1662
2568
1
12
2
24
2
33
2008
2341
4
13
27
3
39
3139
3
3
10
29
1
35
4382
2
1
17
10
30
6
39
1217
4462
2
7
25
3
32
10
43
2252
2657
5
1
1
9
16
32
12
43
2758
3
3
3
9
1
22
16
1
37
16
2
1
48
4643
1
3
4
5
12
1
25
12
4
43
2
21
1
1
50
703
4511
2
2
15
14
4
3
34
13
45
2352
4980
4
7
4
20
4
20
11
8
36
17
1
5
56
194
532
2
4
9
7
18
8
28
1
13
12
41
13
25
3
5
57
3
2
7
5
16
5
33
13
8
40
6
23
1
3
60
185
1
4
4
2
19
1
26
6
8
38
6
16
1
55
2357
4165
4
3
19
2
27
7
8
34
1
19
2
56
717
1797
1
1
4
12
2
30
6
7
30
15
20
1
60
4
2
6
26
5
1
31
13
17
1
58
1
11
25
7
30
17
59
2210
3719
2
10
25
1
28
14
52
1192
2102
1
4
6
27
5
33
20
3
58
3926
3
2
1
1
4
30
15
33
23
3
57
4460
3
1
4
20
6
28
12
48
1953
4834
1
2
4
16
24
10
45
1626
2076
2
25
7
25
2
11
1
54
3541
1
1
24
5
25
9
8
2
55
4025
1
1
26
24
5
44
1621
4497
1
1
26
3
21
3
47
1994
2453
2
3
16
17
43
3126
3
2
14
20
2
38
3484
1
2
25
21
3
43
1176
4098
1
15
16
34
2227
2995
1
1
2
6
16
1
29
2967
2
3
14
19
4
37
4166
13
17
1
34
687
3804
7
13
32
2362
4785
2
1
1
8
14
1
33
223
2938
1
3
15
19
3
39
3652
1
2
13
24
6
3
39
172
3625
2
3
8
20
23
7
1
1
41
2366
4692
1
1
6
13
24
6
3
21
8
2
3
44
746
2888
3
5
8
17
2
1
27
16
5
3
47
3395
1
5
8
16
6
3
30
18
5
2
47
3404
4
1
5
9
23
3
37
2235
4709
7
5
5
4
21
2
36
1246
2928
1
7
6
3
14
4
29
1
9
8
32
9
23
3
4
54
3162
3
6
3
5
10
4
37
17
2
36
26
3
3
55
3219
3
5
2
14
1
29
12
34
23
2
51
1984
4565
1
7
14
27
6
29
18
2
52
1674
3023
4
7
1
6
22
10
29
17
50
3062
5
5
5
3
29
13
35
21
3
1
54
3129
5
3
6
25
10
34
19
48
1622
4323
6
8
21
8
29
16
1
44
2015
3190
5
7
23
7
29
15
2
48
3036
1
5
1
2
24
7
32
19
3
51
3123
4
5
23
30
8
15
2
50
1155
4127
4
7
18
6
24
8
45
2240
3471
7
1
9
16
5
28
10
1
1
44
5
3042
1
8
4
4
8
2
21
10
1
33
6
19
5
3
49
19
3170
3
5
2
14
1
29
12
34
23
2
51
1984
4565
1
7
14
27
6
29
18
2
52
1674
3023
4
7
1
6
22
10
29
17
50
3062
5
5
5
3
29
13
35
21
3
1
54
3129
5
3
6
25
10
34
19
48
1622
4323
6
8
21
8
29
16
1
44
2015
3190
5
7
23
7
29
15
2
48
3036
1
5
1
2
24
7
32
19
3
51
3123
4
5
23
30
8
15
2
50
1155
4127
4
7
18
6
24
8
45
2240
3471
7
1
9
16
5
28
10
1
1
44
5
3042
1
8
4
4
8
2
21
10
1
33
6
19
5
3
49
19
3170
5
3
4
6
23
20
35
20
2
1
50
21
653
3809
1
5
7
9
4
28
8
38
13
2352
4813
3
4
3
7
19
3
32
11
230
3114
3
5
3
3
18
25
9
5
1
40
14
2897
3
2
1
21
5
25
8
4
41
148
3625
1
3
9
16
34
2360
4738
2
5
1
5
12
16
1
1
1
36
762
3127
7
6
6
3
4
23
7
23
12
7
4
45
2893
4
6
6
3
3
17
2
24
8
6
4
43
3416
1
5
3
5
18
3
21
1
3
2
37
2211
4651
7
2
5
12
14
2
1
36
1238
3278
2
6
3
3
14
18
5
4
2
36
2773
1
1
7
2
5
8
5
19
12
1
33
1
27
4
4
53
2679
10
3
7
10
5
26
12
1
37
25
2
5
54
631
3151
12
2
4
15
2
30
17
1
35
21
6
52
2353
4980
3
10
2
2
13
1
26
15
30
24
5
56
255
2842
5
11
1
4
7
3
29
14
34
22
2
3
56
2470
10
4
3
1
38
15
35
22
2
1
55
118
2650
5
4
28
11
27
12
51
2336
4957
7
1
18
3
23
5
45
756
2724
4
19
5
25
15
1
46
2766
1
2
21
10
28
16
44
2370
4
1
23
7
28
11
43
2174
4765
2
5
4
20
5
25
8
45
1221
2841
1
1
7
2
5
8
5
19
12
1
33
1
27
4
4
53
2679
10
3
7
10
5
26
12
1
37
25
2
5
54
631
3151
12
2
4
15
2
30
17
1
35
21
6
52
2353
4980
3
10
2
2
13
1
26
15
30
24
5
56
255
2842
5
11
1
4
7
3
29
14
34
22
2
3
56
2470
10
4
3
1
38
15
35
22
2
1
55
118
2650
5
4
28
11
27
12
51
2336
4957
7
1
18
3
23
5
45
756
2724
4
19
5
25
15
1
46
2766
1
2
21
10
28
16
44
2370
4
1
23
7
28
11
43
2174
4765
2
5
4
20
5
25
8
45
1221
2841
3
8
5
22
9
29
17
1
1
49
63
2743
4
9
1
4
6
2
21
8
32
18
2
3
50
119
2142
1
9
2
7
23
11
32
12
2
45
150
1886
4426
8
10
22
6
25
10
4
42
221
1622
2929
7
7
15
21
6
2
3
44
279
2678
3
4
3
5
17
1
1
25
18
6
4
3
34
213
1764
4
2
6
15
11
2
1
6
24
13
4
3
5
30
1566
3843
4
5
6
20
1
1
1
2
8
22
1
6
30
2034
3053
6
7
8
21
5
9
3
11
25
5
5
8
32
2752
5
8
7
3
16
7
18
5
9
29
19
7
7
8
29
1810
5
8
6
4
16
5
21
3
9
4
31
7
12
6
8
35
1161
3258
7
12
17
8
28
10
1
4
34
2265
3495
10
6
16
3
27
11
2
2
32
2740
7
1
22
12
30
21
3
45
1664
5
22
9
28
12
44
566
2614
4
20
4
23
6
39
2295
4988
5
1
18
4
21
10
42
7
215
249
2
5
19
7
27
13
48
24
6
3
5
23
9
29
17
46
32
74
1
1
7
1
24
10
26
9
43
31
2321
4002
2
7
3
21
6
23
8
45
41
786
409
3
8
18
6
28
14
1
44
50
3436
3
4
6
21
5
29
9
41
45
4834
5
1
24
7
29
11
41
40
2198
4916
2
7
14
3
25
3
38
34
1266
2670
7
8
9
26
38
49
10
3
4
2
24
39
13
4
3
50
62
1
7
5
26
4
35
9
1
1
49
56
1929
3267
6
5
16
12
28
2
2
37
52
1705
7
5
18
5
32
10
4
3
42
61
3361
3
3
27
7
31
12
5
48
61
4927
3
19
5
28
3
36
50
1560
4801
2
11
19
36
47
2035
2207
1
3
1
21
3
20
5
43
59
5
3
4
27
7
28
16
1
48
69
8
5
3
27
11
28
14
55
61
1120
1454
3
5
4
26
9
27
11
54
67
2269
1177
2
5
5
22
5
26
13
53
75
2177
4
4
23
7
28
12
2
49
74
4285
2
2
3
29
11
31
15
48
66
619
4770
3
2
15
1
21
38
50
2375
4995
5
3
11
19
32
58
297
703
1
5
25
2
26
7
46
67
3
3
16
5
25
4
42
56
110
3
5
14
7
26
4
40
61
2358
4057
5
7
25
12
29
13
50
81
817
1930
1
4
8
34
21
37
26
58
91
6
8
1
34
20
40
4
25
60
87
1
8
2
27
13
36
10
50
