2
13
8
2
2
5
6
1
6
28
47
26
8
7
5
2
4
1
2
4
29
50
10
7
7
1
3
7
2
3
22
51
89
8
51
6
3
1
2
4
2
22
44
90
44
3
3
4
9
3
1
4
1
24
45
3
4
2
1
7
3
1
28
49
4
4
6
1
8
3
32
43
65
32
1
3
5
9
9
3
27
46
77
57
3
5
2
3
6
5
6
7
3
1
29
54
2
7
8
9
9
3
1
1
2
25
47
5
9
11
11
16
7
10
1
3
26
53
2
16
3
6
10
12
12
11
12
14
11
12
2
35
64
52
68
8
1
3
7
4
3
3
30
50
1
59
1
2
6
5
1
13
7
4
28
49
13
1
2
20
2
1
3
28
52
14
3
2
7
3
3
2
2
3
2
28
49
24
66
5
3
2
1
3
3
1
25
50
64
65
4
1
1
2
3
1
21
47
43
4
1
2
1
3
2
21
50
106
4
3
2
5
5
3
9
1
3
28
51
248
32
3
3
10
6
5
5
4
12
3
1
4
25
56
354
59
3
1
12
6
9
13
1
20
1
5
19
55
279
5
2
11
5
9
14
1
13
1
5
21
49
154
7
3
13
4
8
4
20
1
4
18
56
177
20
5
3
13
3
7
11
2
31
1
3
14
51
57
1
68
5
3
10
6
13
18
1
2
10
43
25
1
5
2
1
13
40
47
1
2
23
44
25
15
1
1
1
4
24
47
81
5
24
46
5
1
2
1
5
26
46
3
1
2
3
2
4
27
49
1
1
8
1
4
8
9
2
2
2
27
50
2
69
1
3
2
9
5
1
2
7
12
4
6
1
4
33
56
10
5
8
3
16
10
9
1
16
9
9
10
6
36
61
7
10
5
23
17
1
8
6
19
13
9
16
8
37
59
6
10
8
22
19
10
8
16
18
18
24
9
40
66
20
62
6
11
10
23
19
10
12
16
25
13
18
9
39
69
29
4
10
9
24
21
8
9
15
16
12
23
9
41
65
5
2
7
7
21
21
9
6
14
9
20
23
8
40
68
20
1
5
7
18
18
9
6
11
16
14
19
8
37
66
26
23
46
2
4
17
16
6
5
5
10
13
16
7
32
65
20
21
33
2
12
11
2
5
6
12
10
6
28
61
18
1
10
10
1
2
2
1
9
14
5
34
60
23
1
9
10
2
4
9
9
5
27
59
21
21
26
8
8
1
2
6
5
20
50
43
12
58
3
3
2
1
4
13
49
14
2
4
6
10
4
15
53
20
3
4
1
2
5
23
56
23
18
17
4
3
1
4
19
56
71
19
58
1
4
1
7
9
6
1
3
18
54
30
1
2
3
1
3
18
55
41
3
4
4
4
3
16
57
26
40
7
1
6
8
11
7
2
12
54
91
29
63
6
1
5
6
5
4
2
2
9
43
22
27
7
2
3
6
16
5
1
1
14
38
34
2
4
1
16
36
16
34
1
5
1
1
2
15
45
99
28
79
2
1
6
2
8
4
3
2
15
47
52
30
21
2
5
11
3
4
7
1
8
3
14
43
40
4
11
4
5
9
2
6
4
16
43
16
41
6
5
6
3
11
31
105
32
72
5
3
1
3
9
27
71
33
41
1
5
5
4
4
1
4
25
40
34
7
3
3
7
9
2
3
7
1
4
28
44
30
11
5
4
6
8
1
9
6
6
7
6
1
4
29
48
93
27
87
12
7
5
4
8
9
7
4
10
1
4
34
46
88
23
79
11
7
6
4
8
1
2
12
6
8
13
5
31
46
30
10
7
6
4
9
5
4
14
4
10
8
16
4
40
55
46
11
1
8
7
4
9
11
4
17
9
10
18
4
44
55
63
51
39
12
2
7
6
3
7
13
7
17
4
9
15
7
4
44
59
76
45
55
8
6
5
3
7
11
4
15
2
9
15
15
1
3
47
56
53
3
4
5
3
8
9
3
16
1
9
15
16
3
45
51
65
1
3
3
3
7
13
3
7
6
7
1
2
45
48
15
63
27
1
3
6
4
5
7
3
40
47
50
54
74
1
7
4
4
6
38
52
55
2
3
6
34
47
59
4
2
1
6
28
41
59
20
4
8
30
37
31
48
95
2
8
22
31
46
16
2
7
17
30
46
7
27
35
38
16
1
6
25
41
36
34
102
1
3
2
6
23
37
28
31
5
1
3
24
37
29
8
4
7
1
10
9
2
32
47
37
8
4
5
6
7
10
7
5
40
54
63
33
41
8
3
8
3
11
3
12
11
11
12
1
40
54
42
17
6
9
5
16
4
2
16
10
16
25
14
2
41
57
24
1
8
4
16
6
7
16
8
15
4
23
18
1
2
46
61
39
5
14
6
7
3
16
12
14
13
23
23
1
2
52
67
87
38
42
4
15
8
7
3
16
18
16
12
25
19
4
2
49
66
97
38
26
4
14
9
9
4
16
20
17
17
25
23
5
2
43
66
48
2
17
12
7
5
13
13
17
14
23
26
5
2
51
69
46
4
2
17
15
9
6
15
16
21
21
25
31
5
3
61
74
104
34
21
3
4
15
14
11
4
18
19
19
25
21
32
3
4
57
75
122
24
43
4
4
20
16
14
17
16
13
18
20
31
2
5
54
75
33
25
6
6
4
20
18
1
21
12
30
18
43
31
7
56
78
32
4
3
6
30
24
1
16
11
17
27
35
38
8
60
82
96
27
27
3
3
7
27
25
8
1
14
18
12
27
36
43
8
60
81
145
22
70
6
9
5
21
21
6
1
19
15
25
26
43
36
8
55
80
57
17
9
10
3
28
23
5
1
20
16
19
22
30
27
9
60
80
10
28
14
12
28
21
8
27
14
28
16
41
28
9
64
81
81
32
15
13
23
16
12
24
14
29
15
30
29
7
59
82
136
15
57
14
10
19
13
14
1
23
14
14
16
18
25
5
53
78
67
9
14
12
19
11
2
26
14
19
13
27
21
5
48
70
11
12
12
18
9
17
10
24
3
24
14
4
49
68
42
17
11
9
11
3
2
14
2
16
2
20
13
1
2
47
64
128
7
31
9
8
6
16
6
12
16
10
2
36
60
69
9
9
6
16
15
16
4
1
39
62
10
8
6
18
16
16
1
1
36
60
33
3
8
6
4
12
10
13
2
30
59
117
66
8
6
7
9
6
3
27
50
92
32
10
6
10
5
5
5
21
47
9
7
9
8
5
3
19
53
32
10
9
1
8
13
5
3
19
50
133
36
12
9
1
10
7
8
2
18
43
122
22
10
9
1
8
12
5
1
14
45
7
10
10
4
9
17
14
23
48
9
8
6
8
10
1
17
1
21
45
70
2
9
7
5
9
25
15
3
3
21
47
88
7
7
6
1
4
6
1
9
2
14
5
7
6
4
22
51
8
1
4
11
5
4
5
10
10
15
4
25
51
10
5
12
7
7
7
12
10
20
11
3
1
27
51
49
14
8
10
6
1
10
1
10
10
8
3
28
53
74
30
16
8
10
7
4
6
5
8
12
2
4
1
25
54
17
8
8
6
2
7
7
9
8
4
5
1
21
49
17
7
5
4
5
6
3
11
5
22
49
13
4
3
1
1
5
4
5
16
50
47
52
9
1
7
6
37
5
7
9
36
8
5
2
6
12
37
1
6
5
7
7
31
15
69
7
8
3
6
7
34
7
12
1
5
6
7
28
2
9
13
4
7
10
27
4
5
11
12
3
8
9
31
6
48
1
14
12
5
1
11
5
27
6
17
11
3
3
13
7
21
12
16
10
2
1
12
5
16
17
18
9
5
1
11
12
27
7
13
37
2
18
9
2
5
2
11
16
30
4
10
19
2
16
9
10
3
1
11
12
29
12
3
13
9
9
1
10
15
34
9
11
7
6
10
15
30
56
29
9
7
5
10
13
32
152
54
8
9
4
9
9
26
136
6
11
1
8
4
3
7
5
22
168
2
13
5
10
10
13
5
10
31
333
21
13
5
12
11
15
5
12
33
413
43
12
6
4
14
7
8
4
13
33
258
11
8
9
13
17
11
2
13
33
132
12
8
4
10
13
13
2
19
1
11
35
92
19
7
3
10
15
14
20
1
12
34
41
37
6
2
8
10
10
8
2
18
31
57
3
5
2
2
2
19
35
52
4
2
4
2
2
25
42
39
5
1
1
9
4
1
3
26
42
25
22
6
1
7
4
18
41
22
6
7
5
18
36
19
9
7
4
6
20
35
9
10
9
2
3
6
17
39
39
9
53
13
2
14
3
3
6
14
39
12
17
15
3
4
16
5
7
7
11
43
15
14
1
3
15
1
6
8
17
42
11
15
3
1
15
7
4
8
22
36
22
4
36
13
1
10
4
8
15
34
12
7
9
14
1
1
12
2
9
11
34
10
12
1
8
10
4
26
16
8
1
8
1
13
4
19
25
2
5
1
8
7
18
27
11
41
4
4
9
8
21
16
5
2
9
12
13
13
7
8
11
11
2
13
2
8
1
1
9
3
5
39
16
43
10
2
12
1
7
14
9
2
11
18
18
25
11
3
2
9
32
22
16
29
12
7
1
10
31
16
81
25
61
12
8
1
1
1
4
10
29
15
7
25
14
7
1
6
3
1
10
29
17
28
15
6
4
11
1
2
10
37
18
17
23
16
6
7
10
4
11
36
14
91
11
60
17
5
9
8
3
11
30
12
31
3
17
4
9
11
5
10
35
15
7
14
3
7
8
4
1
10
34
12
6
8
12
5
7
6
1
1
10
33
10
92
9
58
11
3
7
4
3
12
37
11
59
10
29
10
2
7
2
5
12
33
11
3
10
2
6
3
12
31
9
6
8
2
4
2
1
13
30
9
81
8
49
4
6
12
22
11
69
1
30
5
12
25
9
8
7
9
32
9
14
7
5
30
9
58
7
34
9
2
1
5
23
11
67
1
54
11
7
5
8
1
3
24
14
8
4
1
1
1
2
32
14
1
7
2
3
1
3
1
28
19
30
3
18
5
1
3
3
1
26
19
58
54
2
1
4
1
25
10
2
5
4
2
2
27
15
2
5
3
41
16
2
3
33
16
36
48
5
12
25
9
8
7
9
32
9
14
7
5
30
9
58
7
34
9
2
1
5
23
11
67
1
54
11
7
5
8
1
3
24
14
8
4
1
1
1
2
32
14
1
7
2
3
1
3
1
28
19
30
3
18
5
1
3
3
1
26
19
58
54
2
1
4
1
25
10
2
5
4
2
2
27
15
2
5
3
41
16
2
3
33
16
36
48
9
8
11
4
16
7
7
3
22
15
3
45
42
69
4
20
7
7
7
13
7
9
2
19
9
2
4
37
35
18
6
7
5
6
8
7
6
6
2
3
40
27
29
7
9
3
8
12
1
3
2
2
43
31
86
29
29
7
5
7
8
2
7
7
5
3
3
40
30
102
20
35
5
1
5
7
4
7
15
4
2
36
27
14
19
6
3
11
5
6
9
5
2
2
41
27
31
6
3
6
7
3
4
10
11
3
48
29
89
30
6
5
6
3
2
7
12
2
1
3
45
30
135
24
46
10
9
6
18
3
19
18
1
4
42
35
51
31
9
10
11
12
5
16
16
13
5
44
35
1
36
6
9
13
1
3
11
12
13
1
19
9
5
47
37
91
35
9
12
16
4
4
19
12
27
6
19
11
7
49
40
150
31
46
8
13
17
7
4
15
13
31
13
24
15
7
49
33
74
32
6
10
18
10
5
13
15
16
7
19
16
1
7
47
32
10
32
5
11
21
11
3
12
13
15
16
18
17
6
50
34
76
17
6
11
21
11
2
12
15
19
17
32
13
6
50
39
152
3
39
7
12
21
13
12
11
18
13
22
18
6
44
36
89
2
5
11
19
14
10
7
16
12
12
16
6
51
35
8
8
4
11
19
14
7
9
21
8
16
11
6
52
34
57
15
2
9
17
12
2
10
16
12
8
19
5
43
23
145
10
34
2
9
1
18
14
2
9
4
14
9
19
6
40
16
117
11
7
13
2
19
18
12
11
19
19
24
26
7
43
30
35
22
9
13
3
18
18
3
18
21
22
17
27
27
7
55
55
70
25
12
14
3
20
17
5
21
15
29
16
31
17
6
62
55
168
14
43
11
12
3
15
16
4
21
13
26
21
33
22
5
55
46
158
5
26
8
7
4
12
13
6
15
22
12
27
28
26
4
55
47
64
11
5
1
1
2
17
14
10
10
22
7
20
19
23
3
65
45
72
26
6
3
18
15
10
16
23
14
15
19
26
3
63
52
159
27
8
8
2
13
13
3
9
18
20
13
18
29
30
1
3
62
54
139
33
19
1
8
1
8
11
2
15
18
27
7
14
26
30
3
3
61
56
24
38
8
3
1
17
15
12
20
27
17
15
27
29
1
4
58
54
34
9
5
20
15
3
6
20
18
20
11
33
30
1
4
62
50
94
24
1
9
6
19
13
1
18
17
17
12
27
25
5
57
49
119
12
34
8
7
23
14
13
15
12
11
22
21
7
54
43
18
22
8
9
24
14
12
10
17
9
22
18
7
50
40
36
5
9
25
13
9
13
15
10
20
17
8
47
38
28
42
5
11
27
13
11
10
24
11
23
16
9
42
38
69
36
38
5
14
29
14
11
4
28
12
22
16
10
39
34
40
4
15
1
32
15
10
11
23
11
26
14
11
45
36
59
5
15
28
11
14
8
26
23
26
13
11
46
39
57
4
15
1
25
10
10
2
26
18
14
11
10
43
37
51
49
59
3
16
28
10
3
3
29
11
11
10
39
32
41
14
30
11
3
11
9
12
15
10
39
30
38
4
19
31
13
11
3
30
1
14
11
10
43
37
36
3
17
30
13
8
26
7
19
13
10
45
41
38
28
54
1
13
3
30
16
1
3
8
16
17
17
9
45
40
37
27
3
16
2
28
14
8
9
26
9
24
19
8
44
36
42
1
10
3
24
12
4
5
13
13
24
17
7
47
36
44
8
4
21
14
3
11
15
13
10
15
5
45
39
28
41
57
4
6
18
13
1
10
13
12
6
8
4
43
36
17
27
32
2
1
7
13
13
2
14
12
13
16
13
3
45
34
39
5
8
10
14
5
20
9
13
12
19
1
2
49
38
41
6
9
5
10
3
15
3
20
10
10
1
50
40
23
31
37
1
7
6
5
9
2
6
12
7
11
13
18
2
1
52
40
46
26
49
3
3
9
6
4
10
6
6
20
7
13
19
4
55
43
16
4
6
9
5
6
4
10
16
5
12
14
14
4
56
46
18
4
7
8
3
1
6
4
11
17
7
10
13
15
5
56
50
190
4
49
1
6
7
5
3
7
2
10
18
1
13
14
11
5
48
50
285
71
7
3
1
5
6
13
10
10
9
17
11
5
44
45
238
8
4
2
2
16
7
10
26
13
4
41
51
271
4
8
2
13
5
14
16
29
2
1
1
39
47
352
17
6
4
18
7
14
17
33
3
34
38
321
19
41
5
6
21
8
15
12
32
3
4
24
36
168
20
4
10
27
10
14
23
2
27
6
25
36
44
2
11
28
11
10
24
7
27
8
7
27
32
58
11
1
26
10
3
23
11
4
12
7
31
28
57
52
8
27
12
1
1
9
5
11
7
36
33
43
9
2
26
12
5
12
7
4
13
8
35
30
24
3
12
4
27
14
5
1
15
14
2
14
9
39
36
30
4
13
5
31
17
6
5
11
16
15
16
9
39
39
28
73
7
16
5
30
16
10
4
23
11
13
14
10
39
35
12
31
6
15
7
29
19
11
5
20
14
18
12
11
38
37
9
7
16
10
32
21
13
6
26
26
23
16
11
41
39
13
8
16
11
30
23
18
5
33
27
22
21
12
49
44
50
10
69
7
14
12
29
25
20
10
27
23
28
27
11
48
52
56
5
56
6
10
13
31
25
21
16
15
31
24
28
11
48
52
9
6
9
10
26
26
23
6
23
16
27
19
9
55
48
15
1
4
10
24
26
8
6
15
19
32
19
7
57
51
59
24
53
1
9
18
21
1
13
15
12
23
29
22
5
57
54
66
22
67
1
3
5
16
19
16
7
16
15
31
22
6
48
49
15
1
5
4
17
18
11
10
18
17
20
15
6
46
45
7
1
5
14
15
10
14
15
1
15
14
4
51
48
52
47
2
1
12
15
9
4
1
8
19
17
5
43
44
84
80
5
5
1
15
15
16
13
8
21
14
6
41
45
3
7
7
1
16
15
12
7
12
6
19
13
7
43
43
9
6
5
2
14
11
9
7
4
16
8
7
39
38
46
8
26
5
8
1
11
8
9
17
10
2
6
30
34
98
1
81
4
5
2
10
8
6
8
2
7
27
31
21
4
3
2
5
13
9
2
2
2
8
30
30
10
2
2
3
8
14
10
5
3
5
2
1
8
28
29
35
11
12
3
4
7
9
6
7
14
2
7
28
31
106
10
87
1
4
5
10
5
3
9
1
6
25
30
48
13
25
6
15
5
1
7
21
21
20
2
3
12
3
4
6
20
15
20
26
1
5
4
1
5
23
17
109
24
86
5
7
1
5
17
12
64
13
30
3
3
4
15
12
14
3
4
4
19
12
6
17
3
8
3
5
15
13
101
6
69
2
4
3
15
14
80
32
1
2
6
1
2
2
1
3
16
18
7
2
2
4
2
2
4
2
1
3
18
23
16
4
2
3
7
5
2
7
3
6
1
4
17
19
88
7
63
3
3
4
10
8
1
6
7
1
6
18
18
89
72
1
1
6
5
7
7
6
16
14
9
2
6
5
8
1
9
6
14
16
7
2
5
6
6
17
21
58
53
2
3
3
6
12
14
74
81
3
6
7
8
14
2
6
7
12
17
7
18
7
7
12
5
22
39
6
2
6
7
4
12
50
21
87
1
4
7
2
11
20
8
4
7
3
9
37
3
3
7
7
10
37
2
2
4
8
1
8
24
14
77
1
5
8
15
9
16
3
3
8
1
1
9
13
21
3
3
10
3
9
3
10
28
2
7
7
4
17
18
20
83
1
2
6
3
11
15
31
1
2
5
2
6
17
1
3
6
10
11
1
2
5
14
24
2
64
1
2
1
11
8
2
43
2
3
3
14
9
5
1
3
10
17
16
7
1
3
4
4
9
14
44
25
83
10
5
9
6
2
5
12
21
60
31
76
1
13
7
12
3
7
4
3
7
17
24
34
3
13
9
14
2
7
8
9
3
8
16
25
39
1
12
7
13
1
3
7
4
1
8
17
25
62
28
31
11
7
11
4
6
3
1
7
14
23
