3003
4999
4541
3621
4999
4999
2204
4803
2645
4763
2714
455
4172
367
122
4999
4826
4999
4969
4965
4010
2926
4999
4398
3482
4999
4999
2142
4782
2576
4605
2650
450
4030
379
145
4996
4810
4999
4964
4959
3900
2812
4999
4285
3395
4999
4999
2055
4790
2468
4461
2534
425
3920
350
123
4999
4815
4999
4957
4953
3776
2745
4999
4146
3294
4999
4999
2019
4772
2430
4345
2497
425
3794
353
131
4999
4799
4999
4950
4945
3665
2621
4999
4028
3188
4999
4999
1932
4773
2327
4213
2387
406
3680
333
119
4999
4799
4999
4944
4940
3544
2578
4999
3903
3103
4999
4999
1888
4764
2277
4077
2333
398
3563
321
114
4999
4789
4999
4937
4932
3441
2501
4999
3789
3004
4999
4999
1823
4757
2198
3952
2254
387
3452
314
114
4999
4784
4999
4931
4927
3339
2426
4999
3671
2919
4999
4999
1768
4753
2130
3826
2186
367
3347
296
99
4999
4778
4999
4924
4920
3226
2350
4999
3552
2815
4999
4999
1705
4744
2062
3688
2113
341
3231
280
89
4999
4770
4999
4917
4913
3136
2257
4999
3451
2736
4999
4999
1654
4740
1998
3560
2046
329
3136
271
84
4999
4766
4999
4911
4907
3031
2183
4999
3334
2650
4999
4999
1609
4716
1941
3472
1986
326
3036
257
75
4999
4758
4999
4904
4900
2933
2118
4999
3224
2560
4999
4999
1553
4607
1871
3367
1913
306
2924
236
63
4999
4752
4999
4898
4894
4125
781
1463
33
4017
4046
4999
525
1128
3864
1234
3910
4814
4810
4066
749
1404
32
3947
3980
4999
504
1082
3783
1200
3832
4808
4803
3997
760
1423
32
3868
3905
4999
511
1098
3691
1195
3743
4801
4797
3942
695
1304
25
3804
3845
4999
466
1007
3619
1217
3673
4795
4791
3878
710
1332
28
3732
3775
4999
476
1029
3533
1185
3591
4788
4784
3823
662
1244
22
3669
3715
4999
442
961
3460
1211
3520
4782
4778
3754
655
1231
22
3596
3647
4988
438
952
3385
1189
3447
4776
4772
2399
452
852
14
2335
2365
2731
307
669
2259
878
2299
3025
3027
138
102
139
111
68
76
133
79
13
111
10
5
229
166
251
199
128
207
151
281
162
29
250
26
12
32
21
29
352
2
10
106
17
139
140
334
242
359
286
180
226
211
392
226
40
343
34
14
177
127
188
149
93
500
109
213
121
17
186
14
4
49
96
96
359
259
383
305
191
394
224
420
241
41
365
34
14
342
245
366
292
182
616
214
408
233
38
356
32
12
7
56
56
401
288
426
340
211
592
249
471
269
44
409
37
14
5
470
337
502
400
250
705
294
556
318
54
484
45
18
3
3
474
340
506
403
251
771
296
560
320
53
487
44
16
13
10
10
556
399
594
474
296
813
348
657
376
63
571
53
21
566
406
605
483
300
909
354
670
383
64
582
53
21
7
16
16
626
449
668
534
332
941
392
738
423
72
642
59
24
657
471
702
560
348
1023
411
775
443
74
675
62
24
7
7
694
497
741
592
368
1067
434
818
468
78
711
66
26
1
735
527
786
627
390
1128
460
868
496
84
754
70
28
764
547
816
652
405
1184
478
900
515
87
783
72
28
2
2
2
804
576
860
687
426
1232
504
948
542
92
825
76
30
832
596
890
711
441
1288
521
982
561
95
854
79
31
2
2
867
621
927
741
460
1333
543
1023
585
99
889
82
32
897
643
960
767
476
1384
562
1058
605
102
920
84
33
1
1
927
665
992
793
492
1429
581
1093
625
105
951
88
34
957
686
1025
818
508
1475
600
1129
645
109
982
91
35
985
706
1054
842
522
1519
617
1160
663
112
1009
93
36
1013
726
1085
867
537
1560
635
1194
682
115
1038
96
37
1039
744
1113
889
551
1602
651
1224
700
118
1065
98
38
1065
763
1141
912
565
1641
668
1254
717
121
1091
101
39
1090
782
1168
933
578
1680
684
1283
733
124
1116
103
40
1114
799
1194
953
590
1717
699
1311
750
127
1141
106
41
1137
815
1219
974
603
1753
713
1339
765
130
1165
108
41
1
1160
832
1243
993
615
1789
728
1365
780
132
1188
109
43
41
1182
847
1267
1013
627
1823
742
1391
795
135
1210
112
43
180
1203
862
1290
1031
638
1856
756
1415
809
137
1231
113
44
330
1224
878
1313
1049
649
1887
769
1439
823
139
1252
115
44
454
1244
892
1334
1066
659
1918
781
1462
836
141
1273
118
45
591
1263
906
1356
1083
670
1948
794
1485
849
144
1293
120
47
715
1283
920
1376
1100
681
1978
806
1507
862
147
1312
122
47
840
1301
934
1396
1117
691
2006
818
1529
874
149
1330
124
48
960
1320
948
1417
1133
701
2034
830
1550
887
152
1350
127
50
1076
1338
961
1436
1149
711
2061
842
1570
900
155
1368
129
52
1191
1355
974
1455
1164
721
2087
853
1590
911
158
1385
132
53
1300
1372
986
1473
1178
730
2113
864
1609
923
161
1402
134
55
1407
1388
998
1490
1193
740
2137
875
1628
934
164
1419
136
56
1511
1404
1010
1508
1207
748
2162
885
1646
944
166
1433
139
57
1611
1419
1021
1524
1220
756
2184
895
1663
954
168
1449
141
59
1708
1434
1032
1540
1233
765
2207
905
1680
964
171
1464
143
60
1802
1448
1042
1556
1245
773
2228
914
1696
974
173
1478
145
61
1893
1462
1053
1570
1257
781
2248
923
1711
983
176
1492
146
62
1981
1474
1061
1584
1268
787
2268
931
1726
992
177
1504
148
63
2067
1486
1070
1596
1278
793
2286
938
1739
999
178
1516
149
63
2149
1498
1080
1610
1289
800
2305
946
1753
1007
180
1529
150
64
2230
1510
1088
1623
1300
807
2322
954
1766
1015
181
1540
152
65
2308
1521
1095
1634
1309
812
2339
961
1779
1023
182
1551
153
65
2383
1531
1103
1646
1318
818
2356
968
1791
1029
184
1562
154
65
2456
1541
1111
1657
1327
823
2371
974
1803
1036
185
1571
155
66
2526
1551
1117
1668
1336
829
2386
981
1813
1042
186
1582
156
66
2595
1561
1124
1679
1344
834
2401
986
1824
1048
187
1591
157
66
2660
1570
1131
1688
1352
839
2415
992
1835
1054
188
1600
157
67
2724
1578
1137
1698
1360
843
2429
998
1845
1060
189
1609
158
68
2787
1587
1143
1707
1367
848
2442
1003
1854
1066
190
1617
159
67
2847
1595
1150
1716
1374
852
2454
1008
1863
1071
191
1625
160
68
2905
1603
1155
1725
1382
856
2466
1014
1872
1076
192
1633
161
68
2962
1610
1161
1733
1388
861
2478
1019
1881
1081
193
1640
161
69
3017
1618
1166
1741
1394
864
2489
1023
1889
1085
194
1647
162
68
3069
1625
1171
1749
1400
868
2499
1028
1897
1090
194
1655
163
69
3121
1631
1176
1756
1406
872
2510
1032
1904
1095
195
1661
163
69
3170
1638
1181
1763
1412
875
2520
1036
1911
1099
196
1668
164
69
3218
1644
1185
1770
1418
878
2530
1040
1918
1103
196
1674
164
70
3264
1649
1190
1776
1423
881
2539
1044
1925
1107
197
1680
165
70
3310
1655
1194
1783
1428
885
2548
1048
1931
1110
198
1685
166
70
3353
1661
1198
1789
1433
888
2556
1051
1937
1114
198
1690
166
70
3394
1666
1201
1795
1438
890
2565
1054
1943
1117
199
1696
167
70
3435
1671
1205
1800
1442
893
2572
1058
1949
1120
200
1701
167
70
3475
1676
1209
1805
1446
896
2579
1061
1954
1123
200
1705
167
70
3512
1680
1212
1811
1450
898
2586
1064
1959
1126
201
1710
168
70
3549
1685
1215
1816
1454
901
2594
1067
1965
1129
201
1715
169
71
3585
1690
1219
1820
1458
903
2601
1069
1969
1132
202
1719
169
71
3619
1693
1222
1825
1462
905
2606
1072
1973
1135
202
1723
169
71
3652
1697
1224
1829
1465
907
2612
1075
1978
1137
202
1727
170
71
3685
1701
1228
1833
1469
909
2618
1077
1982
1139
203
1730
170
72
3716
1705
1230
1838
1472
911
2624
1079
1985
1141
203
1734
170
71
3745
1708
1232
1841
1475
913
2629
1081
1989
1144
204
1737
171
72
3775
1710
1235
1844
1477
915
2634
1084
1993
1146
204
1740
171
72
3803
1714
1237
1848
1481
916
2639
1086
1996
1148
205
1742
171
72
3829
1717
1239
1851
1483
918
2643
1087
1999
1149
204
1745
171
72
3855
1719
1241
1854
1486
920
2647
1089
2002
1151
205
1748
171
72
3880
1722
1243
1857
1488
921
2651
1091
2005
1152
205
1751
171
72
3904
1724
1245
1860
1490
922
2655
1092
2007
1154
205
1752
172
72
3927
1726
1246
1862
1492
923
2658
1094
2010
1156
206
1755
172
72
3950
1728
1248
1865
1493
924
2662
1095
2012
1157
206
1757
172
72
3972
1731
1250
1867
1496
926
2665
1097
2014
1159
206
1759
172
72
3992
1733
1251
1869
1497
927
2668
1098
2017
1159
206
1761
172
72
4013
1734
1252
1872
1499
927
2671
1099
2018
1161
206
1762
173
73
4032
1736
1253
1874
1501
929
2673
1100
2020
1161
207
1764
173
72
4050
1737
1254
1875
1502
929
2676
1101
2022
1162
207
1766
173
73
4068
1739
1255
1877
1503
930
2678
1103
2023
1163
207
1767
173
73
4085
1741
1257
1878
1505
931
2680
1103
2024
1164
207
1769
173
72
4102
1741
1258
1880
1506
931
2682
1104
2026
1165
207
1769
173
72
4118
1743
1258
1881
1507
932
2684
1105
2027
1166
207
1771
174
73
4133
1744
1259
1883
1508
933
2685
1106
2028
1166
208
1772
174
73
4148
1745
1260
1884
1509
933
2687
1107
2029
1166
207
1772
174
72
4161
1745
1261
1884
1510
934
2688
1107
2030
1167
207
1773
174
73
4175
1746
1261
1885
1511
934
2689
1108
2031
1168
208
1774
174
73
4188
1747
1262
1886
1511
934
2690
1108
2031
1168
207
1774
173
72
4200
1747
1262
1887
1512
935
2691
1109
2032
1168
208
1774
174
73
4212
1748
1262
1887
1512
935
2692
1109
2032
1169
208
1775
174
73
4224
1748
1263
1888
1513
935
2693
1109
2032
1169
208
1775
174
73
4235
1749
1263
1889
1513
935
2693
1109
2032
1169
207
1775
174
72
4245
1749
1263
1889
1513
936
2694
1110
2032
1169
208
1776
174
73
4255
1749
1264
1889
1513
935
2694
1109
2033
1169
208
1776
174
73
4265
1749
1264
1890
1514
935
2694
1110
2033
1169
208
1775
174
72
4273
1749
1264
1890
1514
936
2694
1110
2033
1169
208
1775
174
73
4282
1749
1264
1890
1514
936
2694
1110
2032
1169
208
1776
174
72
4290
1749
1264
1890
1514
936
2694
1110
2032
1168
208
1775
173
72
4297
1749
1264
1890
1514
936
2694
1110
2032
1168
208
1775
174
72
4305
1748
1263
1889
1514
936
2694
1110
2032
1168
208
1775
173
73
4313
1748
1263
1889
1514
936
2693
1110
2031
1168
208
1775
174
72
4319
1748
1263
1889
1513
935
2693
1109
2030
1168
207
1774
174
72
4325
1747
1263
1889
1513
935
2692
1109
2030
1168
208
1774
173
73
4331
1747
1263
1889
1513
935
2692
1109
2029
1167
207
1774
173
72
4337
1747
1263
1888
1513
934
2691
1109
2028
1167
207
1773
174
72
4342
1746
1262
1887
1512
935
2690
1108
2028
1166
207
1772
174
72
4347
1745
1262
1887
1512
934
2689
1108
2027
1166
207
1772
173
72
4352
1745
1261
1887
1511
934
2688
1108
2026
1165
207
1771
173
72
4355
1745
1261
1886
1511
934
2687
1107
2025
1165
207
1770
173
72
4360
1744
1260
1885
1510
933
2686
1107
2024
1164
207
1769
173
72
4364
1743
1260
1884
1509
933
2685
1106
2023
1164
207
1768
173
72
4367
1742
1259
1884
1509
932
2684
1106
2022
1163
207
1768
173
72
4370
1741
1259
1883
1508
932
2682
1106
2021
1162
207
1767
173
72
4373
1740
1258
1882
1508
931
2681
1105
2020
1162
207
1765
173
72
4376
1739
1257
1881
1507
931
2680
1104
2019
1161
206
1765
173
72
4378
1738
1257
1880
1506
931
2678
1104
2017
1160
207
1764
173
72
4381
1737
1256
1879
1505
930
2677
1103
2016
1160
206
1763
173
72
4383
1736
1255
1878
1504
929
2675
1102
2015
1159
206
1761
173
72
4384
1735
1254
1876
1504
929
2673
1102
2014
1158
206
1760
172
72
4386
1734
1253
1875
1502
928
2672
1101
2012
1157
206
1759
172
72
4387
1733
1253
1875
1502
928
2670
1101
2011
1156
205
1758
172
72
4388
1732
1252
1873
1501
927
2668
1100
2009
1156
205
1756
172
71
4389
1730
1251
1871
1499
926
2666
1099
2008
1155
205
1755
172
72
4389
1729
1250
1870
1499
926
2664
1098
2006
1154
205
1754
171
72
4390
1728
1250
1869
1498
925
2663
1097
2005
1153
205
1753
171
71
4390
1727
1249
1868
1496
924
2661
1097
2004
1152
205
1752
172
71
4391
1726
1248
1866
1495
924
2658
1096
2001
1152
205
1750
171
71
4391
1724
1246
1865
1494
923
2656
1095
2000
1150
204
1748
171
71
4390
1723
1246
1864
1493
922
2655
1095
1999
1149
205
1747
170
71
4390
1721
1244
1862
1492
921
2652
1093
1997
1149
204
1746
171
71
4390
1720
1243
1861
1491
921
2650
1092
1995
1148
204
1744
170
71
4389
1719
1243
1859
1490
920
2648
1091
1993
1146
204
1743
171
71
4388
1717
1241
1857
1488
919
2645
1091
1992
1146
204
1741
170
71
4387
1716
1240
1856
1487
919
2643
1089
1990
1145
203
1740
170
71
4387
1714
1239
1855
1486
917
2641
1089
1988
1143
203
1738
170
70
4385
1712
1238
1853
1484
917
2639
1088
1986
1143
203
1736
169
71
4384
1711
1237
1851
1483
915
2636
1087
1984
1141
203
1735
170
70
4383
1710
1237
1850
1482
915
2634
1086
1982
1140
203
1733
169
70
4381
1708
1236
1848
1481
914
2631
1085
1980
1139
202
1731
169
71
4379
1706
1234
1846
1479
914
2629
1084
1979
1138
202
1730
169
71
4378
1705
1233
1845
1478
913
2627
1083
1976
1137
202
1728
169
71
4376
1703
1232
1843
1476
912
2624
1082
1974
1136
202
1726
168
70
4374
1701
1230
1841
1475
911
2621
1081
1973
1135
202
1725
169
70
4372
1700
1230
1839
1474
910
2619
1080
1971
1134
202
1723
169
70
4370
1699
1228
1838
1472
909
2617
1079
1969
1133
201
1721
168
70
4367
1696
1227
1836
1471
908
2614
1078
1967
1132
201
1720
168
70
4365
1695
1226
1834
1470
907
2611
1077
1965
1130
201
1718
168
70
4363
1693
1225
1832
1468
906
2609
1076
1963
1129
200
1716
168
70
4360
1691
1223
1831
1466
905
2606
1074
1961
1128
201
1714
168
70
4357
1690
1222
1828
1465
904
2603
1073
1959
1127
201
1713
168
70
4354
1688
1221
1827
1464
903
2601
1072
1956
1125
200
1710
167
70
4351
1686
1220
1825
1462
903
2598
1071
1954
1124
200
1709
167
69
4348
1684
1218
1823
1460
901
2595
1070
1953
1123
199
1707
167
70
4345
1683
1217
1821
1459
900
2592
1069
1950
1122
199
1705
167
70
4342
1681
1216
1819
1457
900
2590
1068
1948
1121
199
1703
166
69
4339
1679
1214
1817
1456
899
2587
1067
1946
1119
199
1702
166
69
4336
1678
1213
1815
1454
898
2584
1066
1944
1118
199
1700
167
69
4333
1676
1212
1813
1453
897
2581
1064
1942
1117
198
1698
166
69
4329
1674
1210
1811
1451
895
2579
1063
1940
1115
198
1696
166
69
4326
1671
1209
1809
1450
895
2576
1062
1937
1114
198
1694
166
69
4323
1669
1208
1807
1448
894
2573
1061
1935
1113
198
1692
166
69
4319
1668
1207
1806
1447
893
2570
1060
1933
1112
197
1690
165
68
4315
1666
1205
1803
1445
892
2567
1059
1931
1111
198
1688
165
69
4312
1664
1203
1802
1443
891
2564
1057
1929
1109
197
1686
165
69
4308
1662
1203
1800
1442
890
2561
1056
1926
1108
197
1684
164
68
4304
1660
1201
1798
1440
889
2558
1055
1924
1107
197
1683
165
68
4301
1658
1200
1795
1439
888
2556
1054
1922
1106
196
1681
164
68
4297
1656
1199
1793
1437
887
2552
1053
1920
1104
196
1679
164
68
4293
1655
1197
1791
1435
886
2550
1052
1918
1103
196
1677
164
68
4289
1653
1196
1789
1434
885
2547
1051
1916
1102
196
1675
164
68
4285
1651
1194
1787
1432
884
2544
1049
1913
1101
195
1673
164
68
4281
1649
1193
1785
1430
883
2541
1048
1910
1099
195
1671
163
68
4277
1647
1191
1783
1428
882
2538
1047
1908
1098
195
1669
163
68
4273
1645
1190
1781
1427
880
2535
1045
1906
1097
195
1667
163
67
4269
1643
1189
1779
1425
880
2532
1044
1904
1095
194
1665
163
67
4264
1641
1187
1776
1424
879
2529
1043
1902
1094
194
1663
163
68
4260
1639
1186
1775
1422
878
2525
1042
1899
1093
194
1661
163
67
4256
1637
1184
1773
1421
876
2523
1040
1897
1091
194
1659
162
67
4252
1636
1183
1771
1419
875
2520
1039
1894
1090
193
1657
162
67
4247
1633
1182
1769
1417
875
2517
1038
1893
1089
193
1656
162
67
4243
1655
1197
1791
1435
886
2550
1052
1918
1103
196
1677
164
68
4289
1653
1196
1789
1434
885
2547
1051
1916
1102
196
1675
164
68
4285
1651
1194
1787
1432
884
2544
1049
1913
1101
195
1673
164
68
4281
1649
1193
1785
1430
883
2541
1048
1910
1099
195
1671
163
68
4277
1647
1191
1783
1428
882
2538
1047
1908
1098
195
1669
163
68
4273
1645
1190
1781
1427
880
2535
1045
1906
1097
195
1667
163
67
4269
1643
1189
1779
1425
880
2532
1044
1904
1095
194
1665
163
67
4264
1641
1187
1776
1424
879
2529
1043
1902
1094
194
1663
163
68
4260
1639
1186
1775
1422
878
2525
1042
1899
1093
194
1661
163
67
4256
1637
1184
1773
1421
876
2523
1040
1897
1091
194
1659
162
67
4252
1636
1183
1771
1419
875
2520
1039
1894
1090
193
1657
162
67
4247
1633
1182
1769
1417
875
2517
1038
1893
1089
193
1656
162
67
4243
1607
1163
1741
1395
861
2478
1022
1863
1072
191
1629
160
66
4184
1607
1164
1741
1395
862
2477
1023
1862
1073
193
1629
162
68
4182
1609
1166
1742
1396
864
2476
1024
1863
1074
195
1630
164
71
4179
1606
1163
1738
1393
862
2472
1022
1860
1072
194
1627
163
70
4172
1603
1162
1736
1392
861
2469
1022
1858
1071
194
1625
163
70
4167
1602
1161
1735
1390
860
2466
1020
1855
1070
194
1622
163
70
4162
1599
1159
1732
1388
858
2462
1018
1852
1068
194
1621
163
70
4156
1598
1157
1730
1386
858
2460
1018
1850
1067
194
1619
163
71
4151
1596
1156
1728
1384
856
2456
1016
1847
1065
193
1616
162
70
4145
1594
1155
1726
1383
856
2453
1015
1846
1064
193
1614
162
70
4140
1591
1153
1723
1380
854
2450
1014
1843
1063
193
1612
162
71
4134
1589
1151
1721
1379
853
2446
1012
1840
1062
193
1610
162
71
4129
1588
1150
1719
1378
853
2443
1011
1838
1060
192
1608
162
70
4123
1585
1149
1716
1375
851
2440
1010
1836
1058
193
1606
162
70
4118
1130
819
1231
988
614
1762
730
1328
767
140
1168
118
51
2678
47
17
32
1
49
45
8
17
40
37
368
345
80
30
57
3
98
92
23
48
128
125
97
91
132
95
145
115
72
208
86
156
91
16
138
14
5
165
77
28
55
3
91
85
20
42
109
106
117
122
65
46
70
56
34
99
40
73
43
7
63
6
1
97
29
10
21
1
34
31
7
15
38
37
116
72
12
8
14
10
1
6
17
7
11
7
1
8
1
44
5
4
7
5
1
3
10
4
7
5
6
31
13
11
4
9
1
15
14
3
7
18
19
6
5
17
12
19
14
10
27
11
19
12
2
16
2
16
12
4
9
1
15
13
3
6
16
17
28
18
10
7
12
8
1
5
16
6
10
7
1
9
1
16
4
1
3
1
6
4
1
2
5
7
36
10
1
2
1
1
1
2
1
1
2
1
6
1
31
2
1
3
1
1
1
3
1
2
2
1
1
2
3
2
1
4
3
1
2
1
4
5
2
1
3
2
5
2
1
2
5
2
3
3
1
2
2
3
38
2
2
1
4
3
1
1
1
3
4
50
2
2
1
3
1
1
1
1
3
1
2
2
1
1
1
3
1
33
1
1
1
1
2
1
1
1
1
1
1
1
3
29
1
1
1
1
2
1
2
1
1
1
1
1
1
1
1
1
2
28
17
12
19
14
10
27
11
19
12
2
16
2
16
12
4
9
1
15
13
3
6
16
17
28
18
10
7
12
8
1
5
16
6
10
7
1
9
1
16
4
1
3
1
6
4
1
2
5
7
36
10
1
2
1
1
1
2
1
1
2
1
6
1
31
2
1
3
1
1
1
3
1
2
2
1
1
2
3
2
1
4
3
1
2
1
4
5
2
1
3
2
5
2
1
2
5
2
3
3
1
2
2
3
38
2
2
1
4
3
1
1
1
3
4
50
2
2
1
3
1
1
1
1
3
1
2
2
1
1
1
3
1
33
1
1
1
1
2
1
1
1
1
1
1
1
3
29
1
1
1
1
2
1
2
1
1
1
1
1
1
1
1
1
2
28
1
1
2
1
2
1
1
1
1
2
1
1
2
1
2
33
1
1
1
1
3
1
1
1
1
1
1
1
2
1
3
30
2
1
1
1
2
1
2
1
1
1
1
2
1
1
1
1
1
2
10
1
1
1
1
2
2
3
1
1
1
1
1
1
1
2
1
3
12
1
1
2
2
2
1
1
1
2
2
1
1
1
2
1
1
2
10
1
1
1
1
2
2
3
1
1
1
1
2
1
1
1
2
1
3
1
1
1
1
1
2
2
3
1
1
1
1
2
1
1
1
2
1
2
1
1
1
2
2
2
2
1
2
1
2
2
2
1
1
2
1
1
2
1
1
1
2
2
2
2
1
2
1
2
3
2
2
1
2
1
1
3
1
1
1
2
3
2
3
1
1
1
2
2
1
