25
8
10
10
3
3
4
2
6
2
10
4
18
4
3
7
1
4
13
4
20
4
7
9
2
3
1
24
5
8
10
4
2
2
1
6
4
24
1
6
7
5
1
3
6
8
30
5
11
11
1
11
8
1
3
5
10
12
6
27
3
8
8
10
7
3
5
8
8
9
30
4
9
10
13
10
5
7
11
1
12
9
27
4
7
9
10
6
5
12
11
10
6
22
3
4
7
7
4
4
9
17
5
10
3
26
9
10
10
13
10
4
14
15
2
20
1
12
3
22
5
8
5
9
6
3
9
9
24
10
2
3
24
10
11
11
1
8
8
6
8
10
28
10
1
4
22
11
10
11
7
5
5
10
10
25
8
6
10
26
18
14
14
10
10
3
9
12
14
32
1
11
10
10
28
20
17
17
5
12
12
5
13
13
16
3
34
6
13
6
2
27
13
14
14
5
7
7
2
10
7
12
33
7
10
6
31
15
19
17
8
11
12
4
14
11
15
1
45
3
10
13
6
34
15
24
18
14
16
17
4
21
19
17
4
3
46
1
14
9
2
30
11
19
13
8
8
10
1
15
11
14
37
7
10
3
33
10
20
14
9
8
10
2
15
11
16
38
11
10
4
34
10
22
16
11
8
13
4
17
13
17
39
10
22
5
13
13
6
3
1
10
2
7
41
14
1
6
10
3
1
6
2
43
21
3
12
15
10
1
5
4
12
7
2
44
2
1
26
5
14
15
11
2
6
3
12
7
8
45
2
8
2
28
8
13
15
7
9
8
4
10
8
13
47
7
10
4
31
11
14
16
8
12
11
5
11
10
14
46
10
7
1
31
9
13
13
5
10
9
2
10
9
10
44
8
5
29
8
13
13
4
9
8
2
9
5
7
48
8
4
26
4
9
8
8
8
7
6
5
51
7
8
27
4
7
7
8
8
5
6
11
49
6
8
28
4
9
9
8
7
7
5
13
52
8
2
23
2
5
7
5
3
3
3
9
55
7
15
6
3
2
51
1
16
7
3
10
1
2
2
1
5
2
51
2
2
22
13
9
15
5
2
9
6
6
4
8
53
6
1
22
10
6
12
3
4
3
2
2
7
57
4
2
1
24
9
7
10
3
5
2
2
2
8
61
2
6
4
29
14
12
16
8
3
9
8
7
5
9
61
8
5
4
30
13
14
15
9
10
7
8
5
7
65
8
2
33
11
14
13
3
9
3
8
4
4
72
7
3
34
11
15
12
2
10
1
8
7
5
69
8
8
6
37
17
20
17
4
12
4
12
7
12
1
71
4
13
9
41
22
24
18
3
6
2
14
5
16
8
17
2
5
75
8
11
8
40
21
23
18
2
6
12
3
13
7
17
5
79
7
12
11
42
26
29
26
13
11
1
15
9
19
12
20
3
12
84
12
4
3
34
19
24
22
10
6
11
5
17
8
11
7
81
7
1
1
28
17
19
20
9
6
4
13
4
9
3
85
1
6
4
28
17
17
19
12
5
3
11
5
15
2
89
1
9
4
25
13
11
16
11
2
5
1
8
5
21
96
4
7
5
19
11
5
14
10
1
1
4
2
20
89
1
1
2
1
16
8
8
2
1
14
84
1
6
1
21
9
3
8
2
6
3
1
5
16
94
6
8
1
20
5
2
7
4
8
92
21
7
4
6
3
2
1
6
91
4
5
28
14
11
8
5
5
2
2
5
1
14
85
6
1
1
28
10
11
6
4
5
2
8
82
29
11
13
5
2
5
1
7
81
2
29
11
14
4
2
5
8
72
5
34
15
19
9
7
2
4
3
11
4
12
1
65
4
6
37
16
21
9
8
3
9
4
16
3
14
60
4
3
5
38
14
22
9
7
1
2
10
4
15
5
12
64
2
6
32
12
18
7
3
7
2
11
3
7
53
4
21
9
10
6
2
1
8
1
43
22
13
11
9
3
1
2
8
2
34
22
15
12
12
4
4
5
4
9
31
19
16
9
13
2
1
2
6
7
2
29
1
16
15
6
14
1
2
5
4
1
17
1
20
15
9
15
3
4
6
7
9
3
2
15
2
3
7
5
31
15
16
17
7
6
3
12
7
13
9
13
18
5
8
5
28
8
10
10
7
6
4
11
4
1
5
4
27
10
10
10
4
5
3
14
2
9
9
33
16
16
17
7
9
4
10
6
20
2
5
2
1
27
9
11
10
2
3
4
3
11
2
23
10
10
10
1
3
4
9
6
20
14
9
13
2
2
2
9
8
20
16
9
15
6
1
3
3
11
7
17
14
4
11
10
3
3
11
7
6
6
4
2
10
7
8
5
5
10
4
8
3
4
2
9
16
3
7
5
3
1
3
4
10
3
18
1
1
5
1
3
1
2
5
4
3
15
1
1
5
2
1
1
1
3
4
2
18
8
7
10
3
7
2
2
5
2
8
10
3
20
11
9
12
4
7
3
3
5
9
11
16
8
6
7
1
1
4
9
3
21
13
11
11
4
2
1
3
5
3
8
6
6
25
18
15
16
7
3
6
4
9
5
12
1
5
2
9
31
22
20
16
9
3
6
3
12
5
15
5
7
6
29
19
17
12
5
2
1
7
9
2
6
28
19
17
13
7
5
1
9
6
9
3
10
17
37
30
26
24
19
7
8
15
11
19
14
21
7
15
8
12
13
26
26
16
21
11
5
2
9
8
4
14
8
3
9
18
20
8
16
5
3
5
2
8
1
5
10
16
19
8
19
8
5
7
3
9
1
12
1
10
12
3
16
5
1
4
2
8
5
5
12
2
1
3
9
4
2
14
3
1
2
2
5
9
1
8
1
3
6
2
4
1
1
3
11
6
5
1
1
5
7
13
5
3
4
3
19
8
4
3
7
5
8
10
30
15
13
7
1
7
3
3
5
1
18
14
7
11
27
15
10
3
1
6
1
1
19
12
4
11
26
15
10
4
18
11
1
9
25
14
11
3
16
7
7
19
12
7
3
11
8
9
18
14
6
7
12
16
11
22
16
9
3
5
1
14
13
2
11
25
17
12
5
7
2
16
16
4
12
27
16
14
5
3
4
9
1
5
19
19
2
10
25
16
15
8
6
3
5
2
5
18
1
17
5
21
10
12
5
3
6
2
14
15
4
24
9
14
4
5
2
4
3
15
14
3
24
8
14
5
6
1
4
4
16
13
3
19
9
11
5
5
3
5
4
15
16
3
16
9
9
3
5
4
5
3
12
16
3
16
10
9
3
6
5
12
3
11
20
3
18
12
10
6
6
2
5
1
3
11
18
1
15
11
7
4
4
1
2
9
9
5
14
14
5
3
1
1
7
12
15
2
11
20
17
7
6
1
10
9
2
17
23
1
3
13
22
18
9
7
4
10
8
2
1
19
22
3
12
21
18
9
5
2
5
8
1
19
19
9
19
16
7
2
4
15
13
3
13
25
19
12
4
1
2
4
1
20
14
5
6
16
29
20
16
6
3
5
7
1
5
2
25
1
4
17
10
22
14
10
5
3
19
17
9
21
13
11
7
2
1
18
18
7
25
12
12
1
6
4
2
17
18
5
27
11
15
2
1
6
5
3
15
16
3
24
9
14
3
6
6
2
13
19
1
21
6
10
1
6
4
2
13
18
15
4
4
2
1
10
14
8
4
1
5
13
5
4
1
6
4
5
17
1
9
5
4
20
3
4
8
3
9
17
3
3
8
2
6
5
3
11
15
4
4
11
2
8
10
3
13
17
3
6
11
1
3
3
12
12
6
10
1
1
8
8
3
13
13
5
3
2
4
1
10
14
9
20
16
12
6
5
8
7
3
16
2
6
18
10
22
16
14
5
6
7
7
3
2
19
3
15
2
7
22
13
12
1
5
3
1
20
14
1
6
8
25
13
13
2
4
6
5
1
3
23
14
3
6
9
26
11
13
1
1
11
8
1
2
23
19
6
11
11
26
13
13
20
9
2
2
26
8
25
2
6
9
22
12
9
13
5
21
18
5
8
12
24
16
10
11
8
23
16
8
8
15
24
18
9
2
12
11
25
1
18
1
7
13
10
6
3
17
12
7
4
11
19
14
6
21
10
23
9
25
1
5
15
10
3
18
7
17
9
25
15
6
4
7
12
16
1
3
19
9
9
12
4
1
1
17
21
2
1
15
6
5
12
3
17
21
11
2
12
3
15
22
8
16
3
14
3
25
6
13
1
10
1
22
2
10
6
18
8
12
4
10
1
18
12
10
2
11
17
14
3
3
8
3
11
15
15
7
6
4
4
1
10
12
11
7
5
1
4
13
10
10
5
1
1
3
12
2
8
12
4
4
2
6
13
7
8
16
5
3
8
6
3
10
18
1
9
11
16
7
2
1
9
4
2
14
23
14
5
12
13
5
11
6
1
15
3
48
14
3
3
8
19
16
10
7
5
15
11
6
1
21
2
5
51
20
7
3
2
11
111
10
8
161
8
4
117
5
1
8
1
3
6
4
5
6
9
9
5
1
6
3
13
14
4
5
5
6
14
5
17
2
21
6
7
6
8
16
5
17
5
19
5
8
7
9
13
7
16
1
16
7
9
12
10
1
16
6
20
2
22
3
11
7
12
22
12
9
24
1
10
2
1
4
26
13
29
3
11
10
11
28
10
11
22
4
8
6
2
8
28
12
27
8
9
6
27
6
12
19
10
8
4
2
25
8
8
25
2
7
11
3
26
3
11
24
3
11
9
4
6
24
11
17
29
5
2
6
21
6
24
7
8
7
1
5
18
14
14
31
2
4
6
20
7
21
9
9
7
3
4
15
13
23
30
3
4
18
8
13
4
7
4
3
4
14
4
26
21
1
14
6
12
7
2
2
2
13
24
19
10
1
6
2
12
28
15
2
6
16
2
6
13
1
5
3
3
4
19
4
29
20
4
14
3
4
12
3
1
19
3
34
18
1
1
10
7
3
9
3
17
26
15
2
4
13
11
8
2
3
10
1
2
17
26
15
12
6
8
1
2
10
28
10
15
5
9
1
2
3
10
32
11
13
4
9
2
3
1
8
32
11
18
8
14
4
8
2
5
11
1
26
8
22
9
17
7
11
2
5
11
3
30
16
4
11
4
6
6
30
14
5
12
6
9
2
8
31
6
10
4
11
9
11
1
1
4
10
29
8
1
17
8
14
10
14
2
1
6
19
1
34
7
3
6
2
21
8
17
11
15
2
3
7
23
2
35
4
3
17
4
12
7
9
4
20
34
1
8
18
3
12
3
9
1
6
22
39
6
6
7
18
2
12
1
8
8
9
21
48
13
1
7
2
24
9
19
7
13
7
3
1
12
1
22
2
57
12
1
20
6
15
2
7
8
17
53
5
3
1
18
5
10
5
1
6
2
19
47
12
1
2
6
17
4
7
9
6
3
3
3
2
19
4
48
16
7
3
6
16
2
3
10
9
1
2
3
19
13
3
59
14
4
5
2
8
1
16
4
7
10
1
1
21
12
53
11
2
4
12
4
5
1
1
17
5
55
6
4
10
14
1
4
7
13
16
59
10
12
6
14
2
4
6
17
61
9
12
3
12
16
5
8
12
17
73
8
13
5
9
15
2
1
21
2
9
7
19
23
70
11
15
8
12
15
20
4
8
21
24
65
5
13
11
5
19
23
3
5
22
6
11
27
25
76
3
14
6
2
18
26
5
10
23
12
10
25
27
81
16
7
19
28
8
15
26
16
7
12
25
3
33
80
19
8
17
27
9
16
1
24
13
9
11
21
4
33
75
18
10
24
5
16
3
19
13
9
7
13
1
27
83
14
13
31
9
23
8
14
18
14
15
8
16
8
24
94
12
4
22
36
15
29
12
20
23
17
20
11
25
14
29
87
15
15
29
3
40
18
32
15
25
29
20
25
10
31
3
19
39
84
17
12
28
6
44
22
37
19
31
27
20
2
28
11
33
7
23
35
91
14
4
17
3
39
20
37
20
30
19
18
2
27
13
26
3
21
28
90
14
3
11
1
36
18
37
19
33
19
18
1
30
9
18
21
30
86
13
3
27
12
30
14
32
14
14
26
11
8
14
24
80
8
3
24
10
24
10
23
12
11
20
11
8
9
26
81
8
15
1
33
15
30
12
30
19
17
27
14
20
16
30
89
13
22
4
34
17
30
14
31
22
19
27
15
26
2
17
32
82
15
5
26
6
35
17
28
14
31
26
18
26
13
29
3
17
39
71
15
4
22
2
31
11
22
7
25
22
15
21
11
25
11
36
66
12
3
18
28
8
20
6
21
20
11
17
8
22
9
37
64
12
3
14
28
8
21
7
22
21
12
18
12
20
10
40
64
14
7
24
5
19
4
19
16
10
16
10
14
8
33
44
10
3
24
3
19
5
18
16
10
15
9
9
7
36
41
13
1
25
2
20
3
16
16
11
14
12
4
6
34
41
15
1
27
7
21
4
15
13
7
12
7
3
10
28
26
9
2
27
10
21
5
14
11
7
13
6
3
12
26
22
8
4
27
13
20
4
12
14
10
12
9
4
11
28
13
11
8
27
12
16
5
21
10
8
13
7
7
40
13
18
5
20
6
8
24
8
2
10
7
46
10
21
8
23
11
12
4
30
16
9
19
14
5
50
2
26
2
16
5
6
30
16
7
18
10
50
28
9
34
14
18
6
57
35
5
12
40
17
23
12
64
40
11
14
39
17
19
15
59
38
18
17
43
21
1
21
18
63
40
9
26
24
2
51
24
4
26
23
72
45
11
27
26
6
50
20
3
23
24
73
45
13
25
26
1
8
49
22
4
22
25
74
45
12
25
1
29
7
15
5
50
29
11
24
25
3
74
46
9
23
1
32
11
18
1
12
48
26
14
24
22
6
74
43
5
20
2
35
14
21
3
10
47
28
13
29
21
8
72
48
12
29
10
16
6
39
22
8
20
16
5
61
41
3
15
3
32
15
20
3
13
40
21
13
19
22
11
64
37
14
1
33
14
22
4
13
34
19
12
17
22
13
58
31
1
17
2
37
14
27
5
18
34
21
15
20
25
16
59
33
4
21
2
37
12
28
6
19
39
24
18
25
26
1
16
65
38
11
23
4
18
12
31
14
11
15
13
7
57
28
7
21
3
15
1
14
31
15
11
16
10
5
58
28
1
16
1
10
11
26
9
6
10
7
55
23
1
14
1
8
7
25
7
2
9
8
51
23
8
17
4
8
7
30
12
5
16
13
1
55
28
1
16
21
9
10
7
31
12
5
11
21
4
62
26
1
18
1
25
10
11
3
32
11
4
10
23
5
61
27
12
21
8
8
26
6
10
17
3
54
21
17
7
27
19
16
5
8
29
12
3
7
15
23
13
57
25
13
4
24
17
13
3
6
25
8
2
5
9
19
10
54
20
5
19
13
8
1
19
4
2
1
12
5
48
14
1
18
9
7
16
2
4
7
2
45
13
16
5
9
1
15
3
3
6
2
1
46
15
14
5
10
6
11
3
7
9
1
36
12
12
7
4
8
1
4
6
34
10
9
3
8
35
8
7
3
6
1
31
3
8
4
2
8
3
4
33
5
5
5
32
2
11
3
1
12
1
1
41
6
14
23
11
8
23
7
10
7
13
50
16
23
27
11
2
30
12
9
14
21
54
22
30
32
12
3
32
12
9
13
28
58
24
5
28
32
2
12
2
30
9
6
8
29
58
21
7
26
29
4
11
31
7
3
12
28
60
23
8
23
2
26
8
11
1
32
8
4
11
26
3
63
24
13
24
5
28
14
12
5
2
35
9
3
13
28
7
67
27
6
19
2
25
12
9
2
1
26
2
8
24
4
58
20
3
16
22
8
4
22
23
1
53
13
13
25
6
28
17
10
7
1
32
1
6
31
9
63
20
12
24
5
28
18
11
7
5
31
2
9
29
10
63
23
9
21
2
26
16
8
4
28
3
25
8
59
20
4
16
2
26
15
9
5
25
6
21
8
54
19
4
18
10
4
2
19
11
3
47
15
16
6
5
2
19
3
5
3
48
16
15
2
5
16
1
1
44
14
8
11
37
8
8
15
41
12
9
17
1
42
11
12
16
3
40
10
17
2
3
13
10
35
7
16
4
3
3
10
12
1
33
2
7
19
11
6
10
17
7
31
1
8
13
27
18
13
7
9
2
24
1
14
30
6
10
27
16
14
8
1
25
13
26
8
7
28
13
16
8
3
2
26
13
25
12
11
32
17
20
4
15
9
9
32
4
16
33
10
11
30
16
16
4
12
10
1
5
30
14
34
7
8
28
15
14
2
11
9
4
26
12
32
4
8
25
14
13
2
11
7
2
24
11
27
2
6
21
14
11
4
14
9
2
19
11
28
3
19
14
10
8
18
10
4
3
13
10
27
2
11
5
5
10
3
31
3
6
3
3
9
29
5
7
9
7
7
8
3
23
4
6
8
3
4
8
3
24
4
7
6
1
1
4
3
17
1
14
10
3
5
3
9
2
9
23
9
17
13
5
6
2
15
3
7
11
30
14
12
7
1
7
5
5
21
4
12
2
5
5
20
5
1
18
1
10
12
23
8
9
24
6
20
5
9
19
31
17
14
29
1
11
24
11
3
10
24
3
33
21
23
5
40
10
21
6
9
29
19
12
17
33
1
11
37
23
2
25
5
41
12
22
5
5
33
18
10
16
34
2
13
41
27
2
26
9
43
16
25
8
11
34
20
15
15
35
5
18
40
28
6
27
13
45
22
28
10
16
34
24
19
19
38
11
23
42
30
8
1
27
16
45
22
27
4
11
36
24
17
21
39
11
22
43
33
6
13
7
31
21
51
25
33
10
22
39
28
25
26
44
16
26
45
3
3
35
7
16
6
34
17
48
19
30
3
17
42
28
23
26
44
14
21
48
3
39
18
27
13
43
20
51
20
33
3
20
2
51
1
34
28
1
34
50
18
25
58
15
46
7
13
5
36
14
46
17
29
5
20
44
4
34
26
29
41
11
21
50
11
39
3
10
32
10
42
14
26
2
16
43
3
32
23
27
36
6
19
47
11
43
4
12
28
9
39
15
25
4
19
38
3
27
22
1
28
32
4
18
42
15
36
6
20
3
32
12
21
3
18
33
2
26
20
24
24
14
35
8
32
3
8
21
6
35
16
24
6
21
37
5
29
23
24
27
17
40
13
35
12
2
30
12
18
4
13
24
2
18
12
14
20
12
27
9
21
1
3
17
7
36
16
24
8
17
29
5
21
18
18
26
18
31
9
28
7
9
3
23
14
41
21
31
10
22
39
6
35
28
28
34
5
23
41
9
40
3
5
14
10
34
15
