4966
2133
2133
4999
4935
1836
2966
950
3780
4963
3634
3772
4937
3952
4966
4965
4937
4966
4965
1059
4819
4816
4955
4955
2147
2155
4999
4906
1722
3001
1045
3680
4953
3674
3813
4905
3993
4955
4954
4905
4954
4954
1150
4813
4810
4952
4951
2160
2161
4999
4921
1635
2977
998
3595
4952
3617
3748
4922
3921
4952
4951
4921
4951
4951
1105
4806
4804
4943
4943
2125
2131
4999
4898
1673
2978
1001
3495
4940
3658
3798
4898
3981
4943
4942
4898
4943
4942
1107
4800
4797
4937
4937
2157
2160
4999
4901
1528
2980
1022
3415
4938
3621
3753
4901
3926
4937
4937
4901
4937
4936
1126
4794
4791
4931
4931
2125
2129
4999
4891
1564
2965
988
3323
4929
3633
3771
4892
3951
4931
4930
4892
4930
4930
1095
4787
4785
4924
4923
2142
2146
4999
4884
1464
2972
1018
3243
4923
3624
3758
4884
3934
4920
4923
4884
4923
4923
1122
4781
4778
4918
4918
2130
2133
4999
4880
1449
2959
993
3161
4917
3615
3750
4881
3927
4860
4917
4881
4918
4917
1099
4775
4772
4884
4885
2128
2133
4978
4850
1402
2958
1005
3080
4898
3614
3750
4868
3931
4707
4910
4870
4910
4910
1110
4768
4765
2791
2794
1524
1530
2701
2819
972
2046
720
2074
2845
2381
2452
2865
2551
2856
2885
2890
2895
2900
808
3021
3024
78
10
3
27
170
198
16
13
27
3
9
1
1
446
1
932
1
41
1442
192
1
474
986
47
45
1547
340
1
3
492
3
1035
191
4
1
1
3
3
47
1648
3
466
1
2
2
520
1077
333
49
1738
597
2
1
538
1
1127
463
2
2
2
2
52
1836
2
724
2
2
560
1166
596
55
1921
844
581
1212
721
1
56
2011
964
1
1
600
1251
844
59
2094
1077
620
1291
963
61
2176
1190
637
1330
1079
63
2256
1297
656
1367
1191
65
2331
1401
673
1403
1299
67
2407
1504
690
1438
1404
69
2478
1602
707
1473
1506
72
2548
1698
722
1505
1606
73
2616
1790
738
1537
1701
75
2682
1880
753
1569
1795
77
2745
1967
768
1599
1886
79
2806
2052
782
1627
1973
81
2866
2134
796
1656
2058
82
2923
2213
810
1684
2141
85
2980
2290
824
1712
2222
88
3036
2368
838
1739
2301
91
3089
2441
852
1765
2377
94
3141
2512
864
1790
2451
97
3191
2581
876
1814
2522
99
3240
2648
889
1838
2592
102
3286
2713
899
1860
2658
103
3331
2775
910
1882
2723
106
3375
2836
922
1904
2786
108
3417
2894
933
1925
2848
111
3459
2952
944
1946
2907
113
3500
2
3009
954
1965
2965
116
3538
4
3062
963
1983
3020
117
3574
4
3113
971
2001
3072
118
3610
4
3163
980
2018
3124
121
3645
6
3212
989
2035
3175
123
3678
7
3259
997
2051
3224
1
124
3711
8
3305
1005
2067
3271
44
126
3742
9
3349
1013
2082
3316
185
128
3772
9
3391
1020
2096
3360
334
129
3800
9
3431
1027
2110
3402
459
131
3829
11
3472
1034
2124
3443
597
132
3856
11
3511
1041
2137
3483
720
133
3882
11
3547
1047
2149
3521
846
135
3907
12
3583
1052
2161
3558
965
135
3930
12
3618
1058
2173
3594
1080
136
3953
13
3650
1064
2184
3628
1194
137
3976
13
3683
1069
2194
3662
1302
138
3998
14
3715
1074
2204
3694
1409
139
4017
14
3744
1079
2214
3725
1511
140
4037
14
3773
1083
2223
3755
1
1612
141
4057
15
3802
1088
2232
3784
41
1708
142
4075
15
3829
1093
2241
3812
182
1801
143
4093
2
15
3854
1096
4
2249
3839
334
1892
143
4110
54
15
3880
1100
67
2258
3865
460
1980
10
144
4126
205
16
3905
1105
222
2265
3890
599
2066
101
144
4142
353
16
3928
1108
362
2272
3914
723
2148
264
145
4157
481
16
3950
10
1111
491
2279
3937
850
2228
396
146
4171
621
17
3972
97
1115
627
2286
3960
970
2305
530
146
4185
745
16
3993
260
1118
750
2292
3981
1087
2381
664
1
147
4198
873
16
4013
393
1120
876
2299
4002
1202
2454
788
39
148
4210
994
17
4032
527
1123
993
2305
4022
1311
2524
913
173
148
4223
1112
17
4051
661
1126
1110
2310
4042
1419
2593
1030
319
148
4234
1226
17
4069
785
1129
1222
2315
4060
1521
2659
1148
440
149
4245
1336
17
4086
1
912
1130
1330
2321
4077
1622
2723
1259
573
149
4256
1444
17
4103
42
1029
1134
1436
2326
4095
1719
2785
1368
693
149
4266
1547
17
4118
182
1146
1136
1538
2330
4112
1813
2845
1474
815
150
4275
1648
17
4134
332
1258
1138
1637
2335
4127
1905
2904
1575
931
150
4285
1745
17
4149
457
1367
1140
1734
2339
4143
1993
2960
1675
1044
151
4293
1840
17
4163
595
1473
1142
1827
2343
4157
2079
3016
12
1770
1154
151
4302
1931
18
4176
718
1574
1143
1917
2346
4171
2162
3068
106
1864
1260
151
4310
2020
18
4189
844
1674
1145
2005
2350
4184
2242
3119
260
1953
1364
151
4317
2106
17
4202
964
1770
1147
2089
2353
4198
2321
3169
384
2041
1464
151
4324
2189
18
4213
1078
1863
1148
2171
2357
4210
2397
3217
513
2125
1562
152
4331
2269
18
4225
1193
1953
1150
2251
2359
4221
2470
3263
640
2207
1657
152
4337
2348
18
4236
1301
2040
1151
2328
2362
4233
2541
3309
758
2287
1748
152
4343
2423
18
4246
1408
2125
1152
2403
2365
4243
2609
3352
878
2364
1838
152
4348
2496
18
4256
1510
2207
1154
2476
2368
4254
2675
3394
990
2438
1924
153
4354
2568
18
4266
1610
2286
1155
2546
2370
4264
2740
3435
1102
2510
2008
153
4359
2636
18
4275
1707
2363
1156
2614
2372
4273
2802
3474
1209
2580
2089
153
4364
2702
18
4284
1800
2438
1156
2680
2374
4282
2862
3512
1313
2648
2169
153
4368
2767
18
4292
1891
2510
1157
2744
2376
4290
2921
3549
1415
2713
2245
153
4372
2829
18
4300
1979
2580
1158
2806
2377
4299
2978
3584
1513
2777
2319
153
4376
2889
18
4307
2064
2648
1159
2865
2379
4306
3032
3619
1609
2838
2392
153
4379
2948
18
4314
2147
2713
1159
2923
2380
4314
3085
3652
1701
2897
2462
154
4382
3004
18
4321
2228
2777
1160
2980
2382
4321
3137
3684
1791
2955
2529
154
4385
3058
18
4327
2305
2838
1161
3034
2383
4327
3186
3715
1878
3011
2595
154
4388
3112
18
4333
2380
2898
1161
3086
2383
4333
3235
3745
1963
3065
2659
154
4391
3162
18
4338
2453
2955
1162
3137
2385
4340
3281
3774
2045
3117
2721
154
4393
3212
18
4344
2523
3011
1162
3186
2386
4345
3326
3802
2125
3167
2781
154
4395
3260
18
4349
2592
3065
1162
3233
2386
4350
3369
3829
2202
3216
2839
154
4397
3306
18
4353
2658
3117
1162
3280
2387
4355
3411
3854
2277
3263
2895
154
4398
3351
18
4357
2723
3167
1162
3324
2387
4359
3452
3880
2350
3309
2949
154
4399
3393
18
4361
2784
3216
1163
3367
2387
4364
3491
3904
2421
3352
3003
154
4401
3435
18
4365
2845
3263
1163
3409
2388
4367
3529
3927
2490
3396
3054
154
4402
3476
18
4369
2903
3309
1163
3450
2388
4371
3565
3950
2556
3437
3104
154
4402
3515
18
4371
2959
3353
1163
3489
2388
4374
3601
3972
2621
3477
3152
154
4403
3553
18
4374
3014
3395
1163
3526
2388
4377
3635
3992
2683
3515
3199
155
4403
3589
18
4378
3067
3437
1163
3562
2388
4381
3668
4012
2744
3553
3244
154
4403
3624
18
4380
3118
3477
1163
3598
2388
4383
3700
4032
2803
3589
3288
154
4403
3658
18
4382
3168
3515
1162
3632
2387
4385
3731
4050
2860
3624
3330
154
4403
3691
18
4384
3216
3553
1162
3665
2387
4388
3761
4068
2915
3657
3371
154
4403
3723
18
4386
3262
3589
1162
3697
2387
4390
3789
4086
2969
3689
3411
154
4402
3753
18
4388
3307
3624
1162
3727
2385
4391
3817
4102
3020
3721
3450
154
4402
3783
18
4389
3350
3657
1161
3757
2385
4393
3844
4118
3071
3751
3487
154
4401
3811
18
4390
3393
3690
1161
3785
2385
4394
3870
4133
3120
3780
3522
153
4400
3838
18
4391
3433
3721
1160
3813
2384
4395
3894
4148
3167
3808
3557
154
4399
3865
18
4392
3472
3751
1160
3839
2383
4396
3918
4162
3213
3836
3591
154
4398
3891
18
4392
3511
3780
1160
3865
2382
4396
3941
4175
3257
3862
3624
153
4396
3915
18
4393
3547
3809
1159
3890
2381
4397
3964
4188
3300
3887
3656
153
4394
3939
18
4393
3582
3836
1159
3913
2380
4397
3985
4201
3342
3911
3687
153
4393
3962
18
4393
3617
3862
1158
3936
2379
4397
4006
4213
3382
3935
3716
153
4391
3984
18
4393
3650
3887
1157
3959
2378
4398
4026
4224
3421
3957
3744
153
4389
4004
18
4393
3682
3911
1157
3980
2377
4397
4045
4235
3459
3979
3772
153
4387
4025
18
4393
3713
3935
1156
4001
2376
4397
4063
4245
3495
4001
3799
153
4386
4045
18
4392
3743
3957
1155
4021
2374
4396
4081
4255
3531
4021
3824
153
4383
4064
18
4391
3772
3979
1155
4039
2373
4396
4098
4265
3565
4040
3849
153
4381
4082
18
4390
3799
4000
1154
4058
2371
4395
4114
4274
3598
4058
3874
153
4379
4099
18
4389
3826
4020
1153
4076
2370
4394
4130
4282
3630
4077
3896
153
4376
4116
18
4388
3852
4040
1153
4093
2369
4393
4145
4291
3661
4094
3919
153
4374
4132
18
4386
3877
4058
1152
4109
2367
4391
4159
4298
3691
4110
3940
153
4371
4147
18
4385
3901
4076
1151
4124
2366
4390
4173
4306
3720
4126
3961
153
4368
4162
18
4383
3924
4094
1150
4140
2364
4389
4187
4313
3748
4142
3981
152
4365
4176
17
4382
3946
4110
1150
4154
2362
4387
4199
4319
3775
4156
4001
152
4363
4190
18
4380
3968
4126
1148
4168
2360
4385
4211
4325
3801
4170
4020
152
4360
4203
18
4378
3989
4141
1148
4181
2359
4384
4223
4331
3827
4184
4037
152
4356
4215
17
4376
4009
4156
1147
4193
2357
4382
4234
4337
3851
4197
4054
152
4353
4227
18
4374
4028
4170
1146
4205
2355
4379
4244
4342
3874
4209
4071
152
4350
4239
18
4372
4047
4183
1145
4217
2353
4377
4255
4347
3897
4221
4087
151
4347
4250
17
4369
4065
4196
1144
4229
2351
4375
4264
4351
3919
4232
4103
152
4344
4260
17
4367
4081
4208
1143
4239
2349
4373
4273
4356
3941
4243
4118
152
4340
4270
18
4365
4098
4220
1142
4249
2347
4371
4282
4360
3961
4254
4131
151
4337
4279
18
4362
4114
4232
1141
4259
2345
4368
4291
4364
3981
4263
4145
151
4333
4288
17
4359
4129
4243
1141
4269
2344
4365
4299
4367
4000
4273
4158
151
4330
4298
18
4357
4144
4253
1139
4277
2341
4362
4306
4370
4018
4282
4171
151
4326
4305
18
4354
4158
4263
1138
4286
2339
4360
4314
4374
4036
4290
4183
150
4322
4313
17
4351
4171
4272
1137
4294
2337
4356
4321
4376
4053
4298
4195
151
4319
4321
17
4348
4183
4281
1136
4301
2335
4354
4327
4378
4069
4306
4206
151
4315
4327
17
4345
4196
4289
1135
4309
2333
4351
4333
4381
4085
4314
4216
150
4311
4334
17
4342
4208
4297
1134
4315
2331
4348
4339
4383
4100
4320
4227
150
4307
4340
17
4338
4219
4305
1133
4322
2329
4344
4344
4384
4115
4327
4237
150
4303
4346
18
4335
4230
4313
1132
4328
2326
4341
4349
4386
4129
4333
4246
150
4299
4352
17
4332
4240
4319
1131
4333
2324
4338
4353
4387
4141
4339
4255
149
4295
4356
17
4328
4250
4326
1129
4338
2322
4334
4358
4389
4155
4344
4263
150
4291
4362
17
4325
4260
4332
1128
4344
2319
4331
4362
4389
4167
4349
4272
150
4287
4366
17
4322
4269
4338
1128
4349
2318
4328
4366
4390
4179
4354
4279
149
4283
4370
17
4318
4277
4343
1126
4353
2315
4324
4370
4391
4190
4359
4286
149
4279
4374
17
4314
4286
4348
1125
4358
2313
4320
4373
4391
4201
4363
4293
149
4274
4378
17
4310
4293
4353
1124
4362
2311
4317
4376
4391
4212
4367
4300
149
4270
4381
17
4306
4300
4358
1123
4365
2308
4313
4379
4392
4222
4370
4306
148
4266
4384
17
4303
4307
4362
1121
4368
2306
4309
4381
4391
4232
4374
4312
148
4262
4387
17
4299
4314
4366
1120
4371
2303
4305
4383
4391
4241
4377
4318
148
4257
4390
17
4295
4320
4370
1119
4374
2301
4301
4385
4391
4250
4380
4323
148
4253
4392
17
4291
4325
4373
1118
4377
2298
4297
4387
4390
4257
4383
4327
148
4248
4394
17
4287
4332
4376
1117
4379
2296
4293
4389
4389
4266
4385
4332
148
4244
4396
17
4283
4337
4378
1116
4381
2294
4290
4391
4388
4273
4387
4337
148
4239
4398
17
4279
4341
4381
1114
4383
2291
4286
4392
4388
4280
4389
4341
147
4235
4399
17
4275
4346
4384
1113
4384
2288
4281
4393
4386
4287
4391
4345
148
4230
4401
17
4271
4351
4386
1112
4386
2286
4277
4393
4385
4294
4392
4348
147
4225
4401
17
4267
4354
4388
1111
4387
2284
4273
4394
4384
4300
4394
4351
147
4221
4402
17
4263
4358
4390
1109
4388
2281
4269
4394
4382
4305
4395
4354
147
4216
4403
17
4258
4362
4391
1108
4389
2278
4264
4395
4380
4311
4395
4357
147
4212
4403
17
4254
4364
4392
1107
4390
2276
4260
4395
4378
4316
4396
4360
147
4207
4403
16
4250
4367
4393
1106
4390
2274
4256
4394
4376
4321
4397
4363
146
4202
4403
17
4246
4370
4394
1104
4390
2271
4251
4394
4375
4325
4397
4364
146
4198
4404
17
4241
4373
4395
1103
4390
2268
4247
4394
4373
4329
4397
4366
146
4193
4403
17
4236
4374
4395
1102
4390
2266
4243
4393
4370
4334
4397
4368
146
4189
4403
17
4232
4377
4395
1101
4390
2263
4238
4393
4368
4338
4396
4369
146
4183
4403
16
4228
4379
4395
1100
4390
2261
4234
4392
4366
4341
4396
4371
145
4179
4401
16
4223
4380
4395
1098
4389
2258
4229
4391
4363
4344
4395
4372
145
4174
4401
16
4219
4381
4395
1097
4388
2255
4225
4389
4361
4347
4395
4372
145
4169
4400
16
4214
4382
4395
1095
4388
2253
4220
4388
4358
4350
4394
4373
145
4165
4399
16
4210
4383
4394
1094
4386
2250
4216
4387
4355
4353
4393
4374
145
4160
4397
16
4205
4384
4393
1093
4385
2247
4211
4385
4353
4355
4392
4374
145
4155
4396
17
4200
4385
4392
1091
4384
2244
4206
4384
4349
4356
4390
4374
144
4150
4394
16
4196
4385
4391
1090
4383
2242
4202
4382
4346
4358
4389
4374
144
4145
4392
17
4191
4385
4390
1089
4381
2239
4197
4380
4344
4360
4388
4374
144
4140
4391
17
4186
4385
4389
1088
4379
2237
4192
4378
4340
4362
4386
4374
144
4136
4389
16
4182
4385
4387
1087
4378
2234
4188
4375
4337
4363
4384
4373
144
4130
4387
16
4177
4384
4395
1101
4390
2263
4238
4393
4368
4338
4396
4369
146
4183
4403
16
4228
4379
4395
1100
4390
2261
4234
4392
4366
4341
4396
4371
145
4179
4401
16
4223
4380
4395
1098
4389
2258
4229
4391
4363
4344
4395
4372
145
4174
4401
16
4219
4381
4395
1097
4388
2255
4225
4389
4361
4347
4395
4372
145
4169
4400
16
4214
4382
4395
1095
4388
2253
4220
4388
4358
4350
4394
4373
145
4165
4399
16
4210
4383
4394
1094
4386
2250
4216
4387
4355
4353
4393
4374
145
4160
4397
16
4205
4384
4393
1093
4385
2247
4211
4385
4353
4355
4392
4374
145
4155
4396
17
4200
4385
4392
1091
4384
2244
4206
4384
4349
4356
4390
4374
144
4150
4394
16
4196
4385
4391
1090
4383
2242
4202
4382
4346
4358
4389
4374
144
4145
4392
17
4191
4385
4390
1089
4381
2239
4197
4380
4344
4360
4388
4374
144
4140
4391
17
4186
4385
4389
1088
4379
2237
4192
4378
4340
4362
4386
4374
144
4136
4389
16
4182
4385
4387
1087
4378
2234
4188
4375
4337
4363
4384
4373
144
4130
4387
16
4177
4384
4359
1069
4346
2199
4125
4340
4290
4363
4352
4355
142
4066
4352
16
4114
4368
4357
1068
4343
2197
4121
4337
4286
4362
4349
4353
141
4061
4349
16
4109
4365
4355
1069
4342
2196
4118
4335
4284
4362
4348
4352
143
4058
4348
18
4107
4365
4352
1071
4339
2196
4115
4333
4281
4360
4345
4350
147
4056
4345
21
4104
4363
4346
1068
4332
2192
4109
4326
4275
4353
4338
4343
145
4049
4338
20
4098
4355
4340
1068
4327
2190
4104
4320
4270
4347
4333
4337
145
4044
4333
21
4093
4349
4334
1066
4321
2187
4098
4315
4264
4342
4328
4332
146
4040
4328
21
4087
4344
4328
1064
4316
2184
4093
4309
4258
4335
4321
4326
145
4034
4321
20
4082
4338
4323
1064
4310
2182
4087
4303
4253
4329
4316
4320
146
4029
4315
21
4077
4332
4317
1062
4304
2178
4082
4297
4247
4324
4310
4314
145
4023
4310
21
4071
4326
4311
1060
4298
2176
4077
4292
4241
4318
4304
4309
145
4018
4305
21
4066
4320
4305
1060
4293
2173
4071
4286
4235
4312
4299
4303
145
4013
4299
21
4060
4314
4300
1058
4287
2170
4066
4281
4230
4306
4293
4298
145
4008
4293
21
4055
4309
4294
1057
4281
2167
4061
4275
4225
4301
4287
4292
145
4003
4288
22
4051
4303
4270
1056
4259
2165
4042
4257
4208
4287
4275
4281
145
3996
4282
21
4044
4296
2681
755
2684
1552
2584
2698
2676
2723
2720
2727
105
2590
2738
16
2633
2774
340
359
34
62
254
311
313
314
331
347
76
71
67
130
119
101
100
100
70
94
142
88
146
182
156
149
151
149
150
151
12
165
154
2
167
157
123
121
62
119
136
129
126
126
131
125
94
43
96
89
97
97
96
96
96
96
6
99
97
1
99
96
71
73
23
45
68
72
70
70
90
74
48
8
49
17
45
49
47
48
47
48
1
44
48
1
44
46
12
15
4
9
1
7
1
12
10
10
53
16
6
5
10
20
14
10
7
8
31
8
11
12
14
24
15
14
13
12
13
14
2
17
14
1
17
13
19
19
10
19
22
1
22
19
19
48
21
14
7
17
15
16
17
15
16
16
16
2
18
17
1
18
14
11
11
4
8
1
11
1
13
10
10
9
13
5
1
8
3
7
8
6
1
6
6
7
2
7
7
1
7
5
2
2
4
2
2
1
3
1
9
3
2
3
3
5
1
4
2
5
2
2
30
3
1
3
3
5
3
4
2
2
2
3
2
5
4
2
5
1
5
3
4
2
5
1
5
2
6
3
3
5
1
2
3
4
4
4
2
2
2
3
2
4
3
2
4
16
2
2
1
1
1
3
2
3
2
4
1
1
16
3
1
2
2
1
1
3
3
1
1
2
2
2
2
2
2
3
1
1
1
1
1
3
1
1
1
2
2
2
1
2
2
3
2
1
1
1
1
1
2
1
1
2
3
2
2
1
3
2
3
1
1
2
1
2
2
3
1
1
2
2
1
2
3
2
2
3
3
3
2
1
2
1
1
2
1
1
1
3
3
1
1
3
3
5
2
1
1
2
1
1
1
2
3
1
1
2
2
1
3
2
2
2
3
3
2
1
1
2
2
1
2
1
1
2
3
1
3
2
1
3
3
4
3
1
3
1
1
2
1
2
2
1
2
3
1
3
3
2
3
3
4
3
1
2
1
1
2
2
2
1
1
2
2
1
3
2
1
2
3
4
2
2
1
2
1
2
3
1
2
2
3
1
3
2
2
3
3
4
2
1
2
1
2
2
2
3
2
1
2
3
2
3
3
2
3
4
4
3
1
2
1
2
2
2
3
2
1
2
3
1
3
2
2
3
3
5
2
1
2
1
2
2
2
3
2
1
3
3
1
4
3
2
3
3
4
2
2
1
2
2
2
3
1
1
2
3
1
4
3
2
3
3
5
3
2
1
2
2
2
3
2
1
2
3
1
4
3
2
3
4
5
3
1
2
1
2
2
2
3
2
1
3
3
1
4
3
2
3
4
5
3
1
2
1
2
2
2
3
2
1
3
3
2
4
3
2
3
4
5
3
1
1
2
1
2
2
2
3
2
1
3
3
2
4
3
2
3
4
5
3
1
1
2
1
3
2
2
3
2
2
3
3
2
4
3
2
3
4
5
3
1
2
1
2
2
2
3
2
2
3
3
2
4
3
2
3
4
5
3
1
8
2
2
2
2
2
3
2
1
3
4
1
2
5
4
3
3
5
6
4
1
1
2
2
2
3
2
4
2
2
3
4
2
5
3
3
4
5
6
3
1
1
2
2
2
3
3
3
2
2
3
3
1
2
5
3
3
3
5
5
3
1
1
2
2
2
2
2
4
2
2
3
4
1
2
5
4
3
4
5
6
4
1
1
2
2
2
2
2
3
2
2
3
3
1
2
5
3
3
4
5
6
3
1
1
7
2
2
2
3
3
4
3
1
4
4
1
2
5
3
2
4
5
5
3
1
1
5
2
2
3
3
3
5
3
2
3
4
1
2
5
4
3
4
5
5
3
1
1
2
2
3
3
3
4
3
1
4
4
1
2
5
4
3
4
5
6
4
1
1
2
2
3
3
3
4
3
2
4
1
3
1
2
5
3
3
4
5
6
4
1
1
3
3
3
3
4
3
2
4
4
1
3
5
4
3
4
5
6
4
1
6
2
3
3
3
3
4
3
2
4
4
1
3
6
4
3
4
6
6
4
1
1
2
2
3
4
3
5
3
2
4
4
1
3
5
4
3
4
6
6
3
1
1
10
2
3
3
3
3
4
3
2
4
4
1
3
6
4
4
4
6
7
4
1
1
17
2
2
3
3
3
4
3
2
4
4
1
3
6
5
4
5
6
7
4
2
1
2
2
3
3
3
4
3
2
4
4
1
2
3
6
4
4
4
6
6
4
1
1
2
3
3
3
3
4
3
2
4
4
1
3
6
5
4
5
6
7
4
1
1
4
2
3
3
4
4
5
3
2
4
5
1
4
6
4
5
5
6
7
4
1
2
15
2
3
2
4
3
5
3
2
4
5
2
3
7
5
4
5
6
7
4
1
2
26
2
3
3
4
4
5
4
3
4
5
1
4
7
5
4
