4
11
24
26
18
1
3
7
2
2
2
24
23
19
1
2
7
37
26
2
27
5
8
20
4
11
9
1
3
5
12
2
19
3
8
5
16
1
2
28
21
7
8
7
8
44
2
37
7
5
12
8
19
18
8
5
4
1
9
4
17
19
1
1
1
13
13
1
8
8
7
8
3
12
4
7
12
14
8
11
3
10
15
7
9
9
10
9
2
19
5
6
1
2
2
1
9
16
5
8
10
7
9
9
3
2
10
15
29
4
1
2
4
7
13
2
1
3
12
5
5
7
18
12
18
16
9
9
33
1
29
4
12
10
18
12
14
4
2
12
10
12
13
1
9
9
7
9
1
7
4
7
1
11
2
10
14
16
2
3
1
12
10
14
5
3
1
4
15
1
1
6
1
8
7
1
7
15
2
19
16
30
3
9
9
6
5
5
3
1
6
7
5
8
10
13
2
5
8
4
10
3
5
12
14
7
3
2
24
8
13
11
5
3
4
6
6
22
20
4
4
2
2
3
3
13
10
5
3
5
6
3
13
8
1
11
15
8
1
10
14
13
10
2
5
13
13
35
5
1
31
12
10
2
14
14
1
10
15
9
12
4
11
29
1
4
10
11
3
2
12
11
9
2
9
26
28
7
17
12
8
5
22
5
23
6
15
11
12
12
6
16
1
3
39
4
5
5
2
8
9
2
2
8
14
3
4
24
26
37
13
3
1
3
8
1
6
2
5
15
12
18
4
22
12
1
8
9
5
1
2
29
6
1
2
6
12
14
8
14
2
2
19
12
2
18
19
4
8
1
1
19
10
9
9
5
2
12
13
1
6
8
15
5
5
8
17
26
2
2
7
18
3
4
43
1
22
4
4
8
12
10
9
6
3
1
5
3
12
12
11
2
12
13
8
3
1
20
30
5
5
2
3
3
6
8
3
5
7
6
13
5
9
3
18
16
6
3
9
4
3
1
10
1
21
21
1
10
14
8
11
3
5
16
2
13
11
6
6
9
19
2
6
1
1
6
3
5
2
14
3
6
1
1
10
14
6
1
3
6
10
2
17
2
5
8
4
24
4
4
7
3
22
11
5
6
8
11
21
3
1
4
25
2
16
10
6
11
3
5
18
10
2
18
8
3
7
4
2
3
1
10
2
6
4
4
9
7
3
1
7
9
16
21
1
1
5
4
9
4
3
1
7
12
1
7
8
1
2
6
12
11
8
8
23
9
13
3
6
3
3
7
13
1
10
27
6
28
7
30
6
4
50
3
6
6
2
4
4
12
4
1
2
10
13
1
9
4
17
22
18
11
5
3
11
21
3
4
14
14
14
27
5
10
18
7
8
1
5
11
2
7
2
22
5
8
5
17
4
3
11
2
4
2
10
8
6
4
5
3
13
17
9
5
9
9
24
11
8
7
10
1
1
10
13
9
1
12
2
14
1
8
11
1
9
15
10
4
10
2
9
16
10
12
4
14
10
5
6
5
12
1
2
5
7
1
2
12
7
5
16
5
3
1
3
6
5
6
1
2
6
3
1
10
11
6
8
14
6
8
4
1
2
5
2
2
2
5
6
3
2
1
12
4
1
2
6
9
4
1
4
4
2
8
6
1
4
11
4
21
8
9
8
4
6
2
5
5
9
24
1
1
20
5
4
2
2
2
9
1
6
16
11
12
24
29
14
7
26
13
3
10
7
10
1
15
7
1
5
5
1
8
2
2
6
11
7
2
9
19
8
4
1
2
1
9
5
7
15
9
13
1
5
5
1
7
13
3
2
8
1
17
1
10
15
1
3
8
1
8
7
15
40
1
1
4
4
10
1
4
16
19
2
1
4
6
6
20
24
4
18
14
7
21
22
2
37
12
27
1
6
2
20
23
6
13
12
19
9
1
25
1
7
14
3
3
1
16
20
1
1
8
11
4
2
1
3
4
17
23
16
4
13
1
30
24
4
19
12
4
4
6
19
23
13
2
1
4
13
2
1
23
18
14
2
1
7
8
23
27
4
13
6
1
3
16
14
1
3
30
29
12
18
10
13
17
7
3
1
12
18
5
11
2
11
25
33
13
13
12
9
4
26
7
28
44
4
25
2
10
1
8
23
28
19
12
2
5
8
23
2
23
3
48
17
7
14
4
20
21
9
4
2
14
30
3
1
1
3
4
25
27
6
12
17
15
4
34
50
9
21
1
4
1
18
20
14
1
11
19
49
12
7
8
3
8
25
29
10
8
4
1
16
2
4
26
58
17
23
6
3
23
25
2
6
3
1
13
56
1
5
3
23
27
2
1
5
58
25
2
11
3
25
27
3
15
11
2
4
11
56
4
6
11
9
37
36
13
18
2
6
15
1
10
27
70
17
2
2
8
7
23
30
12
11
10
6
12
18
2
33
46
9
23
4
1
15
20
20
1
3
10
2
1
30
27
4
14
2
1
8
6
4
27
24
19
3
13
19
5
34
40
24
6
4
5
2
15
20
11
20
5
15
26
27
16
5
9
2
12
11
23
29
37
9
17
10
16
27
1
4
42
38
17
28
1
9
3
10
28
31
22
11
6
8
13
23
2
7
42
25
3
28
2
6
10
7
10
27
33
18
11
1
6
3
23
8
36
12
23
2
4
12
12
11
29
32
19
8
11
5
17
9
26
18
17
1
6
5
12
3
9
21
25
19
1
9
5
4
6
3
23
14
13
1
5
10
8
12
30
36
5
18
7
13
12
5
13
2
9
28
11
18
13
18
2
10
8
29
35
5
4
6
10
3
2
9
19
2
11
2
26
10
1
13
26
33
20
12
9
4
18
2
8
30
6
4
21
6
2
18
11
21
40
41
40
16
23
16
20
22
36
16
43
11
16
34
5
17
6
4
11
8
28
28
18
10
7
1
17
2
19
2
1
7
29
6
13
2
13
10
4
7
6
18
24
14
1
1
6
1
3
27
6
9
4
12
10
13
30
33
27
28
9
10
9
5
5
16
11
40
16
1
26
1
7
18
13
18
30
36
20
10
10
19
16
17
2
13
39
5
7
22
1
3
16
4
11
20
24
20
22
11
10
21
4
25
13
7
18
1
10
4
27
26
17
5
10
8
3
1
1
5
29
57
15
2
13
13
5
10
21
26
20
8
2
3
16
1
6
32
116
11
16
8
4
6
14
10
9
26
25
11
4
18
5
2
1
5
14
174
5
11
7
15
12
23
51
51
51
4
20
25
22
40
32
21
54
277
28
38
2
4
29
7
5
6
20
24
23
5
7
2
10
2
4
22
265
11
10
33
10
17
9
28
28
23
1
1
3
8
9
280
2
5
27
12
32
48
53
27
12
32
18
37
41
42
24
49
341
34
36
6
24
8
25
37
43
18
33
26
1
30
15
30
1
16
28
274
2
16
3
8
18
12
21
43
47
31
11
16
17
26
24
18
45
189
15
32
4
5
7
14
3
12
27
36
29
9
9
10
10
25
69
15
8
8
17
16
12
11
23
25
2
31
12
13
3
11
1
7
26
7
12
16
26
8
20
30
36
18
14
21
9
18
14
34
13
64
22
4
40
14
21
16
27
36
18
16
16
2
7
1
9
39
18
7
19
2
11
11
19
36
41
18
48
12
14
14
31
31
18
59
30
26
40
4
5
23
11
21
31
39
32
1
23
10
20
8
29
15
54
2
34
13
15
11
5
10
24
29
36
37
8
17
10
5
17
5
43
25
6
1
7
14
15
15
33
34
40
17
14
13
23
27
13
65
26
10
41
14
10
19
8
11
28
31
20
12
9
7
9
7
10
41
5
20
14
16
7
14
32
37
21
31
21
18
9
14
23
21
12
45
5
16
27
17
21
19
21
15
32
32
45
21
20
12
8
19
12
54
8
28
7
6
13
12
9
9
29
27
24
3
16
11
7
5
25
1
7
47
8
29
3
11
16
16
32
36
27
37
21
23
19
20
34
3
12
60
24
16
38
5
25
20
22
21
36
40
41
15
18
24
1
27
19
56
18
36
2
11
29
18
26
43
46
37
6
15
17
26
17
15
21
48
21
3
23
17
27
7
18
34
32
47
32
9
9
25
30
13
61
10
29
33
1
3
16
8
14
10
27
26
30
25
12
5
8
41
11
54
41
1
11
12
15
15
34
35
36
1
9
11
10
11
21
16
55
10
4
33
8
16
15
14
34
31
36
16
20
3
5
10
13
52
18
28
9
10
15
10
28
26
21
10
22
4
6
11
8
50
9
23
7
18
5
7
23
21
24
6
11
2
2
7
4
47
3
16
23
24
1
8
19
19
37
15
3
4
3
38
14
12
16
9
20
24
44
6
18
7
13
32
4
54
12
11
36
19
10
15
7
24
21
18
3
14
3
30
1
6
54
27
2
22
1
9
18
19
22
10
3
4
3
1
15
3
54
23
5
11
16
7
18
21
28
12
3
2
4
2
57
1
2
27
4
36
1
15
9
23
25
32
18
9
6
3
16
2
8
57
7
30
4
17
4
12
20
21
23
29
10
16
2
8
9
26
5
54
17
6
29
6
19
4
17
30
30
41
28
14
16
16
29
2
11
67
12
39
7
13
1
9
17
22
38
7
1
5
18
5
52
28
3
3
18
17
10
15
20
29
7
12
1
9
2
34
10
11
1
8
12
11
17
31
34
35
14
22
11
19
21
24
12
65
3
37
5
21
7
17
28
34
40
16
28
9
16
22
30
13
67
12
7
40
13
13
24
30
24
16
14
3
25
9
53
5
28
7
19
6
19
34
40
33
23
16
22
8
36
16
66
12
2
44
10
3
20
10
18
30
38
30
7
23
6
24
26
13
51
26
6
18
4
15
23
29
30
22
18
7
33
9
56
32
8
18
12
17
26
35
20
15
16
35
5
60
7
35
8
4
22
11
13
22
22
7
17
13
16
4
47
23
14
21
9
19
31
35
37
21
11
22
10
34
14
65
42
3
11
11
22
43
48
40
16
19
28
11
32
1
20
63
34
10
1
21
19
21
34
37
26
16
34
24
21
18
49
25
7
4
21
3
19
28
38
26
20
24
25
14
56
28
10
29
16
3
12
24
29
14
35
8
3
2
3
9
35
10
10
27
16
28
46
45
40
6
23
27
25
30
37
1
24
71
14
39
12
23
16
31
47
52
56
37
24
35
29
41
28
84
24
50
10
25
15
23
34
38
23
6
20
17
19
10
24
1
19
46
25
15
26
6
24
37
43
38
18
24
16
32
19
51
3
29
33
10
31
22
46
44
30
13
14
30
16
12
23
5
24
53
30
8
19
25
22
37
35
27
18
27
20
27
3
20
60
30
10
18
25
27
23
40
39
30
15
25
19
3
3
22
51
20
4
25
8
27
43
48
37
8
22
7
30
13
24
1
22
58
9
34
18
23
2
18
27
31
33
8
7
1
19
18
11
44
17
5
26
10
25
13
36
29
14
11
4
28
8
1
13
4
16
53
24
7
21
19
10
13
28
29
18
15
1
9
18
2
12
46
21
14
8
28
14
19
32
31
17
16
9
15
16
2
15
45
21
11
26
20
31
48
49
50
25
38
27
35
22
41
2
27
66
10
46
14
20
24
35
38
49
21
17
29
9
32
3
20
68
4
40
27
11
19
13
25
26
11
17
14
4
4
12
45
16
12
25
19
20
36
37
28
27
26
16
22
1
19
47
24
14
21
9
16
26
28
33
23
8
17
21
32
1
11
60
24
35
6
7
14
10
10
21
20
28
7
2
9
9
2
5
43
15
2
29
7
17
25
26
26
4
25
3
18
4
14
1
10
44
15
2
30
14
17
22
9
16
10
6
1
6
48
16
13
32
9
17
7
25
23
24
17
5
16
5
7
50
21
5
17
16
36
34
36
20
43
22
19
15
49
3
15
70
48
5
5
13
13
12
30
27
26
16
14
16
12
29
20
2
11
58
13
28
2
28
14
10
7
18
19
25
2
9
5
8
4
3
5
46
17
2
21
15
20
36
36
26
23
21
19
22
26
38
2
17
68
9
45
13
16
27
18
38
34
44
33
40
22
13
40
4
17
64
42
3
18
17
8
10
18
20
16
16
10
12
18
3
5
48
18
1
11
12
6
8
20
22
13
31
3
7
15
24
1
6
53
1
27
25
9
22
16
36
36
46
19
23
20
21
12
41
5
16
64
45
1
21
17
21
35
36
27
36
27
19
27
22
39
4
16
65
7
37
6
25
9
22
33
35
34
32
10
32
40
48
1
15
68
9
35
47
14
3
31
17
19
35
34
9
15
29
22
21
20
2
16
49
22
1
6
24
12
18
27
31
48
26
21
23
3
31
3
13
50
2
24
18
8
23
34
39
54
36
44
4
33
25
50
2
17
73
26
11
49
1
25
19
21
38
38
1
15
8
12
26
24
26
26
3
19
70
22
34
17
32
19
27
36
39
26
8
29
34
11
16
5
20
45
9
20
2
9
11
28
13
23
33
39
19
21
20
4
32
15
22
3
17
43
13
23
17
32
16
30
47
52
47
56
28
25
16
41
41
48
3
26
81
49
33
50
15
28
6
24
36
40
42
22
29
15
31
19
29
1
17
59
25
2
34
3
9
7
22
20
47
49
28
11
43
28
26
24
44
4
24
74
35
7
56
16
23
13
24
43
48
59
32
18
28
41
51
2
23
79
51
33
56
8
25
17
17
20
36
37
29
11
28
22
19
15
39
4
18
63
35
40
8
12
27
23
27
47
48
14
5
34
32
36
25
41
5
25
65
39
1
38
23
33
2
25
39
43
38
16
32
10
30
34
32
20
65
52
24
35
16
23
22
26
44
46
43
21
35
29
32
14
46
5
24
70
39
48
14
3
33
17
30
42
47
44
37
24
39
26
50
3
23
75
39
21
50
14
31
4
24
32
36
40
5
30
8
32
24
39
1
15
57
28
9
33
3
10
24
10
18
25
28
44
8
19
14
23
14
25
3
12
52
13
27
19
3
29
21
25
40
43
28
26
35
30
18
22
3
23
61
37
5
39
6
23
33
35
57
56
33
8
28
50
47
32
42
6
33
78
62
9
48
9
32
1
29
35
43
38
25
19
38
27
23
3
18
58
49
31
24
7
23
18
10
12
27
27
22
21
14
7
4
5
3
10
43
17
17
9
17
14
19
39
39
25
43
10
33
22
21
21
36
2
19
69
25
4
47
17
37
12
26
36
39
16
18
12
29
17
38
3
18
63
34
14
37
8
46
33
19
9
18
13
4
25
2
9
5
5
39
10
4
6
13
15
18
32
32
43
34
19
26
33
39
4
15
68
20
34
44
2
3
17
9
23
41
42
52
46
32
14
31
45
42
1
21
83
46
49
55
9
30
10
18
28
29
10
36
13
24
14
20
19
28
2
12
55
21
3
35
11
10
20
17
33
29
43
12
35
32
26
26
51
4
14
71
36
15
50
3
16
9
12
25
23
40
27
24
15
20
25
39
1
8
70
45
19
42
1
2
18
4
12
25
25
28
12
21
26
24
28
2
8
58
34
22
36
4
12
15
14
10
30
27
16
22
12
22
17
26
23
3
10
54
39
12
23
11
5
17
13
7
28
25
2
20
12
18
21
3
19
21
2
6
51
27
1
23
10
20
10
12
25
23
30
15
18
15
17
21
19
3
7
50
22
12
25
5
23
1
10
20
19
10
11
3
2
15
27
18
1
3
42
14
18
17
2
1
9
9
14
7
28
24
18
38
13
12
21
10
20
27
3
7
54
11
34
6
18
7
26
7
33
28
36
25
36
10
10
37
5
10
64
22
1
41
7
19
10
14
31
29
22
12
22
12
21
33
40
3
10
61
30
31
37
6
15
10
22
25
39
59
14
1
16
23
31
3
5
66
26
6
34
2
28
6
18
27
32
21
18
15
27
12
35
3
11
53
19
13
34
2
14
22
21
25
42
40
32
22
32
33
33
45
55
6
20
63
40
31
49
3
10
6
10
31
28
26
27
28
7
10
37
33
4
9
69
44
23
36
2
14
14
14
35
32
28
12
13
28
18
34
31
3
14
58
41
18
36
4
17
15
22
18
37
34
15
27
2
16
42
19
21
33
5
17
56
44
34
13
32
5
20
33
33
24
8
16
13
20
36
34
2
14
54
69
30
24
24
27
17
24
28
44
16
18
22
41
45
1
9
52
28
25
33
5
10
16
21
40
42
13
16
18
30
26
29
34
47
4
20
67
21
16
47
14
15
28
28
56
55
18
30
23
44
33
45
34
6
30
60
57
22
34
6
24
12
25
43
46
35
13
27
21
29
48
34
3
21
61
40
39
35
26
24
29
45
45
17
12
41
43
34
44
50
5
25
68
37
31
46
19
14
26
24
47
46
18
24
12
39
31
39
34
6
24
56
34
18
34
5
15
24
29
53
56
25
22
14
37
40
45
33
5
29
63
41
36
37
3
16
23
23
27
47
50
21
35
25
31
31
44
43
5
26
61
52
25
37
2
1
29
17
21
19
39
38
37
37
15
26
16
35
47
6
19
62
27
10
44
3
29
14
28
40
45
51
19
29
18
35
55
55
4
24
71
32
50
51
5
13
25
28
50
54
2
37
33
36
34
35
38
51
5
30
77
36
30
54
4
19
14
34
30
57
58
32
27
33
48
36
36
43
6
34
64
44
19
42
20
25
27
29
51
52
15
30
14
35
30
48
33
7
29
56
57
32
32
8
14
22
20
24
41
44
63
13
35
18
29
29
26
30
1
3
23
50
10
28
20
28
34
26
28
30
38
42
19
26
8
30
36
21
34
7
27
46
45
1
29
14
19
31
36
57
59
43
25
39
37
41
45
44
7
38
78
69
39
53
23
25
14
23
36
41
27
15
41
15
30
33
39
4
21
54
51
24
36
11
11
28
27
27
39
42
19
11
19
31
25
29
37
5
25
54
68
14
30
6
16
27
22
45
43
27
32
20
35
16
26
25
5
27
52
47
15
29
29
11
27
37
43
42
19
14
13
28
38
28
3
25
51
71
35
34
4
25
33
32
51
52
29
13
18
38
26
47
45
6
34
76
104
31
50
6
15
19
21
20
37
37
27
14
24
22
20
21
36
5
21
48
71
1
29
10
18
4
17
25
30
4
18
16
14
6
18
21
32
2
15
47
60
13
29
5
18
13
19
17
30
33
3
8
22
16
6
15
6
19
47
59
24
11
25
29
29
40
42
33
22
44
36
23
37
6
28
53
74
34
20
14
22
31
36
33
9
26
16
28
36
48
4
19
62
71
27
44
2
2
15
7
11
19
11
16
7
10
16
3
5
43
54
6
