12
33
15
13
21
35
24
41
17
28
33
40
19
12
65
9
4
10
52
25
47
37
85
5
27
4
11
8
20
36
27
32
34
31
26
40
20
15
61
5
3
10
43
32
51
56
80
13
29
11
13
9
18
34
28
38
35
35
24
42
19
14
56
9
1
9
36
33
51
58
73
10
18
33
13
14
17
34
33
32
34
34
31
42
29
8
67
12
3
9
54
26
56
55
81
20
27
12
7
11
29
31
24
37
41
35
38
31
18
67
6
5
45
26
51
63
79
8
19
18
9
4
7
23
27
33
29
31
33
34
36
19
54
4
2
45
29
48
52
73
13
20
1
12
8
8
4
20
27
35
37
28
37
33
45
14
61
10
4
45
28
51
42
79
14
20
19
11
1
10
6
16
22
30
37
34
39
32
36
13
64
8
5
46
23
52
51
85
21
30
11
16
3
12
12
14
24
30
41
36
38
29
48
12
59
8
1
8
50
22
52
52
83
13
30
31
9
21
6
15
16
13
26
46
43
31
42
27
53
13
61
13
5
11
42
30
43
39
83
18
15
23
12
16
4
13
16
10
25
32
35
20
37
23
50
4
60
6
2
10
55
18
41
34
80
11
13
11
7
16
9
18
26
14
32
18
39
25
45
25
64
5
62
5
5
16
46
17
50
58
82
11
21
13
9
14
9
14
26
10
27
26
31
13
44
19
56
3
51
4
6
15
34
16
37
37
76
12
21
4
12
10
10
26
4
23
26
30
7
38
10
53
45
6
6
14
41
14
28
29
69
3
41
2
8
11
7
27
4
26
7
26
4
38
7
56
45
10
7
14
39
27
26
71
1
37
5
3
9
1
24
23
18
33
56
40
10
5
9
22
19
7
59
5
11
3
3
9
2
24
21
30
37
50
52
6
7
9
36
12
20
13
74
1
19
1
8
19
17
14
38
47
32
6
5
5
29
13
12
4
64
10
4
3
12
11
24
41
17
12
13
4
50
3
7
6
7
21
17
30
17
10
9
52
7
1
5
4
17
17
34
12
3
7
41
3
4
8
7
7
10
23
37
19
7
2
14
9
1
48
5
1
13
10
24
5
8
36
5
6
5
19
3
5
4
1
1
29
6
2
10
11
15
6
6
2
10
1
39
5
4
7
1
7
34
13
2
2
5
5
8
9
5
3
28
12
4
1
10
4
13
8
4
6
1
17
32
5
10
1
11
3
9
10
3
4
3
1
29
31
9
4
12
6
6
1
9
14
7
7
6
31
18
9
6
3
9
5
9
13
5
5
12
32
8
9
4
4
5
15
9
2
5
1
7
36
14
7
7
12
9
16
7
7
24
40
16
8
5
3
5
13
11
1
14
8
21
12
2
11
7
31
42
17
7
3
1
2
18
8
9
9
26
12
21
1
1
3
49
27
4
7
3
12
4
3
12
10
24
6
9
20
44
5
1
1
1
17
13
9
13
10
14
21
22
28
3
17
9
3
28
49
13
13
10
17
3
22
17
22
32
4
22
8
5
13
54
16
10
1
1
14
9
22
3
16
17
27
33
5
16
5
12
15
55
7
6
7
1
3
14
8
6
24
1
21
17
23
30
26
10
1
14
58
1
10
10
16
26
22
12
16
27
16
9
1
6
51
3
10
1
9
1
1
19
16
10
24
30
22
4
3
50
4
10
16
15
3
9
20
23
10
50
8
13
5
3
11
1
3
2
39
5
14
5
13
6
40
7
2
3
3
7
32
17
7
4
16
30
1
6
13
22
8
4
16
19
4
6
7
1
6
4
10
3
7
1
8
2
11
4
1
11
25
9
10
8
3
10
2
2
2
34
9
3
6
5
11
13
5
6
8
9
3
16
11
34
13
11
7
16
17
5
21
23
12
5
21
29
11
26
18
17
29
8
4
18
17
24
31
24
52
13
4
14
16
21
10
31
35
26
18
24
31
16
29
30
29
34
13
9
29
27
20
42
18
61
8
4
2
12
12
9
25
28
24
12
13
23
17
16
29
17
20
7
4
24
21
11
23
31
47
2
9
10
10
24
23
23
8
11
27
19
17
30
14
18
5
5
20
21
12
14
28
43
11
8
7
9
18
14
20
4
9
16
15
9
28
10
21
5
6
14
19
7
19
45
8
8
3
5
11
5
15
7
13
7
3
23
8
19
2
4
8
15
6
16
46
4
5
8
1
13
6
11
10
4
24
7
14
4
3
3
18
7
12
41
13
6
1
6
9
1
16
8
14
15
14
28
13
23
5
4
5
19
18
47
3
5
6
1
6
9
2
18
3
8
23
18
25
29
19
30
6
4
5
20
3
25
53
5
6
4
5
14
5
16
16
22
27
18
30
7
3
1
5
9
30
53
18
7
3
4
11
1
7
15
11
15
23
23
25
8
3
1
17
16
52
1
5
2
5
2
5
4
11
27
16
15
26
5
1
23
4
52
22
7
5
4
7
25
9
15
22
5
1
13
20
53
18
8
4
24
17
4
14
13
5
26
5
47
6
1
5
20
23
10
19
10
46
6
7
1
21
19
12
15
10
7
49
8
4
10
8
25
30
19
21
28
56
4
5
9
7
20
28
18
25
12
1
55
1
10
6
1
22
22
8
17
15
6
51
8
5
24
23
10
17
19
52
8
4
25
17
2
15
17
3
49
4
3
24
16
13
19
48
3
1
11
14
9
9
40
5
6
6
2
5
28
2
11
1
1
3
32
3
1
4
2
1
33
3
3
1
32
2
3
4
3
27
7
6
9
6
9
1
6
38
7
8
21
13
126
18
54
3
5
7
14
22
18
343
24
70
5
5
1
10
3
28
29
2
19
299
2
30
77
4
5
5
12
8
5
13
28
9
24
151
4
30
64
3
6
5
14
9
7
22
23
11
31
221
5
26
2
69
1
5
7
12
2
2
29
34
4
25
346
1
2
32
9
81
1
3
5
5
9
2
3
1
20
3
22
7
27
155
2
35
12
65
4
7
1
20
22
3
25
243
25
8
69
13
19
20
16
185
7
19
6
63
5
12
21
19
20
165
4
22
2
65
6
25
20
14
188
24
62
3
7
28
37
18
140
21
20
61
8
20
25
20
138
14
77
59
1
5
20
29
22
108
16
101
53
8
2
27
40
35
190
28
94
67
4
2
19
29
27
149
16
61
59
5
3
13
39
27
116
10
57
7
2
6
32
32
140
14
59
18
20
30
101
9
5
45
1
3
4
26
32
33
119
13
10
55
3
3
2
13
32
25
109
3
52
1
1
16
23
25
113
48
2
15
19
16
110
7
48
10
13
7
102
3
45
5
14
16
8
113
7
49
3
12
15
12
110
5
45
1
12
14
11
117
17
49
2
2
1
14
17
6
116
24
52
2
2
4
17
10
14
117
13
49
7
2
7
20
10
16
120
16
52
9
4
10
16
14
16
120
3
24
15
54
7
5
4
8
16
13
14
124
9
25
13
53
8
4
4
7
13
26
14
111
17
11
51
17
3
4
5
9
5
16
3
20
63
1
18
38
51
6
3
4
3
5
5
13
17
4
22
63
4
25
41
51
5
7
3
3
13
3
3
23
4
21
15
19
78
3
1
22
6
54
6
50
14
7
8
1
17
16
9
9
21
12
5
9
1
26
15
63
19
45
1
1
10
8
12
9
17
11
9
16
8
10
1
19
14
48
20
35
4
16
10
10
12
17
21
18
8
18
3
15
8
19
5
57
21
41
5
6
4
5
7
15
14
5
12
6
9
14
55
18
43
17
6
4
3
4
12
6
5
4
1
44
3
10
3
46
20
36
4
13
7
2
9
3
95
6
11
4
28
39
7
3
31
21
5
5
3
21
21
4
7
6
39
1
7
23
4
3
4
6
15
12
5
6
1
8
12
7
24
6
10
2
15
9
5
3
4
15
14
9
10
7
12
19
15
21
8
12
6
13
29
30
7
13
9
15
12
24
1
6
14
2
11
27
25
1
6
19
6
5
10
2
1
1
36
1
29
7
22
1
14
18
14
5
4
41
29
7
24
6
19
6
8
9
8
3
50
35
7
1
26
9
22
8
2
10
2
2
13
19
49
35
1
7
23
8
20
4
1
8
11
1
52
28
4
6
20
4
13
1
9
1
9
49
25
5
15
5
4
5
3
45
25
5
12
3
59
24
7
13
1
2
5
65
27
8
13
3
14
3
72
31
8
10
6
9
6
75
29
7
8
8
10
4
65
31
9
12
6
21
5
2
91
6
37
9
16
6
8
7
4
2
21
9
17
100
37
9
3
17
10
15
12
6
8
23
9
16
100
11
42
7
6
16
16
21
9
3
12
15
27
11
11
105
11
42
5
14
18
26
30
2
1
22
19
25
34
14
29
121
19
51
5
1
16
14
29
33
7
9
24
23
26
35
11
25
129
24
55
6
16
9
30
33
4
28
5
24
26
29
3
31
8
26
124
22
47
10
11
2
21
8
37
38
16
33
20
27
35
38
21
46
11
38
1
137
32
62
12
17
31
29
16
25
25
16
32
36
13
41
5
30
3
136
23
58
5
9
15
7
19
32
27
21
26
16
21
33
34
14
47
2
5
32
7
146
34
56
17
14
14
13
10
19
30
23
20
30
24
26
32
25
20
50
6
5
42
18
143
37
64
10
9
10
13
8
18
29
21
21
29
24
18
30
27
18
41
4
3
34
16
141
37
57
1
12
20
13
13
20
31
25
18
22
23
20
32
30
11
47
10
6
36
18
150
38
59
21
14
3
12
12
20
27
22
7
29
17
22
28
27
12
47
6
5
41
22
141
35
61
9
21
12
11
12
21
23
18
34
20
18
27
28
20
41
1
4
9
37
4
140
40
59
11
25
9
14
21
14
6
24
11
14
19
20
7
28
6
7
10
37
126
27
50
20
4
1
6
10
4
19
7
8
3
19
13
6
20
27
3
7
14
27
113
18
44
2
3
6
14
8
2
15
19
17
5
13
18
108
8
35
7
10
5
11
12
11
5
10
12
93
30
1
8
5
2
1
6
7
5
7
3
86
32
7
5
9
1
4
75
26
10
1
7
13
17
9
70
28
13
7
9
18
14
23
8
65
33
13
10
9
13
10
47
26
15
13
2
11
34
20
16
16
4
19
13
20
26
11
6
6
22
24
21
31
5
12
11
12
11
28
27
18
28
6
2
11
14
14
17
27
6
7
12
10
23
15
24
4
9
9
23
14
23
3
12
9
2
10
26
12
18
2
3
15
6
10
13
30
8
10
5
18
9
19
31
7
11
12
4
2
1
21
10
17
2
36
1
6
13
14
5
6
12
26
22
22
14
40
12
7
20
1
1
18
11
17
15
20
39
4
19
38
22
50
10
2
3
10
25
4
1
23
10
29
12
28
2
37
6
19
31
27
55
5
8
16
22
8
20
2
20
37
25
25
20
48
23
8
5
6
5
14
2
9
5
30
23
22
11
38
2
5
4
4
14
6
5
27
24
13
10
43
2
3
22
21
2
7
5
38
3
2
3
21
21
14
10
34
4
23
4
19
18
19
16
36
5
14
29
1
17
6
13
36
7
11
38
1
15
35
1
11
10
5
2
9
3
29
1
12
12
32
6
1
31
10
9
17
9
12
44
1
14
42
8
15
11
17
11
33
1
16
9
23
5
6
31
2
2
1
11
18
28
1
9
39
4
5
5
1
9
8
27
2
30
7
8
6
5
24
25
9
11
1
2
1
24
8
29
8
12
24
2
20
11
15
2
5
18
13
12
19
7
17
1
27
12
21
4
10
3
17
1
25
12
20
5
8
5
11
3
16
12
21
11
13
2
8
8
22
12
20
15
18
5
8
27
11
17
13
16
2
5
16
11
2
20
21
20
1
6
2
10
9
21
10
7
23
29
26
4
12
7
7
13
10
16
3
35
11
12
29
36
35
6
7
18
17
9
19
16
9
21
35
11
17
36
42
42
9
8
11
24
20
19
23
17
27
21
43
5
6
5
1
13
24
46
51
53
8
26
9
19
34
30
34
1
32
31
43
22
59
7
6
9
7
16
31
54
59
62
14
27
14
27
42
42
18
40
5
40
35
3
47
27
63
4
5
6
5
16
32
52
59
63
14
30
14
25
39
38
12
44
4
40
37
9
52
28
61
2
2
2
3
15
30
46
56
59
9
28
16
23
40
32
20
44
5
37
42
5
41
33
63
6
5
1
15
25
42
51
54
12
22
17
19
37
29
18
34
5
33
26
45
26
53
5
8
3
15
20
38
48
52
11
23
10
21
32
26
10
33
5
30
31
6
45
31
57
6
2
10
10
25
37
42
5
2
5
10
25
19
11
32
1
1
19
29
29
25
51
6
5
15
27
33
5
13
17
10
7
26
2
1
12
22
31
17
42
1
1
5
5
9
22
27
19
14
5
20
5
3
10
20
18
10
41
28
5
1
12
16
7
9
11
5
1
2
12
17
14
30
4
1
12
16
13
7
1
17
2
23
6
30
16
37
10
3
2
16
17
14
9
11
5
12
3
15
10
24
12
36
2
5
3
14
11
3
13
3
10
3
11
7
1
3
11
3
19
22
30
6
2
8
9
7
15
10
10
11
3
11
13
7
3
5
14
3
20
16
35
8
8
1
9
16
11
8
12
10
15
4
9
5
2
6
15
1
19
30
32
9
2
5
3
13
16
13
13
22
12
4
16
8
3
20
10
6
11
29
14
25
35
43
7
10
7
13
8
13
17
18
28
19
11
10
18
14
13
27
12
6
12
32
21
35
30
48
2
14
18
14
14
17
4
21
24
24
22
12
19
22
26
13
39
16
7
14
34
9
40
28
56
5
12
15
15
14
20
9
26
31
23
29
23
22
26
33
25
41
9
7
17
28
12
39
40
56
14
9
38
15
19
23
12
29
36
30
24
25
22
30
34
34
38
10
10
19
41
11
47
47
61
13
16
10
10
16
1
22
13
28
36
21
22
17
26
29
37
20
42
11
9
19
42
8
45
26
63
12
12
15
6
14
8
20
31
9
21
15
20
21
33
9
37
5
3
12
26
12
31
26
55
13
7
23
9
13
1
15
10
22
37
16
9
16
27
23
36
13
37
7
9
14
42
9
39
33
60
9
8
4
9
13
7
19
33
8
7
17
21
24
32
12
29
3
7
11
27
2
30
31
51
4
5
3
7
11
5
14
30
21
17
6
22
35
9
31
7
6
9
25
4
26
19
50
1
7
8
3
7
9
8
11
32
13
16
20
19
42
7
34
6
5
7
31
5
27
21
50
2
4
3
24
13
2
22
9
34
21
1
18
19
22
41
6
9
7
27
5
14
1
9
11
31
2
25
2
6
22
24
19
41
4
3
8
13
10
27
7
9
13
33
21
3
9
10
18
9
39
1
6
8
18
10
26
8
6
12
35
19
2
10
8
25
9
40
10
8
24
10
28
8
16
11
41
24
1
11
13
21
40
11
6
24
7
24
10
6
31
19
11
12
10
40
10
2
22
2
17
1
19
6
9
5
3
7
30
13
3
25
2
18
4
26
14
1
11
10
36
14
1
25
4
20
2
6
1
26
16
11
6
8
2
37
15
1
26
6
22
5
14
2
25
13
1
11
10
12
4
34
14
1
26
5
24
3
15
28
17
11
5
4
34
11
19
1
18
7
10
22
12
7
3
2
2
35
3
9
13
14
8
8
10
18
4
4
6
36
6
7
11
9
7
10
11
1
12
10
6
37
5
1
5
4
14
2
13
7
9
13
3
16
10
12
43
8
2
2
12
6
5
3
15
5
9
3
35
6
5
11
2
9
5
15
10
29
7
5
11
11
9
10
3
2
17
1
15
10
20
39
2
4
4
11
4
10
12
9
16
12
1
20
3
3
1
8
1
17
14
35
6
4
1
4
12
1
9
9
13
3
4
16
5
3
2
17
22
33
6
2
3
6
7
10
8
7
7
5
1
12
8
21
31
4
10
15
13
4
5
10
4
1
17
12
19
34
22
5
3
18
11
7
11
2
10
2
10
9
24
29
4
13
6
9
12
2
9
1
7
5
9
22
10
1
14
5
2
14
7
13
10
23
37
5
10
1
10
16
3
1
15
12
3
20
4
7
23
42
1
12
9
1
6
11
3
12
11
3
14
1
11
19
30
1
10
9
2
9
10
8
8
13
15
4
16
3
17
18
34
2
4
4
14
14
14
1
14
12
4
24
8
30
20
39
2
5
8
11
18
14
4
19
4
5
19
11
43
24
42
1
4
12
7
13
17
15
15
25
5
3
17
8
46
24
40
3
1
6
7
1
16
12
23
12
2
9
15
28
7
5
32
3
51
40
45
5
18
3
6
1
1
10
18
12
1
1
5
26
4
4
34
57
27
48
2
3
3
9
4
3
3
17
10
59
26
36
5
2
1
6
3
4
3
7
9
2
9
18
3
11
54
18
36
25
1
1
7
1
6
3
2
12
22
5
12
37
13
37
8
7
1
14
13
2
1
8
9
13
31
8
1
11
5
5
5
3
12
14
3
4
9
3
35
10
5
15
10
15
3
1
10
21
14
3
8
7
11
31
1
9
7
15
18
20
9
15
25
18
3
10
15
11
36
12
10
22
30
29
1
9
23
30
7
27
4
14
7
25
41
15
13
30
39
37
7
9
18
28
34
19
28
3
19
13
15
43
16
15
38
46
46
6
12
21
33
43
9
30
2
23
11
12
48
7
19
24
47
58
57
6
10
21
43
50
25
38
1
7
31
22
32
57
7
7
17
32
48
63
59
11
20
34
50
48
24
41
5
8
36
40
10
30
59
3
8
12
35
44
65
60
5
10
26
20
54
48
29
39
6
36
22
23
34
56
3
7
8
8
35
35
62
55
18
10
29
22
54
44
30
43
4
32
35
28
38
62
29
4
12
4
34
23
57
47
25
15
29
26
50
34
23
52
2
5
28
38
25
31
54
19
2
9
32
11
54
39
9
20
33
15
49
19
27
108
5
5
24
27
27
47
58
3
6
8
32
6
54
37
10
25
33
23
53
16
29
108
3
3
22
35
4
26
46
61
4
10
5
28
50
30
6
23
30
14
50
7
28
53
2
16
27
2
32
44
54
8
3
21
40
15
6
14
31
6
42
28
62
2
8
28
28
45
49
7
3
6
21
37
11
22
17
27
3
42
29
52
10
8
33
20
35
50
4
3
6
2
17
32
6
16
10
27
6
38
13
56
5
5
30
6
17
39
53
2
13
12
28
4
15
18
21
13
35
14
54
1
27
14
15
32
48
2
10
10
25
5
16
30
20
12
30
10
37
