16
5
23
2
5
10
10
39
2
17
26
20
8
28
2
6
10
16
16
41
34
18
9
10
5
1
48
1
9
3
34
5
9
11
4
7
3
51
8
26
16
6
34
3
7
1
10
18
11
5
44
6
18
10
5
34
7
8
9
18
11
6
34
2
1
37
22
5
7
5
5
38
2
36
17
3
8
3
7
51
6
28
3
12
3
8
1
56
2
32
8
6
42
12
7
18
8
36
9
13
4
1
5
34
3
23
13
4
2
64
1
3
32
6
4
3
23
49
2
2
8
13
25
10
3
22
47
12
6
7
2
16
28
3
8
2
1
30
54
2
20
5
12
30
12
11
38
48
30
12
7
18
1
30
1
10
1
3
5
49
50
11
45
7
17
3
18
29
2
11
1
7
7
7
60
53
19
57
21
23
6
22
6
35
4
13
4
15
13
11
70
50
19
71
34
30
3
11
23
6
38
4
14
5
20
16
14
85
47
21
76
41
29
3
6
9
18
3
36
3
14
20
17
12
88
42
22
90
54
38
14
20
8
4
7
23
10
42
6
16
2
30
28
23
101
48
13
105
72
46
23
39
1
3
3
19
8
48
6
12
3
37
32
23
116
50
19
116
80
52
28
32
12
20
11
54
9
16
16
9
3
42
35
27
128
54
23
123
87
54
36
1
9
36
10
22
15
57
7
7
10
7
4
47
42
34
134
52
14
129
93
54
39
15
20
19
10
14
9
53
4
11
3
9
3
48
42
29
140
50
10
137
100
60
37
30
1
4
5
61
14
2
18
1
48
37
18
151
52
9
136
100
60
39
25
19
11
6
8
64
5
22
18
2
49
39
20
151
43
12
141
105
61
36
31
4
4
2
9
63
18
16
3
16
26
4
48
37
19
1
155
35
10
142
106
62
37
32
7
6
65
11
14
17
14
26
5
47
34
16
1
158
32
14
140
105
61
39
37
11
8
5
8
64
18
17
8
16
3
3
46
33
15
2
157
33
16
140
106
56
34
35
2
3
8
58
18
17
19
21
15
1
41
27
10
3
156
27
9
136
103
55
33
61
13
17
3
9
49
13
10
6
14
7
2
40
28
11
151
22
11
132
99
51
28
28
12
1
5
60
10
19
13
3
33
18
3
147
23
19
130
95
43
20
9
3
74
2
28
14
1
24
6
151
18
21
128
95
47
21
34
5
8
61
3
11
12
3
27
10
147
17
23
132
95
50
17
27
9
11
68
6
19
14
20
7
2
26
8
153
22
27
124
85
36
8
4
3
4
54
1
22
16
1
16
146
25
18
120
84
37
7
17
2
54
15
9
1
15
141
20
9
120
84
42
8
23
2
13
8
56
4
9
3
18
141
29
15
116
79
38
7
17
33
5
53
22
14
1
14
136
35
16
121
84
38
5
7
6
8
60
5
9
14
145
34
10
122
85
41
1
23
22
9
56
1
10
1
11
14
144
43
2
114
80
35
1
12
1
54
32
10
10
135
41
7
122
97
37
15
7
46
1
4
2
8
18
140
34
23
126
97
46
16
20
57
2
19
9
6
3
24
2
144
30
11
127
90
42
12
10
9
54
11
11
1
3
22
145
33
136
105
55
26
31
19
20
61
9
1
2
34
13
152
32
131
100
48
21
30
54
8
8
14
4
19
2
28
4
147
34
127
98
41
19
22
39
11
15
12
4
5
4
25
141
38
128
97
50
22
13
2
59
3
11
1
1
31
7
145
42
3
131
95
46
16
62
11
3
25
153
53
1
141
109
54
26
29
6
52
1
10
5
34
7
160
60
13
140
106
54
21
15
61
6
2
6
5
32
4
161
62
147
109
59
24
13
70
14
4
35
5
171
61
159
124
70
35
40
65
9
10
3
4
46
15
179
58
157
123
64
32
10
62
11
6
6
44
17
178
62
166
129
74
42
21
11
1
72
8
20
7
3
55
31
5
188
67
4
174
136
81
48
29
33
6
75
4
9
11
4
62
40
17
196
69
3
180
143
86
53
32
23
27
3
15
76
13
13
10
7
68
47
32
2
203
69
8
185
153
90
59
45
22
20
78
27
15
21
14
4
71
49
37
13
206
58
13
187
153
94
66
63
42
11
19
24
4
78
18
25
11
2
77
59
45
7
208
40
12
191
154
99
62
77
20
42
14
30
6
74
13
25
9
29
5
3
78
59
52
5
213
39
3
188
153
94
57
51
21
85
9
46
9
21
1
70
45
37
3
212
40
199
167
103
72
39
35
37
25
35
13
101
22
23
9
30
12
4
82
62
56
14
223
43
191
161
93
60
52
3
36
19
33
13
75
19
33
5
32
74
56
52
10
216
51
192
162
97
70
59
38
36
27
32
12
84
14
22
28
20
78
61
54
6
219
44
196
166
101
68
67
26
56
21
35
8
89
23
26
19
33
22
80
62
58
14
224
4
37
184
150
88
54
62
34
16
30
9
73
10
26
1
28
68
53
50
210
16
32
183
150
90
57
54
12
41
21
31
10
84
9
29
30
68
53
52
213
57
28
185
152
93
57
59
11
55
29
35
16
91
14
34
30
69
55
57
1
214
122
18
175
140
80
47
48
9
32
19
20
3
77
23
26
7
58
44
44
206
174
15
163
125
64
32
31
6
60
22
21
6
42
24
21
197
226
19
162
125
66
28
40
20
3
69
19
17
40
22
23
195
246
21
156
116
54
14
21
1
60
10
8
27
7
7
190
204
28
157
116
54
18
22
59
14
7
29
8
7
189
90
42
164
128
62
26
35
10
67
21
15
36
12
11
194
64
164
129
56
24
18
65
15
9
30
5
1
194
78
5
174
139
67
36
29
12
12
1
76
18
9
42
17
12
203
79
19
176
140
66
35
27
10
29
73
10
2
44
17
11
202
73
11
177
143
67
39
32
14
71
6
20
8
44
15
203
66
9
185
155
76
47
46
76
25
17
11
13
3
52
19
10
209
55
13
186
152
75
46
31
9
75
17
3
6
1
53
20
11
207
35
15
188
153
73
49
18
3
79
16
33
6
1
2
52
18
9
210
19
6
186
156
71
50
16
2
75
16
17
3
2
51
15
9
207
3
187
157
75
49
30
10
77
23
10
1
4
54
17
14
207
6
190
158
76
53
32
80
25
13
8
6
55
18
14
210
17
190
159
76
52
24
7
82
25
25
13
13
7
53
15
18
210
28
190
158
77
50
28
3
79
23
14
10
9
56
19
18
208
36
183
151
73
48
28
3
72
13
12
4
51
13
6
201
47
184
151
75
45
29
77
15
24
7
51
12
7
201
51
184
151
75
50
41
8
66
10
7
6
57
22
6
198
45
186
152
83
57
54
35
78
13
18
4
63
29
8
202
41
183
149
76
39
7
2
81
13
18
5
8
53
22
7
202
43
180
141
78
42
27
77
8
18
3
2
4
4
54
25
1
196
46
4
182
140
92
54
82
16
1
83
14
23
6
13
9
4
67
42
4
3
198
35
9
180
145
82
51
35
3
74
19
14
14
7
8
63
40
10
8
196
34
181
143
82
57
21
37
8
6
85
13
14
2
3
19
9
66
46
13
5
198
40
181
145
90
60
57
15
37
14
72
22
11
18
8
6
7
72
56
24
9
196
32
170
137
80
50
40
73
19
25
12
12
9
8
60
40
3
3
188
31
169
133
78
47
29
8
3
77
9
9
3
7
5
8
58
40
4
1
187
32
172
140
85
59
51
29
17
16
2
10
68
20
14
9
19
8
2
67
52
18
9
188
5
30
168
133
83
57
46
54
21
3
12
80
10
34
5
15
24
8
65
50
14
187
30
166
133
83
56
45
6
6
14
6
14
81
19
19
17
9
19
5
62
47
17
8
185
7
35
165
133
83
64
52
14
4
19
9
17
79
24
10
19
10
25
7
65
51
21
9
184
15
33
159
127
77
58
56
31
15
29
14
21
64
10
18
6
14
15
9
64
54
28
178
20
158
130
86
56
71
10
25
18
21
21
70
27
10
29
19
32
8
2
65
55
32
11
177
9
27
159
135
82
69
50
40
34
26
23
20
83
34
12
29
19
44
9
68
59
37
14
179
8
30
145
119
71
52
43
17
19
23
16
17
74
9
24
1
19
12
1
54
47
31
166
31
138
109
66
42
35
12
7
10
9
65
4
25
12
18
16
1
46
36
20
162
25
139
117
66
56
42
38
18
19
19
18
62
14
25
17
22
26
4
52
46
34
160
17
134
111
63
43
43
2
8
13
13
13
67
11
26
7
20
15
2
43
37
29
157
26
130
109
60
42
34
7
14
12
12
12
68
10
22
6
21
20
4
40
35
30
155
1
24
127
107
61
46
46
32
22
22
15
17
65
10
31
16
28
24
5
41
39
36
151
4
25
124
103
55
37
35
4
20
10
10
10
62
14
22
18
21
15
33
32
31
149
9
29
122
102
55
35
38
15
38
17
13
12
61
5
15
20
9
34
35
36
146
1
32
124
101
55
33
40
11
34
18
9
12
63
6
23
3
24
2
33
33
33
146
30
122
99
52
30
36
5
6
5
2
58
13
21
11
25
26
29
27
23
143
2
36
118
94
50
29
36
11
4
1
57
7
16
11
20
31
26
22
17
140
9
39
121
99
52
32
38
9
20
9
11
5
57
10
10
10
22
7
31
27
26
141
13
41
119
97
49
26
37
3
10
10
53
6
9
6
19
18
28
23
21
139
8
44
119
95
50
25
36
14
3
1
9
62
1
28
18
4
27
21
18
140
12
44
126
100
55
30
41
27
19
7
15
64
3
16
19
14
1
33
27
23
146
16
43
124
104
48
30
37
11
14
53
15
9
10
17
5
4
29
20
19
143
26
56
123
102
51
27
54
12
15
55
2
18
1
18
2
29
21
18
141
26
62
121
96
46
21
59
10
6
13
49
10
17
1
26
18
15
140
18
70
120
95
40
16
1
10
67
17
16
11
13
3
17
7
8
141
27
72
117
93
38
17
1
8
58
17
12
13
3
16
7
5
139
32
55
119
97
39
20
32
5
9
52
8
10
4
12
7
20
12
9
139
38
46
119
93
40
18
18
6
9
60
6
16
12
8
19
12
11
139
38
43
118
101
40
28
35
12
11
1
12
52
10
6
14
10
4
25
19
17
136
38
54
117
101
39
30
34
15
16
3
12
1
49
13
2
7
12
4
5
26
23
19
133
48
60
116
99
40
28
30
6
48
13
19
7
13
1
5
24
18
12
132
41
57
116
99
34
27
3
1
55
14
12
8
6
22
16
7
133
31
55
119
103
45
37
40
11
25
7
7
53
12
4
12
3
6
34
32
23
133
38
62
123
108
49
39
41
34
10
62
19
22
18
13
8
8
36
32
24
2
137
44
61
113
97
33
30
3
55
9
16
4
8
25
19
6
130
29
60
111
103
36
37
20
16
51
9
11
9
11
30
25
10
128
32
61
112
102
36
38
16
18
6
50
15
10
6
8
31
27
14
127
34
57
102
87
25
24
13
36
6
2
19
15
117
26
45
106
96
32
32
21
5
45
3
5
6
27
25
10
120
32
37
98
86
21
19
5
35
1
1
13
5
17
17
2
111
26
39
98
86
25
23
2
19
42
22
7
5
19
19
3
112
17
40
95
84
23
21
6
40
4
3
6
17
19
7
110
23
33
94
84
24
20
12
39
1
7
7
5
17
21
7
108
9
42
99
91
27
29
10
3
40
8
6
9
10
6
22
25
12
112
9
41
94
86
27
21
16
1
38
1
1
9
6
19
25
12
108
11
28
91
80
28
22
17
14
8
5
43
7
10
2
20
28
16
107
27
88
79
20
18
10
3
34
5
5
3
10
12
3
14
21
12
103
5
28
88
81
25
20
20
12
1
4
6
38
11
6
6
10
11
4
18
27
18
103
31
84
73
21
17
12
7
5
35
2
7
7
9
4
1
14
23
19
100
34
80
69
19
15
13
2
10
6
38
8
3
10
16
1
12
22
21
99
3
31
81
72
20
19
16
20
1
18
9
9
39
4
4
7
11
3
12
24
24
99
4
28
81
73
19
21
21
24
1
26
10
15
34
5
4
1
9
20
3
12
25
28
99
32
82
74
21
12
32
28
20
16
20
38
11
3
22
9
22
4
11
26
35
101
39
82
70
20
11
19
25
12
16
21
43
6
8
14
9
22
5
1
9
23
33
102
2
45
84
74
22
21
33
26
27
13
23
46
9
5
7
16
24
4
13
25
30
104
48
84
76
23
19
42
5
21
24
19
25
37
13
4
16
17
18
3
13
25
34
102
34
82
72
17
15
5
13
12
16
49
9
25
9
14
18
6
5
13
21
104
28
86
79
19
19
9
11
11
13
13
49
9
10
12
12
23
6
9
18
23
107
43
89
80
26
24
32
22
41
21
23
19
44
11
3
16
16
22
5
17
27
34
108
49
3
91
81
29
25
25
22
14
20
16
15
53
9
7
14
18
24
6
18
24
26
113
54
86
78
24
19
30
4
1
47
12
21
12
17
12
2
12
16
13
106
44
89
80
26
24
29
8
5
11
1
2
51
14
22
8
12
14
2
14
19
16
109
33
91
85
28
28
28
20
9
12
2
1
53
11
16
16
13
18
3
17
21
18
110
31
87
81
22
23
14
32
10
47
7
27
1
15
8
2
12
13
10
107
27
88
81
23
22
24
7
5
7
47
12
13
11
10
2
11
11
11
108
30
87
83
25
20
34
3
50
15
18
15
12
7
3
9
5
6
107
35
87
84
24
23
43
18
6
40
7
16
10
19
3
11
8
4
107
38
2
90
85
23
21
24
5
9
52
9
15
10
11
4
9
4
1
111
42
16
93
84
25
19
3
65
9
22
7
10
20
4
9
116
36
22
92
85
24
20
24
47
6
18
1
6
4
9
112
29
13
92
84
24
17
10
54
3
16
6
5
9
112
24
95
89
25
21
20
2
50
12
10
2
6
4
5
13
112
16
93
87
20
21
10
46
8
10
1
6
9
111
6
94
88
20
21
6
11
45
7
8
2
5
11
109
92
84
19
18
20
42
1
13
13
5
9
106
3
84
77
10
12
1
34
4
2
4
3
98
7
87
80
12
13
1
31
4
1
5
98
3
7
88
78
15
14
9
32
4
6
2
4
8
99
7
85
75
12
14
4
1
29
1
3
5
7
3
96
3
84
74
9
10
32
1
1
3
95
79
67
7
5
26
1
1
1
1
89
78
67
8
7
1
4
2
25
1
4
2
1
86
6
82
71
8
14
8
4
4
1
25
4
10
6
4
5
89
13
7
83
73
14
14
24
9
1
9
2
28
3
7
8
15
1
9
8
12
92
1
22
6
84
76
12
12
6
7
10
2
27
8
4
2
7
4
12
90
15
8
83
67
6
7
13
27
4
2
1
89
18
5
88
69
16
13
15
19
4
33
8
10
7
9
8
9
94
18
94
82
20
20
16
23
2
8
3
31
13
17
8
3
15
14
19
96
15
89
77
19
17
6
36
16
10
3
1
10
5
6
94
20
97
83
23
25
10
19
41
5
20
4
8
23
3
15
7
5
102
21
107
93
32
35
27
16
14
8
2
43
19
9
10
13
4
26
19
18
108
22
99
85
26
22
11
45
9
20
9
6
6
2
17
6
5
104
21
101
89
25
24
8
13
42
22
5
19
1
3
17
6
7
105
15
106
94
28
34
12
15
9
10
46
17
14
6
5
5
22
11
10
109
14
101
88
20
24
8
5
43
10
15
11
6
41
2
13
105
16
105
92
24
32
9
18
1
42
15
8
13
5
7
3
18
5
4
110
12
105
98
23
34
7
4
39
27
12
28
7
18
4
1
19
5
7
4
107
9
97
90
18
29
6
5
2
33
20
5
17
9
21
4
15
2
6
98
103
89
17
26
1
7
44
12
10
6
2
8
3
10
114
116
102
21
26
2
53
17
12
12
2
13
7
11
1
129
8
115
100
21
27
2
2
50
14
6
13
1
2
4
12
129
18
119
104
26
27
7
52
13
11
7
3
12
5
14
136
25
124
104
30
28
13
2
53
11
14
6
5
11
6
18
140
14
129
107
29
26
2
58
11
11
9
1
7
4
16
146
14
135
115
36
31
7
62
16
14
11
6
8
8
22
153
21
132
110
37
27
21
3
59
5
7
3
3
21
150
14
136
109
36
26
3
35
57
5
3
20
154
1
141
113
38
26
57
4
12
6
20
160
5
3
146
119
44
25
10
64
16
1
15
7
22
164
148
118
48
30
15
2
62
2
1
9
28
166
143
112
45
23
10
57
17
2
22
159
4
148
118
49
31
5
58
4
9
3
5
28
163
151
119
56
36
17
58
5
7
34
1
167
119
104
26
27
7
52
13
11
7
3
12
5
14
136
25
124
104
30
28
13
2
53
11
14
6
5
11
6
18
140
14
129
107
29
26
2
58
11
11
9
1
7
4
16
146
14
135
115
36
31
7
62
16
14
11
6
8
8
22
153
21
132
110
37
27
21
3
59
5
7
3
3
21
150
14
136
109
36
26
3
35
57
5
3
20
154
1
141
113
38
26
57
4
12
6
20
160
5
3
146
119
44
25
10
64
16
1
15
7
22
164
148
118
48
30
15
2
62
2
1
9
28
166
143
112
45
23
10
57
17
2
22
159
4
148
118
49
31
5
58
4
9
3
5
28
163
151
119
56
36
17
58
5
7
34
1
167
133
110
64
37
25
58
8
15
7
2
8
51
33
3
148
5
14
124
98
58
34
22
9
49
7
29
47
30
138
11
14
126
99
62
36
28
9
54
7
1
49
32
140
21
3
127
105
66
40
42
12
3
1
57
6
7
1
4
10
6
55
38
5
141
23
122
101
65
41
47
19
16
6
55
1
5
5
1
5
54
39
8
137
25
114
93
56
32
22
18
49
17
7
1
45
28
130
37
107
87
50
25
25
8
49
14
5
16
37
20
123
34
110
90
52
29
28
5
58
3
12
4
13
1
40
24
4
128
30
106
88
50
26
24
52
7
3
7
37
23
3
125
34
103
85
50
26
36
2
1
52
22
9
5
38
27
10
121
17
102
78
49
20
31
8
7
1
58
27
16
1
35
24
14
123
12
97
72
47
16
36
4
8
1
54
15
8
30
21
14
119
18
93
70
41
16
23
1
11
6
53
16
11
26
18
15
115
26
101
80
49
24
31
48
11
25
19
56
9
9
4
4
35
30
31
122
27
7
97
76
47
21
35
22
5
17
15
55
16
9
11
2
32
25
25
118
10
86
57
37
8
27
1
50
