2905
4761
4999
4825
2454
1009
4787
4863
4863
4863
1116
1830
4753
4178
4863
4785
4939
4935
3835
2805
4751
4999
4819
2375
978
4779
4855
4855
4855
1087
1768
4743
4054
4855
4778
4933
4928
3715
2713
4749
4999
4814
2297
930
4775
4850
4850
4850
1046
1701
4741
3920
4850
4774
4926
4922
3599
2634
4739
4999
4806
2236
909
4766
4842
4843
4842
1026
1653
4732
3820
4842
4765
4919
4915
3495
2560
4735
4999
4801
2160
885
4762
4837
4837
4837
993
1603
4728
3706
4842
4761
4913
4909
3377
2479
4728
4999
4794
2101
845
4754
4830
4830
4830
960
1550
4703
3588
4901
4753
4906
4902
3276
2401
4721
4999
4788
2034
820
4749
4824
4824
4823
934
1495
4594
3487
4994
4747
4900
4896
1472
1249
1069
4840
2617
1053
434
1264
4752
4873
4760
482
760
1774
1555
4778
3172
4893
4889
744
3416
4357
412
1743
4461
539
3668
4552
777
1544
4990
4657
599
4190
927
4887
4883
844
4915
4187
455
1993
4792
598
4864
4257
869
1758
4962
4376
671
3963
901
4880
4876
528
4919
4182
278
1271
4721
375
4894
4219
556
1129
4848
4310
421
3972
1206
4874
4870
768
4991
4029
418
1817
4857
547
4928
4078
793
1600
4690
4177
611
3784
936
4867
4863
337
13
4
137
121
1
92
137
138
317
230
218
202
85
93
153
429
326
169
121
484
93
109
43
94
47
83
246
173
42
96
96
339
247
377
217
90
99
164
459
345
325
234
597
53
208
85
99
94
158
458
336
6
56
56
378
274
569
242
99
146
109
182
518
384
5
444
321
680
3
285
117
331
129
216
617
457
4
3
447
323
742
10
287
117
456
129
216
621
457
11
10
10
525
380
783
337
139
567
153
254
726
539
534
386
875
16
343
140
721
155
259
743
549
6
16
16
590
427
905
379
156
815
172
286
817
605
619
448
985
7
397
163
955
180
299
860
636
7
7
654
474
1026
420
173
1057
190
316
907
671
1
693
502
1086
445
183
1173
203
336
962
713
720
522
1139
2
463
190
1282
210
348
999
740
1
2
2
759
550
1186
488
200
1384
222
367
1052
780
786
570
1240
2
505
208
1491
230
381
1090
809
2
2
819
594
1284
525
217
1584
240
396
1136
843
848
615
1334
1
544
225
1683
249
410
1176
873
1
1
875
635
1376
563
233
1775
257
424
1215
902
4
904
656
1420
581
240
1865
266
438
1254
932
65
930
675
1462
597
247
1953
273
450
1289
958
217
957
695
1502
615
254
2037
281
464
1327
986
354
981
713
1542
630
261
2120
289
475
1361
1012
481
1006
731
1580
646
267
2199
296
487
1395
1038
615
1030
748
1618
661
274
2276
303
497
1428
1062
735
1053
765
1653
676
280
2350
309
509
1460
1086
860
1075
780
1688
691
285
2423
316
520
1490
1109
975
1096
796
1721
704
291
2494
322
530
1520
1131
1089
1117
812
1754
717
297
2561
329
540
1549
1154
1200
1137
826
1786
730
302
2627
334
550
1577
1174
1306
1157
841
1816
742
307
2691
340
559
1604
1194
1412
1175
854
1846
754
312
2753
346
568
1630
1214
1512
1194
868
1874
766
317
2813
351
577
1655
1233
1610
1212
881
1902
777
322
2872
356
585
1679
1251
1705
1228
893
1929
787
326
2928
361
593
1703
1269
1797
1245
906
1954
798
331
2982
367
601
1727
1287
1887
1261
917
1979
809
335
3036
371
609
1748
1304
1973
1277
928
2004
6
819
339
3087
375
616
1769
1320
2057
1292
940
2028
81
829
344
3137
381
624
1791
1336
2139
1308
951
2051
237
839
348
3186
386
632
1812
1352
2219
1323
963
2075
369
849
353
3233
391
639
1832
1368
2296
1338
974
2097
497
859
358
3279
396
647
1852
1383
2372
1352
985
2118
629
868
363
3324
402
654
1871
1398
2445
1366
996
2139
749
877
367
3367
406
661
1889
1412
2515
1378
1005
2159
872
885
371
3409
410
668
1907
1426
2583
1390
1014
2178
986
893
375
3449
415
674
1924
1438
2649
1403
1024
2197
1101
901
379
3487
419
679
1941
1452
2714
1415
1032
2215
1211
909
382
3525
422
685
1956
1463
2776
1426
1041
2231
1316
917
385
3562
426
692
1971
1475
2836
1437
1049
2249
1421
924
389
3596
430
697
1987
1487
2895
1448
1057
2265
1521
930
392
3630
433
702
2000
1498
2951
1458
1065
2280
1618
937
395
3663
437
707
2014
1509
3006
1467
1072
2295
1713
943
399
3695
440
712
2028
1519
3059
1477
1079
2309
1804
949
401
3725
442
716
2040
1528
3109
1486
1085
2322
1893
955
403
3754
445
720
2052
1538
3159
1494
1091
2335
1978
960
405
3782
448
725
2064
1546
3208
1502
1098
2347
2061
965
407
3810
450
728
2074
1554
3253
1510
1103
2360
2143
970
409
3836
452
732
2085
1563
3298
1517
1108
2371
2221
974
411
3861
455
736
2096
1571
3341
1524
1114
2382
2296
979
414
3885
457
739
2106
1578
3383
1531
1119
2393
2370
983
415
3909
458
742
2115
1586
3423
1538
1124
2403
2442
987
417
3932
461
745
2124
1593
3463
1543
1129
2413
2510
991
419
3954
463
748
2133
1600
3501
1550
1134
2423
2577
995
420
3975
464
751
2141
1606
3537
1556
1138
2432
2642
998
422
3995
466
753
2149
1612
3572
1561
1142
2441
2705
1002
424
4015
469
756
2158
1618
3607
1567
1146
2450
2767
1005
425
4034
470
759
2165
1625
3640
1572
1150
2458
2827
1009
426
4051
471
761
2172
1630
3672
1577
1154
2465
2884
1011
428
4069
473
764
2179
1635
3703
1582
1157
2472
2939
1015
429
4086
474
766
2185
1640
3733
1587
1161
2480
2993
1018
430
4102
475
768
2191
1645
3762
1591
1164
2486
3046
1020
432
4118
476
770
2197
1650
3790
1596
1167
2493
3096
1023
433
4132
478
772
2204
1655
3816
1600
1170
2499
3145
1025
434
4147
479
774
2209
1659
3842
1603
1173
2505
3193
1028
435
4161
480
776
2214
1663
3868
1607
1175
2510
3238
1030
436
4174
482
777
2220
1667
3892
1611
1179
2516
3283
1032
437
4187
483
779
2224
1671
3915
1614
1181
2521
3326
1034
437
4199
483
780
2228
1674
3938
1617
1183
2525
3367
1036
438
4210
485
782
2233
1678
3960
1620
1185
2530
3409
1038
439
4222
485
784
2237
1681
3981
1623
1188
2536
3448
1040
440
4232
486
784
2241
1683
4000
1625
1190
2539
3485
1041
441
4242
487
785
2245
1687
4020
1628
1192
2543
3522
1043
441
4252
487
787
2248
1690
4039
1631
1194
2547
3557
1044
442
4261
488
788
2252
1692
4057
1633
1195
2550
3592
1046
443
4270
489
789
2255
1695
4075
1635
1197
2554
3625
1047
443
4279
490
791
2258
1698
4091
1637
1198
2557
3657
1049
444
4286
490
791
2260
1700
4107
1640
1200
2560
3688
1050
444
4295
491
792
2263
1702
4123
1641
1201
2563
3718
1051
444
4302
492
793
2266
1704
4137
1643
1203
2566
3747
1052
445
4308
492
794
2268
1706
4152
1644
1204
2568
3774
1053
446
4314
492
794
2270
1708
4165
1646
1205
2570
3801
1053
446
4321
493
795
2272
1709
4178
1647
1206
2572
3828
1054
446
4327
494
796
2274
1711
4191
1648
1207
2574
3853
1055
447
4332
494
796
2276
1712
4203
1649
1208
2576
3877
1056
447
4337
494
796
2277
1713
4214
1650
1209
2577
3900
1057
448
4342
495
797
2278
1715
4225
1651
1210
2579
3923
1057
448
4347
495
797
2280
1716
4236
1652
1211
2581
3945
1057
448
4351
495
798
2282
1717
4246
1653
1212
2581
3966
1058
449
4355
496
798
2283
1718
4256
1654
1212
2583
3986
1058
449
4359
496
798
2283
1719
4265
1655
1212
2584
4006
1059
449
4362
495
798
2284
1720
4274
1655
1213
2584
4024
1059
449
4365
496
799
2286
1720
4282
1656
1212
2585
4042
1059
449
4368
496
799
2286
1721
4290
1656
1213
2586
4060
1060
449
4370
496
799
2286
1721
4298
1656
1214
2587
4077
1059
449
4373
496
800
2287
1722
4305
1656
1214
2587
4093
1060
449
4375
496
799
2288
1722
4312
1657
1214
2587
4109
1060
449
4377
496
799
2288
1723
4318
1658
1214
2588
4124
1060
449
4379
496
800
2287
1723
4324
1657
1214
2587
4138
1060
449
4381
496
800
2288
1723
4331
1657
1214
2587
4152
1060
449
4382
496
799
2288
1723
4336
1657
1214
2587
4165
1060
449
4383
496
799
2287
1723
4340
1657
1214
2587
4178
1059
449
4384
496
799
2287
1723
4345
1657
1214
2586
4190
1060
449
4384
496
799
2287
1723
4350
1657
1214
2586
4202
1059
449
4385
496
799
2287
1722
4354
1656
1214
2585
4212
1059
449
4386
496
799
2286
1722
4358
1656
1213
2584
4223
1058
449
4386
496
799
2286
1722
4362
1655
1213
2584
4233
1058
449
4386
496
798
2285
1721
4365
1655
1213
2584
4243
1058
448
4385
496
798
2284
1721
4368
1654
1213
2583
4253
1057
448
4385
496
797
2284
1721
4371
1654
1213
2582
4262
1057
449
4384
495
798
2283
1721
4373
1654
1212
2581
4270
1057
448
4384
495
797
2282
1720
4376
1653
1212
2580
4279
1056
448
4383
495
797
2281
1720
4378
1652
1211
2579
4286
1056
448
4382
495
796
2281
1719
4380
1652
1210
2578
4293
1055
447
4382
494
796
2279
1718
4382
1651
1210
2576
4300
1055
447
4380
494
796
2278
1717
4383
1649
1210
2575
4306
1054
447
4379
494
795
2277
1717
4384
1649
1209
2574
4313
1053
447
4377
494
794
2276
1716
4386
1648
1209
2573
4319
1053
447
4376
493
794
2275
1715
4386
1648
1208
2571
4325
1052
446
4374
493
794
2274
1714
4387
1646
1207
2570
4330
1052
446
4372
493
793
2272
1713
4388
1645
1206
2568
4335
1051
446
4371
493
793
2271
1712
4388
1644
1205
2566
4339
1051
446
4369
493
792
2270
1711
4388
1643
1204
2565
4344
1050
445
4367
492
792
2268
1710
4388
1642
1204
2563
4348
1049
445
4364
491
791
2266
1708
4388
1641
1203
2562
4352
1048
445
4362
491
790
2265
1708
4388
1640
1203
2560
4355
1047
445
4360
491
790
2264
1707
4387
1639
1202
2557
4359
1046
444
4357
491
790
2261
1705
4387
1638
1201
2556
4362
1047
444
4355
490
789
2260
1705
4386
1636
1200
2553
4365
1045
444
4352
490
788
2259
1704
4385
1635
1199
2552
4367
1044
443
4349
490
787
2257
1702
4384
1634
1198
2550
4369
1044
442
4347
489
787
2254
1700
4382
1632
1197
2547
4371
1043
442
4344
489
786
2253
1700
4381
1631
1196
2546
4373
1042
442
4341
488
786
2252
1698
4380
1630
1195
2544
4375
1041
442
4338
488
785
2249
1696
4378
1629
1194
2541
4376
1040
440
4335
487
784
2247
1695
4376
1627
1193
2539
4377
1040
440
4332
487
784
2245
1694
4376
1626
1193
2537
4378
1038
441
4328
487
783
2244
1692
4373
1625
1192
2535
4379
1037
440
4325
486
782
2241
1690
4371
1623
1190
2532
4380
1036
439
4322
485
782
2239
1690
4369
1622
1189
2530
4380
1036
439
4318
485
781
2237
1688
4367
1620
1188
2528
4380
1034
439
4314
485
780
2236
1686
4364
1618
1187
2526
4381
1033
438
4311
484
780
2233
1685
4362
1617
1186
2523
4380
1032
438
4308
484
779
2232
1684
4360
1616
1185
2521
4380
1032
438
4304
483
778
2230
1682
4357
1614
1184
2519
4380
1031
437
4300
483
777
2227
1680
4355
1613
1183
2516
4379
1029
437
4296
483
776
2225
1679
4352
1611
1182
2514
4379
1028
437
4292
482
775
2223
1678
4349
1609
1180
2511
4378
1027
436
4289
482
775
2220
1675
4346
1607
1179
2508
4377
1026
436
4285
481
774
2218
1674
4343
1606
1178
2506
4376
1025
435
4281
481
773
2216
1673
4340
1605
1177
2503
4375
1024
434
4277
480
773
2214
1670
4336
1603
1176
2501
4373
1023
435
4273
480
771
2212
1669
4334
1601
1174
2498
4372
1022
434
4269
479
771
2209
1668
4330
1600
1174
2496
4370
1021
433
4265
479
770
2207
1665
4327
1598
1172
2493
4369
1020
433
4261
478
769
2205
1664
4323
1596
1171
2490
4367
1019
432
4256
478
769
2203
1662
4320
1595
1170
2488
4365
1018
432
4252
478
767
2201
1660
4317
1593
1169
2485
4363
1017
431
4248
476
766
2198
1659
4313
1591
1168
2483
4360
1015
431
4243
477
766
2196
1658
4309
1589
1166
2480
4358
1014
431
4239
476
765
2193
1656
4306
1588
1165
2477
4356
1013
430
4234
475
764
2191
1653
4302
1586
1163
2474
4354
1012
429
4230
475
764
2189
1652
4299
1584
1162
2472
4351
1011
429
4226
474
763
2186
1650
4295
1583
1161
2469
4349
1010
429
4221
474
762
2184
1648
4290
1581
1160
2466
4346
1009
428
4217
473
761
2180
1646
4287
1579
1159
2463
4343
1007
428
4212
473
760
2179
1645
4283
1577
1157
2461
4340
1006
427
4208
472
759
2176
1643
4279
1575
1156
2458
4337
1005
427
4203
472
758
2174
1641
4274
1573
1155
2455
4335
1004
426
4199
472
757
2172
1639
4270
1572
1153
2452
4332
1003
426
4194
470
756
2169
1637
4267
1570
1152
2449
4328
1002
425
4189
470
755
2166
1635
4262
1568
1151
2447
4325
1000
425
4185
469
755
2164
1634
4258
1567
1149
2444
4322
1000
424
4180
469
754
2161
1632
4254
1565
1148
2441
4319
998
424
4175
468
753
2159
1630
4250
1563
1147
2438
4315
997
423
4171
468
752
2156
1627
4245
1561
1145
2435
4312
996
423
4166
467
751
2154
1626
4241
1560
1144
2433
4309
995
422
4162
466
750
2152
1625
4237
1558
1143
2430
4305
994
421
4157
465
749
2149
1622
4233
1555
1141
2427
4302
992
422
4152
465
748
2147
1621
4228
1554
1140
2424
4298
991
421
4147
465
747
2144
1619
4224
1552
1139
2421
4294
990
420
4142
464
747
2141
1616
4219
1572
1153
2452
4332
1003
426
4194
470
756
2169
1637
4267
1570
1152
2449
4328
1002
425
4189
470
755
2166
1635
4262
1568
1151
2447
4325
1000
425
4185
469
755
2164
1634
4258
1567
1149
2444
4322
1000
424
4180
469
754
2161
1632
4254
1565
1148
2441
4319
998
424
4175
468
753
2159
1630
4250
1563
1147
2438
4315
997
423
4171
468
752
2156
1627
4245
1561
1145
2435
4312
996
423
4166
467
751
2154
1626
4241
1560
1144
2433
4309
995
422
4162
466
750
2152
1625
4237
1558
1143
2430
4305
994
421
4157
465
749
2149
1622
4233
1555
1141
2427
4302
992
422
4152
465
748
2147
1621
4228
1554
1140
2424
4298
991
421
4147
465
747
2144
1619
4224
1552
1139
2421
4294
990
420
4142
464
747
2141
1616
4219
1528
1121
2383
4242
975
414
4079
457
735
2107
1592
4158
1526
1120
2380
4237
973
413
4074
457
733
2105
1589
4153
1524
1118
2377
4233
972
412
4070
456
733
2102
1588
4149
1522
1116
2374
4229
971
412
4065
455
732
2100
1585
4144
1520
1116
2371
4224
969
411
4059
455
731
2097
1583
4139
1518
1114
2368
4220
968
411
4055
454
730
2094
1582
4135
1516
1113
2365
4216
967
411
4050
454
730
2092
1580
4130
1515
1111
2363
4212
966
411
4044
453
729
2089
1578
4125
1514
1111
2361
4208
966
411
4041
455
730
2088
1577
4122
1515
1114
2361
4206
969
414
4039
457
732
2089
1579
4120
1513
1112
2358
4200
968
413
4033
457
730
2086
1577
4114
1511
1110
2354
4194
966
412
4028
455
729
2083
1574
4108
1509
1109
2352
4189
965
412
4023
455
729
2081
1573
4104
1507
1107
2348
4183
963
411
4017
454
727
2077
1570
4097
1506
1106
2346
4178
962
411
4013
454
727
2075
1568
4092
1503
1105
2342
4172
961
411
4007
453
726
2072
1567
4087
1501
1103
2339
4167
960
410
4002
453
725
2069
1565
4081
1499
1102
2337
4161
958
410
3996
452
724
2067
1562
4076
1497
1100
2333
4156
957
409
3991
452
723
2064
1560
4071
1496
1099
2330
4150
956
409
3986
451
722
2062
1559
4066
1494
1098
2328
4145
955
409
3980
450
721
2059
1556
4060
1492
1096
2324
4127
954
408
3969
450
720
2057
1554
4055
1063
782
1663
2629
687
294
2563
327
524
1498
1135
2649
14
59
7
30
9
67
11
22
80
60
7
45
372
346
24
106
13
58
18
154
26
53
174
159
21
147
204
93
123
92
195
153
80
35
162
38
62
179
135
167
23
101
12
54
17
139
24
48
156
141
19
126
135
124
61
46
96
97
38
17
97
17
29
82
62
98
8
37
5
20
6
50
9
18
57
50
6
44
128
74
12
10
18
47
7
3
42
2
5
13
9
43
17
6
5
10
3
2
1
3
10
7
15
14
4
16
2
9
3
21
4
8
24
22
3
21
6
16
13
25
15
10
4
16
4
8
22
17
16
44
3
16
2
9
3
21
4
8
24
20
3
19
120
19
9
9
16
17
6
3
15
2
4
13
9
16
19
2
6
2
3
1
7
1
4
8
7
1
6
11
2
3
3
1
6
1
5
1
1
6
36
2
3
4
1
1
1
1
1
1
3
1
2
71
1
1
4
1
2
1
5
2
3
5
4
2
5
27
2
3
4
5
1
3
1
2
1
2
1
2
5
1
3
3
1
1
3
1
2
1
4
1
3
4
3
1
3
31
3
2
3
4
1
3
1
1
1
1
1
3
2
3
98
2
1
2
2
1
1
2
1
3
2
1
1
1
1
1
85
2
1
2
1
1
2
1
2
1
1
1
1
2
1
1
1
1
2
2
2
1
2
2
1
1
1
1
1
1
1
2
1
2
1
1
1
1
2
1
2
1
1
1
1
2
2
2
2
1
1
1
2
2
90
1
1
2
1
2
1
1
1
2
1
1
2
1
2
1
1
1
78
1
2
1
2
2
2
1
1
2
1
2
1
3
2
1
1
1
1
1
13
1
1
2
1
2
1
2
1
1
1
1
1
3
1
1
1
2
2
1
1
2
37
1
1
2
1
1
1
1
2
1
1
1
2
2
1
1
2
2
1
1
1
115
1
2
3
1
2
2
2
1
2
1
1
2
1
3
1
2
2
1
1
1
84
1
1
3
1
2
2
2
1
2
1
2
2
1
2
2
2
2
1
1
1
24
1
1
3
1
2
2
2
1
1
2
2
2
2
2
2
1
1
1
2
2
1
2
1
1
1
2
3
1
2
2
2
1
2
2
2
1
3
1
1
2
2
2
1
2
77
1
2
3
1
2
2
2
1
2
1
1
2
1
3
2
1
1
2
2
1
1
1
102
1
2
2
1
2
2
2
1
2
2
2
1
3
2
1
1
3
2
1
2
2
30
1
2
3
1
3
2
2
1
1
2
2
2
2
3
2
1
1
2
2
1
2
2
1
2
3
2
2
2
2
1
1
2
1
2
2
2
3
2
1
1
2
3
1
2
1
81
1
1
2
1
2
2
2
1
1
2
1
2
2
3
2
1
1
2
3
1
1
1
113
1
2
2
1
2
2
2
1
1
2
1
2
3
2
3
3
1
1
2
3
2
2
2
60
1
2
3
2
2
2
2
1
1
2
1
2
3
2
3
2
1
1
2
3
1
2
2
1
2
3
2
2
2
3
1
1
2
1
1
3
2
3
2
1
1
2
3
1
2
2
79
1
2
3
1
2
2
2
1
2
1
2
3
2
4
2
2
1
3
3
2
2
2
115
2
2
3
2
2
3
2
1
1
2
1
2
2
2
4
3
2
1
2
3
2
2
2
61
1
2
3
2
2
3
2
1
1
2
1
2
2
2
3
3
1
1
2
3
1
2
2
1
2
3
1
3
2
3
1
1
2
1
2
3
2
4
2
2
1
2
3
3
2
2
3
22
2
2
3
1
3
2
3
1
1
2
2
3
3
4
3
2
1
1
3
3
2
2
2
104
1
2
4
2
3
3
2
1
1
3
2
2
3
4
3
1
1
1
3
3
1
2
2
73
1
2
3
1
3
3
3
1
1
3
1
2
3
2
4
3
2
1
3
3
2
2
3
1
2
3
2
2
3
3
1
1
3
1
2
3
3
4
3
2
1
1
3
3
2
3
3
1
3
3
2
3
3
3
1
1
3
1
2
3
2
4
3
1
1
3
3
1
2
2
103
1
3
3
2
3
3
3
1
2
3
1
3
3
2
5
3
2
1
1
3
3
2
2
2
79
1
3
4
1
3
3
3
1
2
3
1
3
4
3
5
3
3
1
2
3
4
3
2
3
1
3
3
2
3
3
3
1
2
3
1
2
3
3
5
3
2
1
2
3
3
2
2
3
1
3
4
2
3
4
3
1
2
3
1
2
3
3
5
3
2
1
2
3
3
2
2
3
96
1
2
4
2
3
3
3
1
1
3
1
3
4
3
4
4
2
1
1
4
3
2
3
2
120
1
2
4
2
3
3
3
1
1
3
1
3
3
3
4
4
2
1
2
4
4
2
3
3
20
1
4
4
3
3
4
3
1
2
3
2
3
3
3
5
4
2
1
2
3
4
2
2
3
1
3
4
2
3
3
3
1
1
3
1
3
4
3
5
4
2
1
1
4
4
2
3
3
90
1
2
4
2
3
4
3
1
2
3
1
3
4
3
5
4
2
1
2
4
4
3
3
3
88
1
3
4
2
3
4
3
1
2
3
1
3
3
3
5
4
2
1
1
3
4
2
3
3
43
1
3
5
2
3
4
4
1
1
4
1
3
4
3
5
4
2
1
1
4
4
2
3
2
1
3
4
1
3
3
4
1
1
4
1
3
4
3
5
