4624
4999
69
4825
4824
4999
4824
4995
4700
4999
1058
4999
4732
4824
4999
4082
4825
4999
4899
4896
4819
4620
4999
68
4819
4818
4999
4818
4994
4695
4999
1024
4998
4727
4818
4999
3957
4819
4999
4892
4889
4812
4613
4999
65
4812
4811
4999
4811
4999
4687
4999
983
4999
4735
4812
4999
3826
4812
4999
4886
4883
4806
4607
4999
58
4806
4805
4999
4805
4999
4682
4999
949
4999
4828
4806
4999
3711
4806
4999
4879
4876
4799
4601
4999
52
4799
4799
4999
4799
4999
4675
4999
928
4999
4972
4799
4999
3589
4799
4999
4873
4870
4793
4595
4999
53
4793
4792
4999
4792
4999
4669
4999
895
4999
4999
4793
4997
3485
4793
4999
4867
4863
4811
4625
4789
37
4808
4804
4818
4804
4817
4696
4774
705
4835
4996
4806
4832
2319
4810
4999
4860
4857
4954
238
4888
618
4524
452
4947
4939
4605
4939
4671
4916
4537
845
4639
961
4998
4944
4643
4951
4998
4853
4850
4990
693
4986
1699
4190
1275
4990
4991
4295
4991
4433
4988
4187
2323
4374
2649
4992
4991
4381
4990
4992
4847
4844
4981
403
4976
1015
4194
756
4979
4978
4286
4978
4381
4979
4178
1395
4366
1593
4969
4979
4383
4980
4973
4841
4837
4983
512
4984
1268
4046
948
4982
4982
4153
4983
4222
4985
4020
1734
4247
1980
4874
4982
4273
4982
4886
4834
4831
4968
470
4965
1170
3946
875
4967
4967
4056
4968
4111
4966
3908
1606
4160
1834
4713
4967
4193
4968
4725
4828
4825
110
3
1
114
115
2
116
118
8
22
8
124
35
140
140
14
125
436
93
3
94
94
94
95
62
96
252
96
96
12
128
476
60
11
60
60
59
59
125
59
466
56
56
12
142
538
8
15
7
7
7
170
6
631
3
3
7
14
8
8
8
168
9
639
10
10
17
199
746
16
17
16
16
16
202
16
763
16
16
19
223
839
8
20
8
8
8
235
8
882
7
7
21
248
932
23
263
987
1
24
1
1
1
272
1
1026
2
2
25
287
1079
2
26
2
2
2
297
2
1118
2
2
27
309
1164
1
28
1
1
1
320
1
1205
1
1
29
331
1246
30
341
1285
30
350
1321
31
361
1359
31
369
1393
32
378
1427
33
387
1461
34
395
1493
34
404
1524
35
412
1555
36
419
1584
37
427
1612
37
434
1640
38
442
1667
40
449
1693
42
457
1719
44
465
1744
46
473
1769
48
479
1792
49
486
1815
50
493
1837
52
498
1858
53
505
1878
55
511
1899
57
517
1918
58
522
1936
57
526
1952
56
529
1967
57
534
1984
57
539
2000
58
543
2015
59
547
2030
60
551
2044
60
555
2058
61
558
2071
61
561
2084
62
566
2097
63
569
2109
63
572
2120
64
575
2131
64
578
2142
65
581
2152
65
584
2162
66
587
2171
66
589
2180
67
591
2188
67
594
2197
67
596
2204
66
597
2211
67
599
2218
67
601
2225
67
603
2232
68
605
2238
68
607
2245
68
608
2250
68
609
2255
68
611
2261
68
612
2266
69
613
2271
69
615
2275
68
616
2280
69
617
2284
69
618
2288
69
619
2292
69
620
2295
70
621
2298
70
621
2302
69
622
2304
70
623
2307
70
624
2310
70
625
2313
70
625
2314
70
625
2316
70
626
2319
70
626
2320
70
627
2322
70
628
2324
70
628
2325
71
628
2326
71
628
2328
70
628
2329
70
629
2329
70
629
2330
70
629
2331
70
630
2332
71
629
2332
71
629
2332
71
630
2333
71
630
2333
70
630
2333
70
630
2333
71
630
2333
71
630
2332
70
629
2332
71
629
2332
71
629
2331
70
629
2330
71
628
2330
71
629
2330
70
628
2329
70
628
2328
70
628
2327
70
628
2326
70
627
2326
70
627
2324
70
627
2324
70
627
2322
70
626
2321
70
626
2320
70
626
2319
70
625
2317
70
625
2316
70
624
2314
70
624
2313
69
623
2311
70
622
2310
70
622
2308
70
622
2306
69
621
2304
69
622
2302
69
621
2301
69
620
2299
70
620
2297
69
619
2296
69
619
2294
69
618
2292
69
618
2290
69
617
2288
69
616
2285
69
616
2284
69
616
2282
69
615
2279
69
614
2277
69
614
2275
68
613
2273
69
612
2271
68
612
2269
68
611
2267
68
610
2264
68
610
2262
68
610
2260
68
609
2257
68
608
2255
68
608
2253
68
607
2250
68
606
2248
68
606
2246
68
605
2243
68
604
2241
68
604
2239
67
603
2236
67
602
2234
68
602
2231
67
601
2229
67
600
2226
67
599
2224
67
599
2221
67
598
2219
67
598
2216
66
597
2214
67
596
2211
67
595
2209
66
595
2206
66
594
2204
66
593
2201
66
593
2198
66
592
2196
66
592
2193
66
591
2191
66
590
2188
66
589
2185
66
588
2183
66
588
2180
67
595
2209
66
595
2206
66
594
2204
66
593
2201
66
593
2198
66
592
2196
66
592
2193
66
591
2191
66
590
2188
66
589
2185
66
588
2183
66
588
2180
65
578
2146
65
578
2143
66
579
2142
69
581
2143
70
581
2140
69
579
2137
70
579
2135
69
578
2131
69
578
2129
69
577
2126
69
577
2123
69
576
2121
69
575
2118
69
575
2115
69
574
2112
68
573
2109
49
415
1540
216
10
387
23
66
17
388
358
56
345
72
325
64
24
41
27
83
366
34
215
71
340
346
118
17
58
41
120
32
66
75
118
84
157
91
150
62
107
72
178
83
103
137
184
134
96
4
50
184
140
17
115
40
113
30
118
121
108
124
143
126
135
54
94
63
158
122
88
141
157
173
125
1
25
86
65
7
72
15
43
12
75
73
39
74
53
72
49
20
34
23
59
76
32
66
58
102
75
5
14
54
1
16
18
15
15
13
4
18
11
4
74
16
15
3
2
6
17
5
4
5
16
9
24
9
22
9
16
11
27
8
15
17
27
3
9
8
25
12
21
3
17
6
17
6
20
19
16
21
23
21
21
9
15
11
26
22
14
23
25
97
21
6
14
39
9
2
10
3
6
2
13
12
5
13
9
12
8
1
3
6
4
11
16
5
12
9
28
13
1
1
3
1
1
2
1
2
1
18
1
1
3
2
3
3
3
1
1
6
4
2
94
3
3
1
2
4
2
3
2
2
4
6
4
5
2
3
5
4
8
7
4
5
7
91
4
1
4
3
5
24
3
1
3
2
3
2
5
4
2
6
5
5
4
2
3
4
3
7
9
4
6
5
22
5
1
1
1
4
1
1
2
3
1
3
60
1
1
1
1
1
2
3
3
4
3
3
2
3
1
3
2
5
8
2
1
4
3
97
4
1
1
1
2
2
2
2
1
2
3
1
3
2
4
6
2
1
2
2
25
1
1
1
1
3
1
3
2
2
1
4
1
2
2
4
7
2
2
3
2
3
3
1
1
2
1
2
3
2
4
3
3
2
3
2
3
3
5
8
2
1
3
3
84
3
1
1
1
2
2
1
2
2
2
1
4
1
2
2
4
7
1
2
2
1
89
1
1
2
1
2
2
3
2
4
3
3
2
3
2
3
3
5
9
3
1
3
3
24
3
1
1
1
1
2
1
3
3
2
1
4
2
3
3
4
8
2
2
2
2
2
1
2
1
2
1
2
3
2
3
3
3
2
4
1
3
3
5
9
2
2
3
2
41
3
1
1
1
2
1
2
3
2
3
3
2
2
4
2
3
3
5
9
2
2
3
2
93
3
1
1
1
1
1
2
3
2
3
3
3
2
4
2
3
3
5
9
2
2
3
3
77
3
1
2
1
2
2
2
3
2
3
3
3
2
4
2
3
3
5
9
2
1
3
3
18
3
1
2
2
1
2
3
2
3
3
3
2
5
2
3
3
5
10
2
2
2
2
26
2
1
2
1
2
2
2
3
2
3
3
3
3
5
3
3
3
6
10
3
2
3
3
81
3
1
2
1
2
2
2
3
2
3
3
3
2
5
2
3
3
5
10
2
2
3
3
63
2
1
2
1
2
2
1
3
3
3
3
3
3
2
5
2
3
3
6
10
2
2
3
2
34
2
1
2
1
2
2
3
3
3
4
3
3
2
5
2
4
3
6
11
3
2
3
3
35
3
1
2
1
2
2
2
3
3
4
3
3
2
5
2
4
3
6
11
2
1
3
3
82
2
2
2
1
2
2
1
3
4
3
4
4
3
2
5
2
4
3
6
11
2
2
3
3
110
2
2
2
1
2
2
1
3
3
3
4
3
3
3
5
2
4
3
6
11
3
2
3
3
43
3
1
2
1
2
2
1
3
3
3
4
3
4
3
5
2
5
4
7
12
3
2
3
3
13
3
2
2
1
2
2
1
3
4
3
4
3
3
3
5
2
4
3
6
12
2
2
3
3
64
3
1
2
1
2
2
1
3
4
3
4
4
4
3
5
3
4
3
6
12
3
3
3
3
63
3
2
2
2
2
3
1
3
4
3
4
4
4
3
6
3
5
4
7
12
3
3
3
3
3
2
2
2
2
2
1
3
4
3
4
4
3
3
5
3
4
4
7
12
3
2
3
3
3
2
3
2
3
3
1
3
4
3
4
4
3
3
6
3
4
4
7
13
3
2
3
3
33
3
2
2
2
3
3
1
3
4
3
5
4
4
3
6
3
5
4
7
13
3
3
4
3
36
3
2
2
2
2
3
1
3
4
3
1
4
4
4
3
6
3
5
4
7
13
3
3
4
3
12
3
2
3
2
3
2
1
4
5
3
1
4
4
4
3
6
3
5
4
7
13
3
2
3
3
3
2
3
2
3
3
1
3
5
4
4
4
4
3
6
3
5
4
7
14
3
2
3
3
58
3
2
3
2
3
2
1
3
4
4
5
5
4
4
7
3
5
4
8
14
3
3
4
3
129
3
2
3
2
3
3
2
3
4
4
1
5
4
4
3
6
3
5
4
7
14
4
2
4
3
84
3
2
3
2
3
3
2
4
5
4
1
5
4
4
3
7
3
5
5
8
14
3
3
4
3
64
3
2
2
2
3
3
2
3
5
4
1
5
5
4
4
7
3
6
5
8
15
4
3
4
3
70
3
3
3
3
3
3
2
3
4
4
5
5
4
4
7
3
5
4
8
15
3
3
4
3
73
3
2
3
3
3
3
2
4
5
4
1
5
5
4
4
7
3
5
5
8
14
3
3
3
3
34
3
2
3
3
3
3
2
4
5
4
5
5
5
4
7
4
6
5
8
15
4
3
4
4
3
3
3
3
4
3
2
4
5
4
1
5
5
5
4
7
4
6
5
8
16
4
3
4
4
3
3
3
3
4
4
2
4
5
5
1
5
5
4
4
7
4
5
5
8
15
4
3
4
3
37
3
3
3
3
4
3
2
4
5
5
5
5
5
4
7
4
6
5
9
16
4
3
4
4
18
3
3
3
3
3
3
2
4
5
5
1
5
5
5
4
7
4
6
5
8
16
4
3
4
3
3
2
3
3
3
4
2
4
5
5
1
5
5
5
4
7
4
6
5
8
16
4
3
4
3
8
3
3
3
3
4
4
2
4
5
5
1
5
5
5
4
8
4
6
5
9
17
4
3
4
3
68
3
3
3
3
3
3
2
4
5
5
1
5
5
5
4
8
4
7
5
9
17
5
3
4
4
67
3
3
3
3
4
4
2
4
5
5
1
6
5
5
4
8
4
7
5
9
17
4
3
4
4
9
3
3
4
3
4
4
3
4
5
5
1
6
5
5
4
8
4
6
5
9
17
4
3
4
4
2
3
3
3
4
4
3
4
5
5
1
6
5
5
4
8
4
7
5
9
17
4
3
4
4
67
3
3
4
3
4
4
3
4
5
5
1
6
5
5
5
9
4
7
5
10
18
4
3
5
4
73
3
3
4
4
4
4
3
4
5
6
1
6
6
5
5
9
4
7
5
9
18
5
3
4
4
23
3
3
4
3
4
4
2
4
6
5
1
6
6
5
5
9
4
7
5
9
18
5
3
4
4
16
3
3
4
3
5
4
3
4
5
6
1
6
5
6
5
9
5
7
6
10
18
5
3
4
4
82
3
3
4
4
4
5
3
5
6
6
1
6
6
6
5
9
5
7
6
10
18
4
3
4
4
64
3
3
3
4
4
5
3
5
6
5
1
6
6
6
5
9
5
7
5
10
18
4
3
4
4
1
3
3
4
3
4
4
3
4
6
6
1
6
6
6
5
9
5
7
6
10
19
5
3
5
4
3
4
4
4
4
4
3
5
6
6
1
6
6
6
5
9
5
7
6
10
18
5
3
5
5
50
3
4
4
4
4
4
3
5
6
6
1
6
6
6
5
9
5
7
6
10
19
5
3
4
4
99
3
4
4
4
5
5
3
5
6
5
1
6
6
6
5
9
5
8
7
10
19
5
3
5
4
44
3
4
4
4
5
5
3
5
5
6
1
6
6
6
5
9
5
8
6
11
19
5
4
5
4
10
3
4
4
4
5
5
3
5
6
6
1
6
6
5
6
9
5
7
6
10
19
5
3
5
4
62
3
4
4
4
5
5
3
5
6
6
1
6
6
6
6
9
5
8
6
10
19
5
4
5
4
87
3
4
4
4
5
5
3
5
6
6
1
7
6
6
5
10
6
9
6
11
20
5
4
5
5
32
3
4
4
4
5
5
4
5
6
7
1
7
6
6
6
10
5
8
6
10
20
5
4
5
5
3
4
4
4
5
5
4
5
6
7
1
7
7
6
6
9
5
8
6
11
20
6
4
5
4
42
3
4
4
4
5
5
4
5
6
7
1
7
7
6
6
10
6
8
7
11
21
6
4
5
5
83
3
4
4
5
5
5
4
5
6
6
1
6
7
6
5
10
6
8
6
11
20
5
3
5
4
56
3
4
4
5
5
5
4
5
6
6
1
7
7
6
6
10
6
8
6
11
20
6
4
5
4
1
2
4
5
5
5
5
4
6
6
7
1
7
7
7
6
10
5
9
7
11
21
6
4
5
5
15
3
4
5
4
5
5
4
5
6
7
1
7
7
7
6
10
6
9
6
11
21
5
4
5
5
61
3
4
5
4
5
5
4
6
6
7
1
7
7
6
6
10
6
8
7
11
21
5
4
5
4
61
2
4
5
5
5
6
5
6
7
7
1
7
7
7
6
11
5
9
7
12
21
6
4
5
5
3
4
5
5
6
6
4
6
6
7
1
7
7
7
7
11
6
9
7
12
21
6
4
5
5
3
5
5
5
5
6
4
6
6
7
1
7
7
7
6
10
6
9
7
11
21
6
4
5
5
52
2
5
5
5
5
6
4
6
6
7
1
7
7
7
6
10
6
9
7
12
21
6
4
5
5
63
2
5
5
5
5
6
5
6
6
7
1
7
7
7
6
11
6
9
7
12
22
6
4
5
5
11
3
5
5
5
5
6
5
6
6
7
1
7
7
7
6
10
6
9
7
12
22
6
4
5
5
3
3
5
5
5
6
6
5
6
6
8
1
7
7
7
6
11
6
9
7
12
22
6
4
5
5
76
3
5
5
5
6
6
4
6
7
7
1
7
7
7
7
11
6
9
7
12
22
6
4
5
5
93
3
5
5
5
6
6
4
6
6
7
1
7
7
7
7
11
6
10
7
12
23
6
4
6
5
31
3
5
5
5
6
6
5
6
7
7
1
7
7
7
7
11
6
9
7
12
23
6
4
5
5
7
2
5
5
5
6
6
5
6
6
7
1
7
7
7
7
11
6
9
7
12
23
6
4
5
5
51
3
5
5
5
6
6
4
6
6
7
1
8
7
7
7
11
7
10
7
13
23
6
4
6
5
93
3
5
5
6
6
6
5
7
7
8
1
8
7
7
7
11
7
9
8
13
23
6
4
5
5
34
2
5
5
5
6
6
5
6
7
7
1
8
8
7
7
11
6
9
8
13
23
6
4
5
5
2
5
5
5
6
6
5
6
7
8
1
8
8
7
7
12
7
10
8
13
23
7
4
6
5
41
3
5
5
5
6
7
5
7
7
8
1
7
8
7
7
11
7
10
8
13
23
7
4
5
5
73
3
5
5
6
6
7
5
7
7
8
2
8
8
7
7
12
7
10
8
13
23
6
4
5
5
45
2
5
5
6
6
7
5
7
7
8
2
8
8
7
7
12
7
10
8
13
24
7
4
6
5
7
3
5
5
5
6
7
5
6
7
8
2
8
8
8
7
12
7
10
8
13
24
7
4
5
6
41
3
5
5
6
7
6
5
6
7
8
2
8
8
7
7
12
7
10
8
13
24
6
4
5
5
100
2
6
5
6
7
7
6
7
7
8
2
8
8
8
7
12
7
10
8
13
24
7
4
5
5
76
2
6
5
6
6
7
6
7
7
8
2
8
8
8
8
12
7
11
8
14
25
7
5
6
6
2
5
5
6
7
7
5
7
7
8
2
8
8
8
7
12
7
10
8
13
24
7
5
6
5
7
2
6
6
6
7
7
5
7
7
8
2
8
9
8
8
12
7
10
8
14
25
7
5
5
5
76
2
5
6
6
6
7
6
7
7
8
2
8
8
8
8
12
7
11
8
14
25
7
5
6
6
57
2
6
5
6
7
7
6
7
7
8
1
8
8
8
7
12
7
11
8
14
25
7
4
5
5
9
2
6
6
6
7
7
6
7
7
8
2
8
8
8
8
12
7
11
8
14
25
7
4
6
5
21
2
6
5
6
7
7
6
7
7
8
2
8
8
8
7
13
8
11
9
14
25
7
5
6
6
64
2
6
6
6
7
7
6
7
7
9
2
8
9
8
8
13
7
11
9
14
25
7
5
6
6
56
2
6
6
6
7
7
6
7
7
9
1
8
9
8
8
13
7
11
9
14
25
7
4
5
6
13
2
6
6
6
7
7
6
8
7
9
2
9
9
9
8
13
8
11
9
15
25
7
5
6
6
2
6
6
6
7
7
6
7
7
9
2
9
9
8
8
13
8
11
9
15
26
7
5
6
6
55
3
7
6
6
7
8
6
8
7
9
2
9
9
8
8
13
8
11
8
14
26
7
5
6
6
89
2
6
6
7
7
7
6
7
7
9
2
9
9
8
8
13
8
11
9
15
26
7
5
6
5
17
2
6
6
6
7
7
6
7
7
9
2
9
9
8
8
14
8
11
9
15
26
7
5
6
6
3
7
6
7
7
8
6
7
7
9
2
9
9
8
9
13
8
12
9
14
26
8
5
6
6
41
2
6
6
6
8
8
6
8
7
9
2
9
10
8
8
13
8
12
9
15
26
8
5
6
6
66
2
6
6
6
7
8
6
8
7
9
2
9
9
8
8
13
8
11
9
15
27
8
5
6
6
26
2
6
6
6
7
8
7
8
7
10
2
9
9
9
9
13
8
12
9
15
27
8
5
6
6
2
6
6
7
8
8
7
8
7
10
2
9
9
8
9
13
8
12
9
15
26
7
4
6
6
34
2
6
6
6
8
8
7
8
7
9
2
9
9
8
9
14
8
11
10
15
27
8
4
6
6
66
2
7
6
6
8
8
6
8
7
10
2
9
9
9
8
14
9
12
9
16
27
8
5
6
6
37
2
7
6
7
8
8
7
8
7
10
2
9
9
9
8
14
9
12
9
15
27
8
5
6
6
2
7
7
6
8
8
7
8
7
10
2
9
9
