24
42
9
5
9
3
1
2
1
5
15
2
12
6
16
7
37
14
13
5
7
2
12
11
9
12
1
12
15
32
4
4
13
2
9
1
9
20
1
15
15
1
32
10
4
17
4
15
12
14
1
1
4
14
5
4
32
13
8
20
1
8
3
1
10
14
2
11
5
2
2
2
18
11
3
30
14
6
16
1
9
1
9
21
9
9
9
1
4
11
7
4
30
2
7
5
6
1
14
7
12
13
8
12
1
1
2
6
29
2
1
9
9
7
19
8
5
5
6
15
7
14
7
6
29
1
14
7
9
7
19
5
3
13
14
1
13
14
8
37
4
9
4
21
8
16
2
8
13
3
18
11
15
15
11
43
9
3
7
8
8
10
11
11
10
3
12
17
11
21
23
1
9
13
10
11
43
7
3
8
10
3
6
10
17
10
2
11
2
7
23
21
3
3
5
21
23
47
16
9
1
7
2
1
12
16
27
1
3
4
15
20
42
13
1
2
13
11
23
23
21
39
1
4
3
5
21
10
10
37
9
2
3
6
1
14
29
10
14
11
29
2
4
21
2
8
37
2
2
4
17
13
2
30
9
16
17
1
3
14
12
21
3
13
10
4
30
16
8
25
5
15
1
11
19
26
7
11
7
2
24
3
14
3
8
5
1
48
10
9
5
5
27
12
7
17
4
16
8
14
51
14
15
12
39
12
6
23
12
8
14
24
10
3
15
20
45
10
1
15
10
37
7
2
7
6
14
1
12
15
5
6
6
1
46
1
6
2
16
10
41
5
4
5
11
8
12
6
9
6
59
1
24
19
15
53
18
19
13
20
16
17
10
27
23
8
18
11
10
59
1
19
26
15
56
17
20
10
20
28
14
18
23
23
1
1
11
17
8
49
4
14
23
12
55
12
15
2
11
31
12
14
17
15
18
9
9
9
1
50
10
17
20
5
51
5
9
11
12
14
4
10
9
12
4
10
49
19
27
10
58
9
14
5
13
23
1
19
10
19
1
10
11
7
48
23
29
11
59
10
14
4
16
17
10
8
19
12
19
3
11
11
36
14
25
7
55
4
10
2
6
21
1
16
4
15
1
8
10
28
7
16
8
53
1
9
10
11
6
14
2
15
7
17
7
5
9
40
16
20
2
49
2
3
15
5
5
6
2
46
17
23
2
50
8
1
3
7
4
4
7
45
10
19
1
46
2
9
4
4
3
3
8
5
36
13
16
45
6
1
1
1
1
7
2
41
12
13
39
7
54
13
19
40
6
45
13
18
40
2
1
4
17
29
16
14
35
1
4
42
28
8
11
12
33
4
5
2
2
52
36
17
14
1
34
10
5
3
7
1
1
11
11
48
32
19
17
4
35
6
12
4
12
1
2
12
3
54
14
11
13
1
33
1
7
17
12
3
9
9
37
16
11
32
4
3
4
9
5
7
7
8
5
8
20
3
39
4
3
6
11
1
5
13
17
1
12
14
8
46
7
6
7
33
6
14
3
18
11
3
8
16
9
1
17
12
4
47
3
5
6
2
3
6
14
6
3
5
14
17
11
26
9
56
9
13
1
7
4
6
11
14
12
9
7
3
7
37
23
25
14
57
11
15
3
2
1
9
14
15
13
2
11
4
6
6
41
23
31
12
59
7
12
2
4
20
6
18
9
9
3
13
3
7
38
12
27
15
65
13
19
4
19
30
25
13
24
14
20
4
17
17
9
11
35
19
25
12
61
6
14
5
13
9
23
5
18
11
13
1
13
13
2
3
16
31
14
27
9
58
8
2
14
15
4
7
1
10
1
13
19
13
24
9
56
8
4
7
14
5
12
1
9
9
13
1
19
20
3
49
1
9
5
4
5
4
9
27
17
20
1
48
6
9
3
4
4
1
3
8
10
26
6
2
15
16
42
2
3
5
1
9
5
4
10
14
35
3
18
19
3
43
11
10
12
2
9
2
2
13
13
17
18
3
41
7
14
31
10
1
5
12
2
17
3
20
1
15
16
35
1
9
11
8
2
5
11
19
23
18
35
7
15
3
6
4
15
21
2
6
18
23
31
2
11
1
2
15
4
29
4
3
20
23
35
11
2
3
17
19
32
9
5
1
23
8
36
4
22
12
28
9
10
2
19
11
32
12
4
5
3
23
18
1
35
13
19
14
25
9
8
5
16
10
33
11
5
3
23
20
36
11
3
6
4
16
5
41
3
28
21
3
39
3
6
6
5
2
13
13
40
13
19
5
43
5
10
12
2
8
1
12
8
36
7
19
20
3
44
6
12
4
1
4
40
25
27
5
50
3
12
1
5
9
1
4
7
9
42
3
5
20
3
48
5
3
3
4
4
37
2
21
26
11
56
2
9
5
2
9
7
2
10
7
34
14
23
28
18
62
12
18
12
8
9
9
20
7
16
5
16
10
35
20
23
31
15
61
9
15
5
10
7
11
7
19
8
12
4
15
9
4
24
14
23
27
16
63
9
15
4
11
5
18
10
22
12
14
4
16
12
3
30
9
6
7
14
10
52
5
21
10
2
7
8
134
5
8
16
10
52
4
2
7
7
5
8
231
20
17
22
18
57
8
12
12
9
16
12
10
11
1
9
4
15
10
8
336
10
18
19
14
50
1
4
9
5
11
9
8
4
17
1
2
10
5
8
395
3
12
15
10
44
19
8
23
5
7
341
7
7
13
12
43
4
1
2
23
12
27
4
105
10
6
3
15
10
41
8
3
10
14
8
33
3
8
48
6
3
5
14
10
40
10
7
15
16
14
46
2
12
59
1
11
2
7
38
10
7
11
7
12
48
1
60
5
7
9
7
5
37
8
6
4
3
10
36
1
50
14
13
7
11
2
39
4
6
7
4
23
31
5
20
23
4
48
8
13
4
11
19
4
11
15
12
2
1
3
6
7
40
25
26
3
48
3
11
7
7
9
4
19
3
1
3
9
7
32
4
19
15
39
18
6
8
9
25
7
2
1
26
19
40
15
20
1
9
2
14
3
16
5
7
8
33
25
5
46
7
9
20
28
9
18
7
4
4
23
5
11
3
7
29
23
5
43
3
7
20
18
20
5
9
4
1
3
19
5
1
18
1
1
19
17
6
39
1
15
8
4
5
10
18
9
94
14
6
17
15
7
36
2
7
6
4
3
6
13
68
17
21
21
11
42
1
7
4
2
4
2
1
3
6
1
54
15
4
24
24
14
50
6
8
11
11
4
6
9
12
1
3
8
18
2
86
15
15
15
14
44
1
1
3
17
3
8
8
1
4
7
63
18
22
23
18
51
7
5
6
6
14
13
11
3
3
10
9
65
12
4
1
22
24
15
49
3
1
1
5
5
3
8
6
56
18
3
15
19
15
48
5
3
6
4
3
10
12
2
9
8
1
10
73
20
1
16
23
13
49
2
2
9
9
3
9
6
4
1
7
11
78
12
17
19
10
45
4
65
17
20
9
10
43
4
3
4
4
61
24
16
20
9
44
5
2
2
3
2
2
4
54
20
4
7
10
37
3
65
16
4
14
10
33
8
61
7
2
1
19
16
2
37
10
13
2
1
63
4
3
3
2
25
16
32
3
5
4
2
70
7
6
1
7
23
15
30
1
2
5
5
10
77
4
10
6
3
18
12
32
14
8
3
10
21
74
7
6
3
6
25
18
33
2
6
4
5
5
13
60
14
4
19
14
35
3
4
23
3
2
2
9
68
4
5
26
22
41
3
16
6
7
6
16
17
88
9
20
13
31
1
1
3
5
11
72
4
2
3
22
20
37
4
7
2
1
5
74
2
23
20
7
40
10
10
10
12
1
6
1
2
2
3
6
64
12
1
20
9
4
35
8
4
4
71
20
25
19
9
42
2
8
5
1
1
2
2
5
8
80
9
11
10
8
36
62
1
13
20
11
42
4
4
61
12
24
12
46
5
6
66
1
18
4
10
44
4
3
4
78
20
18
10
45
4
2
5
61
28
28
7
46
2
5
5
50
21
19
8
49
3
1
2
3
6
65
5
13
5
42
2
5
63
16
18
4
45
1
3
61
6
14
12
8
46
21
3
6
1
68
1
3
13
9
36
60
10
13
5
40
13
76
17
21
8
45
4
2
3
3
7
74
3
15
8
1
36
58
2
1
16
10
7
42
5
7
21
2
1
6
1
4
4
77
12
3
18
19
3
43
5
6
4
2
9
89
2
10
19
16
5
43
4
14
14
3
1
7
92
10
20
18
8
45
2
7
14
5
3
10
1
4
9
82
1
3
4
19
13
5
42
10
2
6
5
4
5
6
84
8
14
20
7
42
4
6
1
2
92
9
8
20
6
40
10
93
9
3
20
6
8
36
5
2
12
4
2
84
6
24
17
6
35
3
80
5
16
11
6
35
1
1
1
92
2
5
10
5
7
35
4
15
1
12
94
7
18
16
7
37
4
90
10
20
22
15
45
4
4
5
1
7
6
1
5
2
1
93
9
17
16
12
43
1
4
2
5
3
3
2
3
1
7
96
6
1
12
4
11
41
1
2
1
13
5
4
6
1
1
111
3
15
15
14
47
4
4
6
15
9
11
6
93
3
8
5
6
9
39
7
3
8
81
2
6
11
12
45
1
3
6
1
7
18
4
6
108
4
18
18
14
52
4
9
14
1
9
6
7
17
5
1
8
2
10
110
12
11
10
48
5
3
7
3
3
6
4
3
7
99
15
19
12
49
3
3
11
4
4
12
3
2
6
12
95
3
3
7
8
41
1
6
8
91
9
7
5
38
3
3
94
7
17
15
9
46
11
21
8
4
4
16
4
2
98
11
1
3
12
6
41
4
14
1
10
79
1
21
22
4
39
12
4
1
11
1
19
79
14
2
1
20
8
7
40
13
9
5
1
19
5
2
17
100
4
5
7
8
38
2
2
6
6
5
19
5
95
10
12
10
40
1
5
21
8
1
20
7
86
8
5
10
3
8
36
17
7
10
11
70
14
1
8
12
10
40
5
1
7
16
12
74
18
5
4
9
10
41
1
1
9
33
10
18
6
1
77
20
5
11
10
13
42
2
2
17
2
21
15
14
2
20
4
6
61
21
3
9
11
15
46
5
5
8
6
13
4
21
6
3
1
12
60
21
3
5
3
8
38
1
3
1
6
2
2
63
21
9
12
11
44
5
7
4
2
16
9
2
13
5
65
23
18
19
13
50
10
11
9
7
24
12
6
21
10
4
7
5
62
23
3
11
13
10
45
7
8
3
13
2
10
4
14
7
2
5
47
26
19
18
15
52
12
13
8
1
19
18
9
25
16
7
5
1
61
27
18
16
14
52
11
14
14
7
5
28
14
10
26
17
5
6
15
67
27
7
3
7
9
12
48
9
12
4
7
32
10
11
23
12
1
2
7
52
29
22
18
26
11
50
9
9
5
6
12
11
6
12
11
1
3
7
6
46
25
19
18
19
10
50
6
8
10
9
2
13
10
10
15
12
2
2
6
56
16
20
17
7
8
45
1
4
3
4
3
6
15
7
51
15
21
14
18
5
44
1
7
1
8
6
13
43
22
28
9
9
10
46
6
9
14
14
25
17
12
12
20
17
7
14
51
23
17
2
14
13
6
43
2
12
8
24
6
5
10
10
4
40
19
7
3
14
16
3
42
8
6
22
1
2
12
9
4
5
48
21
16
7
10
14
3
42
4
1
13
2
12
10
2
10
61
21
13
16
16
4
42
7
2
8
7
13
46
15
7
10
9
7
41
10
7
9
5
11
9
1
7
46
14
3
2
5
34
47
8
7
2
2
36
12
48
3
15
10
12
13
44
16
30
8
9
4
1
15
42
3
5
16
19
10
46
11
4
17
1
7
1
2
1
18
39
1
2
8
7
42
6
17
1
4
6
1
47
3
4
9
42
2
4
27
3
4
1
53
4
5
1
5
8
9
43
1
6
12
2
3
45
7
2
14
13
6
43
2
12
8
24
6
5
10
10
4
40
19
7
3
14
16
3
42
8
6
22
1
2
12
9
4
5
48
21
16
7
10
14
3
42
4
1
13
2
12
10
2
10
61
21
13
16
16
4
42
7
2
8
7
13
46
15
7
10
9
7
41
10
7
9
5
11
9
1
7
46
14
3
2
5
34
47
8
7
2
2
36
12
48
3
15
10
12
13
44
16
30
8
9
4
1
15
42
3
5
16
19
10
46
11
4
17
1
7
1
2
1
18
39
1
2
8
7
42
6
17
1
4
6
1
47
3
4
9
42
2
4
27
3
4
1
53
4
5
1
5
8
9
43
1
6
12
2
3
45
7
1
17
11
34
11
26
20
1
12
13
7
17
71
21
6
6
1
24
21
3
43
2
18
19
15
14
11
14
19
5
18
23
74
21
5
10
10
34
5
5
1
4
1
65
14
9
10
3
40
7
3
13
1
7
9
62
14
1
19
19
6
46
15
14
16
6
7
10
1
5
9
53
32
3
11
12
38
7
2
1
4
46
46
4
11
2
39
6
1
1
1
54
44
3
7
33
40
43
4
5
15
6
40
3
7
6
7
36
33
1
6
14
9
41
4
3
5
2
48
25
14
5
8
38
2
1
3
11
1
52
28
5
15
12
11
43
8
3
20
6
19
2
13
46
26
8
3
7
10
41
5
3
3
40
17
4
11
15
9
42
10
15
1
1
11
42
19
3
7
6
9
8
37
2
17
8
9
1
50
18
13
15
11
42
1
11
13
15
6
9
2
3
5
59
19
3
19
18
11
39
3
9
23
9
7
4
6
13
37
34
6
10
13
10
7
36
4
9
4
4
8
5
4
42
36
1
8
10
1
31
3
36
36
9
9
4
30
2
18
5
1
1
6
53
41
3
2
20
15
8
37
2
18
18
11
19
3
3
11
17
3
11
24
56
36
8
10
6
30
5
9
4
9
29
32
13
13
3
36
9
1
12
3
4
48
33
13
19
2
41
13
7
3
2
8
1
50
27
7
16
37
1
10
5
2
37
31
1
15
19
4
43
2
9
9
6
6
10
4
23
33
40
11
12
2
41
2
3
10
37
10
4
12
6
6
39
37
6
20
3
42
12
3
4
6
9
40
40
12
12
4
43
8
4
9
3
7
12
32
42
3
6
12
6
9
45
3
12
10
15
8
7
6
17
9
4
11
27
41
6
10
13
21
4
43
15
3
7
25
51
5
7
8
7
41
1
3
47
47
14
12
15
45
4
16
4
36
15
16
6
1
7
43
46
25
14
17
7
43
10
9
1
14
19
44
23
10
12
9
41
5
2
7
11
17
44
11
3
1
5
33
3
4
5
1
1
39
36
12
13
9
11
38
15
10
2
5
9
1
2
4
52
31
34
16
17
11
38
12
10
12
7
7
7
1
12
29
36
39
3
8
9
6
33
9
19
4
2
1
9
39
44
20
13
14
5
32
2
6
4
1
7
20
65
42
18
12
10
27
4
7
4
3
9
67
28
25
5
1
17
8
5
30
6
12
13
16
3
8
7
11
10
75
27
27
1
2
19
16
6
32
6
12
13
6
10
7
9
12
69
31
3
1
3
17
12
5
33
16
11
10
2
8
7
8
13
82
35
1
13
9
30
2
2
3
1
13
99
30
4
5
8
30
11
2
98
23
2
6
5
6
1
32
2
92
18
1
17
21
6
39
9
8
1
4
1
1
15
93
16
18
21
3
39
3
5
63
17
8
4
1
4
2
40
9
19
10
12
8
20
11
49
4
1
8
3
4
1
7
7
7
14
8
5
43
18
5
1
15
7
7
45
1
5
2
26
5
10
20
16
52
5
10
29
9
6
8
9
3
1
9
24
28
7
17
4
19
13
48
2
7
10
1
4
6
12
5
15
8
21
13
48
1
2
2
1
1
1
1
6
8
39
7
1
7
17
12
44
14
4
3
3
5
31
8
5
2
10
8
38
21
13
5
19
2
3
10
33
11
4
4
4
7
8
12
8
34
4
3
5
8
4
16
11
4
5
3
2
26
4
1
18
16
14
11
2
3
2
2
24
2
14
1
7
1
11
24
1
3
13
9
6
28
8
10
5
12
14
1
33
7
11
2
19
11
5
27
8
10
3
6
2
8
19
16
23
1
13
7
1
21
6
5
7
2
3
19
2
21
7
1
17
4
16
5
19
9
25
1
1
3
13
5
18
10
5
3
7
3
13
10
15
29
1
11
10
20
5
5
2
1
11
12
13
15
9
14
23
3
13
14
10
9
21
7
22
4
6
13
10
27
4
3
11
11
13
8
14
6
36
3
9
6
17
5
3
14
10
12
8
3
37
4
2
4
2
19
11
1
8
17
4
40
1
15
19
11
2
12
6
42
2
6
16
23
5
15
9
47
4
5
6
11
22
4
20
13
50
3
3
1
9
17
9
5
7
20
14
52
4
5
9
24
9
11
5
11
44
12
3
3
6
12
25
9
12
45
16
4
4
1
18
23
16
22
16
53
4
3
6
10
5
11
9
30
14
20
8
13
9
44
1
4
107
6
22
9
8
39
219
7
33
10
15
8
36
2
14
308
7
37
1
9
10
6
33
11
1
1
10
388
14
29
2
2
6
29
3
2
7
5
410
22
20
5
4
22
10
1
13
12
303
30
23
8
4
2
9
23
2
18
16
12
39
9
62
22
6
4
13
27
10
1
13
39
21
46
8
74
8
1
13
23
8
18
25
22
49
13
63
15
9
17
2
7
27
14
44
4
65
34
2
6
18
9
16
8
32
1
46
32
1
5
6
24
6
5
5
23
7
39
21
10
1
21
1
3
9
45
18
1
1
7
18
31
26
20
18
5
31
10
23
1
9
1
1
19
24
28
19
13
3
29
5
13
19
25
1
4
11
24
5
8
17
26
4
7
26
13
63
10
31
13
12
5
32
102
10
44
11
16
7
37
1
1
88
15
36
3
6
14
9
40
9
4
3
90
9
22
12
13
14
45
1
4
4
13
6
3
2
7
100
12
30
5
12
13
44
1
3
5
88
17
35
7
17
15
45
12
1
1
6
83
19
33
16
21
16
47
3
3
7
2
3
1
3
8
94
18
33
9
12
12
39
11
3
5
94
26
37
13
15
12
41
4
6
99
25
47
3
11
15
15
43
7
1
8
5
5
1
6
4
88
26
45
10
14
13
38
8
2
3
9
93
26
34
14
19
10
39
4
2
1
1
1
8
108
19
31
2
5
8
7
33
1
2
97
18
41
13
10
7
34
6
3
7
14
1
5
7
98
10
35
14
15
6
33
3
3
5
14
104
14
17
14
15
2
28
2
1
1
4
8
105
19
