61
1
23
1
17
13
4
3
8
5
12
7
4
11
41
1
22
1
64
22
1
16
6
6
8
1
20
2
5
52
24
6
61
23
15
49
10
8
3
4
13
48
18
2
53
23
17
12
12
3
9
6
10
5
9
15
15
2
20
49
16
56
4
24
3
21
10
12
4
11
9
13
8
18
11
17
5
17
72
9
62
27
1
19
25
19
1
7
15
10
16
21
19
5
19
49
9
58
26
5
21
11
21
8
16
10
16
17
20
5
24
66
5
55
27
4
22
25
17
16
6
18
12
15
5
12
5
17
48
60
7
27
8
23
8
15
7
18
11
18
13
16
18
13
6
18
47
4
61
2
26
5
23
12
14
22
4
17
9
22
17
33
4
23
87
60
27
2
23
16
16
9
6
20
14
21
19
37
2
22
67
63
2
24
5
23
8
10
9
17
7
17
12
23
16
22
2
31
58
59
26
20
10
15
10
7
3
9
19
11
4
7
47
60
24
16
5
10
6
5
5
3
12
38
58
26
23
5
11
3
7
3
12
1
19
9
10
2
15
17
6
57
27
23
2
5
10
10
2
17
9
16
2
12
12
56
25
22
4
4
2
2
9
3
12
2
12
5
6
54
9
25
6
24
18
17
10
7
14
11
18
19
20
19
7
16
15
3
55
6
22
6
21
8
14
5
14
9
16
18
20
15
5
13
23
7
56
7
25
12
21
10
19
9
18
11
26
19
26
10
7
18
28
2
61
7
31
15
28
27
26
15
15
24
20
31
28
27
40
9
26
29
34
64
3
27
15
22
18
3
5
18
14
27
22
16
19
6
19
61
29
12
62
8
24
14
20
14
15
7
6
24
10
30
18
24
23
4
13
77
39
60
25
1
19
67
25
4
9
10
11
11
14
40
25
1
14
76
38
56
26
9
18
4
16
9
11
10
20
14
18
16
3
18
82
27
54
1
27
3
21
27
14
9
13
16
14
13
18
3
21
3
23
93
31
56
3
24
4
21
10
15
7
7
5
13
6
16
12
16
4
21
82
35
55
2
24
4
23
8
10
7
13
11
13
15
28
23
4
14
61
27
57
24
22
9
4
3
5
3
7
6
2
1
2
7
81
20
6
55
2
22
1
16
3
3
3
7
2
1
6
75
9
1
54
21
16
6
3
3
1
6
9
1
10
62
14
17
56
21
14
2
5
2
4
12
87
11
23
54
19
14
7
7
2
3
13
20
18
9
111
16
4
55
17
11
1
4
15
17
110
22
1
54
16
5
3
5
4
6
23
103
11
18
52
18
9
2
5
4
4
6
3
14
20
100
10
26
54
18
8
3
1
2
3
17
92
16
6
52
19
13
5
4
3
11
1
10
19
84
9
1
54
20
14
5
3
1
2
11
11
16
72
11
19
54
18
9
2
4
1
2
2
8
6
67
6
16
53
16
9
6
7
5
8
6
57
15
56
16
10
5
4
5
5
6
73
18
57
17
11
5
2
6
5
6
109
15
50
19
1
14
7
6
1
1
4
8
3
99
25
50
19
12
9
3
1
2
5
2
5
82
28
52
20
14
2
3
5
3
2
10
7
103
32
53
19
12
3
1
1
2
3
6
19
97
31
54
19
10
1
4
9
5
18
78
27
55
19
10
2
1
1
2
3
16
10
85
29
55
19
10
1
3
4
1
14
91
16
55
20
12
4
5
6
13
18
90
9
55
21
12
6
4
6
1
19
81
24
54
23
15
4
7
10
5
20
16
97
35
54
22
14
2
1
5
5
10
13
13
94
34
58
22
16
10
9
12
10
7
7
9
14
15
16
22
75
32
4
60
2
22
17
10
10
9
4
8
9
14
25
22
23
98
45
5
58
4
21
2
17
10
12
9
4
8
8
15
15
21
115
48
10
55
9
23
10
21
21
19
5
11
11
10
22
19
27
22
4
21
113
45
12
56
10
25
12
24
23
21
8
11
17
13
21
22
33
20
8
26
110
41
12
58
10
24
9
25
21
17
12
13
13
16
21
19
17
7
33
96
34
6
57
7
22
5
18
19
16
3
12
9
14
11
23
4
2
28
95
36
55
1
21
15
10
11
6
9
5
8
4
11
15
86
32
56
20
10
3
7
5
7
3
4
12
29
7
87
27
54
17
3
2
13
7
2
9
15
83
23
55
18
6
3
1
3
18
77
26
55
19
6
1
1
1
7
85
35
52
21
15
2
5
6
5
74
37
53
22
15
1
3
5
6
9
86
33
55
22
15
17
2
1
3
5
5
11
84
30
55
22
18
21
4
2
6
12
10
6
82
22
53
21
16
2
8
6
87
20
50
18
14
18
4
10
6
80
18
51
18
14
2
9
7
4
66
17
52
16
12
4
5
7
78
14
50
14
10
6
3
95
17
2
53
3
13
9
6
2
3
8
5
15
5
92
21
1
54
1
13
8
9
3
1
6
4
13
1
12
96
21
56
14
12
6
5
1
4
8
9
8
17
88
25
57
18
15
16
11
11
4
9
13
23
17
24
98
22
55
18
16
11
12
9
2
7
8
14
16
28
22
110
25
54
16
10
6
5
2
1
1
7
11
2
15
83
31
53
16
8
4
2
3
5
6
15
14
84
28
55
14
7
1
7
1
3
4
3
14
16
74
4
23
59
17
8
9
3
4
9
6
24
70
29
60
18
10
6
4
9
2
5
1
6
24
19
22
92
40
3
60
17
11
4
4
8
6
7
6
6
20
12
19
78
41
55
18
13
2
1
5
10
1
19
16
72
28
1
56
11
3
2
3
3
8
73
19
7
58
10
2
54
16
12
57
12
3
2
6
12
9
60
20
16
53
4
12
4
5
6
10
78
18
45
14
9
3
2
2
1
5
9
7
12
84
16
48
15
10
1
7
8
5
3
9
8
15
19
86
13
52
15
8
2
3
4
5
1
17
67
12
52
16
9
3
3
7
3
7
5
27
10
56
22
51
13
8
5
2
6
16
13
64
1
9
52
14
8
1
1
1
6
7
9
11
64
4
3
52
15
12
4
5
1
9
2
4
5
54
9
27
50
17
15
3
7
1
3
11
4
1
12
58
4
27
56
19
16
10
11
2
2
2
15
4
14
1
11
58
18
57
19
17
15
11
3
4
5
13
6
4
3
10
50
12
55
23
23
10
10
6
9
4
17
14
21
8
18
63
14
56
25
1
26
19
15
8
11
10
19
10
18
10
18
68
14
57
23
2
21
17
13
6
2
7
10
16
9
14
9
16
61
3
60
19
15
8
8
1
2
8
11
5
7
63
6
55
19
15
7
6
2
1
6
4
1
51
18
50
15
13
1
7
2
7
41
27
52
11
8
11
49
25
51
11
5
1
1
6
37
1
16
49
10
6
46
1
15
51
10
3
7
5
47
9
54
12
5
1
10
39
55
11
5
8
34
53
8
28
12
2
14
4
20
5
48
7
10
2
1
39
11
47
7
5
39
6
49
10
1
46
5
53
12
2
4
57
54
13
7
2
3
1
5
47
54
15
12
4
1
4
58
54
15
14
7
2
7
6
5
4
61
57
17
14
6
7
1
1
9
4
7
59
57
19
21
12
8
3
6
18
9
4
16
50
8
55
18
21
8
10
5
8
8
16
6
24
4
21
54
15
57
21
21
14
18
9
10
1
16
14
21
3
19
47
19
58
20
22
17
18
5
10
6
23
12
14
2
19
46
7
59
19
17
3
16
11
7
8
16
12
14
2
20
56
61
19
1
20
9
17
14
7
9
21
11
20
3
16
54
59
17
14
15
11
5
4
2
15
2
11
11
61
50
15
11
6
9
7
3
6
11
18
12
18
73
53
13
8
3
1
6
1
13
56
56
15
8
2
1
5
67
51
15
8
3
1
3
11
69
54
17
8
5
6
13
9
13
63
58
18
11
8
6
2
4
14
5
12
60
57
18
12
4
4
2
6
12
56
53
19
15
3
8
5
3
19
8
38
53
18
13
5
5
8
11
8
61
53
18
14
3
3
7
9
9
16
11
59
53
15
10
3
6
5
2
8
7
8
15
51
54
16
11
6
7
6
1
10
10
12
72
56
1
16
14
8
9
3
4
13
7
15
1
10
68
54
3
14
3
12
12
12
3
3
9
8
9
3
13
57
53
3
11
5
8
16
12
7
3
3
10
38
1
49
4
9
3
7
6
4
3
6
58
49
1
10
2
7
2
3
1
72
50
13
4
12
1
2
1
7
1
50
50
18
6
16
10
12
4
4
8
4
1
10
6
60
55
21
5
20
3
8
3
3
13
1
11
7
40
56
23
6
21
2
7
5
2
9
2
9
9
34
56
26
5
24
8
11
12
5
16
7
18
9
10
29
61
25
25
48
10
10
11
23
8
6
3
14
11
59
22
23
3
14
10
12
20
22
3
16
42
56
20
21
7
15
13
5
21
8
29
2
17
61
63
19
16
13
12
9
10
3
14
15
18
15
87
56
21
18
12
14
14
7
12
6
18
16
18
1
18
84
49
23
22
23
19
11
20
9
16
11
23
26
22
5
28
68
55
19
15
6
8
6
3
11
9
10
14
13
20
68
53
17
13
3
11
2
5
3
6
6
5
20
49
51
14
13
1
3
1
3
2
7
1
24
16
47
52
14
11
3
1
1
5
11
38
52
16
11
3
2
2
2
3
2
10
28
53
14
10
7
7
54
53
14
10
1
8
62
53
2
16
11
2
2
2
5
49
6
12
52
13
8
1
5
53
51
1
16
11
4
9
3
7
38
52
1
16
12
6
5
3
2
3
1
2
2
7
35
1
51
1
15
10
2
3
1
7
43
51
14
9
2
1
2
1
3
47
48
16
17
4
3
10
3
2
33
52
19
17
8
8
4
1
12
3
5
4
45
59
15
6
6
7
7
10
17
56
59
16
10
3
2
7
3
6
2
4
26
38
1
56
15
11
1
5
6
4
9
5
17
16
35
2
56
15
10
1
4
6
5
7
2
10
21
51
6
53
16
14
4
3
2
7
14
12
23
55
18
55
15
14
3
4
3
16
15
20
25
39
28
7
57
16
9
1
11
8
4
2
8
9
9
26
55
22
10
56
17
10
5
11
7
4
9
1
15
22
82
15
3
55
17
9
6
1
2
11
19
44
19
54
16
9
2
2
1
4
19
36
20
7
56
17
11
5
3
8
13
51
12
13
56
15
7
3
5
12
51
10
9
52
11
4
11
22
21
5
52
11
3
8
24
16
3
51
12
7
24
10
53
12
52
14
9
6
16
18
51
15
12
12
2
14
14
1
52
18
14
2
4
8
10
47
12
54
15
9
1
3
1
17
50
20
55
14
8
2
2
7
12
44
18
56
15
9
9
17
42
21
52
12
8
5
4
6
1
15
46
24
53
12
6
2
20
11
39
10
51
14
7
1
2
14
46
15
54
14
7
3
6
1
3
3
15
17
60
15
55
14
7
1
3
3
2
5
11
16
39
13
16
54
14
6
4
3
12
29
12
19
50
12
5
2
13
28
9
47
13
7
3
15
30
12
49
10
2
14
36
11
6
49
7
8
43
14
8
52
8
1
10
32
15
56
15
9
9
17
42
21
52
12
8
5
4
6
1
15
46
24
53
12
6
2
20
11
39
10
51
14
7
1
2
14
46
15
54
14
7
3
6
1
3
3
15
17
60
15
55
14
7
1
3
3
2
5
11
16
39
13
16
54
14
6
4
3
12
29
12
19
50
12
5
2
13
28
9
47
13
7
3
15
30
12
49
10
2
14
36
11
6
49
7
8
43
14
8
52
8
1
10
32
15
54
15
5
1
6
1
6
7
17
39
54
12
5
4
20
42
53
12
7
3
1
3
15
22
57
3
54
15
11
10
7
1
4
3
6
2
14
20
49
53
3
18
2
18
13
12
11
2
6
12
12
17
17
2
21
68
4
55
7
18
4
17
20
18
11
9
7
13
14
12
15
2
23
67
3
56
2
17
13
9
14
5
6
5
15
11
10
1
19
69
56
18
16
8
11
7
6
7
13
12
19
1
19
81
54
15
11
8
9
5
4
2
4
9
2
14
22
69
52
15
11
7
3
3
1
4
11
10
19
73
51
16
1
14
8
3
3
2
11
12
1
10
18
70
52
18
15
23
12
6
5
14
19
18
27
54
54
17
15
39
14
5
4
14
7
11
23
78
54
16
14
7
5
4
10
2
13
20
58
55
17
15
19
5
10
6
11
3
7
24
14
3
55
17
15
9
2
11
17
9
1
51
17
13
3
1
4
4
4
19
13
1
51
14
10
3
1
2
2
22
20
17
55
13
10
6
23
10
22
55
59
14
7
2
1
15
16
51
50
14
10
3
1
4
8
4
19
43
3
50
16
11
13
8
10
4
6
8
9
12
19
28
48
1
54
16
9
5
5
10
3
7
4
11
18
28
35
52
17
13
6
5
10
1
4
5
11
14
13
26
47
2
53
4
18
1
11
6
15
9
7
5
12
6
6
13
28
58
54
3
19
1
16
10
15
7
6
5
12
17
23
9
26
57
56
3
20
15
13
10
10
6
4
10
11
6
16
28
53
55
4
19
15
8
13
1
8
5
4
12
9
7
9
27
54
57
20
19
13
13
9
2
8
17
16
21
26
59
55
18
15
7
10
7
4
5
10
3
20
20
59
5
53
20
18
14
14
10
2
5
9
15
15
11
22
38
23
55
21
17
7
7
12
1
6
4
6
6
8
22
27
18
51
18
16
1
3
9
1
16
18
31
26
54
16
12
3
1
10
18
20
37
34
57
16
9
3
2
4
2
2
18
62
30
53
18
13
5
5
11
8
19
62
33
54
19
16
7
4
11
9
17
50
27
3
58
19
14
4
5
5
5
23
21
54
25
4
56
17
10
6
2
21
42
22
48
18
14
1
1
4
5
4
5
13
56
9
49
18
14
3
6
4
3
7
14
23
55
8
6
54
17
10
34
2
7
4
4
17
28
68
10
53
18
12
7
3
3
10
13
23
63
19
54
17
8
13
2
10
1
4
10
25
34
24
55
14
5
6
3
11
25
52
17
51
13
5
2
1
2
1
16
16
66
18
51
12
3
4
1
3
4
16
81
14
53
13
6
3
3
4
16
25
135
3
5
52
1
13
9
11
7
3
1
1
6
7
32
24
25
153
2
6
1
54
4
15
12
7
9
3
4
9
8
10
17
6
25
147
10
9
52
2
16
12
3
8
3
5
6
7
2
24
106
24
4
52
1
17
18
14
12
2
1
2
12
16
24
9
22
60
40
8
1
53
5
16
16
13
7
1
8
1
13
12
21
14
18
51
12
51
17
13
13
15
3
4
9
10
28
9
19
53
2
49
3
18
2
16
23
21
9
1
18
17
30
10
20
63
48
8
17
3
17
20
14
3
3
9
1
17
13
24
7
1
19
66
50
4
18
13
12
12
2
8
6
10
10
28
9
21
53
49
4
17
12
13
13
3
5
1
9
12
19
12
23
32
7
51
17
12
8
5
10
4
4
8
12
14
27
20
7
51
19
16
7
5
7
5
4
14
14
16
21
21
4
51
21
18
3
6
7
9
2
15
25
24
14
8
51
18
10
1
3
9
4
8
3
10
18
26
9
3
50
18
13
2
3
6
3
12
22
4
50
19
14
3
3
8
4
8
25
6
52
21
14
1
2
8
7
5
10
25
75
52
19
17
2
4
6
10
3
36
30
93
52
2
20
18
6
12
5
4
9
18
15
13
1
24
70
55
22
18
3
11
9
9
5
15
10
21
26
92
51
19
15
10
8
8
5
5
11
8
20
32
91
48
18
15
10
10
1
1
4
11
12
4
22
95
49
17
12
6
6
2
1
5
12
24
96
50
15
11
3
1
1
2
4
12
22
81
51
21
18
3
6
7
9
2
15
25
24
14
8
51
18
10
1
3
9
4
8
3
10
18
26
9
3
50
18
13
2
3
6
3
12
22
4
50
19
14
3
3
8
4
8
25
6
52
21
14
1
2
8
7
5
10
25
75
52
19
17
2
4
6
10
3
36
30
93
52
2
20
18
6
12
5
4
9
18
15
13
1
24
70
55
22
18
3
11
9
9
5
15
10
21
26
92
51
19
15
10
8
8
5
5
11
8
20
32
91
48
18
15
10
10
1
1
4
11
12
4
22
95
49
17
12
6
6
2
1
5
12
24
96
50
15
11
3
1
1
2
4
12
22
81
47
16
13
7
6
1
2
9
4
4
19
85
48
16
14
8
5
3
1
1
10
5
20
24
104
49
15
10
3
5
1
2
2
21
7
21
99
50
14
7
9
8
5
1
7
7
28
101
51
15
7
3
2
8
11
39
111
52
3
16
8
2
5
10
4
3
2
32
96
5
1
46
6
16
15
4
2
3
1
10
11
10
26
21
106
6
44
16
11
4
1
4
20
107
8
47
3
16
8
2
4
2
2
24
93
17
47
1
19
15
48
10
5
4
12
8
12
25
96
15
49
17
12
7
4
1
7
9
20
14
17
95
7
49
16
10
20
4
5
2
17
16
81
9
49
3
15
9
7
1
2
9
17
100
4
48
16
9
2
18
10
20
77
13
47
16
10
1
1
5
25
52
11
46
19
12
5
3
1
1
16
25
79
3
51
17
9
3
6
21
92
49
16
10
2
4
24
85
46
19
13
2
1
4
5
22
119
49
21
17
2
6
4
10
5
3
23
91
1
48
19
16
4
7
7
1
3
7
9
17
15
29
78
15
49
6
20
1
18
10
15
2
1
6
8
11
27
3
23
122
7
51
22
21
10
8
9
7
12
3
17
3
26
112
10
51
1
23
2
21
17
17
10
2
11
12
17
28
29
3
35
113
12
49
3
15
9
7
1
2
9
17
100
4
48
16
9
2
18
10
20
77
13
47
16
10
1
1
5
25
52
11
46
19
12
5
3
1
1
16
25
79
3
51
17
9
3
6
21
92
49
16
10
2
4
24
85
46
19
13
2
1
4
5
22
119
49
21
17
2
6
4
10
5
3
23
91
1
48
19
16
4
7
7
1
3
7
9
17
15
29
78
15
49
6
20
1
18
10
15
2
1
6
8
11
27
3
23
122
7
51
22
21
10
8
9
7
12
3
17
3
26
112
10
51
1
23
2
21
17
17
10
2
11
12
17
28
29
3
35
113
12
51
6
25
4
23
16
14
14
5
14
13
21
20
19
4
34
108
1
53
22
16
8
6
8
7
6
11
16
9
34
94
51
21
15
2
6
14
9
12
1
21
33
89
49
19
14
2
5
5
6
10
20
28
93
