4821
4821
4828
4800
4801
905
2722
4799
4806
4808
4819
4800
4780
4824
4783
4815
4795
2232
4816
4804
820
4793
4810
4845
4834
3564
4888
4887
4888
4876
4877
812
2494
4876
4880
4881
4888
4880
4873
4887
4871
4882
4875
2053
4883
4877
724
4877
4880
4898
4895
3646
4817
4817
4821
4798
4800
829
2574
4798
4804
4806
4817
4804
4795
4818
4789
4809
4796
2122
4811
4800
742
4799
4806
4835
4829
3321
4856
4855
4860
4841
4842
778
2375
4841
4846
4847
4855
4843
4829
4857
4831
4851
4838
1936
4852
4844
712
4837
4848
4871
4865
3412
4826
4826
4827
4809
4811
779
2401
4809
4815
4817
4826
4816
4809
4826
4803
4818
4808
1966
4820
4810
692
4812
4816
4840
4836
3214
4825
4825
4830
4809
4810
736
2271
4808
4814
4815
4824
4811
4770
4827
4798
4819
4805
1860
4821
4812
653
4805
4816
4842
4835
3138
4825
4824
4826
4809
4811
728
2231
4809
4814
4816
4825
4815
4666
4825
4803
4818
4808
1816
4819
4811
657
4810
4815
4838
4834
3041
4807
4807
4810
4790
4791
704
2174
4790
4795
4797
4806
4794
4491
4808
4780
4800
4788
1769
4802
4792
621
4789
4797
4824
4817
2961
4813
4812
4815
4797
4798
667
2087
4797
4802
4803
4812
4801
4386
4813
4789
4806
4795
1699
4807
4799
612
4797
4804
4827
4822
2890
4796
4796
4799
4780
4781
671
2056
4780
4785
4787
4796
4784
4235
4797
4772
4790
4777
1668
4791
4782
596
4780
4787
4812
4806
2776
4796
4796
4799
4781
4782
633
1966
4780
4786
4787
4796
4784
4106
4797
4772
4790
4772
1601
4791
4783
560
4779
4787
4812
4806
2693
4787
4787
4790
4771
4772
634
1929
4771
4776
4778
4787
4776
3996
4788
4763
4780
4709
1559
4782
4773
562
4771
4778
4802
4797
2588
4781
4781
4784
4765
4766
608
1869
4765
4770
4772
4781
4769
3883
4782
4756
4775
4557
1505
4776
4767
544
4764
4772
4797
4791
2559
4776
4776
4779
4760
4761
585
1795
4760
4765
4766
4776
4764
3737
4777
4752
4769
4404
1467
4771
4762
508
4760
4767
4791
4786
2440
4768
4767
4770
4752
4753
585
1756
4751
4757
4758
4767
4756
3633
4768
4743
4761
4282
1416
4762
4754
511
4751
4758
4783
4777
2379
4763
4763
4766
4747
4749
538
1693
4747
4752
4754
4763
4752
3527
4764
4739
4757
4157
1375
4758
4749
501
4747
4754
4778
4773
2317
4756
4755
4758
4739
4741
534
1638
4739
4745
4746
4755
4744
3399
4756
4731
4749
4026
1335
4750
4741
464
4739
4746
4771
4765
2270
4750
4750
4753
4734
4735
512
1587
4734
4739
4741
4750
4738
3300
4751
4712
4744
3899
1293
4745
4736
442
4733
4741
4765
4760
2185
4743
4743
4746
4728
4729
496
1539
4727
4732
4734
4743
4732
3201
4744
4619
4737
3791
1254
4738
4730
441
4727
4734
4758
4753
1763
403
1260
2338
2974
2651
1020
362
3259
3258
3258
3273
3221
3249
3280
3269
3272
3271
3253
3266
3267
3276
3265
3268
3256
3258
4970
4965
4966
4991
4915
4957
4997
4971
4971
4972
4967
4968
4968
4976
4982
4968
4965
4965
4792
4797
4797
4843
4757
4835
4846
4789
4790
4790
4795
4794
4794
4789
4846
4794
4798
4798
4958
4957
4956
4996
4995
4994
4996
4961
4961
4961
4958
4958
4958
4962
4996
4957
4957
4957
4910
4909
4910
4995
4993
4995
4996
4908
4908
4909
4909
4909
4909
4908
4996
4910
4909
4910
4946
4945
4945
4999
4999
4999
4999
4945
4945
4945
4945
4945
4945
4948
4999
4945
4945
4945
4908
4907
4907
4999
4999
4999
4999
4908
4917
4912
4908
4907
4907
4951
4999
4907
4907
4908
4920
4919
4919
4999
4999
4999
4999
4918
4983
4966
4919
4919
4919
4999
4999
4920
4919
4920
4907
4905
4905
4999
4999
4999
4999
4908
4995
4998
4906
4906
4906
4998
4999
4906
4905
4906
4898
4897
4898
4999
4999
4999
4999
4926
4999
4998
4898
4897
4898
4999
4999
4898
4898
4898
4898
4897
4897
4999
4999
4999
4999
4996
4999
4999
4898
4897
4897
4999
4999
4898
4897
4898
4884
4883
4883
4999
4999
4999
4999
4995
4999
4999
4884
4883
4884
4999
4999
4884
4883
4884
4884
4883
4883
4999
4999
4999
4999
4999
4999
4999
4884
4883
4884
4999
4999
4895
4883
4884
4848
4847
4848
4976
4977
4981
4984
4986
4988
4991
4868
4872
4873
4999
4999
4959
4872
4873
2787
2798
2804
2694
2702
2717
2727
2726
2737
2741
2859
2870
2884
2788
2795
2806
2939
2943
73
17
46
90
167
97
32
11
156
251
21
20
227
227
40
113
227
223
271
252
251
243
4
304
103
279
99
238
37
202
275
469
113
114
361
363
372
370
441
419
419
123
386
134
426
377
488
136
136
213
384
248
250
52
150
257
252
347
316
315
321
425
285
363
127
311
47
241
383
108
705
127
93
522
526
25
75
537
531
650
612
611
166
95
239
617
185
65
335
612
22
526
712
98
99
222
645
78
422
426
54
154
438
431
571
526
526
334
461
566
375
131
285
524
47
422
635
214
910
371
61
649
653
51
150
667
659
821
770
769
326
59
448
829
366
128
554
766
45
648
899
57
57
245
930
401
18
627
633
58
171
648
639
823
765
765
370
518
865
415
146
597
763
51
631
912
292
1082
575
201
745
752
70
205
767
757
961
896
896
444
6
609
1015
500
175
752
892
62
743
1057
4
3
291
1190
697
344
814
822
70
204
839
828
1052
982
982
442
9
617
1133
496
174
879
978
61
816
1162
10
10
345
1272
797
444
861
870
83
242
888
876
1120
1043
1043
523
721
1216
588
206
967
1037
73
861
1235
351
1406
947
611
961
970
84
245
990
977
1240
1157
1157
532
21
737
1357
598
210
1114
1152
74
962
1366
17
111
388
1475
1031
702
996
1007
94
272
1027
1014
1295
1206
1206
588
59
813
1431
660
232
1193
1200
83
997
1428
233
409
1595
1166
848
1083
1095
99
287
1116
1102
1401
1306
1307
618
236
854
1552
695
245
1322
1299
87
1084
1543
8
379
431
1675
1260
953
1131
1145
106
304
1167
1151
1468
1368
1369
653
360
904
1640
733
259
1414
1361
93
1133
1619
494
459
1771
1371
1071
1197
1211
112
323
1234
1217
1551
1446
1448
694
493
959
1738
780
276
1518
1438
100
1198
1710
623
478
1861
1474
1185
1256
1272
117
336
1295
1278
1629
1518
1520
720
628
997
1832
810
286
1618
1508
103
1258
1794
2
743
503
1942
1568
1287
1308
1325
124
354
1349
1331
1698
1582
1584
759
745
1050
1916
854
302
1707
1572
110
1310
1871
1
857
521
2031
1670
1398
1368
1387
129
368
1410
1392
1774
1654
1657
787
876
1089
2009
886
314
1805
1643
114
1371
1955
71
973
544
2107
1758
1495
1416
1436
134
383
1460
1441
1838
1714
1717
820
986
1134
2088
923
326
1888
1701
118
1420
2026
218
1080
563
2189
1852
1596
1471
1492
139
397
1516
1497
1909
1779
1782
849
1104
1174
2172
955
337
1977
1766
122
1474
2104
358
1189
582
2262
1937
1689
1519
1541
145
410
1566
1546
1972
1838
1842
877
1214
1214
2249
988
349
2060
1824
127
1522
2173
483
1291
601
2336
2022
1782
1567
1590
148
423
1615
1595
2035
1896
1901
905
1320
1253
2325
1020
360
2141
1882
131
1571
2242
616
1392
616
2405
2102
1869
1611
1636
151
434
1662
1641
2095
1952
1956
928
1423
1286
2397
1046
368
2217
1936
132
1616
2308
734
1487
632
2472
2179
1953
1654
1681
154
445
1706
1684
2151
2005
2009
955
1521
1322
2466
1076
378
2291
1988
135
1659
2371
856
1580
650
2541
2258
2040
1699
1727
159
457
1753
1730
2211
2060
2065
980
1622
1358
2537
1105
389
2367
2043
140
1705
2436
973
1673
666
2605
2332
2121
1741
1770
163
469
1795
1773
2266
2111
2116
1005
1716
1392
2604
1133
398
2438
2092
143
1747
2496
1086
1762
682
2669
2406
2201
1782
1813
167
480
1838
1816
2321
2162
2168
1029
1809
1426
2670
1161
408
2508
2142
147
1790
2557
1197
1849
698
2730
2476
2277
1822
1853
170
491
1880
1856
2373
2211
2217
1052
1898
1458
2733
1187
417
2575
2191
151
1830
2615
1303
1933
712
2789
2544
2352
1860
1894
174
502
1919
1895
2424
2258
2265
1074
1984
1489
2794
1212
426
2640
2237
154
1868
2670
1408
2015
726
2847
2611
2425
1899
1933
178
512
1958
1933
2473
2304
2311
1095
2069
1518
2854
1237
435
2704
2282
157
1906
2725
1508
2094
740
2902
2674
2494
1934
1970
181
522
1995
1970
2521
2348
2355
1117
2151
1548
2912
1261
443
2765
2325
160
1942
2777
1605
2171
755
2957
2737
2562
1969
2006
184
532
2031
2006
2568
2391
2400
1137
2230
1576
2967
1284
452
2825
2367
163
1978
2828
1700
2247
768
3009
2797
2628
2003
2042
189
541
2067
2041
2612
2433
2441
1156
2306
1603
3021
1307
459
2882
2407
166
2012
2877
1793
2319
781
3060
2856
2693
2036
2077
191
551
2101
2074
2656
2474
2483
1175
2381
1631
3074
1329
467
2938
2447
169
2046
2925
1881
2389
793
3109
2913
2754
2068
2109
195
560
2133
2107
2699
2513
2522
1194
2452
1656
3124
1350
475
2992
2486
172
2079
2971
1968
2458
805
3157
2968
2814
2099
2142
198
568
2165
2138
2739
2551
2560
1211
2522
1681
3172
1371
482
3044
2522
175
2109
3016
2052
2525
816
3203
3020
2872
2128
2172
200
577
2196
2168
2779
2587
2598
1228
2590
1705
3220
1390
488
3095
2558
177
2140
3059
2133
2589
828
3248
3072
2928
2157
2202
203
584
2225
2199
2817
2623
2634
1245
2655
1728
3265
1409
495
3144
2593
180
2169
3102
2212
2652
839
3292
3122
2983
2185
2232
206
592
2254
2227
2854
2658
2668
1261
2719
1750
3310
1427
501
3192
2626
182
2197
3142
2288
2713
849
3333
3170
3035
2212
2260
209
599
2282
2253
2890
2691
2702
1276
2781
1772
3353
1446
507
3238
2658
184
2224
3181
2362
2771
859
3374
3217
3087
2238
2287
211
606
2309
2280
2925
2723
2735
1292
2840
1793
3395
1464
514
3282
2690
186
2251
3220
2434
2827
869
3414
3262
3136
2263
2313
213
613
2335
2306
2959
2754
2767
1306
2898
1814
3435
1480
519
3326
2720
189
2277
3257
2504
2884
878
3451
3306
3184
2287
2339
216
620
2360
2331
2991
2785
2797
1320
2954
1833
3473
1496
525
3367
2749
191
2301
3292
2572
2937
887
3488
3349
3230
2311
2364
218
627
2384
2355
3023
2814
2827
1334
3008
1853
3511
1512
531
3408
2778
193
2325
3327
2637
2989
896
3524
3389
3275
2333
2388
220
633
2408
2379
3054
2842
2856
1347
3061
1871
3548
1528
536
3447
2805
195
2349
3361
2701
3040
905
3559
3429
3319
2356
2412
223
640
2431
2401
3083
2869
2883
1360
3111
1889
3582
1542
541
3485
2832
196
2371
3392
2762
3089
913
3592
3468
3361
2377
2434
224
646
2453
2423
3112
2896
2910
1372
3160
1906
3616
1556
546
3522
2857
199
2393
3424
2822
3136
921
3624
3505
3401
2397
2455
226
651
2474
2444
3140
2921
2936
1384
3208
1922
3649
1570
551
3558
2883
201
2414
3455
2880
3182
929
3656
3541
3442
2417
2477
229
657
2495
2464
3166
2947
2962
1395
3254
1939
3681
1583
555
3591
2906
202
2434
3484
2936
3227
937
3686
3576
3479
2436
2497
230
662
2514
2484
3192
2971
2986
1406
3299
1954
3712
1596
560
3625
2929
204
2454
3512
2990
3271
944
3715
3610
3516
2454
2516
232
667
2534
2503
3217
2993
3010
1417
3342
1969
3741
1609
564
3657
2952
206
2473
3540
3042
3312
951
3744
3642
3552
2472
2536
234
673
2552
2521
3241
3016
3032
1427
3384
1984
3770
1621
569
3687
2973
207
2491
3566
3093
3353
958
3771
3674
3587
2490
2555
236
677
2570
2539
3265
3037
3054
1437
3424
1998
3797
1632
572
3717
2993
208
2508
3592
3142
3392
964
3797
3704
3620
2507
2572
237
682
2587
2556
3287
3058
3076
1447
3463
2011
3824
1643
576
3746
3014
209
2526
3616
3190
3430
970
3823
3733
3653
2523
2589
239
686
2604
2572
3309
3078
3096
1456
3501
2025
3850
1655
580
3775
3033
211
2542
3640
3236
3467
977
3848
3762
3684
2538
2606
240
691
2620
2588
3330
3098
3116
1465
3538
2038
3875
1665
583
3801
3052
212
2558
3663
3281
3503
982
3872
3789
3714
2553
2622
242
695
2635
2603
3350
3116
3135
1473
3573
2050
3899
1675
586
3827
3070
213
2573
3685
3324
3537
988
3895
3816
3743
2568
2638
243
699
2650
2618
3370
3135
3154
1482
3608
2062
3922
1685
590
3853
3087
215
2589
3707
3366
3571
994
3917
3842
3771
2581
2653
245
703
2665
2633
3389
3152
3171
1490
3641
2073
3944
1695
593
3877
3104
216
2603
3727
3407
3603
999
3938
3866
3798
2595
2668
246
707
2679
2646
3407
3169
3188
1497
3673
2084
3966
1704
596
3901
3120
217
2616
3747
3446
3634
1004
3959
3890
3825
2608
2681
247
711
2692
2660
3425
3185
3206
1505
3704
2095
3987
1713
599
3924
3136
218
2630
3767
3484
3665
1009
3979
3914
3851
2620
2694
249
714
2705
2673
3442
3201
3222
1512
3734
2105
4007
1721
602
3945
3151
219
2643
3786
3520
3695
1014
3998
3936
3875
2632
2707
250
718
2718
2685
3459
3217
3237
1519
3762
2114
4026
1729
605
3966
3165
220
2655
3803
3557
3724
1018
4016
3957
3898
2643
2720
251
721
2729
2697
3475
3231
3252
1526
3790
2124
4044
1737
608
3987
3179
222
2667
3820
3591
3750
1023
4034
3977
3921
2655
2732
252
723
2741
2708
3489
3245
3267
1532
3817
2133
4062
1745
610
4006
3192
223
2678
3837
3624
3777
1027
4052
3998
3944
2665
2744
253
727
2752
2719
3504
3258
3280
1538
3843
2141
4079
1752
612
4025
3205
223
2689
3853
3656
3803
1031
4068
4017
3965
2675
2754
254
730
2762
2730
3519
3271
3293
1544
3868
2150
4096
1759
615
4043
3218
224
2700
3869
3687
3827
1035
4084
4035
3985
2685
2765
255
733
2773
2740
3533
3284
3307
1550
3892
2158
4112
1766
617
4061
3230
226
2711
3883
3717
3852
1039
4100
4053
4005
2695
2776
256
735
2782
2749
3545
3296
3319
1555
3916
2166
4127
1772
619
4077
3240
226
2720
3897
3746
3875
1042
4115
4071
4024
2704
2786
257
738
2792
2759
3558
3308
3331
1560
3938
2174
4141
1778
621
4093
3251
227
2729
3911
3774
3897
1046
4129
4087
4042
2712
2795
258
740
2801
2768
3570
3319
3343
1566
3960
2181
4156
1784
623
4110
3263
228
2739
3925
3802
3919
1049
4142
4103
4060
2721
2805
258
743
2810
2777
3582
3329
3353
1569
3981
2187
4170
1790
626
4124
3272
229
2747
3937
3827
3940
1052
4155
4118
4077
2729
2813
260
745
2818
2784
3592
3339
3363
1574
4001
2194
4182
1796
627
4138
3281
229
2755
3949
3853
3960
1055
4168
4132
4093
2736
2822
260
747
2826
2792
3603
3350
3374
1579
4021
2201
4195
1801
629
4152
3291
230
2763
3961
3877
3979
1058
4180
4147
4108
2743
2830
261
749
2834
2800
3614
3359
3384
1583
4039
2206
4206
1806
631
4166
3300
231
2771
3972
3900
3998
1061
4192
4160
4124
2751
2838
261
751
2841
2808
3624
3368
3393
1587
4057
2212
4217
1811
632
4178
3308
231
2778
3982
3924
4017
1064
4203
4173
4138
2757
2845
262
753
2848
2814
3633
3377
3402
1591
4074
2218
4229
1815
634
4190
3316
232
2785
3992
3945
4034
1066
4213
4185
4152
2763
2852
263
755
2854
2821
3642
3385
3411
1595
4091
2223
4239
1820
635
4202
3324
232
2792
4003
3966
4051
1069
4223
4197
4165
2770
2860
264
757
2861
2827
3651
3393
3419
1598
4107
2228
4249
1825
637
4213
3331
232
2798
4012
3987
4067
1071
4233
4209
4178
2776
2866
265
759
2867
2833
3659
3400
3426
1601
4122
2233
4259
1828
639
4224
3338
233
2804
4020
4006
4083
1073
4243
4220
4191
2781
2872
265
760
2872
2839
3667
3407
3434
1605
4137
2238
4268
1833
639
4234
3345
234
2810
4030
4025
4098
1076
4252
4230
4202
2786
2878
265
762
2877
2844
3674
3415
3441
1608
4151
2242
4276
1836
641
4244
3351
234
2816
4038
4043
4112
1078
4260
4240
4213
2791
2883
265
764
2883
2850
3682
3421
3448
1611
4165
2245
4284
1839
642
4253
3357
234
2821
4045
4061
4127
1079
4268
4250
4224
2796
2889
266
765
2888
2855
3688
3427
3455
1614
4178
2250
4292
1843
643
4262
3363
235
2826
4053
4078
4140
1082
4276
4259
4234
2801
2894
267
766
2893
2859
3695
3433
3461
1616
4190
2254
4300
1847
644
4271
3369
236
2831
4060
4094
4152
1083
4283
4268
4244
2805
2899
268
767
2897
2864
3701
3439
3467
1619
4202
2257
4307
1849
645
4279
3374
236
2835
4066
4110
4165
1085
4290
4276
4254
2809
2904
267
769
2901
2868
3707
3444
3472
1621
4214
2261
4313
1852
646
4287
3379
236
2840
4072
4124
4177
1087
4296
4284
4263
2813
2908
267
769
2905
2872
3713
3449
3478
1623
4225
2264
4320
1855
646
4294
3384
237
2844
4079
4138
4188
1088
4303
4291
4271
2817
2912
269
771
2909
2875
3718
3454
3483
1625
4236
2267
4326
1857
647
4300
3388
237
2848
4085
4153
4198
1090
4309
4299
4280
2820
2917
269
772
2912
2879
3723
3459
3488
1627
4246
2270
4331
1860
648
4307
3392
237
2852
4090
4166
4209
1091
4314
4305
4287
2823
2920
269
773
2916
2882
3728
3463
3492
1629
4255
2273
4337
1862
649
4313
3396
238
2855
4095
4178
4219
1092
4320
4312
4294
2826
2924
269
774
2919
2886
3732
3467
3497
1631
4264
2275
4341
1864
650
4319
3399
238
2858
4100
4191
4229
1093
4324
4318
4302
2828
2928
270
775
2922
2888
3736
3471
3500
1632
4273
2277
4346
1866
650
4325
3403
238
2861
4104
4202
4238
1094
4329
4323
4308
2831
2930
270
776
2925
2891
3740
3474
3504
1634
4281
2280
4351
1869
652
4330
3406
238
2863
4108
4213
4246
1095
4334
4329
4314
2834
2933
270
776
2927
2894
3744
3478
3508
1635
4290
2282
4355
1871
652
4335
3409
239
2867
4112
4224
4255
1096
4337
4334
4320
2836
2936
271
777
2930
2896
3747
3480
3511
1636
4297
2284
4358
1872
652
4340
3412
238
2869
4116
4234
4263
1097
4341
4338
4326
2838
2939
271
778
2932
2898
3750
3483
3514
1638
4304
2286
4362
1874
653
4344
3414
239
2871
4120
4244
4270
1098
4345
4343
4332
2840
2941
271
778
2934
2900
3753
3486
3517
1639
4311
2288
4366
1875
653
4348
3417
240
2874
4123
4253
4277
1099
4349
4348
4336
2842
2943
271
779
2935
2902
3756
3489
3520
1640
4317
2289
4368
1876
653
4351
3419
240
2876
4125
4262
4285
1099
4351
4352
4341
2844
2945
271
779
2937
2904
3759
3491
3522
1641
4323
2290
4371
1877
653
4355
3420
240
2877
4128
4271
4291
1100
4354
4355
4345
2844
2947
271
780
2939
2906
3761
3493
3524
1642
4329
2291
4374
1879
654
4359
3423
240
2879
4131
4279
4297
1100
4357
4358
4349
2846
2949
272
780
2940
2907
3763
3495
3526
1642
4334
2292
4376
1879
655
4362
3424
240
2880
4133
4287
4303
1101
4359
4362
4353
2848
2951
272
781
2942
2908
3765
3497
3528
1643
4339
2294
4378
1880
655
4364
3425
240
2881
4135
4294
4308
1101
4361
4364
4356
2848
2952
272
781
2942
2909
3767
3498
3530
1644
4344
2295
4380
1882
655
4367
3426
240
2883
4137
4301
4313
1102
4363
4366
4360
2849
2953
272
781
2943
2910
3768
3499
3532
1643
4349
2295
4381
1882
655
4370
3427
240
2884
4138
4307
4319
1102
4365
4369
4363
2850
2955
272
782
2944
2911
3769
3501
3533
1645
4353
2295
4383
1883
655
4371
3428
240
2884
4139
4314
4323
1102
4366
4371
4366
2850
2956
272
782
2945
2911
3771
3502
3534
1645
4356
2297
4385
1884
656
4373
3429
240
2885
4141
4320
4328
1103
4367
4373
4368
2851
2957
272
782
2946
2912
3772
3503
3535
1645
4360
2297
4386
1884
656
4375
3430
241
2886
4142
4325
4332
1103
4369
4375
4370
2852
2957
273
783
2946
2913
3773
3503
3536
1645
4363
2297
4386
1885
656
4376
3430
241
2887
4143
4331
4336
1103
4369
4376
4373
2851
2957
272
783
2946
2913
3774
3504
3536
1645
4367
2298
4386
1885
656
4378
3430
240
2887
4143
4336
4339
1103
4370
4378
4374
2851
2958
272
783
2947
2913
3774
3504
3537
1645
4370
2298
4388
1885
656
4379
3431
241
2888
4144
4340
4342
1103
4371
4379
4376
2852
2959
273
783
2947
2913
3774
3505
3538
1645
4372
2298
4387
1885
656
4380
3431
240
2888
4144
4344
4346
1103
4371
4380
4378
2852
2959
272
783
2946
2913
3775
3505
3538
1645
4374
2298
4387
1885
656
4380
3430
240
2888
4144
4348
4348
1103
4371
4381
4379
2852
2959
272
782
2946
2913
3775
3505
3538
1645
4377
2299
4388
1886
656
4380
3431
240
2888
4145
4352
4351
1103
4371
4381
4380
2851
2959
273
783
2946
2912
3775
3505
3538
1645
4379
2298
4387
1886
656
4381
3430
241
2888
4145
4356
4353
1103
4372
4382
4381
2851
2959
273
783
2946
2912
3775
3504
3538
1645
4380
2297
4387
1885
656
4381
3429
240
2887
4144
4359
4355
1103
4371
4382
4381
2850
2959
272
782
2945
2912
3775
3505
3538
1645
4382
2297
4386
1885
656
4381
3429
241
2887
4144
4362
4357
1103
4371
4382
4382
2850
2958
272
782
2944
2911
3774
3504
3538
1645
4383
2297
4386
1885
655
4381
3429
241
2887
4144
4365
4359
1103
4371
4382
4382
2849
2958
272
782
2943
2911
3774
3503
3537
1644
4384
2297
4385
1884
655
4380
3428
240
2886
4143
4367
4361
1103
4369
4382
4382
2848
2958
272
782
2944
2910
3773
3503
3537
1643
4385
2296
4384
1884
655
4379
3427
240
2885
4142
4369
4362
1102
4368
4381
4382
2848
2957
272
782
2942
2909
3772
3502
3536
1643
4386
2295
4383
1884
655
4379
3426
241
2885
4141
4371
4363
1102
4368
4380
4382
2847
2957
272
782
2942
2909
3771
3501
3535
1643
4386
2295
4381
1884
655
4378
3424
241
2884
4140
4373
4364
1102
4366
4379
4382
2846
2956
273
782
2940
2907
3769
3500
3534
1642
4387
2294
4380
1883
654
4377
3423
240
2882
4139
4374
4364
1101
4365
4379
4381
2845
2955
272
781
2939
2906
3769
3499
3534
1641
4387
2294
4379
1882
654
4376
3422
240
2882
4138
4376
4365
1101
4363
4378
4380
2843
2954
272
781
2939
2906
3768
3498
3532
1641
4387
2293
4377
1882
654
4375
3421
241
2881
4136
4378
4365
1101
4362
4377
4379
2842
2953
272
781
2937
2904
3766
3497
3531
1640
4386
2292
4376
1881
654
4374
3419
240
2879
4134
4378
4366
1100
4361
4375
4379
2841
2952
272
781
2935
2903
3765
3495
3530
1639
4386
2291
4374
1880
654
4372
3418
240
2878
4133
4379
4365
1100
4359
4374
4377
2839
2950
272
781
2934
2901
3764
3494
3529
1639
4386
2290
4372
1880
654
4371
3417
240
2877
4131
4380
4366
1099
4357
4373
4376
2838
2949
271
780
2933
2900
3762
3492
3527
1638
4385
2288
4369
1878
653
4369
