31
3
7
26
16
125
47
28
15
33
5
18
8
87
86
12
29
2
7
26
16
125
47
26
17
32
6
17
9
89
106
4
10
29
10
26
15
127
49
30
17
34
4
15
9
91
113
11
1
3
28
11
23
12
119
46
27
14
30
1
12
10
80
117
3
9
1
25
12
26
15
118
45
28
16
28
1
10
11
78
128
1
24
14
29
17
120
48
33
17
33
8
12
77
143
5
23
18
29
16
119
51
36
14
36
7
13
76
154
2
4
24
19
29
16
118
49
35
12
35
6
14
77
152
30
3
26
18
31
17
119
49
35
12
33
6
15
79
174
2
7
27
17
31
19
121
48
34
16
33
9
13
83
196
6
25
15
28
17
116
44
30
13
27
11
13
79
180
3
9
24
11
26
12
116
42
27
9
27
13
11
81
186
30
16
28
3
12
25
10
117
43
30
7
29
16
12
82
81
7
30
12
28
2
12
26
15
113
40
27
12
27
15
13
78
51
6
13
30
1
14
25
19
114
39
25
14
24
14
13
81
38
8
11
30
16
26
23
111
39
25
17
21
1
12
14
79
21
7
12
10
31
18
26
24
108
39
27
18
23
11
14
75
2
19
12
31
19
28
24
112
42
28
16
24
10
14
77
9
28
19
30
25
113
44
31
18
27
10
15
76
6
24
18
29
23
110
46
33
16
29
10
15
74
7
23
18
28
19
113
45
32
14
25
11
14
75
22
10
26
17
27
15
115
45
30
10
24
13
13
78
2
12
28
16
23
8
112
43
27
5
23
15
12
77
11
27
14
20
3
110
42
22
2
21
16
11
77
14
29
13
19
1
115
43
20
1
21
18
9
83
1
12
30
13
19
115
42
21
2
21
18
9
80
10
32
13
17
115
42
19
22
19
8
77
14
34
2
12
17
121
46
18
23
20
8
83
17
33
4
11
18
121
45
16
2
23
20
7
86
8
19
34
4
11
21
1
121
43
18
6
23
1
19
10
87
5
20
35
3
12
26
8
122
44
20
11
25
3
20
10
86
20
34
6
12
25
10
121
43
20
14
25
4
21
9
87
18
32
5
12
25
13
122
43
22
15
24
5
19
10
89
21
12
31
3
13
25
15
119
41
23
17
22
4
16
11
83
22
9
30
3
15
24
16
112
40
25
18
23
4
15
11
75
10
31
4
15
25
16
117
45
28
19
28
5
14
11
80
15
33
5
18
28
17
125
52
34
22
36
9
14
13
87
33
16
33
4
18
28
19
123
51
34
22
34
9
12
13
85
31
12
32
2
17
30
24
120
47
33
24
28
9
11
13
82
11
30
2
17
33
28
120
49
36
27
30
10
12
14
81
7
27
1
18
35
31
118
50
38
32
34
12
10
14
80
7
28
1
19
35
29
121
51
38
29
34
12
8
14
83
17
8
28
19
31
24
120
49
34
21
32
7
7
14
83
6
27
18
28
19
118
48
30
18
29
3
9
13
79
11
27
3
16
28
15
123
50
32
14
30
3
13
12
85
13
28
6
15
28
14
123
51
32
14
32
4
14
12
86
14
11
28
6
14
24
9
119
50
27
9
28
2
14
11
82
12
28
6
11
17
1
116
47
23
3
26
15
10
81
7
12
26
6
9
13
115
47
21
28
16
9
81
14
12
26
6
6
6
113
44
15
24
17
8
79
9
15
14
28
5
4
115
43
10
21
18
6
80
20
32
3
4
121
42
5
16
20
4
88
18
31
1
4
117
40
4
14
18
5
86
12
30
8
4
113
40
11
18
16
8
79
7
11
32
11
10
114
41
14
18
15
11
77
12
33
14
18
6
119
46
21
7
26
14
12
82
12
32
1
17
26
18
119
50
28
18
31
5
15
14
84
11
30
1
17
1
27
21
117
48
28
17
28
5
14
14
82
13
29
4
16
3
31
26
118
48
31
21
28
9
12
15
81
2
10
25
5
15
5
34
31
114
44
32
27
27
12
11
16
76
5
20
3
14
5
33
30
108
39
30
26
25
10
10
16
71
3
19
3
15
4
35
29
107
39
33
27
26
11
9
15
69
1
20
3
14
3
34
27
106
37
32
25
25
10
9
15
68
3
22
15
2
34
26
105
35
30
24
24
8
8
15
71
5
25
17
2
33
26
106
37
31
24
22
9
9
15
72
7
26
1
18
3
33
26
106
40
32
26
26
11
10
16
71
10
26
2
18
4
34
27
108
40
33
27
27
13
9
17
74
1
11
25
3
16
4
33
26
109
39
30
27
25
13
7
16
75
11
23
4
15
2
30
24
108
39
25
24
25
11
8
16
75
15
21
8
10
24
17
111
38
21
19
23
9
13
14
80
21
20
12
4
19
11
113
36
16
18
20
10
17
11
84
12
21
19
15
11
1
109
30
9
9
15
5
20
9
81
22
22
17
5
108
30
7
15
23
7
82
21
24
16
3
104
30
6
13
24
5
78
17
26
14
1
102
29
4
13
24
4
75
2
16
27
11
2
101
26
4
9
22
4
75
6
2
13
28
9
3
3
97
25
4
5
21
5
71
10
8
29
6
6
3
93
26
4
6
20
6
64
6
5
29
4
9
6
90
26
7
5
17
7
61
3
5
30
3
13
7
91
29
10
6
15
9
59
5
4
29
3
14
9
91
30
10
5
12
10
60
19
25
3
13
11
4
86
27
12
4
13
12
56
29
22
12
14
11
82
25
12
4
5
13
12
50
23
8
19
10
1
16
16
79
20
10
8
2
10
13
45
17
23
17
9
3
18
21
80
18
10
12
9
14
48
19
16
11
3
22
27
82
20
13
18
3
8
14
51
22
15
13
2
24
27
80
19
15
20
2
7
15
47
32
7
17
14
2
24
25
81
20
15
17
2
7
15
48
33
21
20
18
26
25
84
25
21
18
10
7
15
48
33
19
19
26
22
88
29
23
17
11
7
15
52
38
18
18
28
21
92
32
26
18
13
3
8
15
57
37
5
19
19
29
19
97
36
27
18
19
6
9
16
59
42
25
19
2
19
30
16
96
37
26
14
19
5
10
15
60
38
14
5
20
3
18
31
13
101
38
28
12
20
8
12
15
67
35
5
18
4
14
25
5
100
37
23
7
18
6
13
14
68
36
4
17
7
7
16
97
31
15
14
2
14
12
67
32
16
5
16
10
2
9
98
26
8
9
17
9
67
32
2
14
10
4
87
20
3
19
6
56
37
3
14
11
86
18
20
5
57
33
5
16
11
88
18
20
5
60
31
13
2
18
9
4
83
16
17
5
54
27
6
6
24
8
4
9
90
23
3
1
15
7
62
18
8
27
7
8
14
3
94
30
10
6
15
8
67
18
10
30
7
11
18
10
95
33
17
6
11
14
9
69
10
14
13
33
6
15
25
16
100
38
24
12
17
5
13
10
72
11
6
13
34
5
18
32
23
103
43
34
19
26
11
13
11
73
15
12
32
5
19
35
28
103
45
1
37
26
27
13
13
12
70
5
10
30
5
18
37
32
101
45
1
39
30
30
14
12
13
65
3
6
28
7
17
3
37
33
98
43
3
36
29
29
16
11
14
60
17
7
28
9
16
6
38
37
99
41
5
34
34
25
17
11
15
63
8
27
8
16
6
37
38
103
43
4
33
35
24
15
12
15
70
6
25
7
15
6
34
35
99
40
4
29
32
21
14
12
15
67
10
22
7
25
6
12
4
33
33
96
37
4
26
33
19
16
12
15
66
5
38
8
24
6
14
4
33
32
99
38
4
28
32
19
16
11
16
67
9
5
24
5
17
5
34
32
96
41
5
33
32
24
17
10
17
64
12
3
21
7
19
6
35
32
98
43
9
34
33
27
20
7
18
66
11
6
18
11
19
8
34
30
102
44
10
34
31
27
21
6
18
71
18
11
9
16
16
14
7
31
26
105
44
13
32
29
29
21
10
16
73
9
8
11
20
7
5
25
18
101
39
14
26
24
26
19
15
14
70
7
8
9
22
2
19
6
98
35
12
20
14
21
14
19
11
70
8
7
11
22
15
96
32
9
15
6
18
11
20
9
67
11
4
14
19
11
89
27
3
12
12
4
19
7
60
10
4
17
16
3
12
87
27
1
12
8
2
19
7
60
5
5
19
14
7
15
91
32
15
1
13
2
18
8
63
11
3
21
13
10
18
1
90
34
21
1
16
2
16
8
60
18
23
2
23
12
13
22
8
89
34
23
9
17
5
14
9
57
17
24
24
12
16
2
26
14
87
35
28
13
19
6
13
10
54
7
2
26
14
18
5
30
20
84
36
2
31
20
19
10
15
12
54
1
7
28
15
19
6
31
24
90
39
4
30
24
21
12
16
12
59
20
9
30
15
19
7
33
28
94
40
6
34
27
23
15
16
13
63
8
8
30
12
19
6
35
30
90
39
3
34
27
21
14
14
14
62
9
3
28
8
20
6
33
30
87
39
2
34
26
23
12
12
15
59
7
26
6
18
4
33
29
85
37
3
34
27
22
14
11
14
53
15
1
27
5
18
2
34
26
84
36
35
24
23
12
11
14
52
15
5
27
5
18
2
34
27
89
38
35
23
24
11
12
16
56
8
5
25
6
16
3
33
26
87
38
36
23
24
11
13
15
54
10
3
22
5
14
4
31
23
86
37
35
21
24
9
12
15
54
5
17
3
20
5
13
4
31
25
84
35
33
24
22
9
12
16
53
31
5
20
6
12
3
30
23
84
35
32
23
23
9
14
15
54
6
19
7
9
3
26
19
86
33
28
18
19
6
14
14
58
5
20
8
9
4
26
19
82
32
1
26
20
17
10
16
14
55
15
8
22
10
10
3
26
17
85
34
3
24
19
18
11
16
15
59
38
12
22
14
9
2
28
17
92
37
7
26
19
23
14
1
17
15
63
19
17
22
18
8
26
13
96
40
11
25
19
25
17
8
21
13
66
3
21
20
20
6
21
5
99
42
10
21
12
24
13
12
23
11
71
10
3
20
1
16
23
1
17
96
38
8
16
7
22
11
15
25
9
67
41
19
3
14
26
9
90
30
5
8
1
12
7
16
27
5
63
29
16
15
25
4
82
26
2
3
10
2
13
30
3
56
14
16
21
1
79
23
1
6
9
30
2
54
13
14
17
20
4
78
24
5
6
9
27
3
54
45
14
19
18
3
11
80
27
10
3
12
1
7
24
4
54
34
13
20
15
7
15
6
82
29
14
8
10
1
5
22
7
56
8
5
20
14
11
17
9
72
27
17
7
8
20
9
45
16
19
12
13
18
14
66
25
17
11
8
18
10
34
45
18
9
15
22
18
64
24
19
16
6
1
16
10
33
42
19
8
16
25
23
68
25
21
19
7
2
14
12
38
7
20
6
18
2
28
26
69
27
23
23
11
4
12
14
37
4
22
3
19
5
30
28
66
28
26
24
13
5
9
15
36
29
23
18
4
27
25
66
26
24
22
12
4
7
15
38
26
25
18
2
26
21
66
25
24
19
12
2
9
15
39
2
23
1
16
2
23
19
64
22
22
18
5
3
10
14
41
2
20
1
14
2
22
19
64
21
22
17
8
3
10
14
40
7
3
20
13
2
23
18
68
23
23
16
12
3
11
15
45
1
7
19
9
20
13
73
24
20
11
12
12
13
52
7
17
6
17
10
73
23
18
9
10
14
12
52
5
16
1
3
12
5
68
20
11
6
6
17
11
48
6
16
3
2
10
66
19
9
7
16
11
47
16
10
19
5
2
12
72
23
11
11
17
10
51
2
16
21
11
5
18
1
81
30
17
3
18
7
19
11
59
2
9
3
22
23
18
5
23
4
89
38
3
22
6
26
8
13
23
10
67
25
18
7
29
6
25
25
3
21
1
93
3
41
9
20
7
28
13
21
26
8
74
23
34
28
16
38
15
28
31
1
20
99
11
43
13
24
8
29
16
29
29
5
83
10
21
30
24
41
20
27
35
20
1
100
17
46
17
25
10
32
19
34
33
3
83
23
31
25
41
23
25
37
17
102
19
47
20
25
11
34
20
35
36
2
84
25
3
29
28
38
23
23
38
17
3
99
20
46
20
25
14
32
21
36
36
1
81
4
18
21
27
32
22
20
37
2
21
8
92
20
42
21
27
17
30
22
34
33
3
73
12
1
16
22
26
17
19
33
1
4
26
13
89
16
42
20
32
21
31
21
28
28
6
67
5
17
18
23
12
19
30
6
7
33
20
91
17
45
22
37
30
35
26
22
24
9
70
21
18
25
11
21
28
9
9
37
25
95
18
48
25
40
35
36
30
21
21
11
76
13
18
11
23
5
19
25
8
9
34
24
90
12
41
20
34
29
30
26
16
19
11
72
10
14
7
19
18
21
7
7
31
23
86
8
36
16
30
29
24
23
11
18
11
69
9
4
16
17
18
8
6
30
24
82
6
34
15
28
28
22
22
7
16
11
66
7
5
16
20
17
9
6
31
26
82
5
36
16
31
30
25
24
6
15
11
65
14
10
10
18
25
17
12
7
36
31
85
11
37
19
37
34
29
28
9
16
12
65
15
10
8
19
27
15
12
7
36
33
84
13
36
22
36
36
29
30
9
17
11
65
14
7
23
30
14
12
8
35
35
87
14
40
23
36
39
29
32
10
18
13
69
17
11
25
30
15
12
7
33
34
91
15
42
22
35
37
32
31
13
18
14
72
16
13
24
2
30
12
11
5
27
28
87
12
40
18
27
32
29
28
15
18
13
69
8
17
9
26
30
10
9
1
21
21
83
9
34
12
20
24
21
23
16
19
12
68
12
4
22
27
9
7
17
14
77
5
30
5
17
18
17
15
13
18
11
62
6
3
16
23
9
5
14
9
72
2
27
3
12
13
15
11
8
17
11
55
9
5
11
21
11
3
13
7
67
2
23
2
9
10
10
10
7
18
10
49
29
7
21
10
4
11
4
65
1
20
7
8
7
7
4
16
10
45
5
22
10
7
11
1
65
2
22
8
4
8
6
2
15
10
46
5
7
11
21
16
8
14
72
7
29
5
14
5
14
10
10
18
9
54
18
3
14
18
20
12
19
24
4
15
78
15
31
10
14
8
15
14
22
23
7
62
12
17
21
25
28
20
16
31
15
83
21
30
15
13
10
15
18
31
28
4
67
5
2
29
29
32
24
16
34
1
19
6
86
24
33
18
17
15
22
21
35
31
4
70
9
26
30
30
24
19
36
4
22
10
80
26
35
21
19
20
20
24
35
31
5
66
7
18
25
28
22
22
37
7
25
15
81
25
37
24
23
25
20
28
31
29
7
62
2
27
14
20
24
19
24
34
2
7
26
17
80
23
38
22
25
26
24
26
26
26
7
58
6
7
14
18
21
13
23
32
3
7
23
16
79
21
37
21
22
24
22
24
22
24
8
59
75
7
11
14
5
23
27
5
7
25
19
77
16
39
20
26
27
27
22
13
21
10
56
170
6
8
23
21
9
8
27
21
72
10
40
16
32
27
31
20
7
17
12
48
324
2
5
21
17
9
6
27
22
70
4
36
10
30
25
28
15
5
15
11
44
407
19
12
9
5
32
26
63
33
6
34
26
28
12
14
12
37
385
17
8
11
5
35
29
58
31
5
38
29
29
13
12
14
32
306
17
5
12
5
34
31
53
28
5
35
32
26
14
11
15
28
139
19
5
11
8
35
34
52
26
9
35
34
22
19
10
16
26
19
4
22
6
12
10
36
38
55
27
13
32
38
19
24
12
16
29
21
22
7
13
11
36
41
55
3
28
16
30
41
18
25
14
16
26
38
21
11
11
12
35
39
59
7
29
19
30
40
21
27
16
16
32
25
1
21
13
8
9
31
34
60
7
28
18
28
37
20
26
1
17
14
37
7
1
18
14
3
5
23
25
56
3
21
12
19
29
12
18
1
19
11
36
15
14
16
2
3
20
20
52
2
18
9
15
25
9
15
21
10
35
21
14
15
2
1
18
14
52
18
5
14
19
6
10
2
22
9
37
18
2
5
21
17
9
6
27
22
70
4
36
10
30
25
28
15
5
15
11
44
407
19
12
9
5
32
26
63
33
6
34
26
28
12
14
12
37
385
17
8
11
5
35
29
58
31
5
38
29
29
13
12
14
32
306
17
5
12
5
34
31
53
28
5
35
32
26
14
11
15
28
139
19
5
11
8
35
34
52
26
9
35
34
22
19
10
16
26
19
4
22
6
12
10
36
38
55
27
13
32
38
19
24
12
16
29
21
22
7
13
11
36
41
55
3
28
16
30
41
18
25
14
16
26
38
21
11
11
12
35
39
59
7
29
19
30
40
21
27
16
16
32
25
1
21
13
8
9
31
34
60
7
28
18
28
37
20
26
1
17
14
37
7
1
18
14
3
5
23
25
56
3
21
12
19
29
12
18
1
19
11
36
15
14
16
2
3
20
20
52
2
18
9
15
25
9
15
21
10
35
21
14
15
2
1
18
14
52
18
5
14
19
6
10
2
22
9
37
18
6
9
2
2
37
7
10
1
17
8
22
1
10
5
1
3
4
38
8
1
9
14
8
23
1
12
3
5
7
9
34
9
3
12
12
11
20
4
14
2
9
11
10
35
12
8
14
2
13
11
21
5
18
3
10
13
9
44
18
11
14
2
4
14
11
28
9
6
21
4
10
14
10
49
18
1
11
14
1
5
15
11
34
14
5
1
12
23
5
12
15
7
53
6
19
1
14
11
3
7
2
15
10
41
18
4
6
14
26
7
14
17
7
55
12
23
3
17
11
10
8
5
17
11
43
8
3
9
14
27
9
14
17
6
53
12
25
3
19
10
11
8
6
18
10
40
2
5
8
15
29
11
14
22
11
56
13
27
6
24
16
16
14
8
18
9
41
8
13
11
20
3
31
15
14
26
16
60
18
29
10
27
21
20
18
13
19
10
48
10
16
18
22
8
32
18
12
2
25
15
65
23
32
13
26
19
21
19
17
21
9
3
53
8
17
25
22
12
31
22
12
4
28
17
66
26
36
17
30
21
27
23
21
23
9
6
52
10
19
27
24
17
31
27
10
5
30
19
67
30
35
21
32
26
26
27
24
24
8
9
53
10
1
5
24
30
26
19
32
30
11
7
30
21
73
34
37
25
33
28
29
30
25
24
8
13
59
14
13
1
23
33
26
22
33
32
15
7
34
24
74
38
41
29
38
34
36
35
25
23
8
16
58
29
20
20
32
23
24
30
34
15
10
35
25
69
40
43
32
39
35
36
37
26
22
8
19
55
25
21
23
34
24
24
27
35
16
10
38
28
71
39
