2
33
12
41
28
21
30
22
14
32
10
21
22
17
30
14
4
19
3
34
13
44
36
25
38
27
23
27
18
22
25
18
30
17
14
16
32
13
46
42
20
32
21
18
31
21
39
21
14
27
16
9
30
6
28
10
47
45
14
20
24
14
27
14
24
13
6
22
16
15
4
24
10
2
47
48
14
23
31
16
21
13
21
6
4
22
16
2
26
1
11
8
53
53
7
20
17
15
36
16
6
6
7
25
16
5
27
11
9
61
61
9
21
14
13
40
17
8
6
13
29
16
36
11
26
10
5
60
59
10
28
15
9
40
15
31
15
18
31
15
43
14
28
2
8
2
51
55
15
29
19
15
30
16
18
15
18
32
13
1
6
9
29
6
3
49
52
13
24
19
11
32
16
18
6
16
32
12
3
10
22
5
2
47
46
11
24
23
13
32
11
27
10
14
31
10
2
42
14
19
1
1
44
45
14
24
13
15
25
15
19
8
14
30
8
58
24
10
38
1
20
4
62
60
29
44
43
30
50
34
45
30
20
34
19
18
28
16
47
27
13
35
5
15
4
54
56
28
42
37
29
36
28
29
35
25
38
18
19
23
9
7
21
9
34
4
15
7
60
59
16
38
19
26
50
26
54
22
25
37
19
12
12
34
16
5
31
3
14
5
55
54
13
33
22
14
39
22
38
14
24
35
17
10
23
72
11
28
12
49
44
8
28
20
12
34
10
13
21
21
31
16
3
14
46
10
26
2
7
42
40
4
30
6
13
25
12
12
6
20
29
14
2
1
9
26
4
2
2
36
39
1
33
5
12
15
12
11
4
18
29
12
6
10
3
24
3
30
34
36
10
25
14
7
9
16
28
9
7
57
5
18
10
1
25
32
4
38
2
28
11
14
2
11
16
27
7
5
63
14
21
12
2
23
36
7
44
11
26
4
20
7
16
22
28
7
15
25
18
4
2
18
18
7
18
38
1
51
2
31
3
28
12
20
27
30
5
23
10
26
11
10
2
26
18
7
16
37
14
58
9
42
4
35
22
39
35
32
7
30
47
33
15
19
10
36
20
5
4
21
38
25
64
30
47
13
34
19
32
42
39
11
40
59
37
15
22
7
38
23
9
5
19
38
27
60
37
43
12
35
19
32
44
43
13
29
42
22
26
5
41
16
10
4
25
38
25
64
27
46
20
36
38
47
47
47
14
38
38
21
23
4
37
17
7
5
28
34
22
62
14
42
26
31
31
41
45
48
13
41
28
30
5
18
36
10
8
1
28
31
21
50
27
37
22
32
12
34
36
42
13
24
43
23
11
34
4
7
37
35
19
49
29
34
30
27
23
34
27
36
14
22
24
9
37
12
1
45
40
24
48
40
31
35
30
27
32
23
33
15
25
26
8
30
15
5
61
46
25
48
25
36
59
32
52
36
21
32
17
31
19
31
3
10
33
16
2
64
48
30
58
30
38
57
35
59
52
23
33
18
41
35
27
7
33
16
67
54
19
49
34
31
51
36
54
44
20
33
18
28
1
19
4
28
16
1
69
55
19
45
33
29
58
34
47
41
18
34
18
23
18
4
34
17
3
63
54
18
47
39
34
48
36
19
39
21
35
16
24
10
29
11
12
9
62
57
4
47
14
37
50
30
62
25
20
34
14
21
22
10
29
11
8
3
50
51
5
45
18
28
36
24
37
21
22
34
12
15
13
1
24
16
6
6
43
52
7
44
22
25
29
35
19
21
26
34
10
13
14
1
2
1
26
24
9
11
41
52
7
53
25
40
34
26
25
20
27
32
12
21
12
27
22
8
14
45
59
8
51
28
31
27
33
21
37
21
26
13
23
71
17
8
2
21
23
4
18
50
70
9
57
16
43
32
47
53
45
17
21
14
23
212
7
22
23
5
19
47
68
7
53
20
41
34
41
32
36
15
20
14
18
340
11
25
20
9
20
46
66
11
49
32
37
33
45
44
24
17
22
15
15
503
10
25
18
9
17
43
59
6
46
24
34
37
39
55
27
19
24
15
10
547
4
7
25
12
7
12
40
49
36
14
25
38
30
47
26
18
24
14
6
522
13
9
31
7
10
7
37
41
4
37
28
30
26
27
34
19
20
29
15
1
468
11
2
32
11
12
7
38
36
8
42
29
30
27
25
34
22
24
34
15
8
259
18
10
6
34
8
14
6
40
32
6
56
19
30
41
17
47
23
28
37
16
25
76
11
24
21
10
7
36
5
15
2
40
29
8
52
16
23
38
15
28
16
29
39
16
25
25
21
4
5
28
7
11
37
26
7
43
21
26
30
12
12
19
26
39
13
20
18
2
5
32
11
37
28
7
47
23
19
29
11
32
17
22
39
15
21
8
14
1
34
15
44
32
6
41
21
14
34
11
21
10
18
36
16
21
29
15
15
32
15
45
36
10
40
31
16
36
13
16
23
16
35
16
14
24
30
19
1
4
34
11
46
40
14
46
29
23
31
18
26
19
19
36
15
16
9
20
6
4
29
4
49
51
10
51
17
31
25
26
21
28
22
37
14
27
15
3
1
31
7
1
50
57
12
48
23
25
33
34
24
36
20
34
14
25
3
2
5
12
28
2
43
54
7
43
16
24
27
32
33
26
18
31
12
18
26
11
19
2
3
45
59
1
42
11
21
26
33
18
12
16
28
11
14
10
21
10
4
9
47
65
1
46
16
26
23
43
20
14
16
26
12
18
12
7
24
11
5
8
47
63
56
5
41
27
43
40
30
21
27
13
30
8
1
25
14
12
8
49
61
2
51
23
32
34
34
12
28
19
28
15
19
17
6
1
25
23
10
9
46
60
51
16
36
32
32
21
27
20
29
15
19
15
13
1
11
27
29
7
10
39
56
3
60
10
43
21
33
14
33
29
33
15
35
20
15
6
9
30
33
10
12
37
51
5
63
22
48
28
30
24
27
33
38
15
30
1
25
19
10
14
33
26
12
9
36
43
9
64
23
43
34
28
32
28
37
42
15
27
18
14
23
21
10
17
32
23
5
1
28
32
8
60
18
27
16
27
18
34
38
44
12
31
10
1
15
12
4
5
32
16
4
29
27
58
14
38
25
22
28
20
32
42
14
22
4
11
10
2
6
26
12
7
1
23
19
52
26
29
22
16
16
18
30
40
13
18
1
9
7
23
11
4
1
25
16
47
21
27
18
14
6
8
24
36
11
19
8
24
3
20
4
24
15
40
6
20
15
2
20
6
19
34
9
8
6
18
2
16
3
20
16
44
14
8
8
16
19
35
7
13
3
19
5
4
31
27
43
21
21
16
3
18
34
10
13
8
21
8
7
32
33
42
4
21
23
13
13
6
20
34
10
17
12
22
7
5
24
8
7
29
40
46
7
26
13
18
19
27
38
10
18
10
9
38
10
2
28
9
6
29
43
40
9
23
18
19
9
16
27
39
10
9
11
3
15
11
4
21
13
7
27
47
52
3
28
17
25
18
18
31
40
9
26
14
15
13
5
22
17
8
26
46
50
5
24
18
22
21
17
32
41
8
21
8
15
10
5
27
11
1
22
40
51
8
31
13
16
17
9
31
41
8
21
27
4
15
10
4
27
5
22
43
52
15
32
11
29
13
28
29
40
8
22
28
17
9
5
34
6
6
24
41
3
48
21
28
23
30
31
35
27
39
10
22
30
23
16
8
35
7
9
21
42
12
61
25
44
25
37
34
33
29
39
11
38
43
22
14
9
37
9
10
18
40
17
57
30
36
24
37
27
41
29
40
10
30
46
16
34
23
18
6
41
15
9
16
32
19
67
29
48
22
34
21
48
39
44
9
40
59
39
29
23
14
46
21
16
16
29
26
72
47
48
26
35
34
35
45
47
10
44
61
32
29
21
17
43
23
10
11
19
14
67
18
40
24
24
39
26
47
49
8
38
49
28
22
18
20
44
21
8
5
11
7
64
13
37
16
16
10
18
44
49
8
32
45
4
17
21
18
12
19
37
18
9
10
10
7
58
25
32
22
12
18
16
39
46
8
25
45
11
18
16
7
9
27
18
3
10
10
4
56
16
29
19
7
7
11
36
45
7
24
45
16
9
6
4
27
17
8
14
53
9
27
5
6
28
39
6
18
49
25
3
4
14
14
16
27
46
22
10
10
10
9
20
34
5
12
54
34
23
15
10
2
20
35
47
23
1
13
6
16
31
7
14
63
32
6
3
16
14
10
30
47
50
9
31
14
21
10
13
16
30
9
15
77
24
2
19
14
15
37
50
50
29
28
23
28
19
17
32
11
16
85
18
7
11
26
13
14
30
45
58
8
31
10
22
11
23
35
11
26
88
16
11
5
15
2
16
14
12
33
48
59
10
30
13
26
11
25
33
10
25
101
9
4
18
17
11
32
46
45
14
22
27
12
6
21
34
9
12
108
4
4
25
13
1
8
28
39
44
12
19
20
15
12
12
22
35
9
12
114
1
5
8
28
4
3
1
25
30
55
20
37
15
15
7
18
24
36
10
25
134
3
26
4
4
26
11
1
24
32
52
32
11
26
12
19
35
7
21
134
8
28
6
8
24
9
22
27
52
9
30
23
15
28
5
21
37
7
18
140
16
7
9
1
27
8
15
15
56
18
28
17
5
23
25
25
42
6
25
159
16
11
12
4
2
31
11
14
14
1
58
15
30
13
14
21
23
28
46
6
29
162
12
17
19
8
9
36
10
5
16
8
6
62
24
32
23
14
32
26
34
49
8
29
175
6
11
21
22
10
10
37
13
6
12
2
6
62
23
28
18
12
19
20
36
48
7
33
184
3
18
21
9
5
40
11
12
15
3
7
60
29
34
22
15
22
37
48
9
31
180
6
13
15
8
41
9
18
19
6
7
54
39
29
30
16
33
19
35
46
10
19
169
8
16
13
14
5
34
7
12
16
8
4
51
29
29
20
20
26
14
33
43
8
19
166
50
12
7
3
36
3
11
16
9
3
47
30
26
17
15
12
31
41
10
18
162
23
6
3
31
4
9
21
10
42
12
22
28
3
25
2
28
38
10
9
154
1
1
27
3
6
17
15
40
4
14
19
9
16
24
34
10
9
148
34
1
29
7
8
2
23
24
36
16
11
12
15
16
6
22
31
12
6
141
1
57
1
1
30
12
9
5
32
33
42
9
26
27
14
1
12
21
30
14
6
120
8
26
6
7
2
24
16
8
8
28
36
49
16
26
21
19
5
24
29
14
14
107
9
5
10
1
21
21
5
14
30
42
52
8
28
15
20
17
9
24
28
13
17
92
7
21
3
20
17
13
31
43
48
20
13
15
5
9
20
29
11
9
68
11
73
18
18
9
29
43
44
5
15
9
17
8
5
19
29
10
7
59
5
57
2
17
19
9
32
43
50
4
34
13
15
8
8
21
31
9
14
39
2
7
1
10
5
18
16
9
32
40
54
2
30
8
10
9
23
32
9
15
30
4
21
3
15
7
18
19
10
31
37
59
26
3
10
5
24
32
8
23
11
12
57
7
19
11
17
18
5
28
30
64
3
31
3
6
4
1
26
34
7
27
9
49
6
16
7
18
19
4
30
27
60
8
25
7
3
9
24
32
7
24
12
23
15
23
20
6
34
27
69
3
37
17
12
11
21
29
34
10
37
16
31
4
24
30
25
8
9
36
31
1
77
11
47
23
24
31
32
36
37
12
43
4
39
22
36
7
23
36
24
11
6
35
27
7
79
21
45
25
23
12
28
40
37
13
43
5
55
27
36
10
19
36
18
13
1
31
25
6
80
25
48
26
25
18
35
40
35
13
46
1
10
25
36
8
15
33
15
17
2
34
29
5
79
25
45
37
32
28
46
38
34
14
49
23
36
7
13
35
10
12
26
19
3
79
18
49
27
23
23
28
37
35
12
51
4
39
21
29
5
6
29
3
9
25
17
5
70
22
35
25
21
10
23
34
35
8
45
45
11
23
1
24
7
29
16
59
13
29
37
20
30
17
29
33
7
28
1
14
22
2
19
11
54
6
27
14
12
15
10
25
32
5
19
4
14
25
5
3
19
14
50
17
21
14
12
6
28
33
7
18
22
9
18
1
30
13
5
4
26
23
50
19
23
18
21
4
13
33
36
9
19
41
13
22
3
8
23
20
4
28
27
58
13
30
17
16
23
38
37
8
23
11
18
31
5
16
21
27
9
27
34
66
1
38
21
25
8
14
42
38
8
32
18
33
5
15
25
25
13
27
38
67
36
3
27
14
17
42
38
8
35
16
9
23
6
19
23
14
33
41
57
25
9
19
14
34
36
8
26
39
3
15
4
20
16
9
35
42
48
25
8
16
7
30
35
9
15
11
11
1
18
16
10
36
43
49
29
1
15
5
26
33
9
9
8
15
17
14
42
45
45
21
10
8
21
29
10
15
3
17
8
3
12
48
47
41
14
16
10
5
18
25
13
8
33
3
16
14
1
14
46
46
45
21
11
17
9
19
25
12
9
19
5
13
7
20
24
3
17
51
49
51
8
32
22
18
17
17
24
27
13
17
13
24
10
26
26
11
22
59
56
64
8
39
36
36
19
29
26
28
16
29
18
27
12
31
29
15
21
57
51
2
73
20
49
35
37
22
22
25
29
16
40
20
18
28
14
28
23
18
14
55
43
5
68
34
41
41
28
21
24
22
28
15
38
17
12
22
6
28
18
16
9
50
36
9
63
39
39
33
30
34
18
27
14
31
8
22
10
29
16
15
7
50
28
63
18
38
49
21
37
22
19
26
14
31
11
24
3
26
11
12
5
39
21
63
18
35
34
21
26
29
22
27
12
32
32
9
17
32
4
13
34
17
2
54
33
26
33
15
7
18
23
28
11
24
41
14
20
2
29
5
11
36
20
55
24
27
40
18
28
20
30
31
11
21
19
25
3
5
27
8
9
1
38
28
62
19
37
31
31
52
32
37
33
11
34
22
33
6
12
35
9
16
2
41
25
7
66
33
34
44
19
36
23
41
34
12
37
1
32
24
36
9
15
34
12
11
1
36
27
5
70
27
40
30
25
18
29
44
36
11
40
40
24
37
9
19
24
14
7
1
36
28
4
71
21
42
27
30
28
20
46
36
10
43
21
37
5
20
21
20
5
6
38
31
72
10
37
27
28
32
22
42
34
9
33
15
30
1
14
23
22
4
10
40
38
66
8
30
27
30
26
36
32
9
29
2
15
13
27
15
21
19
4
8
40
42
69
12
47
24
35
2
25
34
32
7
34
10
33
6
20
12
21
21
1
7
38
46
65
13
44
17
32
5
24
30
31
7
27
4
18
9
20
22
4
9
42
48
58
7
34
29
28
6
16
26
30
9
19
2
8
25
12
21
23
3
13
40
51
71
1
47
27
34
31
27
26
29
9
34
14
11
25
12
21
24
3
14
36
50
70
12
41
22
27
14
31
24
26
10
37
20
32
12
21
9
25
21
6
12
36
48
67
16
39
27
27
17
19
21
25
12
29
11
5
12
21
9
23
23
5
14
37
50
68
10
40
24
30
29
21
21
24
12
30
18
28
11
24
21
8
14
36
41
71
18
43
20
15
14
19
26
27
14
35
2
15
27
6
32
16
14
13
39
39
65
22
33
27
15
3
25
26
28
16
35
9
13
16
23
5
28
15
12
8
41
36
57
19
27
27
12
17
21
27
29
15
22
8
17
23
3
27
10
8
4
37
26
54
11
23
18
5
7
29
30
14
19
10
12
20
28
6
9
4
35
24
48
5
16
16
3
7
28
31
13
20
9
15
22
25
6
8
2
36
21
50
21
23
21
5
17
3
29
32
13
20
5
20
12
18
24
5
9
38
19
45
30
16
29
7
7
29
32
13
10
5
12
16
19
25
5
11
41
21
46
19
17
33
1
12
12
31
33
14
11
19
26
2
25
8
8
6
47
31
57
14
29
30
15
18
12
33
30
15
23
26
35
7
12
29
12
13
11
50
33
58
17
29
38
15
29
11
41
32
16
28
25
31
37
12
16
30
13
12
8
49
28
1
60
17
27
41
8
34
12
47
37
15
26
24
23
32
7
10
23
10
9
7
45
31
54
20
21
35
13
21
8
44
37
13
21
21
27
6
5
27
7
11
6
41
28
1
49
27
13
25
2
39
38
12
16
16
22
2
30
6
10
6
35
22
41
17
6
20
35
37
12
11
18
24
3
2
29
4
13
2
36
25
44
17
14
24
2
1
36
37
12
9
6
18
21
2
5
30
10
12
1
37
32
49
19
19
24
9
35
36
11
10
13
21
1
5
32
14
17
7
44
44
47
21
31
36
23
3
13
33
35
12
10
19
30
5
13
36
21
24
11
52
53
2
64
30
40
46
25
20
23
37
36
15
26
6
28
35
12
20
38
30
18
17
53
65
2
71
16
38
37
37
40
30
42
37
15
35
42
35
40
16
23
41
29
22
17
61
73
6
75
23
49
50
41
32
34
44
37
18
32
2
33
38
15
22
35
30
23
16
60
64
6
76
34
46
50
28
31
26
44
37
17
40
30
33
12
15
35
27
19
15
51
56
2
67
28
40
32
25
21
28
40
36
16
32
3
34
37
14
14
38
16
18
9
45
48
6
68
25
36
26
17
22
18
41
36
17
29
48
28
36
9
12
31
16
10
6
44
43
65
9
32
25
12
26
13
37
35
15
32
13
25
30
8
1
37
12
16
6
41
37
57
20
25
25
9
4
9
34
35
17
21
23
28
8
3
36
12
14
5
31
29
58
17
25
18
4
8
5
35
37
16
23
7
23
31
6
6
32
11
9
3
27
24
57
10
21
20
6
12
35
36
13
23
48
30
34
11
8
35
9
7
23
21
3
61
19
23
13
1
5
9
39
38
12
26
46
13
21
1
5
32
14
17
7
44
44
47
21
31
36
23
3
13
33
35
12
10
19
30
5
13
36
21
24
11
52
53
2
64
30
40
46
25
20
23
37
36
15
26
6
28
35
12
20
38
30
18
17
53
65
2
71
16
38
37
37
40
30
42
37
15
35
42
35
40
16
23
41
29
22
17
61
73
6
75
23
49
50
41
32
34
44
37
18
32
2
33
38
15
22
35
30
23
16
60
64
6
76
34
46
50
28
31
26
44
37
17
40
30
33
12
15
35
27
19
15
51
56
2
67
28
40
32
25
21
28
40
36
16
32
3
34
37
14
14
38
16
18
9
45
48
6
68
25
36
26
17
22
18
41
36
17
29
48
28
36
9
12
31
16
10
6
44
43
65
9
32
25
12
26
13
37
35
15
32
13
25
30
8
