71
27
11
33
32
56
25
39
11
38
54
21
36
4
27
42
19
33
8
21
42
10
29
6
18
32
5
15
15
7
17
40
10
28
11
13
32
16
2
15
3
16
7
23
42
13
29
17
10
17
32
32
14
21
3
8
16
7
25
50
16
11
25
23
27
10
40
47
28
29
5
14
8
21
58
6
18
18
29
40
3
25
47
59
37
36
18
21
22
59
1
18
17
33
50
12
22
48
2
68
47
43
22
20
26
59
2
13
21
40
56
22
21
48
7
77
57
48
41
26
20
21
54
4
21
43
60
29
27
47
10
82
65
54
27
27
24
23
47
1
24
43
60
30
24
43
9
84
68
56
21
26
22
1
25
42
5
28
43
58
29
30
38
7
85
65
54
36
24
30
56
77
50
32
44
12
34
36
34
29
41
59
86
52
43
45
10
31
50
27
28
42
6
53
87
40
42
37
7
24
53
18
25
34
10
43
78
27
33
30
3
16
50
5
12
24
18
35
73
18
24
25
10
42
6
20
19
36
72
19
21
24
10
37
6
16
23
36
68
24
20
25
8
39
3
18
27
35
64
27
20
26
9
34
3
20
21
38
69
30
25
28
9
38
6
17
18
39
73
36
32
33
16
47
2
16
24
23
42
76
37
35
36
10
24
51
8
16
18
28
25
30
26
44
78
32
35
33
18
2
19
55
17
29
32
33
20
4
29
29
45
80
25
32
30
26
15
22
60
21
41
43
40
15
9
35
6
35
43
80
17
28
29
35
27
4
21
60
23
52
53
49
36
16
30
20
39
42
78
18
23
33
38
31
7
19
61
24
57
58
48
50
18
28
26
34
38
75
16
14
33
40
31
6
27
59
21
58
55
45
26
18
29
27
33
37
68
15
4
32
38
30
4
22
45
12
57
50
44
14
15
30
24
32
41
67
24
3
37
36
29
21
39
7
57
46
41
21
13
29
14
28
44
68
29
7
38
35
31
24
38
3
58
43
41
25
11
31
7
27
41
65
31
11
36
33
33
22
36
4
58
44
45
25
9
27
15
28
34
62
22
11
33
30
31
23
31
55
38
39
16
7
23
32
29
58
16
11
28
28
29
18
29
51
32
35
9
5
21
25
23
25
55
10
10
24
29
30
8
29
48
28
30
7
10
20
19
14
17
50
2
19
28
29
1
24
45
24
22
13
7
4
21
11
5
11
40
14
25
27
17
40
21
17
8
8
5
5
12
7
33
12
25
25
12
36
19
11
11
6
13
8
27
12
21
18
8
30
15
4
10
2
10
21
15
16
9
21
5
5
7
7
17
7
18
11
2
13
9
8
18
9
19
5
7
4
9
23
12
21
2
1
8
12
26
18
1
22
12
8
27
8
2
16
15
5
31
1
3
9
3
19
4
34
5
5
13
20
7
40
5
5
25
10
16
42
1
8
27
10
2
6
18
45
15
1
29
3
19
7
8
12
4
26
50
7
2
20
7
4
36
11
10
29
9
11
17
12
34
54
20
5
27
11
14
39
13
18
34
17
14
27
21
26
51
22
7
32
12
18
38
10
21
34
17
5
20
27
22
49
17
8
26
11
2
8
35
7
21
34
16
15
24
16
49
9
11
26
13
6
1
35
8
23
37
16
17
7
30
4
46
9
24
17
13
34
9
26
44
12
12
3
28
36
14
18
20
2
26
5
26
51
6
23
7
18
25
5
19
27
8
18
2
27
55
11
10
20
25
3
21
35
16
18
4
31
62
4
16
16
1
31
7
26
43
25
25
9
39
71
6
20
19
8
36
8
27
48
29
29
11
45
73
12
22
20
7
8
37
9
23
46
30
25
8
43
70
13
26
19
6
8
39
11
20
43
28
25
6
42
67
19
26
17
5
2
9
43
3
14
19
36
22
27
4
38
58
17
16
14
7
2
8
44
4
5
18
18
29
14
1
23
35
48
16
17
12
1
1
46
6
17
17
25
8
23
31
41
14
10
9
18
7
49
7
18
16
22
2
25
30
34
13
9
27
8
49
7
19
19
23
28
31
30
17
11
24
12
53
9
19
21
24
32
29
28
18
20
11
24
15
54
1
10
19
20
20
2
30
26
25
19
17
10
4
28
20
51
9
8
20
18
15
5
27
22
19
14
2
9
14
32
25
52
21
9
24
16
8
4
25
15
11
14
5
16
35
24
50
25
12
19
8
20
3
1
7
11
26
32
21
45
24
10
14
1
11
9
18
37
17
45
25
10
15
4
8
40
21
52
28
20
18
9
7
26
24
58
31
26
25
14
10
49
7
24
63
26
30
24
16
9
16
23
63
23
32
25
19
5
41
29
65
25
35
30
26
14
47
36
70
26
37
30
6
33
19
52
29
64
22
29
29
29
11
46
19
53
14
19
21
16
9
20
15
46
11
14
16
11
3
5
28
54
23
16
19
17
10
36
64
33
20
24
6
22
3
27
39
75
36
22
29
3
17
33
14
10
33
45
79
36
23
35
12
22
41
13
25
22
37
42
79
29
20
39
21
11
28
44
3
27
34
28
8
3
38
34
73
17
15
34
24
23
3
21
42
3
36
37
31
12
7
28
2
26
64
7
7
27
22
29
7
16
34
37
37
27
3
9
24
4
21
58
3
2
18
20
36
13
14
32
39
43
27
10
12
25
1
3
21
54
10
20
40
19
13
30
4
40
48
27
2
15
23
5
13
14
50
5
20
42
24
4
27
4
38
52
22
13
17
10
5
20
9
46
2
18
39
21
1
24
1
35
48
17
19
16
10
5
22
12
51
19
36
16
13
28
2
34
45
19
6
16
19
8
19
17
55
1
21
32
11
9
31
32
41
17
15
22
6
11
16
54
7
20
23
11
31
28
30
15
6
12
20
10
5
12
51
9
15
11
7
28
20
20
10
10
5
14
8
3
13
45
16
9
19
9
6
14
10
5
38
17
6
13
4
8
22
6
37
16
6
1
14
4
4
12
26
20
45
5
25
10
10
19
9
10
25
9
21
23
53
7
26
14
16
25
16
20
26
21
14
31
53
13
1
27
17
18
30
16
23
30
26
15
5
37
59
17
3
27
17
23
30
15
24
36
30
10
33
63
14
4
21
12
21
30
10
24
33
31
6
36
63
14
5
20
7
20
30
4
22
40
36
17
37
65
18
10
22
3
19
29
20
38
36
16
37
64
25
14
27
26
24
13
2
34
29
21
43
68
37
19
34
21
22
10
40
28
32
42
72
35
25
36
19
27
14
37
34
23
45
75
34
32
39
5
29
31
8
21
43
42
20
18
56
85
48
39
45
11
35
41
7
18
29
6
52
50
27
7
62
94
46
43
43
15
37
48
9
11
28
34
18
57
61
26
67
95
47
43
41
16
35
50
15
14
35
32
12
60
65
27
63
95
42
43
37
19
3
39
54
22
18
44
36
19
60
72
20
11
63
93
36
40
33
23
12
43
57
30
24
53
40
39
4
61
77
11
15
66
91
41
36
35
27
19
1
40
57
32
30
58
41
42
9
61
81
9
1
60
85
35
29
34
30
25
7
39
52
27
34
60
42
36
12
61
88
9
54
82
30
25
35
36
31
12
39
50
26
38
60
41
36
16
58
93
14
12
55
85
34
28
40
41
34
14
41
51
24
42
58
44
30
20
54
97
21
8
58
83
38
27
41
41
32
8
41
44
14
41
50
43
23
20
55
95
21
2
53
76
37
22
42
38
26
38
35
4
36
37
37
12
17
53
94
20
11
48
69
33
15
41
36
21
33
27
33
24
31
16
46
96
22
30
37
62
22
6
37
34
16
23
17
28
12
22
14
36
87
13
22
34
55
17
29
29
11
19
12
23
3
17
11
32
88
6
5
32
51
11
25
26
7
15
7
19
12
9
30
90
9
4
26
48
5
21
24
2
10
1
13
2
7
25
90
8
9
34
52
8
19
21
2
11
6
13
3
7
33
101
1
18
39
58
11
22
23
4
18
12
15
8
7
39
110
6
34
60
14
21
20
21
12
12
5
3
36
118
6
32
57
9
18
12
3
7
1
30
116
13
21
45
2
16
4
1
20
115
13
5
35
16
4
112
12
3
31
16
2
104
11
25
12
1
113
17
8
32
9
5
124
21
30
49
6
9
8
9
30
136
15
41
63
14
12
28
25
12
43
159
7
60
73
32
9
18
36
34
23
55
169
12
2
65
77
37
13
21
44
39
31
1
66
172
14
3
54
74
33
14
25
43
35
1
32
65
165
7
51
67
33
10
26
31
26
1
25
53
150
7
44
64
22
6
23
26
22
2
21
46
142
16
40
61
20
1
25
1
19
12
4
16
41
126
18
34
54
16
27
8
17
7
10
18
31
115
13
31
53
14
28
17
11
3
18
21
29
109
12
32
49
16
29
23
6
11
24
4
18
28
94
10
27
48
13
28
26
11
14
27
9
21
2
30
81
11
6
31
49
17
29
29
14
14
27
12
20
7
34
70
17
17
31
43
16
27
28
18
13
25
13
19
8
31
55
21
1
27
39
13
27
26
15
12
21
10
12
6
30
34
23
1
20
33
8
27
25
11
8
20
9
9
5
20
24
25
22
24
33
13
29
26
10
10
19
10
9
6
25
12
28
27
33
44
18
35
28
8
12
20
12
12
6
33
6
27
16
44
53
26
41
30
5
16
5
21
12
17
6
41
3
24
9
45
57
28
41
30
2
32
5
22
9
18
5
46
26
16
44
65
27
1
38
31
1
27
12
23
8
22
7
47
24
12
53
73
30
7
37
33
1
29
23
24
12
27
10
54
18
62
83
37
16
35
30
40
33
22
12
29
2
8
63
17
63
87
37
20
26
22
32
35
13
9
24
6
2
61
14
60
85
33
22
19
12
32
33
4
3
17
59
11
1
60
83
37
24
20
7
28
34
17
59
2
55
84
37
27
22
2
28
35
14
14
54
58
86
36
30
25
1
31
39
14
57
4
60
88
38
30
31
3
30
41
3
21
59
5
57
92
38
28
36
6
38
41
8
26
56
2
56
86
38
21
37
9
37
37
10
26
56
5
51
80
31
12
35
12
35
32
12
27
56
6
51
77
22
6
33
18
38
28
15
28
56
6
49
74
21
32
22
40
23
18
29
58
1
46
72
16
27
23
37
22
17
30
54
1
49
73
14
21
19
35
24
12
26
57
7
49
74
13
16
13
41
24
9
25
64
9
56
76
25
21
13
1
44
26
11
31
64
3
63
80
36
3
30
14
44
30
11
3
28
71
62
77
36
3
31
11
41
25
9
3
24
69
3
56
67
32
32
11
37
14
6
18
61
14
45
56
27
34
12
31
7
5
15
55
4
39
49
23
34
14
18
4
9
49
28
39
11
30
14
15
3
4
37
17
32
23
15
16
2
1
29
21
34
1
23
19
8
8
1
30
28
38
5
27
27
16
16
8
5
36
2
40
50
13
27
31
5
27
25
18
6
48
2
50
61
22
27
33
7
29
7
30
22
7
57
1
52
64
25
25
31
7
31
11
31
1
22
7
58
56
68
27
3
22
28
8
34
13
32
3
23
4
58
2
57
68
30
4
23
25
6
34
10
31
4
20
2
61
2
54
66
32
4
29
24
7
31
10
31
5
19
61
2
56
70
35
9
35
25
9
34
15
35
7
23
61
39
49
23
34
14
18
4
9
49
28
39
11
30
14
15
3
4
37
17
32
23
15
16
2
1
29
21
34
1
23
19
8
8
1
30
28
38
5
27
27
16
16
8
5
36
2
40
50
13
27
31
5
27
25
18
6
48
2
50
61
22
27
33
7
29
7
30
22
7
57
1
52
64
25
25
31
7
31
11
31
1
22
7
58
56
68
27
3
22
28
8
34
13
32
3
23
4
58
2
57
68
30
4
23
25
6
34
10
31
4
20
2
61
2
54
66
32
4
29
24
7
31
10
31
5
19
61
2
56
70
35
9
35
25
9
34
15
35
7
23
61
50
70
30
13
25
14
9
3
52
44
64
27
12
27
2
12
2
4
41
37
60
25
7
29
7
14
4
34
34
55
22
1
30
10
2
3
4
33
29
55
17
29
17
5
9
10
6
30
38
63
23
1
31
25
13
11
18
11
5
5
37
40
68
18
4
30
30
21
16
4
25
16
12
9
44
38
67
8
27
34
25
28
5
33
16
21
11
49
39
66
8
25
34
24
20
4
35
12
21
10
48
38
64
5
23
33
19
23
2
34
9
22
8
46
39
59
10
21
30
13
24
29
3
19
4
47
34
52
10
15
24
7
16
23
9
2
41
32
47
11
15
22
4
9
20
2
1
38
2
32
43
15
17
21
2
11
17
1
38
4
30
40
14
21
22
1
8
15
1
32
31
39
11
21
22
8
14
34
34
45
9
22
20
7
9
37
5
40
51
14
28
21
8
7
38
14
38
53
10
23
18
14
1
36
38
53
11
24
12
12
40
50
57
18
27
7
15
1
51
58
70
27
31
5
32
8
58
11
63
74
33
36
4
39
9
15
66
11
63
74
29
35
1
38
13
11
68
60
71
31
34
37
10
6
66
4
16
61
70
31
1
32
36
11
7
68
6
22
60
74
32
6
28
40
14
10
66
8
60
73
32
6
23
2
31
10
2
6
63
52
69
25
5
16
5
24
5
9
6
56
50
63
26
19
14
4
22
19
7
55
2
14
51
63
23
26
25
20
27
3
32
2
14
2
56
4
48
61
21
30
33
30
30
3
42
10
22
9
57
45
55
16
29
35
31
21
41
11
17
11
53
4
2
34
49
7
25
33
29
16
37
11
10
12
40
19
30
47
5
23
32
28
12
33
10
4
13
35
16
29
45
2
20
31
27
9
29
8
2
13
36
5
25
41
1
15
27
25
2
24
5
11
32
18
20
37
14
24
21
19
9
27
23
25
41
4
16
25
21
1
18
1
10
30
3
10
36
46
16
16
22
21
2
16
9
37
9
30
43
14
12
14
13
8
5
30
16
28
43
11
8
8
5
1
21
32
28
45
14
10
6
2
22
31
27
48
9
2
9
6
32
27
37
58
10
7
10
4
31
26
41
65
18
9
16
3
3
40
19
46
72
21
9
22
5
14
45
1
26
48
69
24
6
27
4
13
42
32
52
68
28
4
28
1
16
48
35
53
73
30
8
23
15
46
41
56
73
33
11
23
16
52
46
60
78
35
14
25
21
55
43
65
85
38
20
24
22
59
39
72
91
41
28
23
30
3
68
38
73
101
38
35
24
35
16
68
36
80
107
46
37
33
40
25
8
76
34
80
103
40
31
31
7
44
23
1
19
6
78
42
73
99
30
19
29
15
42
18
7
5
18
70
43
67
89
28
5
32
21
33
8
14
7
13
69
34
2
64
79
23
33
26
2
31
5
19
9
15
69
30
52
68
28
4
28
1
16
48
35
53
73
30
8
23
15
46
41
56
73
33
11
23
16
52
46
60
78
35
14
25
21
55
43
65
85
38
20
24
22
59
39
72
91
41
28
23
30
3
68
38
73
101
38
35
24
35
16
68
36
80
107
46
37
33
40
25
8
76
34
80
103
40
31
31
7
44
23
1
19
6
78
42
73
99
30
19
29
15
42
18
7
5
18
70
43
67
89
28
5
32
21
33
8
14
7
13
69
34
2
64
79
23
33
26
2
31
5
19
9
15
69
30
66
76
24
35
27
2
33
3
22
13
15
1
67
28
61
72
23
31
25
1
34
22
16
12
1
65
26
57
68
20
28
25
1
24
24
19
9
1
59
26
54
68
16
27
28
5
26
30
23
15
5
53
24
55
70
18
27
28
8
25
2
33
27
17
7
55
18
52
74
14
3
24
28
8
25
8
35
32
19
5
55
16
57
83
17
9
25
31
12
33
18
39
35
25
6
61
16
13
63
86
24
9
30
32
11
31
22
42
36
31
4
61
15
8
67
87
27
3
31
31
6
36
18
40
29
30
6
1
67
12
68
85
26
30
28
2
37
13
38
19
28
7
69
9
65
81
25
26
24
39
9
37
12
27
70
12
67
79
26
25
21
41
12
33
9
27
70
14
1
65
77
25
25
19
34
10
29
2
25
67
7
66
73
24
18
11
31
9
24
19
67
59
71
16
11
5
35
8
19
19
63
59
75
25
1
19
2
36
8
13
17
65
7
70
86
38
14
26
39
16
10
18
67
1
4
74
88
43
19
31
40
19
6
20
73
1
77
86
47
18
33
41
13
15
77
74
82
44
12
30
40
6
10
73
8
5
75
77
42
5
30
23
2
2
65
8
65
75
36
30
33
65
8
3
57
68
30
31
38
67
78
2
12
53
64
22
28
19
54
104
5
29
45
66
16
27
5
25
50
59
20
14
51
68
21
27
11
21
1
52
76
23
48
68
18
3
26
16
22
2
7
51
144
18
7
51
71
23
9
26
17
21
10
8
52
66
38
21
54
74
27
8
28
21
8
23
16
11
4
53
56
3
53
68
23
1
26
23
14
23
21
9
14
7
52
60
52
63
21
23
25
20
16
24
17
9
9
50
60
48
62
15
22
29
30
9
18
31
28
12
13
52
60
13
56
67
20
22
31
37
16
30
36
37
17
16
61
48
27
56
71
19
19
32
39
21
30
3
37
42
18
18
58
25
2
54
66
16
16
29
38
20
24
35
41
16
16
57
15
54
68
17
14
27
37
20
19
3
33
42
14
6
14
54
17
55
76
16
15
28
41
20
18
10
37
46
19
3
14
53
19
1
54
78
15
1
15
30
41
18
27
10
40
45
23
13
55
2
15
45
74
8
14
26
36
14
13
4
38
40
18
2
10
46
14
47
68
13
14
23
30
9
14
35
36
16
7
49
4
14
50
67
16
19
26
28
11
30
37
37
19
8
52
4
17
51
67
19
23
27
26
12
19
37
39
18
10
53
6
8
51
65
23
28
25
19
4
26
36
32
19
7
54
6
60
66
32
31
24
13
28
35
21
20
3
60
4
61
69
34
33
19
5
29
30
12
15
65
3
1
1
56
71
32
1
34
12
30
22
3
12
61
60
76
37
9
31
1
19
10
3
57
58
78
33
13
25
28
1
60
62
83
36
17
25
23
3
1
60
70
90
41
23
23
28
8
2
67
73
91
43
21
27
33
8
6
67
1
68
87
41
13
28
26
3
3
63
3
63
78
32
5
25
28
65
4
63
74
32
2
28
24
60
4
65
75
35
5
27
22
64
1
67
72
37
5
25
15
62
53
71
28
3
22
20
47
8
46
70
22
2
24
2
24
56
22
57
71
27
2
23
7
