4999
4838
4838
4999
1210
4999
1101
4999
4996
4839
2911
3415
754
1180
2237
1654
4928
4913
4909
4999
4999
4831
4832
4999
1177
4999
1071
4999
4999
4832
2826
3304
744
1145
2174
1614
4999
4906
4902
4999
4999
4824
4827
4999
1123
4999
1021
4999
4999
4825
2714
3181
689
1089
2085
1532
4995
4900
4896
4999
4999
4819
4877
4999
1086
4999
986
4999
4999
4819
2626
3078
663
1053
2017
1476
4999
4893
4889
4999
4999
4812
4989
4999
1064
4999
967
4999
4999
4813
2548
2981
654
1032
1965
1454
4999
4887
4883
4999
4999
4806
4994
4999
1019
4999
927
4999
4999
4807
2459
2885
627
986
1893
1400
4999
4880
4876
4999
4999
4799
4999
4999
986
4999
899
4999
4999
4800
2383
2790
610
955
1834
1358
4999
4874
4870
4999
4999
4793
4999
4999
956
4999
873
4999
4999
4807
2304
2697
588
929
1774
1324
4999
4867
4863
4999
4984
4798
4999
4992
855
4994
781
4992
4999
4904
1918
1990
531
829
1585
1191
4999
4861
4857
4750
4679
4919
51
4999
4682
4765
4651
223
4779
275
415
4999
223
4743
4854
4850
4400
4291
4994
428
4994
4244
4452
4172
1548
4502
1890
2813
4986
1530
4431
74
4848
4844
4326
4264
4979
274
4986
4206
4423
4133
1038
4418
1277
1901
4990
1028
4365
27
4841
4837
45
39
94
109
25
36
67
46
99
88
243
286
68
101
188
135
1
31
1
5
1
140
140
136
120
327
383
90
133
248
176
74
63
182
214
48
73
138
94
96
96
144
126
347
407
94
141
263
184
141
123
344
403
92
140
261
182
56
56
161
140
390
457
105
159
295
206
191
167
464
543
125
189
352
247
3
3
192
167
466
545
125
189
352
246
10
10
225
198
546
639
147
223
414
290
230
201
558
652
149
228
422
296
16
16
253
222
613
717
164
250
464
325
266
233
644
754
173
263
488
342
7
7
280
246
679
794
182
277
514
361
297
261
720
842
193
294
545
383
308
270
747
874
200
305
566
397
2
2
325
285
786
920
211
321
596
419
336
295
814
952
218
332
617
434
2
2
350
307
847
991
227
346
642
452
362
317
877
1026
235
359
665
468
1
1
373
328
905
1058
242
370
686
483
385
339
934
1092
250
381
708
499
396
348
960
1122
258
392
728
513
407
358
987
1154
265
403
749
528
417
367
1011
1182
271
413
767
542
428
377
1036
1211
278
424
786
555
437
385
1060
1239
284
433
804
568
447
393
1083
1266
290
442
821
580
456
402
1105
1291
295
451
838
592
465
410
1127
1317
302
461
855
604
474
417
1147
1341
307
469
871
616
482
425
1166
1364
312
477
885
626
490
432
1186
1386
317
485
901
638
498
440
1206
1409
323
494
915
649
507
448
1225
1431
329
502
930
660
516
455
1243
1452
334
510
945
671
524
462
1261
1474
340
518
959
681
532
470
1278
1493
345
526
972
691
539
476
1295
1512
350
533
985
700
546
483
1311
1531
355
540
997
710
553
489
1326
1548
360
547
1009
718
560
495
1340
1565
364
553
1020
727
566
501
1355
1582
369
560
1031
736
573
507
1369
1598
373
566
1042
744
580
513
1383
1614
377
572
1053
752
585
518
1396
1629
381
578
1063
759
590
522
1408
1643
385
582
1072
767
594
526
1418
1655
387
586
1080
773
599
530
1429
1668
389
591
1088
778
603
534
1440
1681
393
596
1097
785
607
538
1450
1692
395
599
1105
790
612
541
1459
1703
397
603
1112
796
615
545
1469
1715
400
608
1119
802
619
548
1478
1725
402
611
1126
807
623
552
1486
1735
404
614
1132
812
626
555
1495
1745
407
618
1139
816
630
558
1503
1755
409
621
1145
821
633
561
1511
1763
411
624
1152
826
636
563
1518
1772
413
627
1157
830
639
567
1526
1781
415
630
1163
834
642
569
1532
1788
417
633
1168
838
645
572
1539
1796
418
635
1173
842
648
574
1545
1804
420
638
1178
846
650
576
1551
1810
422
641
1183
850
653
579
1557
1817
423
643
1187
852
655
581
1563
1824
424
645
1191
856
657
583
1568
1830
426
648
1195
859
659
584
1573
1836
427
649
1199
862
661
586
1577
1841
428
651
1203
865
663
588
1582
1847
429
654
1207
868
665
590
1587
1852
430
656
1210
870
667
592
1590
1857
431
657
1213
873
668
593
1595
1862
432
659
1217
875
670
595
1599
1866
434
660
1220
878
672
596
1602
1871
435
662
1222
880
673
597
1606
1875
435
663
1225
882
674
599
1609
1879
436
664
1228
884
676
600
1612
1882
437
666
1230
886
677
601
1615
1886
438
667
1232
887
679
602
1618
1889
439
668
1235
889
680
604
1621
1893
439
670
1237
891
681
605
1623
1895
440
670
1239
893
682
605
1626
1898
440
671
1241
895
682
606
1628
1901
441
672
1242
896
684
607
1630
1903
441
673
1244
897
684
608
1632
1905
441
674
1246
898
685
609
1634
1908
442
675
1247
900
686
609
1636
1909
442
675
1248
901
687
610
1637
1911
443
676
1249
902
687
610
1639
1913
444
676
1251
903
688
611
1640
1915
444
677
1252
904
689
611
1642
1916
444
677
1253
905
689
612
1643
1918
445
678
1254
906
690
613
1643
1919
445
678
1255
906
690
613
1644
1920
444
679
1255
907
690
613
1645
1921
445
679
1256
908
691
613
1646
1922
445
679
1257
908
691
614
1647
1923
445
680
1257
909
691
614
1648
1923
446
680
1258
909
691
614
1648
1924
445
680
1259
910
692
615
1649
1925
446
680
1259
910
692
615
1649
1925
446
680
1259
910
692
615
1649
1925
446
680
1259
910
692
615
1650
1926
446
681
1259
911
692
615
1649
1925
446
680
1259
911
692
615
1649
1926
446
680
1260
911
692
616
1650
1926
446
681
1260
911
692
616
1649
1925
445
680
1259
911
692
615
1649
1925
445
680
1259
912
692
615
1649
1925
446
681
1260
912
692
615
1649
1925
446
680
1259
912
692
615
1649
1924
445
680
1259
911
692
615
1649
1924
445
680
1259
912
691
615
1648
1924
445
680
1259
912
692
615
1647
1923
445
679
1258
911
691
615
1647
1922
445
679
1258
911
691
614
1647
1922
445
680
1257
911
691
614
1646
1921
444
679
1257
910
691
614
1645
1920
444
678
1256
910
690
614
1645
1920
444
678
1256
910
690
613
1644
1919
444
678
1255
910
689
613
1642
1918
444
677
1255
909
689
613
1642
1917
444
677
1254
909
689
612
1641
1916
443
677
1253
909
689
612
1640
1914
443
676
1253
908
688
612
1639
1913
442
676
1252
908
688
612
1638
1912
442
676
1252
908
687
612
1637
1911
442
675
1251
907
687
611
1636
1909
441
675
1249
906
686
610
1635
1909
441
674
1250
906
686
610
1634
1907
441
674
1248
906
685
610
1632
1906
440
673
1247
904
685
609
1631
1905
440
673
1247
903
684
609
1630
1903
440
672
1245
904
684
608
1629
1902
439
672
1245
903
684
608
1628
1901
439
671
1244
902
683
608
1627
1899
439
670
1243
902
682
607
1625
1897
438
670
1242
901
682
607
1624
1895
438
669
1241
900
681
606
1623
1894
438
669
1240
900
680
606
1621
1893
437
668
1239
899
680
605
1620
1891
437
668
1238
898
679
605
1618
1889
436
667
1237
898
679
604
1617
1887
436
667
1236
897
679
604
1615
1886
435
666
1234
896
678
603
1614
1884
435
666
1233
895
677
603
1613
1883
435
665
1233
895
677
602
1611
1880
434
664
1231
894
676
602
1609
1878
434
663
1230
893
675
601
1608
1877
433
663
1229
892
675
600
1606
1875
433
662
1228
891
674
600
1605
1873
432
661
1226
890
673
599
1603
1872
432
661
1225
890
672
598
1602
1870
432
660
1224
889
672
598
1600
1867
431
660
1222
888
671
598
1598
1866
431
659
1222
887
670
597
1596
1864
431
658
1220
886
670
596
1595
1862
430
658
1219
886
669
596
1593
1860
429
657
1218
885
668
595
1592
1858
429
657
1217
884
668
594
1590
1856
429
655
1215
883
667
594
1588
1854
428
655
1214
882
666
593
1587
1852
428
654
1213
881
665
592
1585
1850
427
653
1212
880
665
592
1583
1848
427
653
1210
879
664
592
1581
1846
426
652
1209
878
663
591
1580
1844
426
651
1208
878
663
590
1578
1842
425
650
1205
876
662
589
1576
1840
425
650
1205
875
661
589
1575
1838
424
649
1204
875
660
588
1573
1836
424
648
1202
874
659
587
1571
1833
423
648
1201
872
659
587
1569
1831
423
647
1199
871
658
586
1567
1830
422
646
1198
870
657
586
1566
1827
422
645
1196
869
657
585
1564
1825
421
644
1195
869
656
584
1562
1823
421
644
1194
868
655
583
1560
1821
420
643
1193
867
654
583
1558
1819
419
642
1191
866
653
582
1557
1817
419
642
1190
865
653
581
1555
1815
419
641
1188
864
652
581
1553
1812
418
640
1187
863
651
580
1551
1811
417
639
1186
862
650
579
1549
1808
417
639
1184
861
650
579
1547
1806
417
638
1183
860
649
578
1545
1804
416
637
1181
859
648
577
1544
1802
416
637
1180
858
647
577
1541
1799
415
635
1178
856
646
576
1540
1797
415
635
1177
856
646
575
1538
1795
414
634
1176
855
645
575
1535
1793
414
633
1174
854
653
582
1557
1817
419
642
1190
865
653
581
1555
1815
419
641
1188
864
652
581
1553
1812
418
640
1187
863
651
580
1551
1811
417
639
1186
862
650
579
1549
1808
417
639
1184
861
650
579
1547
1806
417
638
1183
860
649
578
1545
1804
416
637
1181
859
648
577
1544
1802
416
637
1180
858
647
577
1541
1799
415
635
1178
856
646
576
1540
1797
415
635
1177
856
646
575
1538
1795
414
634
1176
855
645
575
1535
1793
414
633
1174
854
635
565
1511
1764
407
623
1156
840
634
565
1509
1762
406
622
1154
839
633
564
1508
1760
406
621
1153
838
632
563
1506
1757
406
620
1151
837
633
564
1506
1757
406
621
1151
837
636
567
1507
1758
410
624
1153
840
635
567
1505
1756
410
624
1152
839
634
565
1503
1753
408
622
1150
838
634
565
1502
1751
408
622
1149
837
632
564
1499
1749
408
621
1148
835
632
563
1498
1747
408
621
1146
835
631
563
1495
1745
407
619
1144
834
635
565
1511
1764
407
623
1156
840
634
565
1509
1762
406
622
1154
839
633
564
1508
1760
406
621
1153
838
632
563
1506
1757
406
620
1151
837
633
564
1506
1757
406
621
1151
837
636
567
1507
1758
410
624
1153
840
635
567
1505
1756
410
624
1152
839
634
565
1503
1753
408
622
1150
838
634
565
1502
1751
408
622
1149
837
632
564
1499
1749
408
621
1148
835
632
563
1498
1747
408
621
1146
835
631
563
1495
1745
407
619
1144
834
630
562
1493
1743
406
619
1143
833
629
562
1492
1741
406
618
1142
832
629
561
1490
1738
405
617
1140
830
628
561
1488
1735
405
616
1138
829
627
560
1486
1734
405
616
1138
829
626
559
1484
1732
404
615
1136
827
449
402
1076
1257
294
447
828
604
86
64
224
8
111
63
43
63
19
69
24
32
169
15
52
3
390
343
139
106
118
12
160
117
85
131
41
153
51
75
144
43
167
5
121
94
52
47
127
149
34
53
98
71
136
103
139
12
156
111
79
121
37
139
47
67
146
37
141
5
112
124
25
22
60
70
16
25
45
33
53
40
65
6
61
42
29
45
14
51
19
25
63
13
50
3
116
73
1
4
3
10
11
2
4
7
5
2
2
2
1
2
7
8
2
4
5
4
2
14
22
17
14
4
25
18
12
19
7
23
9
12
19
7
24
3
5
7
1
6
6
17
19
4
7
12
9
2
22
17
21
4
25
17
12
18
7
22
10
11
23
7
22
3
20
1
3
4
10
11
3
5
8
5
2
9
8
10
3
11
7
4
7
3
8
5
5
9
3
7
2
12
1
1
3
1
1
1
3
1
1
2
1
1
1
1
2
3
1
2
1
2
1
3
1
3
3
1
2
2
1
2
3
2
6
5
3
3
7
4
3
4
3
5
5
4
5
3
5
2
3
2
1
2
2
4
4
1
3
3
1
2
3
32
5
5
3
3
7
4
3
4
3
5
4
4
5
1
3
4
3
86
4
1
1
2
1
1
2
1
3
2
2
3
1
2
2
1
1
3
35
3
4
2
3
4
3
1
1
2
2
3
4
3
3
1
1
1
1
2
2
3
3
3
3
2
4
2
1
1
1
2
2
3
3
2
2
1
1
2
2
2
1
1
3
7
1
2
3
3
3
1
2
1
2
2
3
3
2
2
2
1
2
2
2
1
1
3
20
1
4
5
1
3
5
3
1
2
2
2
3
4
3
3
1
1
1
1
1
2
2
3
3
1
3
3
2
3
2
1
2
1
2
2
4
2
1
2
2
1
2
2
2
1
1
3
1
3
3
1
3
4
2
1
2
2
3
3
4
3
3
2
1
1
2
2
2
2
3
2
3
4
2
4
2
1
1
2
2
2
2
4
3
2
2
2
1
2
2
2
1
3
11
1
3
4
1
3
4
3
1
1
3
2
2
3
4
3
3
2
2
1
2
2
2
1
3
18
1
3
4
3
4
3
1
1
2
2
3
3
4
3
3
2
2
2
3
3
2
1
1
4
1
4
4
2
4
2
1
1
3
2
3
3
4
3
3
2
2
2
2
2
2
1
1
3
1
4
5
1
3
5
3
1
1
2
2
3
3
4
3
3
2
2
1
2
2
2
1
3
46
2
3
5
1
3
5
3
1
1
3
2
3
3
5
3
3
2
3
2
3
3
3
1
1
3
33
1
4
5
1
3
5
2
1
1
3
2
3
3
4
3
3
2
3
2
2
3
3
1
2
4
2
4
5
1
3
5
3
1
1
3
2
3
3
4
3
3
3
3
2
2
2
3
1
1
3
2
4
5
1
3
5
3
1
2
3
3
3
4
5
4
3
2
2
2
2
3
2
1
1
3
23
2
4
5
1
3
5
3
1
1
3
2
4
3
5
4
3
3
3
2
3
3
3
1
2
4
39
3
4
5
1
3
5
3
1
1
3
3
3
4
5
3
3
3
3
2
2
3
3
1
2
3
2
5
5
1
3
6
3
2
2
3
3
3
4
5
4
3
3
3
2
2
3
3
1
1
3
1
5
5
1
3
6
3
2
2
3
2
3
4
5
4
3
3
3
3
3
3
3
1
2
4
21
2
5
6
1
3
6
3
2
2
3
3
4
4
5
4
3
3
3
3
3
3
3
1
2
4
52
2
5
6
1
3
7
4
2
2
4
3
4
4
5
5
4
3
3
2
2
3
3
1
1
3
2
5
6
1
3
6
3
2
2
4
3
3
4
5
4
4
2
3
3
2
3
3
1
1
3
1
5
6
1
3
6
4
2
2
4
3
4
4
5
5
4
3
3
3
3
3
3
1
1
4
10
2
6
7
1
3
7
4
2
2
4
3
4
5
5
5
4
3
3
2
3
3
3
1
1
3
47
1
5
7
1
3
6
4
2
2
4
3
4
5
5
5
4
3
3
2
2
3
3
1
1
4
9
1
6
7
1
3
6
4
2
2
4
3
4
5
6
5
4
3
3
3
3
3
4
1
2
4
2
5
7
1
3
7
4
3
2
5
3
4
5
6
5
4
3
3
3
3
3
4
1
1
4
2
6
7
2
3
7
4
2
2
5
3
4
5
5
5
4
4
3
3
3
4
3
1
1
4
24
2
6
7
1
3
7
5
3
2
5
3
5
5
6
5
5
4
4
3
3
4
4
2
2
5
2
6
7
1
3
7
5
3
2
5
3
5
5
6
5
5
4
4
4
3
4
4
2
2
5
2
6
7
1
3
7
4
3
2
5
4
5
5
6
5
5
3
4
4
3
4
4
1
1
4
2
6
7
1
3
7
5
3
2
5
4
5
5
6
6
5
4
4
3
4
5
4
1
2
4
11
2
6
7
1
3
7
5
3
2
5
4
5
5
6
6
5
4
5
4
3
5
4
2
2
4
3
6
8
1
3
7
5
2
3
5
4
5
5
6
5
5
4
4
4
4
4
4
2
1
4
2
6
8
1
3
8
5
2
3
6
4
5
5
6
6
5
4
4
4
4
5
4
1
2
5
2
6
8
1
3
7
5
3
3
6
4
6
5
7
6
5
5
5
4
4
5
4
2
2
5
1
2
7
8
2
3
8
5
3
3
6
4
5
6
6
6
5
4
5
4
4
5
5
2
2
5
22
2
6
8
1
3
8
5
3
3
6
4
5
6
7
6
5
4
5
4
4
5
5
2
2
5
2
6
8
1
3
7
5
2
3
6
4
6
6
7
6
5
4
5
4
5
5
5
2
2
5
3
7
8
2
3
8
5
3
3
6
4
6
6
7
6
5
4
5
4
4
5
5
2
2
5
34
3
7
8
2
4
8
5
3
3
6
4
6
6
7
6
5
5
5
4
4
5
5
2
2
5
57
2
7
8
2
3
8
5
3
3
6
4
6
6
7
6
5
5
5
5
5
5
5
2
2
5
2
7
9
1
3
8
5
3
3
6
4
6
6
7
7
5
5
5
5
4
5
5
2
2
5
2
7
9
1
4
8
5
3
3
6
5
6
6
6
7
6
5
5
5
4
5
5
2
2
5
38
2
7
9
2
4
9
5
3
3
7
5
6
6
7
7
6
5
5
5
4
5
5
2
2
5
56
3
7
9
2
3
9
5
4
3
7
5
6
6
7
7
6
5
5
5
5
5
5
3
2
5
3
7
9
2
3
9
5
3
3
7
5
6
6
7
7
6
5
5
5
5
6
5
2
2
5
3
8
9
2
4
8
6
4
4
7
5
6
7
7
7
6
5
6
5
5
5
5
2
2
5
3
8
9
2
4
9
5
4
3
7
5
7
7
7
7
7
5
6
6
5
6
5
3
3
5
16
3
8
9
2
3
9
6
4
3
7
5
6
7
7
7
6
5
6
5
5
6
5
2
2
6
3
8
10
2
4
9
6
4
4
7
5
7
7
7
7
6
5
6
5
5
6
5
2
2
5
3
8
10
1
4
9
6
3
3
8
5
7
7
7
7
7
5
6
6
5
6
6
2
3
5
3
8
9
2
3
9
6
4
4
7
5
7
7
8
8
7
5
6
6
5
7
6
3
3
6
19
3
8
10
2
4
9
6
4
3
8
5
7
7
7
7
7
5
6
5
5
6
5
2
2
5
3
9
10
2
4
9
6
4
4
8
5
7
7
8
7
7
6
6
6
5
6
5
2
2
5
3
8
10
2
3
9
6
4
4
7
5
7
7
8
8
7
6
7
6
6
7
6
3
3
5
3
8
10
2
3
9
7
4
4
8
5
7
7
8
8
7
6
6
6
5
7
6
2
2
6
3
9
11
2
4
9
7
4
4
8
5
7
7
8
7
7
6
7
6
5
7
6
3
2
6
3
8
10
2
4
9
6
4
4
8
5
7
7
8
8
7
6
7
6
5
7
6
3
3
6
3
8
10
2
3
10
6
4
4
8
5
7
7
8
8
7
6
7
6
6
7
6
3
3
6
3
9
11
3
4
10
7
5
4
9
6
7
8
8
8
7
6
7
6
6
7
6
3
3
6
28
3
9
11
3
3
10
7
5
4
9
5
8
8
8
8
7
6
7
6
5
7
6
3
3
6
11
3
9
11
2
3
10
7
5
4
9
6
8
8
8
9
7
6
7
7
6
7
6
3
3
6
3
9
11
2
3
10
7
5
4
9
6
8
8
8
8
8
6
7
6
5
7
6
2
3
6
3
9
11
2
4
10
7
5
4
9
6
8
8
8
8
7
6
7
6
5
7
6
3
3
6
7
3
9
11
3
4
10
7
5
4
9
6
8
8
9
9
8
7
8
7
6
7
7
3
3
6
8
3
10
12
3
4
10
8
5
4
9
6
8
8
9
9
8
7
7
7
6
7
6
3
3
6
3
9
12
3
4
