7
30
39
42
6
35
39
8
26
36
3
36
19
29
26
18
29
15
3
16
22
11
19
5
25
1
13
23
8
22
32
6
4
4
17
23
39
45
14
26
33
34
9
16
22
23
25
18
10
23
25
28
32
21
17
27
23
23
2
3
8
21
21
28
27
14
22
28
37
1
5
6
10
16
4
3
16
11
13
1
14
16
24
15
37
30
12
24
9
18
25
6
3
23
32
4
13
16
19
11
25
12
2
10
15
22
5
14
16
6
16
27
33
20
11
24
11
18
35
8
13
9
16
21
27
8
15
10
13
17
21
1
12
19
21
27
19
19
19
17
29
9
4
13
25
28
33
25
19
34
23
32
27
10
15
4
7
22
28
35
39
13
19
21
24
3
2
5
29
39
41
47
41
29
43
36
38
50
16
7
20
23
27
23
7
11
15
28
21
8
22
30
36
19
17
18
32
19
5
29
17
29
37
44
24
23
28
28
38
2
39
15
8
14
21
1
4
10
19
16
28
32
39
9
13
3
27
28
32
7
12
25
34
40
32
9
32
17
38
29
5
17
10
24
31
38
15
17
5
27
33
30
5
24
12
30
35
44
32
18
45
34
41
33
14
4
1
15
27
36
19
23
5
38
24
9
27
38
44
24
15
10
36
25
37
4
1
17
31
36
16
4
23
25
14
12
33
19
30
42
47
32
19
20
25
39
37
6
14
12
26
33
38
29
24
19
28
27
33
1
9
21
29
31
14
1
24
16
26
7
10
20
27
29
21
7
19
12
26
16
4
13
15
17
22
17
3
19
10
3
7
15
15
18
9
13
6
18
9
6
5
9
12
11
2
5
14
23
23
19
5
24
10
9
18
18
26
25
20
4
26
10
16
15
19
20
12
6
16
10
16
7
3
21
25
28
14
8
20
15
23
1
18
25
25
16
5
3
15
15
13
5
16
33
37
37
27
15
28
26
28
22
2
6
18
34
36
37
12
16
7
31
21
30
9
24
25
29
10
24
17
24
18
29
25
39
37
42
32
23
20
35
36
27
10
24
9
26
28
30
35
14
5
24
22
21
1
12
16
19
1
2
3
16
19
1
43
26
39
36
41
44
26
27
41
28
41
8
12
9
19
31
33
38
29
18
27
36
26
27
1
13
23
34
38
28
12
5
13
24
27
2
10
21
27
32
20
14
7
20
18
17
2
16
28
30
33
3
27
21
39
31
28
7
17
29
43
42
1
19
26
24
34
2
18
31
29
14
5
23
12
12
5
25
32
34
29
19
33
25
24
13
7
9
25
37
35
10
18
32
21
20
11
29
36
38
40
21
30
41
46
4
32
16
27
27
41
9
11
14
15
19
1
30
15
31
42
41
37
6
45
32
32
37
1
18
18
30
38
41
22
18
36
22
35
47
3
14
27
35
36
5
16
21
27
21
33
4
2
17
25
27
15
2
28
16
25
24
8
17
18
6
3
12
19
10
12
6
20
29
29
16
3
14
20
29
25
24
33
5
18
25
27
9
7
16
16
18
21
17
19
3
18
27
29
14
7
10
23
9
25
28
12
20
21
1
12
20
20
19
10
12
13
8
19
13
7
8
28
35
36
18
20
5
28
27
37
10
12
33
42
40
40
20
30
37
27
29
12
2
23
31
28
9
11
5
35
12
12
15
1
21
26
25
6
1
30
13
19
9
14
18
15
21
9
9
6
23
30
28
9
7
22
15
14
9
17
17
19
5
3
16
8
14
11
5
11
12
9
9
5
18
27
24
1
12
12
30
19
13
11
10
12
10
1
7
21
41
37
30
8
10
17
26
24
20
9
9
22
39
37
17
12
17
26
33
24
16
5
17
15
6
13
14
28
24
3
5
24
5
5
15
11
8
18
8
22
18
2
20
2
40
5
24
33
33
11
11
32
40
13
17
28
4
26
33
30
20
36
21
17
14
26
22
10
2
14
6
13
21
20
7
3
20
8
18
20
40
49
48
29
6
39
8
45
30
31
33
16
35
46
49
22
2
19
37
18
35
3
21
29
35
2
5
27
23
14
1
3
19
31
37
14
11
14
24
21
23
5
12
25
30
7
10
14
24
19
20
9
9
20
32
37
24
20
15
28
21
29
14
1
14
29
34
13
1
14
8
21
16
27
8
19
25
14
3
1
21
9
18
21
13
18
27
8
9
3
34
7
19
21
15
21
27
15
15
7
23
10
13
24
14
28
35
39
28
19
18
24
16
32
12
8
26
30
37
14
5
30
18
28
6
26
32
38
14
16
8
23
20
32
21
37
41
47
11
18
31
37
28
33
12
20
37
36
42
11
6
27
24
48
31
27
5
9
24
25
32
9
19
30
25
20
11
12
24
31
32
16
29
24
20
18
38
14
32
38
42
31
21
42
16
41
10
15
28
34
14
1
19
20
18
18
3
19
6
21
34
38
26
11
37
17
25
1
15
23
29
9
4
31
10
17
4
18
29
34
15
11
24
20
24
16
27
10
30
42
50
30
1
29
42
42
31
44
1
2
16
25
34
23
11
8
16
21
24
14
16
29
36
44
8
24
19
27
32
33
17
31
35
43
3
27
19
36
23
32
13
31
37
43
17
34
25
38
28
31
30
70
15
33
36
44
36
24
11
36
29
28
19
40
16
31
32
39
32
16
30
26
24
31
6
23
27
32
19
10
14
23
17
34
26
4
21
23
25
5
1
13
30
3
29
19
10
30
37
40
20
18
17
42
20
30
12
22
39
46
52
12
14
22
36
41
32
42
10
28
32
35
7
1
19
21
30
21
34
12
21
30
31
8
5
6
30
19
27
31
11
31
37
40
8
16
47
26
40
27
1
19
26
30
1
17
1
39
9
26
15
18
29
30
5
3
23
15
26
21
17
34
40
42
11
13
24
41
36
34
40
62
19
35
41
42
19
23
21
37
39
31
42
35
15
29
36
37
11
9
12
25
28
39
7
21
27
29
7
12
5
18
15
31
24
7
23
29
32
15
12
2
23
15
38
41
11
25
33
34
12
17
24
26
19
30
37
14
30
39
42
24
4
25
25
33
26
41
21
8
24
32
36
3
25
4
28
25
28
23
22
37
43
44
23
6
32
20
40
34
42
2
9
27
34
36
24
10
16
19
27
29
40
18
25
26
4
10
14
25
12
16
47
16
38
48
48
22
9
22
19
43
26
48
1
51
12
31
37
37
10
20
29
24
37
8
20
40
46
45
25
2
27
35
44
30
33
28
7
28
36
35
11
16
22
33
30
26
39
12
30
33
34
7
18
9
38
28
33
8
27
45
49
47
34
6
35
25
53
22
48
29
15
31
35
34
9
3
18
19
30
26
38
51
7
22
27
24
2
5
8
8
26
29
31
12
14
20
18
1
11
25
5
12
1
21
23
25
17
12
32
20
1
2
22
27
24
15
19
16
35
5
24
55
7
25
33
32
25
25
3
30
9
25
10
25
33
29
7
23
1
27
7
23
3
21
26
22
14
26
4
19
7
3
24
28
30
18
15
7
32
16
19
28
1
21
30
31
18
14
20
16
24
75
13
30
36
36
20
23
34
22
29
30
5
27
32
35
18
14
12
40
20
18
30
1
24
31
33
13
4
5
38
10
21
46
12
31
40
41
23
2
16
10
27
24
27
25
2
22
32
34
4
7
17
7
12
14
9
28
34
36
13
20
20
34
10
21
13
31
39
42
23
15
21
30
25
36
9
28
36
37
17
13
4
35
19
27
51
7
26
34
36
24
19
12
24
10
24
25
10
23
20
5
17
4
20
4
23
32
29
17
33
8
14
20
8
21
29
27
6
15
22
7
30
5
19
24
20
20
30
5
22
23
22
41
45
42
25
7
31
55
27
30
43
19
27
21
17
13
21
32
4
18
31
15
23
19
18
4
4
19
2
11
38
4
28
37
35
31
13
33
7
22
14
20
30
26
9
12
7
32
2
18
21
27
28
10
32
9
12
1
22
30
29
4
8
25
16
17
5
24
36
35
11
10
9
28
20
22
12
17
30
30
12
11
25
18
16
1
26
40
41
29
10
11
33
15
28
1
21
35
34
23
13
34
10
14
27
9
23
24
14
2
74
2
22
38
43
22
10
3
12
20
20
27
62
4
23
35
40
23
15
27
15
26
57
19
39
53
56
35
11
28
29
40
30
37
57
8
28
39
43
27
7
14
17
34
17
32
47
9
27
31
38
28
11
16
20
37
12
32
27
5
25
34
38
17
16
11
12
29
15
29
26
14
21
34
35
15
4
4
25
13
28
16
22
30
30
26
1
7
25
6
16
1
36
13
23
21
10
6
13
8
55
1
21
29
28
18
21
2
30
1
13
42
9
20
19
15
4
14
11
46
10
23
23
28
22
16
3
67
18
30
31
24
2
10
29
5
10
12
13
85
17
34
34
17
13
14
24
1
22
31
7
72
5
22
37
38
22
14
12
33
14
25
30
4
17
6
22
22
20
1
7
3
11
1
20
32
34
21
25
18
44
41
19
23
36
1
64
8
28
39
42
32
31
23
19
32
29
33
47
33
134
16
37
49
51
33
28
15
14
34
21
36
54
28
117
12
36
45
49
29
40
18
41
38
29
30
51
21
30
100
5
27
37
37
31
46
17
4
25
20
31
66
15
23
92
16
36
42
46
29
48
16
3
35
28
36
92
7
1
57
16
32
34
41
2
34
11
24
28
22
25
48
57
14
31
35
42
4
39
20
34
29
17
28
66
7
67
10
29
37
45
27
52
22
27
32
29
34
82
9
2
11
114
15
30
37
43
42
53
15
29
32
24
33
84
5
25
158
23
37
43
48
29
54
22
7
39
22
41
89
5
1
45
126
8
27
34
36
45
48
17
29
11
28
77
16
36
95
22
30
33
28
46
13
31
14
17
77
12
13
105
10
28
35
37
13
41
13
20
37
10
29
71
19
69
19
36
39
41
26
47
23
48
46
15
23
83
9
64
21
42
43
44
31
55
32
18
46
18
33
91
3
16
89
12
35
37
37
26
46
11
14
38
11
30
69
84
7
31
37
33
7
45
5
11
48
20
30
77
118
4
27
39
37
18
48
13
15
22
27
34
72
16
57
22
30
29
7
42
2
1
24
15
63
8
92
23
36
34
25
45
7
6
28
4
22
92
21
129
23
42
42
15
49
3
17
23
20
34
62
11
104
6
28
44
44
21
59
14
37
32
17
34
73
2
82
2
25
41
42
23
27
15
22
27
20
27
67
1
70
1
26
42
46
12
44
9
7
34
25
34
73
98
8
28
45
48
32
52
16
29
32
32
38
74
75
5
24
44
47
17
44
10
29
32
18
41
64
17
105
18
39
52
58
32
69
23
43
51
37
58
89
14
14
108
9
28
41
43
17
49
12
18
29
25
33
67
50
7
20
21
4
28
10
9
44
41
10
29
38
39
19
38
23
26
35
15
26
55
77
22
40
48
48
7
50
21
25
42
25
36
67
70
7
28
35
33
10
38
13
12
32
15
20
53
29
99
6
31
39
36
27
32
14
9
36
7
28
39
10
105
8
31
40
38
25
45
11
10
40
9
28
72
3
119
11
34
38
36
31
46
22
16
43
22
31
72
13
103
6
29
36
32
32
37
13
37
5
29
55
25
19
24
22
7
25
3
33
13
44
3
19
21
21
4
17
16
13
33
8
25
79
5
25
35
35
21
38
19
37
5
24
53
34
132
7
26
36
37
33
43
19
3
33
11
39
63
2
77
2
21
30
32
16
28
21
35
24
10
25
32
62
2
19
31
33
28
13
1
23
6
29
35
19
87
20
37
46
49
32
41
30
25
41
26
43
70
11
75
10
29
35
39
18
37
13
32
29
19
30
49
96
18
37
41
46
17
38
13
23
42
24
30
31
22
91
31
50
57
63
57
48
25
31
53
41
38
64
4
45
8
25
36
40
35
35
10
16
26
17
24
47
4
57
13
30
39
41
44
37
22
13
34
21
30
37
2
65
10
29
33
36
37
26
8
4
33
5
20
29
5
94
9
26
29
31
34
13
15
1
30
13
9
1
74
16
32
36
39
58
15
22
29
14
25
8
36
4
23
30
29
56
11
27
8
40
12
34
42
40
33
4
24
43
6
15
50
11
32
39
41
28
5
16
31
10
23
51
16
24
23
37
7
21
65
17
36
40
38
27
3
25
43
3
15
66
18
38
40
38
45
6
31
47
14
16
3
41
6
25
33
30
50
21
30
4
9
20
7
25
35
33
34
17
33
17
53
9
27
31
29
44
26
39
11
12
55
11
33
34
32
53
11
24
48
18
4
28
18
39
37
32
53
5
31
56
15
3
55
23
42
43
40
54
9
34
51
4
22
48
16
36
40
39
52
6
23
30
40
7
22
43
5
20
23
23
43
17
15
9
19
94
16
34
36
36
53
18
24
37
9
24
12
22
81
28
46
51
50
64
16
38
31
52
19
20
9
9
14
55
11
28
31
32
46
10
28
35
6
15
53
18
34
32
33
43
5
31
9
40
10
18
47
14
32
34
34
49
6
27
6
35
15
24
70
14
34
40
42
52
17
22
5
45
11
26
3
88
27
42
44
46
63
13
36
14
50
16
26
5
36
11
28
31
33
44
3
19
27
1
17
42
16
34
36
37
39
4
21
5
30
9
21
65
30
46
46
46
53
16
38
10
49
21
26
1
1
88
24
46
46
47
55
12
31
1
52
14
23
2
3
73
17
38
37
37
58
4
24
34
16
1
9
47
33
54
50
52
63
24
44
7
54
19
22
16
42
16
38
37
37
35
16
36
5
6
55
25
46
47
46
57
8
34
2
42
11
15
19
70
16
41
43
45
52
14
27
11
45
4
14
16
26
16
38
39
40
23
21
43
12
44
22
43
41
43
38
35
52
3
8
20
77
2
26
32
35
39
15
38
11
35
12
34
41
43
52
24
46
5
10
3
81
6
28
36
36
45
13
40
2
3
54
2
22
32
30
23
18
29
32
9
29
39
40
54
27
38
4
23
79
19
39
46
46
75
15
30
50
5
12
16
12
73
12
34
37
37
48
22
23
47
6
45
21
28
29
36
8
30
10
9
27
35
34
50
15
25
37
14
34
39
38
34
13
25
43
60
23
41
40
38
43
34
47
1
39
11
32
33
31
42
19
34
63
22
44
47
44
54
29
46
1
74
24
43
42
38
44
34
48
41
12
33
29
27
38
20
49
13
76
22
41
41
37
63
23
41
14
104
25
43
47
45
59
7
34
4
45
5
6
5
18
62
22
41
45
43
61
31
55
2
4
10
35
8
25
31
29
44
18
26
33
16
30
32
34
34
22
33
2
82
15
28
33
37
34
18
32
20
93
9
28
36
37
59
21
35
5
30
78
16
32
39
43
72
1
20
27
1
6
18
77
21
36
39
43
57
1
26
33
3
2
19
14
51
36
52
51
55
67
10
35
47
8
14
19
2
58
39
55
52
58
73
24
38
9
50
18
18
15
1
14
30
36
53
46
52
71
16
46
14
58
23
18
12
2
36
37
51
43
45
77
4
41
49
6
3
9
150
29
48
43
43
54
13
29
50
1
6
26
93
22
42
35
36
50
1
37
49
1
1
32
61
36
54
43
44
75
13
48
16
56
5
14
6
19
2
26
102
41
60
51
55
66
25
49
29
62
19
27
10
24
1
6
110
29
46
36
42
80
11
45
47
5
11
16
67
18
36
35
37
63
1
28
35
5
7
25
57
20
39
39
39
63
4
30
43
3
9
29
31
106
27
46
44
48
79
15
40
3
46
10
16
9
32
4
67
29
47
45
50
59
14
31
1
40
11
19
12
14
15
64
35
53
53
56
61
17
44
3
51
13
25
12
39
65
24
46
49
51
73
16
41
7
46
9
20
14
31
84
25
47
48
48
82
21
31
5
45
10
24
18
20
24
103
29
50
50
49
70
15
33
7
50
16
25
1
10
1
10
71
26
44
44
44
69
12
32
42
9
12
7
66
32
50
50
50
74
19
42
49
4
23
9
12
2
28
75
37
57
49
50
76
18
51
13
73
17
22
10
17
1
29
98
30
49
45
43
69
7
39
59
12
8
9
22
92
24
38
47
46
71
19
28
30
3
18
11
19
33
91
31
45
46
48
90
30
39
7
50
10
24
21
30
9
73
26
40
41
40
52
13
36
37
7
5
8
7
15
76
28
42
43
42
58
20
35
37
8
10
19
5
29
90
35
47
48
45
83
27
47
9
48
18
17
27
27
43
124
31
45
48
45
72
28
41
4
45
12
17
38
24
40
113
30
44
48
47
77
36
39
2
48
8
21
47
18
51
112
33
46
47
48
73
46
41
45
15
24
60
43
48
126
33
48
47
46
67
42
41
2
52
16
21
60
29
35
84
36
50
48
49
66
42
42
54
15
21
53
25
36
84
44
56
52
53
71
50
50
20
61
19
28
76
32
25
126
42
54
47
48
57
48
44
4
60
23
23
75
3
38
96
33
47
43
43
60
50
35
7
49
9
22
78
17
37
152
27
46
46
45
66
52
46
32
52
14
21
83
42
67
179
39
55
59
58
72
64
45
20
51
24
38
82
41
80
158
36
53
53
52
94
72
44
34
49
20
35
112
59
69
170
25
44
44
41
71
63
34
6
42
11
18
103
43
82
146
34
50
52
44
71
63
36
13
46
13
34
95
43
71
153
35
50
52
52
80
65
43
24
50
17
29
92
54
72
129
42
57
58
58
77
72
39
19
52
31
31
106
56
60
120
33
47
48
45
72
58
35
13
44
14
26
96
53
53
112
30
43
45
48
65
58
28
11
38
10
20
92
48
63
114
54
67
68
73
85
79
51
31
63
42
45
4
121
44
7
64
175
50
63
63
66
79
75
49
42
63
37
40
106
42
47
168
36
49
45
46
41
60
34
18
46
16
24
97
29
78
166
43
58
57
57
73
71
44
26
50
24
37
111
46
80
155
47
62
60
55
73
73
45
25
64
20
34
111
50
29
95
39
50
45
42
59
56
42
5
48
8
25
94
16
29
139
49
59
51
53
64
67
58
16
51
17
32
102
16
52
148
47
58
52
49
63
75
46
22
53
19
35
119
33
59
156
39
51
46
46
80
70
51
21
46
14
29
109
38
75
157
39
51
43
43
74
65
48
15
48
6
23
79
26
67
147
35
46
42
39
78
62
23
21
42
11
31
97
38
56
134
41
54
49
46
77
79
47
23
51
14
28
123
44
51
103
36
47
45
52
57
59
43
10
43
12
25
86
20
15
102
31
43
39
42
51
52
