35
9
8
167
275
17
13
13
33
48
11
16
2
10
31
75
10
5
38
15
11
167
270
27
11
19
30
40
14
7
5
11
52
3
37
13
11
172
276
23
19
12
31
46
8
12
4
10
8
66
8
32
14
15
1
180
287
2
2
13
30
55
16
17
1
10
55
90
23
1
35
12
12
172
280
15
8
27
45
7
8
4
12
59
93
9
44
6
7
166
275
23
41
1
4
3
11
5
61
6
29
37
10
12
170
276
2
6
20
40
8
3
3
15
40
3
29
2
29
12
13
171
279
23
44
8
29
45
6
11
7
16
20
40
7
43
9
10
167
274
10
5
9
29
41
6
8
7
12
29
41
3
6
38
7
12
172
282
14
25
7
32
47
7
14
4
12
3
37
21
35
5
10
1
175
285
14
12
3
32
50
6
17
3
11
30
14
31
36
5
9
2
175
284
7
11
4
29
48
8
13
8
11
12
57
17
32
8
13
5
178
289
10
7
5
27
54
10
13
1
9
12
16
73
1
38
5
7
168
278
9
3
27
43
6
3
9
20
105
11
32
7
13
1
175
281
3
7
3
26
40
8
3
10
27
163
21
32
10
15
1
179
285
7
4
5
23
44
9
5
13
40
41
216
14
32
11
13
2
177
284
12
6
5
23
44
3
7
3
14
47
40
241
3
3
32
13
18
5
183
290
12
7
9
27
48
15
13
6
14
6
28
248
18
6
4
8
39
15
17
3
181
288
22
10
16
24
46
22
7
11
15
19
236
26
11
6
10
37
16
16
3
180
289
29
7
19
22
49
22
8
12
16
31
35
158
9
12
9
10
39
12
10
3
173
285
25
8
12
25
47
8
10
12
14
56
50
56
8
16
18
5
46
7
5
166
278
6
3
24
40
4
13
12
12
32
10
28
26
12
51
11
6
166
272
17
7
21
33
1
16
12
12
31
27
10
39
12
12
4
173
282
32
41
10
22
42
5
3
14
12
14
32
33
5
45
9
10
7
171
276
11
17
4
21
35
13
13
31
29
12
15
27
28
5
43
9
9
8
169
276
2
17
2
21
35
11
13
42
33
27
5
23
23
6
39
8
11
12
173
282
13
3
21
42
4
8
12
9
30
4
19
20
1
41
5
10
11
175
282
18
10
21
40
3
9
12
15
26
9
11
17
17
7
43
10
10
7
171
276
14
5
7
17
34
11
13
37
59
17
17
12
7
9
47
4
7
7
169
275
16
15
34
8
11
81
70
26
30
9
11
1
37
7
12
11
178
283
10
27
1
21
42
1
2
8
12
37
38
33
36
5
2
33
9
14
15
180
288
13
27
6
27
48
6
12
5
12
9
41
33
39
3
9
13
175
283
8
3
25
42
2
6
1
9
25
24
45
32
31
9
11
14
176
285
16
20
7
22
45
4
6
1
12
47
46
48
43
2
34
7
9
14
172
281
7
10
24
43
7
2
11
13
29
53
55
1
34
8
9
12
170
276
15
13
5
26
36
3
4
13
22
50
58
34
3
9
14
175
282
16
9
1
25
43
2
8
11
3
41
58
59
35
5
8
12
173
278
10
12
3
27
39
2
5
10
34
52
64
60
29
8
14
14
178
282
16
12
23
42
10
8
12
10
49
73
61
32
6
14
14
177
280
3
5
21
42
4
7
12
41
79
66
35
9
13
11
173
274
8
3
6
21
33
5
13
62
64
74
28
10
17
15
181
280
12
13
12
23
40
15
6
13
37
79
73
85
1
26
8
14
16
177
279
13
12
8
25
41
9
7
12
16
52
70
96
30
6
11
16
173
279
10
6
3
24
41
4
5
12
21
74
98
28
5
11
17
176
281
6
13
2
27
43
4
10
13
37
95
95
28
5
9
15
173
278
6
4
23
39
4
13
48
75
92
95
28
6
9
16
172
279
7
23
40
6
13
43
70
90
95
30
5
9
14
173
278
2
8
23
39
6
14
39
110
95
32
2
8
13
172
276
2
8
20
35
2
13
38
117
107
28
5
10
14
174
276
9
20
36
3
12
15
74
129
114
30
3
11
14
175
274
5
20
20
35
11
41
95
130
114
31
6
13
15
177
277
15
17
21
36
1
1
10
74
146
124
28
9
13
16
178
280
18
3
3
24
42
1
10
11
51
153
130
33
6
13
13
176
277
17
2
22
37
5
4
2
12
19
63
159
113
30
11
15
13
177
276
15
6
7
19
36
7
1
4
13
50
76
176
99
31
10
14
15
177
279
12
14
5
25
41
5
8
2
13
11
62
182
94
31
10
15
14
177
279
6
19
8
22
40
8
3
13
43
204
77
28
14
17
14
178
276
21
4
12
18
37
12
2
1
13
37
64
215
70
29
7
13
14
175
275
3
10
7
21
36
8
2
12
67
70
218
62
27
8
14
14
175
274
6
7
8
18
34
5
13
21
37
224
52
25
10
15
14
175
274
8
5
6
16
33
5
13
24
223
48
26
9
14
15
174
274
7
5
2
16
36
6
13
24
52
232
44
27
11
16
14
179
274
12
7
9
17
34
11
1
13
62
70
244
38
26
12
16
15
177
276
17
8
13
20
37
11
4
1
12
26
53
245
23
25
12
17
16
181
281
14
5
8
20
1
41
11
7
13
25
232
22
22
12
19
15
183
280
9
4
7
17
3
40
12
5
15
37
243
26
21
12
21
16
183
281
9
4
7
18
4
41
12
7
15
25
69
249
21
25
12
22
13
182
277
7
7
8
16
7
35
13
2
16
18
56
229
9
25
12
18
14
177
276
12
5
13
18
39
10
8
15
11
226
2
27
12
18
14
176
274
12
9
13
19
36
12
4
14
221
5
28
9
18
13
177
272
15
8
7
16
1
32
12
14
14
16
211
4
25
11
21
17
182
279
12
10
8
19
4
40
13
6
13
29
25
204
26
13
23
18
183
279
10
12
12
21
6
39
16
4
13
9
190
23
12
19
17
179
277
7
6
12
18
39
10
4
12
168
22
9
16
16
175
274
7
9
4
20
37
7
4
10
16
11
148
26
3
13
15
174
274
6
18
24
40
5
9
9
15
2
140
27
7
16
14
176
274
9
14
6
23
40
6
12
10
121
25
8
17
14
175
272
14
7
4
20
37
7
7
12
118
26
9
17
13
175
273
6
15
5
17
37
6
3
12
21
13
116
24
9
18
14
176
272
7
10
8
21
1
38
10
7
13
41
11
95
25
10
16
14
175
271
17
11
10
22
38
10
7
12
90
25
9
15
14
174
272
14
10
9
19
38
7
5
12
77
21
7
15
15
175
274
12
1
6
18
39
7
6
12
11
72
25
9
16
14
175
272
16
8
8
18
38
8
5
12
46
60
27
9
18
13
175
271
9
9
9
18
38
10
5
12
18
60
28
9
18
13
175
272
6
8
5
16
38
5
3
13
54
29
10
18
12
175
270
8
10
5
17
35
3
1
1
13
40
29
9
20
13
177
272
8
12
4
22
1
39
7
6
11
43
3
40
25
10
23
15
181
276
13
8
9
22
5
43
12
13
11
20
34
23
11
23
15
184
276
12
11
11
22
8
43
14
13
10
37
25
10
21
14
184
277
13
10
8
21
6
43
12
10
10
35
28
8
17
11
178
271
11
10
8
17
3
35
10
3
11
46
7
27
30
8
15
10
175
269
8
10
6
16
34
6
3
1
11
40
17
31
30
10
16
10
175
269
12
9
5
16
35
5
4
12
37
29
12
21
9
177
267
9
11
3
14
4
31
6
2
14
20
28
13
21
10
174
267
10
11
6
14
1
32
7
1
14
34
13
21
27
9
19
13
174
270
10
7
9
15
38
7
5
12
26
3
23
28
9
17
13
172
269
7
7
2
17
37
6
3
11
15
28
6
13
11
166
262
6
12
2
15
32
10
22
27
3
13
13
167
265
2
7
14
37
4
10
35
14
11
26
3
16
16
173
271
2
8
19
44
2
11
9
39
2
17
27
4
18
16
173
271
8
12
3
19
1
42
4
10
9
14
30
9
16
9
165
261
14
10
6
15
30
3
2
12
18
1
32
6
14
10
166
263
9
11
1
15
33
2
4
12
22
11
4
33
5
14
11
168
265
9
13
1
16
36
2
3
5
10
56
4
10
6
34
6
14
12
168
265
15
16
5
19
35
4
5
6
9
17
17
4
30
6
16
15
168
267
12
14
5
19
40
2
10
1
9
9
27
7
17
15
166
265
9
8
3
16
37
2
5
1
9
13
14
4
30
7
15
14
166
264
14
11
3
14
34
1
1
3
9
64
5
1
7
31
8
17
12
167
263
18
9
7
14
35
2
2
5
10
28
5
3
7
31
10
17
10
168
261
18
7
7
10
32
3
7
12
13
6
6
1
32
10
15
8
164
257
19
9
5
10
29
9
13
14
4
6
2
31
12
18
9
165
257
22
11
7
13
30
3
8
14
38
13
7
31
11
19
10
165
258
20
14
8
15
1
33
4
3
6
13
28
6
1
4
30
11
19
12
166
261
19
13
11
16
2
38
8
7
5
12
16
4
30
9
17
14
167
263
18
13
11
16
2
40
8
8
3
10
18
4
32
7
15
14
165
263
16
17
8
21
39
2
8
3
9
30
3
7
32
9
19
14
168
264
23
16
11
21
5
39
10
9
3
9
19
16
1
4
35
10
20
11
167
260
25
19
16
18
7
33
16
7
4
9
21
9
33
10
20
10
166
260
22
15
14
19
6
35
14
5
4
10
15
4
30
7
15
14
166
264
14
11
3
14
34
1
1
3
9
64
5
1
7
31
8
17
12
167
263
18
9
7
14
35
2
2
5
10
28
5
3
7
31
10
17
10
168
261
18
7
7
10
32
3
7
12
13
6
6
1
32
10
15
8
164
257
19
9
5
10
29
9
13
14
4
6
2
31
12
18
9
165
257
22
11
7
13
30
3
8
14
38
13
7
31
11
19
10
165
258
20
14
8
15
1
33
4
3
6
13
28
6
1
4
30
11
19
12
166
261
19
13
11
16
2
38
8
7
5
12
16
4
30
9
17
14
167
263
18
13
11
16
2
40
8
8
3
10
18
4
32
7
15
14
165
263
16
17
8
21
39
2
8
3
9
30
3
7
32
9
19
14
168
264
23
16
11
21
5
39
10
9
3
9
19
16
1
4
35
10
20
11
167
260
25
19
16
18
7
33
16
7
4
9
21
9
33
10
20
10
166
260
22
15
14
19
6
35
14
5
4
10
15
32
11
18
8
165
258
22
16
11
15
4
32
8
3
4
12
51
27
14
31
10
19
9
164
261
18
15
10
15
3
35
4
5
4
12
36
9
14
2
26
10
22
12
171
269
15
9
7
15
6
45
7
10
2
13
17
25
10
21
10
167
262
18
11
6
13
4
36
6
3
1
12
11
25
10
21
11
165
262
14
10
4
14
3
38
5
5
12
34
12
10
27
7
19
13
167
264
14
13
6
17
4
41
9
7
9
66
43
17
30
6
16
12
161
260
21
17
13
20
37
6
7
3
7
11
24
21
31
5
14
13
160
263
15
18
5
21
42
4
12
1
8
5
16
30
3
15
12
162
264
12
16
5
18
41
3
9
8
24
21
18
28
5
17
12
164
267
15
10
7
15
1
43
3
8
9
43
35
14
29
9
18
10
164
262
16
10
10
14
2
37
4
2
1
11
8
27
15
28
12
18
6
157
253
13
10
12
10
28
1
1
13
14
5
27
12
18
7
156
255
16
10
10
9
33
1
1
2
13
23
20
30
12
20
7
160
255
17
14
10
16
3
32
6
4
3
12
52
26
15
28
10
20
9
160
255
16
10
11
16
3
36
6
6
2
10
24
11
9
28
9
18
9
158
255
18
16
11
17
3
39
7
8
1
10
14
31
9
16
8
154
254
20
17
9
17
37
6
7
4
10
20
14
25
31
7
13
7
152
253
20
15
9
18
35
5
7
5
10
54
31
21
31
9
16
8
157
257
19
18
11
19
2
38
7
9
1
10
10
27
28
8
18
10
159
261
16
13
10
16
1
43
2
10
11
30
9
31
9
15
4
153
251
18
17
8
14
30
1
5
12
4
10
20
21
32
13
19
3
158
253
23
16
12
15
5
32
11
3
4
13
51
39
29
29
28
14
23
6
163
257
22
10
14
16
12
36
17
2
3
13
31
25
45
42
6
30
17
20
2
155
248
28
11
15
10
6
28
10
6
14
39
51
3
29
14
18
7
156
259
18
10
11
14
2
43
3
11
5
12
7
58
4
11
33
16
19
1
153
245
26
14
16
11
6
22
11
12
13
21
29
30
56
2
15
34
17
17
149
241
32
18
16
12
3
20
10
11
12
24
49
44
47
32
11
16
5
154
254
23
18
13
20
3
37
8
8
4
9
19
17
61
32
10
17
3
154
252
20
15
13
15
5
33
12
4
3
10
20
35
59
28
7
17
7
158
263
19
10
9
15
3
48
5
12
1
9
4
36
48
52
2
4
32
12
16
149
249
30
14
15
13
2
30
8
1
7
11
19
41
49
58
10
32
14
19
153
249
23
18
17
18
8
30
17
6
5
11
30
58
58
16
29
16
22
2
158
257
23
15
19
19
13
37
21
9
4
11
31
57
60
2
33
14
16
143
243
36
21
22
19
2
25
14
2
8
12
29
54
64
57
2
32
12
17
149
252
33
22
18
25
6
35
14
11
3
10
54
52
65
57
5
33
13
16
144
250
36
20
21
19
6
33
16
7
3
9
11
29
52
49
9
32
18
24
144
265
22
18
18
20
17
44
19
14
1
11
13
9
20
9
32
14
21
139
262
16
18
17
25
14
44
17
17
2
10
10
14
9
12
30
16
20
137
260
9
13
10
19
9
39
2
8
9
21
23
16
40
15
14
119
234
16
23
9
15
12
3
8
11
12
22
37
8
14
122
245
16
16
9
17
28
3
3
6
10
2
3
36
10
12
117
243
28
16
11
18
27
4
11
5
36
9
15
124
252
27
19
11
27
3
36
13
8
4
11
33
23
11
30
9
21
140
270
16
11
12
22
14
57
16
24
9
45
25
25
29
11
20
135
261
21
15
16
19
14
48
17
15
5
10
18
27
12
21
132
260
12
12
14
22
12
46
18
14
10
6
22
9
25
3
144
274
4
5
20
20
62
18
27
8
46
24
9
28
16
25
1
142
271
33
10
19
29
23
59
28
26
10
74
25
11
15
12
12
44
19
17
123
252
37
22
28
23
7
38
19
13
9
11
17
20
46
39
27
17
121
248
4
5
9
7
31
14
13
14
8
78
41
37
19
119
234
3
8
7
12
10
21
26
19
13
8
15
37
15
16
122
253
32
8
15
14
4
39
8
10
16
13
54
15
4
23
12
38
10
18
128
264
33
4
12
18
6
50
5
18
10
21
18
38
11
4
58
14
16
121
237
38
12
20
13
10
17
10
11
11
11
59
50
1
61
11
11
114
236
49
11
19
12
21
6
19
10
12
66
69
24
51
17
11
112
233
51
13
16
9
16
10
27
14
31
12
68
65
16
50
12
9
113
237
33
9
10
9
28
24
13
15
7
19
66
45
3
64
11
10
113
240
25
1
4
9
36
11
12
45
46
30
12
57
19
13
109
222
36
4
14
2
1
12
12
25
16
97
36
42
19
40
19
16
120
239
26
2
13
7
5
35
14
20
16
32
5
133
15
12
12
44
19
17
123
252
37
22
28
23
7
38
19
13
9
11
17
20
46
39
27
17
121
248
4
5
9
7
31
14
13
14
8
78
41
37
19
119
234
3
8
7
12
10
21
26
19
13
8
15
37
15
16
122
253
32
8
15
14
4
39
8
10
16
13
54
15
4
23
12
38
10
18
128
264
33
4
12
18
6
50
5
18
10
21
18
38
11
4
58
14
16
121
237
38
12
20
13
10
17
10
11
11
11
59
50
1
61
11
11
114
236
49
11
19
12
21
6
19
10
12
66
69
24
51
17
11
112
233
51
13
16
9
16
10
27
14
31
12
68
65
16
50
12
9
113
237
33
9
10
9
28
24
13
15
7
19
66
45
3
64
11
10
113
240
25
1
4
9
36
11
12
45
46
30
12
57
19
13
109
222
36
4
14
2
1
12
12
25
16
97
36
42
19
40
19
16
120
239
26
2
13
7
5
35
14
20
16
32
5
133
54
56
10
49
18
16
117
234
38
2
19
10
5
36
20
16
14
24
3
199
53
45
13
52
21
17
113
227
40
4
25
16
6
35
20
3
18
14
247
9
30
31
13
57
19
15
110
225
34
2
21
16
2
41
8
8
13
13
11
247
17
43
37
6
61
18
14
110
216
36
7
16
12
31
5
16
13
38
37
235
2
43
43
8
57
17
16
119
224
30
10
15
20
5
45
19
10
15
14
45
34
160
4
34
30
10
59
14
8
109
217
33
8
17
17
41
14
6
15
13
78
9
30
28
13
63
15
9
108
211
26
10
14
19
36
9
5
16
14
14
21
6
60
16
11
117
221
6
4
4
18
49
14
13
14
14
16
23
17
12
6
65
16
5
104
208
9
1
16
33
4
3
18
14
35
39
16
6
6
73
16
6
103
203
27
7
13
20
31
5
2
18
14
19
9
4
2
76
17
9
110
203
37
12
19
18
28
17
22
16
20
13
15
73
23
12
116
207
44
14
20
16
3
28
24
22
17
17
24
28
27
3
76
15
4
108
203
44
14
16
18
31
13
3
17
14
48
44
14
16
79
14
2
101
195
31
14
19
20
26
14
17
15
8
29
5
15
9
4
74
20
9
113
199
29
11
28
22
27
22
17
16
10
1
9
13
70
19
10
119
204
25
7
18
19
36
11
15
16
10
17
3
3
67
15
9
124
216
16
4
9
16
56
19
12
15
45
26
19
70
14
9
131
218
25
5
13
26
57
7
19
12
14
10
5
33
7
9
1
78
17
7
121
197
30
12
15
27
34
8
1
18
17
40
7
6
1
78
16
5
122
198
31
12
9
22
38
4
5
16
16
3
22
1
4
1
2
76
19
11
135
204
29
10
14
25
42
15
7
14
16
38
14
11
13
4
1
81
19
12
135
195
22
14
20
24
33
22
15
16
23
4
39
12
82
13
6
133
195
19
15
11
30
45
13
13
11
13
7
21
81
13
8
142
203
10
6
7
27
57
17
10
11
13
13
14
23
19
84
14
11
167
233
4
5
10
32
68
17
13
6
11
41
92
63
50
92
16
9
154
213
17
19
12
28
43
17
15
14
62
97
79
47
91
17
9
159
220
25
