1450
122
2807
785
4062
3908
4367
1764
427
1295
1463
4999
1854
4810
1850
4999
4999
4994
4886
4882
1688
1408
119
2726
755
3938
3790
4239
1706
413
1254
1415
4999
1797
4804
1791
4999
4999
4999
4880
4876
1650
1379
131
2649
750
3828
3683
4107
1659
404
1222
1379
4997
1757
4798
1749
4999
4999
4997
4873
4869
1412
1178
106
2023
645
2523
2466
1420
343
1040
1178
4868
1501
4832
1493
4874
4881
4904
4867
4863
179
3523
201
356
123
4717
147
4971
4721
4734
4800
4860
4857
799
4868
903
1554
542
4407
663
4988
4453
4491
4601
4854
4850
480
4842
547
955
323
4395
396
4983
4449
4492
4595
4848
4844
569
4998
643
1111
383
4306
471
4982
4359
4412
4530
4841
4837
556
4993
632
1097
374
4216
459
4969
4281
4343
4470
4835
4831
494
4999
560
972
332
4154
408
4969
4223
4294
4426
4828
4824
540
4999
613
1063
362
4064
447
4958
4141
4221
4365
4822
4818
465
4999
528
919
310
4006
383
4953
4088
4175
4324
4815
4812
215
175
19
349
98
476
461
391
223
54
164
182
233
235
208
169
18
339
95
459
446
613
218
51
161
178
229
232
56
56
239
195
21
388
109
538
520
588
248
59
183
202
260
262
283
231
25
461
129
624
608
700
296
71
219
242
312
314
3
3
284
231
25
462
129
637
617
765
297
70
218
241
310
313
10
10
335
273
30
545
152
742
721
807
349
83
257
285
366
368
340
277
30
554
155
759
737
902
355
84
262
290
373
376
16
16
376
307
33
611
171
837
812
932
392
93
289
319
410
413
395
322
35
642
180
878
854
1014
412
97
303
336
432
434
7
7
417
340
37
677
190
929
902
1058
435
103
320
354
456
458
442
361
39
719
201
984
956
1118
461
109
340
376
484
486
459
375
41
746
209
1024
994
1173
479
113
352
390
501
504
2
2
484
395
43
786
220
1077
1046
1220
504
120
371
411
528
531
501
409
44
814
227
1116
1084
1276
522
124
384
425
547
550
2
2
522
426
46
848
237
1163
1130
1320
544
129
400
443
569
572
540
441
48
877
245
1204
1169
1371
563
133
414
458
589
592
1
1
558
456
49
906
253
1244
1208
1415
581
138
428
474
609
612
576
471
50
936
262
1286
1248
1460
600
143
441
489
629
632
593
485
52
962
269
1323
1284
1503
617
147
453
503
646
649
610
499
53
990
276
1361
1321
1544
635
151
467
517
665
668
625
512
55
1015
284
1396
1356
1585
652
155
479
531
682
685
641
524
57
1041
291
1432
1390
1624
668
159
491
544
699
702
656
537
57
1065
297
1465
1423
1662
684
162
502
556
716
718
670
549
59
1088
304
1498
1454
1698
699
166
513
569
731
734
685
561
61
1112
310
1530
1486
1734
713
169
524
581
747
749
699
572
62
1134
317
1561
1515
1769
727
173
534
592
762
764
712
583
63
1155
323
1591
1544
1802
741
177
544
603
776
779
725
593
64
1176
328
1620
1572
1834
754
179
554
614
790
792
737
603
65
1196
334
1648
1600
1865
767
182
563
625
803
806
749
613
66
1215
339
1676
1626
1895
780
186
572
635
817
819
761
623
67
1234
345
1702
1651
1924
792
189
581
645
829
832
773
633
68
1252
350
1728
1676
1953
804
192
590
654
841
843
784
642
70
1271
354
1753
1701
1981
815
195
599
664
854
856
795
651
71
1288
360
1778
1724
2007
826
198
607
674
866
868
806
661
72
1305
365
1802
1748
2034
838
201
615
683
877
879
817
670
74
1322
371
1825
1770
2059
849
205
624
692
888
891
827
679
76
1339
376
1848
1792
2084
860
208
632
701
900
903
838
687
78
1355
381
1870
1813
2108
870
211
640
710
911
913
848
696
80
1370
386
1891
1834
2131
880
214
647
718
921
923
857
704
81
1385
390
1911
1853
2154
890
217
654
726
931
933
866
711
82
1399
395
1931
1873
2175
899
220
661
733
941
943
875
719
84
1412
399
1950
1891
2196
908
222
668
741
950
952
884
726
85
1426
403
1969
1909
2216
916
225
675
749
959
961
892
733
87
1439
407
1987
1927
2235
925
228
681
755
968
970
900
740
88
1451
411
2004
1943
2254
933
230
687
762
976
978
906
745
88
1462
414
2020
1958
2271
940
232
692
768
984
985
914
751
90
1473
418
2036
1974
2288
948
234
698
774
992
993
921
758
91
1484
421
2052
1989
2305
955
236
703
780
999
1000
927
763
91
1495
424
2067
2003
2321
961
238
708
785
1006
1007
933
768
92
1504
427
2081
2017
2336
968
240
713
791
1012
1014
940
773
92
1514
429
2094
2030
2351
974
241
717
796
1019
1020
946
778
93
1524
432
2107
2043
2365
980
242
721
801
1025
1026
951
783
94
1532
434
2120
2055
2379
985
244
725
805
1031
1032
956
787
94
1540
437
2132
2066
2392
991
245
729
810
1037
1038
962
792
94
1549
439
2144
2078
2405
996
247
733
814
1042
1043
967
795
95
1557
441
2155
2089
2417
1001
248
737
818
1047
1049
971
799
95
1565
443
2166
2099
2428
1006
249
740
823
1053
1054
976
804
96
1572
445
2177
2109
2440
1011
250
744
826
1057
1058
980
807
96
1579
447
2187
2119
2450
1015
251
747
829
1062
1063
985
811
96
1585
449
2197
2128
2460
1020
253
750
833
1066
1068
988
814
97
1592
451
2206
2138
2471
1023
253
753
836
1071
1072
992
817
97
1599
453
2215
2146
2480
1027
255
756
840
1075
1076
996
820
97
1604
454
2224
2154
2489
1032
255
759
843
1079
1080
999
823
97
1610
456
2232
2162
2498
1034
256
762
846
1082
1084
1003
826
98
1616
457
2241
2170
2506
1038
257
764
849
1086
1088
1007
829
98
1621
458
2248
2178
2514
1042
258
767
852
1090
1091
1010
832
99
1626
460
2255
2185
2522
1044
259
769
854
1093
1094
1013
835
99
1631
462
2263
2191
2530
1048
260
771
856
1096
1097
1016
837
99
1636
463
2270
2198
2537
1051
260
773
859
1100
1100
1019
839
99
1640
464
2276
2204
2543
1054
261
775
862
1103
1104
1021
842
100
1645
465
2283
2210
2551
1056
262
778
864
1105
1106
1024
844
100
1649
466
2288
2216
2556
1059
262
779
866
1108
1109
1026
846
100
1652
467
2294
2222
2562
1062
263
781
868
1110
1111
1029
848
100
1656
468
2300
2227
2568
1064
264
783
870
1113
1114
1031
850
100
1660
469
2305
2232
2574
1066
264
784
872
1115
1116
1033
851
101
1663
470
2310
2237
2579
1068
265
786
874
1117
1118
1035
853
101
1666
471
2315
2242
2584
1070
266
787
876
1120
1121
1037
855
101
1670
472
2319
2246
2588
1073
266
789
877
1122
1123
1039
857
101
1673
473
2324
2250
2592
1074
266
790
878
1123
1125
1041
858
101
1675
473
2328
2254
2597
1076
267
791
880
1126
1127
1042
859
101
1677
474
2332
2257
2600
1077
267
793
881
1127
1128
1044
861
102
1680
475
2336
2261
2604
1079
268
793
882
1129
1129
1045
862
102
1682
475
2339
2265
2608
1081
268
795
884
1131
1131
1047
863
101
1684
475
2342
2268
2611
1082
268
796
885
1132
1132
1048
864
102
1687
476
2346
2271
2614
1083
269
797
886
1133
1134
1049
866
102
1688
477
2349
2274
2617
1084
269
798
887
1134
1135
1050
867
102
1690
477
2351
2276
2620
1085
269
798
888
1136
1136
1052
867
102
1692
478
2354
2279
2623
1087
270
799
889
1137
1137
1053
869
102
1694
478
2357
2281
2625
1088
270
800
890
1138
1138
1053
869
102
1695
478
2359
2283
2627
1088
270
801
891
1139
1139
1054
870
102
1696
479
2361
2285
2629
1089
271
802
891
1139
1140
1055
870
102
1698
479
2364
2288
2631
1090
271
802
892
1140
1140
1056
871
103
1699
479
2365
2289
2633
1091
271
802
893
1141
1141
1057
871
102
1700
480
2367
2291
2634
1091
271
803
893
1142
1143
1058
872
103
1701
480
2369
2292
2635
1092
271
803
894
1142
1143
1058
873
103
1702
480
2370
2293
2637
1092
271
803
894
1143
1143
1058
873
102
1703
480
2371
2295
2638
1093
272
804
895
1144
1144
1059
874
103
1703
480
2373
2296
2639
1093
272
804
895
1144
1144
1059
874
103
1704
481
2374
2297
2640
1094
271
804
895
1144
1145
1060
874
102
1704
481
2375
2298
2641
1094
272
805
895
1145
1145
1060
875
103
1704
481
2376
2298
2641
1094
272
804
896
1145
1145
1060
875
102
1705
481
2377
2299
2642
1094
272
805
896
1145
1145
1060
875
103
1706
481
2377
2300
2643
1094
272
805
896
1145
1146
1060
875
102
1706
481
2378
2301
2643
1095
272
805
896
1146
1146
1061
876
102
1706
481
2378
2301
2643
1095
272
805
896
1145
1145
1061
876
102
1706
481
2378
2301
2643
1095
272
805
896
1145
1146
1061
876
102
1706
481
2378
2301
2643
1095
272
805
897
1146
1146
1061
876
102
1706
481
2379
2301
2643
1095
272
805
896
1145
1146
1061
876
102
1705
481
2379
2301
2642
1095
272
805
896
1145
1146
1060
875
102
1705
481
2379
2301
2642
1094
272
805
896
1146
1146
1060
876
103
1706
481
2379
2301
2642
1095
272
805
896
1145
1145
1061
876
103
1706
481
2379
2301
2641
1094
272
805
896
1145
1145
1060
875
102
1705
481
2378
2301
2640
1094
272
805
896
1145
1145
1060
875
102
1704
480
2378
2300
2640
1094
272
804
896
1145
1144
1060
875
102
1704
480
2377
2300
2639
1094
272
804
895
1144
1144
1060
875
102
1704
480
2377
2299
2638
1093
272
804
895
1144
1144
1059
875
102
1703
480
2376
2299
2638
1092
272
803
895
1144
1143
1059
875
102
1702
480
2376
2298
2637
1092
272
803
894
1143
1143
1058
874
102
1702
479
2375
2297
2635
1092
271
803
894
1142
1142
1058
874
102
1701
479
2374
2296
2634
1091
271
803
893
1142
1142
1058
874
102
1700
479
2373
2295
2633
1090
271
802
893
1142
1141
1057
873
102
1699
479
2372
2294
2632
1090
271
802
893
1141
1140
1057
873
102
1699
478
2371
2294
2631
1090
271
802
892
1140
1140
1056
872
102
1698
478
2370
2293
2629
1089
271
802
892
1140
1140
1056
872
102
1697
478
2369
2292
2628
1089
270
800
892
1139
1139
1055
872
102
1696
478
2368
2290
2626
1088
270
799
891
1139
1138
1054
871
101
1695
477
2367
2289
2625
1087
270
800
890
1138
1138
1054
871
101
1694
477
2366
2288
2623
1087
270
799
890
1137
1137
1053
870
102
1693
477
2364
2286
2621
1086
270
798
890
1136
1136
1052
869
101
1692
477
2363
2285
2620
1086
270
798
889
1136
1135
1052
869
101
1691
476
2361
2284
2618
1085
270
797
888
1135
1135
1052
868
101
1690
475
2360
2282
2617
1084
270
797
887
1134
1134
1050
868
101
1688
475
2359
2281
2615
1083
270
796
887
1133
1133
1050
867
101
1687
475
2357
2279
2612
1082
270
796
886
1133
1132
1049
867
101
1686
475
2356
2278
2611
1082
269
795
886
1132
1131
1048
866
101
1685
475
2354
2277
2609
1081
269
794
885
1131
1130
1047
865
101
1683
474
2353
2275
2606
1080
269
794
885
1130
1130
1047
865
101
1682
474
2351
2273
2604
1079
268
793
883
1129
1128
1046
864
101
1681
473
2349
2271
2603
1078
268
793
883
1128
1128
1045
863
101
1679
473
2348
2270
2601
1078
269
792
883
1128
1127
1044
863
100
1678
473
2345
2268
2598
1077
268
791
882
1127
1126
1043
862
101
1676
472
2344
2266
2596
1076
267
791
881
1125
1125
1042
861
100
1675
471
2342
2264
2594
1075
267
790
880
1125
1124
1042
861
100
1674
471
2339
2262
2592
1074
267
789
879
1124
1123
1041
860
100
1673
471
2338
2260
2590
1073
267
788
879
1122
1122
1040
859
100
1671
470
2336
2259
2587
1072
267
788
878
1121
1121
1039
859
100
1669
470
2334
2257
2584
1071
266
787
877
1121
1120
1038
858
100
1668
469
2332
2255
2582
1070
267
786
876
1120
1119
1037
857
100
1667
469
2330
2253
2580
1069
266
786
875
1118
1118
1036
856
99
1665
468
2328
2250
2577
1068
265
785
875
1118
1117
1035
855
99
1664
468
2326
2248
2575
1067
265
784
874
1116
1116
1034
855
100
1662
468
2324
2247
2573
1066
265
783
873
1115
1115
1033
854
100
1660
467
2321
2244
2570
1065
265
783
873
1114
1114
1031
853
99
1658
467
2319
2242
2567
1063
265
782
872
1113
1112
1031
852
99
1658
467
2317
2240
2565
1063
264
781
870
1112
1111
1031
851
99
1655
466
2315
2238
2563
1062
265
780
870
1111
1110
1029
850
99
1653
465
2312
2236
2560
1061
264
779
869
1110
1109
1028
850
99
1652
465
2310
2234
2557
1060
264
779
868
1109
1108
1027
849
99
1651
465
2308
2232
2555
1059
263
778
867
1107
1107
1026
848
98
1649
464
2306
2229
2552
1057
263
777
866
1106
1106
1025
847
99
1647
463
2303
2227
2549
1056
263
776
865
1105
1105
1024
847
99
1645
463
2301
2225
2546
1055
262
775
864
1104
1103
1023
846
98
1644
463
2299
2223
2544
1054
262
775
863
1103
1103
1022
845
98
1642
462
2296
2220
2541
1053
262
774
863
1102
1101
1021
844
99
1640
462
2294
2218
2538
1052
261
773
861
1101
1100
1020
843
99
1639
461
2292
2215
2536
1051
262
772
861
1100
1099
1018
842
98
1636
460
2290
2213
2533
1049
262
771
860
1099
1098
1017
841
98
1635
460
2287
2211
2530
1048
261
771
859
1097
1096
1017
840
98
1633
459
2285
2208
2527
1047
261
769
858
1096
1095
1015
839
97
1631
459
2282
2206
2525
1046
261
769
857
1095
1094
1014
838
98
1630
458
2280
2203
2522
1045
260
768
856
1094
1093
1013
838
98
1628
458
2277
2201
2519
1044
260
767
855
1092
1091
1012
837
97
1626
458
2275
2199
2516
1043
259
766
854
1090
1090
1010
836
97
1624
457
2272
2196
2513
1041
259
765
853
1090
1089
1010
835
98
1622
457
2270
2194
2511
1040
259
764
852
1088
1087
1009
834
97
1621
456
2267
2192
2508
1039
259
764
851
1087
1086
1007
833
97
1618
455
2265
2189
2505
1038
258
763
850
1086
1085
1007
832
97
1617
455
2262
2186
2502
1037
258
761
849
1084
1083
1005
831
96
1615
454
2259
2184
2499
1035
258
761
848
1083
1083
1004
830
96
1613
454
2257
2181
2496
1034
258
760
847
1082
1082
1003
829
96
1611
453
2254
2179
2493
1033
257
759
846
1081
1080
1002
828
97
1609
453
2252
2177
2490
1032
257
758
845
1080
1079
1000
827
96
1607
452
2249
2174
2487
1031
257
757
844
1078
1077
999
826
96
1605
452
2246
2171
2484
1030
256
756
843
1078
1076
998
825
96
1604
451
2244
2169
2481
1028
256
756
842
1076
1075
997
824
96
1602
451
2241
2166
2479
1027
256
755
841
1074
1074
996
823
96
1599
450
2238
2164
2476
1026
256
754
841
1074
1073
994
822
96
1598
449
2236
2161
2473
1024
255
753
839
1072
1071
993
821
96
1596
449
2234
2159
2470
1023
255
752
838
1071
1070
992
820
95
1594
448
2231
2156
2467
1022
255
751
838
1070
1069
991
819
95
1592
448
2228
2153
2463
1021
254
751
836
1069
1068
990
819
95
1590
448
2226
2151
2461
1020
254
749
836
1067
1066
1003
829
96
1611
453
2254
2179
2493
1033
257
759
846
1081
1080
1002
828
97
1609
453
2252
2177
2490
1032
257
758
845
1080
1079
1000
827
96
1607
452
2249
2174
2487
1031
257
757
844
1078
1077
999
826
96
1605
452
2246
2171
2484
1030
256
756
843
1078
1076
998
825
96
1604
451
2244
2169
2481
1028
256
756
842
1076
1075
997
824
96
1602
451
2241
2166
2479
1027
256
755
841
1074
1074
996
823
96
1599
450
2238
2164
2476
1026
256
754
841
1074
1073
994
822
96
1598
449
2236
2161
2473
1024
255
753
839
1072
1071
993
821
96
1596
449
2234
2159
2470
1023
255
752
838
1071
1070
992
820
95
1594
448
2231
2156
2467
1022
255
751
838
1070
1069
991
819
95
1592
448
2228
2153
2463
1021
254
751
836
1069
1068
990
819
95
1590
448
2226
2151
2461
1020
254
749
836
1067
1066
977
808
96
1568
443
2193
2120
2425
1006
252
740
825
1053
1051
978
810
99
1569
445
2193
2120
2424
1008
255
742
827
1054
1053
976
807
97
1565
443
2188
2116
2420
1005
254
740
825
1052
1051
975
807
97
1564
443
2186
2113
2417
1005
254
740
824
1050
1049
974
806
98
1562
443
2184
2111
2414
1004
254
739
823
1049
1048
972
805
97
1559
442
2180
2108
2411
1002
253
738
822
1048
1047
971
804
98
1558
442
2178
2105
2407
1000
253
737
821
1047
1046
970
803
97
1556
441
2174
2102
2404
999
252
736
819
1045
1044
969
802
97
1553
440
2172
2100
2401
998
252
735
818
1044
1043
967
801
97
1551
440
2169
2097
2398
996
252
734
818
1042
1042
966
800
97
1549
440
2166
2094
2395
995
252
733
817
1041
1040
965
799
97
1548
439
2163
2091
2392
994
252
732
816
1040
1039
963
797
97
1545
438
2160
2088
2388
993
251
731
815
1038
1038
687
570
69
1106
314
1551
1501
1718
715
182
530
591
756
757
9
10
18
6
37
7
189
30
26
21
354
349
18
22
39
14
97
19
142
95
82
70
4
94
80
66
7
129
38
182
176
201
84
21
62
70
89
92
17
20
36
13
86
16
144
81
70
59
85
125
39
32
3
62
19
89
84
96
39
10
29
34
41
43
5
7
13
5
31
6
64
28
25
22
75
7
6
10
5
16
15
16
7
1
4
6
6
8
3
2
5
3
9
8
9
3
1
3
4
4
1
6
7
16
2
2
6
3
15
4
19
14
14
12
17
8
10
8
16
6
24
22
25
10
3
7
10
11
13
2
2
5
3
14
3
23
13
12
10
21
6
5
9
5
14
13
14
5
2
5
6
6
9
2
1
5
2
11
4
5
5
2
13
1
1
1
2
2
1
1
1
1
1
1
3
2
1
1
1
1
3
3
2
3
1
1
1
1
3
1
1
1
3
1
1
4
1
1
2
1
4
2
5
1
3
5
4
4
2
2
3
3
5
4
4
1
1
1
2
3
1
1
4
1
15
1
1
1
1
3
2
6
1
2
4
4
5
1
1
2
3
2
2
1
1
1
3
2
1
4
2
2
1
2
1
1
1
2
1
3
3
1
3
3
4
1
1
2
1
1
1
1
1
2
1
2
2
3
1
3
3
2
1
2
1
1
1
2
1
3
1
2
2
3
1
3
3
3
1
2
1
1
1
2
2
2
3
3
1
2
3
3
1
1
1
2
1
1
1
1
1
1
2
1
1
2
3
1
2
2
2
2
1
1
2
2
2
2
3
2
1
3
3
3
1
1
3
1
1
1
1
1
1
2
2
2
2
3
1
3
3
6
3
1
1
1
2
1
1
2
1
2
2
2
2
3
1
3
3
3
1
1
3
1
1
2
2
1
2
2
2
2
3
1
3
3
3
1
1
2
1
1
1
2
2
1
3
2
2
3
3
1
3
3
3
1
1
3
1
1
2
2
1
3
2
2
3
3
1
3
3
3
1
1
1
3
1
1
1
1
2
2
1
3
2
2
3
3
1
3
3
3
1
1
2
1
1
1
1
2
2
1
3
2
2
1
3
3
1
3
4
3
1
1
1
3
1
1
1
2
2
1
3
2
2
3
4
1
3
3
3
2
1
1
3
1
1
1
1
1
2
1
3
2
1
3
3
1
3
3
3
1
2
1
1
1
2
2
2
3
3
1
2
3
3
1
1
1
2
1
1
1
1
1
1
2
1
1
2
3
1
2
2
2
2
1
1
2
2
2
2
3
2
1
3
3
3
1
1
3
1
1
1
1
1
1
2
2
2
2
3
1
3
3
6
3
1
1
1
2
1
1
2
1
2
2
2
2
3
1
3
3
3
1
1
3
1
1
2
2
1
2
2
2
2
3
1
3
3
3
1
1
2
1
1
1
2
2
1
3
2
2
3
3
1
3
3
3
1
1
3
1
1
2
2
1
3
2
2
3
3
1
3
3
3
1
1
1
3
1
1
1
1
2
2
1
3
2
2
3
3
1
3
3
3
1
1
2
1
1
1
1
2
2
1
3
2
2
1
3
3
1
3
4
3
1
1
1
3
1
1
1
2
2
1
3
2
2
3
4
1
3
3
3
2
1
1
3
1
1
1
1
1
2
1
3
2
1
3
3
1
3
3
3
1
1
1
3
1
1
1
1
2
2
2
3
2
2
3
3
1
3
3
3
1
1
1
3
1
1
1
1
2
2
1
3
2
2
1
3
4
1
4
3
3
2
2
1
3
1
1
1
1
1
1
2
2
1
3
2
2
3
3
1
3
3
3
2
1
1
3
1
1
1
1
1
1
2
2
2
3
2
2
3
4
1
3
4
3
2
1
1
3
1
1
1
1
1
2
2
2
3
3
2
1
4
4
2
3
4
3
2
1
1
3
1
1
1
1
1
2
2
2
