106
29
21
28
36
155
35
41
153
113
35
27
2
35
7
41
2
161
33
7
160
114
43
29
4
7
44
4
46
5
172
27
20
170
124
47
34
4
10
48
12
51
5
179
7
22
50
169
128
46
37
5
10
44
16
52
6
175
26
45
155
126
41
36
2
8
35
15
48
5
162
31
13
158
128
37
32
6
35
15
45
3
164
28
3
161
119
37
27
3
41
2
44
2
171
21
30
156
114
32
24
34
40
1
164
16
30
140
106
23
21
18
34
145
2
142
108
24
20
21
34
148
155
120
30
23
33
10
39
1
163
19
111
72
18
11
11
29
119
2
21
108
75
19
14
16
30
119
18
10
122
94
25
22
20
9
35
130
30
129
103
31
26
5
29
18
41
2
138
39
127
100
35
29
4
10
29
17
7
46
5
133
51
25
130
100
40
34
8
12
33
16
1
9
50
8
133
49
17
139
102
44
34
11
10
44
16
9
52
9
144
46
137
97
41
28
8
6
41
10
1
48
6
142
43
128
92
34
22
5
2
30
1
42
3
134
85
32
121
91
29
21
22
6
39
2
126
137
26
122
93
25
21
17
5
37
2
124
103
32
117
91
20
19
8
34
116
143
23
118
83
23
18
14
35
1
121
221
6
123
80
24
16
18
34
125
127
10
13
114
81
21
17
9
32
115
34
115
91
21
19
6
1
33
116
54
119
90
25
18
1
15
1
36
1
124
43
128
87
31
19
2
28
40
4
135
34
18
131
88
32
24
4
28
42
6
135
17
144
112
39
34
3
9
38
18
50
9
148
6
159
128
46
37
8
12
47
37
4
56
10
162
6
145
109
42
28
8
6
34
18
51
8
147
45
131
99
36
23
4
25
8
44
7
132
16
130
98
31
19
2
23
13
39
5
131
130
104
28
16
1
19
18
37
3
130
119
97
24
11
11
12
33
119
35
114
88
20
10
11
7
28
114
20
121
90
20
11
16
9
28
122
118
84
18
10
10
3
29
117
1
3
106
81
14
12
29
103
21
28
111
90
14
18
10
31
108
27
119
93
19
24
3
9
10
35
1
118
117
88
21
25
7
9
3
37
3
116
115
84
21
25
8
7
4
38
4
115
9
32
121
98
22
28
6
10
15
40
5
120
46
121
96
22
27
4
10
15
38
5
118
1
112
86
20
21
5
6
34
4
110
1
113
89
20
17
5
7
34
3
114
22
106
75
15
11
28
106
48
100
69
11
7
24
99
1
28
99
71
10
6
23
98
7
3
101
77
11
8
2
25
101
1
28
111
88
12
14
14
29
106
6
48
104
84
9
15
11
26
97
9
94
84
9
17
1
12
27
87
3
96
83
11
18
2
9
29
2
88
6
1
15
99
81
17
20
4
7
34
5
95
26
6
34
108
88
23
27
5
5
16
39
8
101
8
18
107
87
26
28
4
4
3
15
40
10
99
13
101
83
28
24
5
5
15
41
10
94
12
14
102
87
28
22
3
2
20
41
9
95
38
1
20
103
92
25
21
27
3
38
7
94
3
17
90
80
15
15
18
29
4
79
8
76
68
8
7
9
22
1
66
83
61
11
6
6
23
79
35
1
44
86
58
10
6
23
79
7
42
84
68
11
11
9
25
2
74
2
3
91
78
14
14
2
21
27
3
83
3
5
6
89
74
14
13
3
15
26
3
80
37
47
86
66
14
14
3
10
25
4
77
21
58
84
67
14
17
4
13
25
4
73
21
92
75
17
19
6
18
3
29
5
82
10
90
75
17
18
7
19
29
4
82
46
3
26
85
70
15
17
4
16
26
1
76
34
3
46
86
68
14
17
2
11
24
1
76
6
8
24
85
67
11
17
4
15
23
75
16
18
20
85
73
10
17
6
21
5
23
74
49
9
43
87
75
9
17
5
25
6
23
76
61
68
87
74
9
18
3
24
6
23
74
28
13
43
81
69
9
15
2
18
2
21
69
15
18
6
80
63
8
10
13
20
70
53
17
24
83
65
9
10
16
21
71
68
17
51
69
64
6
10
14
19
57
32
20
33
64
56
5
9
6
17
51
19
23
5
78
59
14
10
1
1
6
23
3
69
52
20
32
75
52
16
11
4
2
2
24
4
68
75
18
67
77
59
16
19
3
7
12
1
3
27
5
68
55
11
56
90
81
19
28
3
11
30
19
32
6
79
29
1
12
83
72
18
25
2
10
21
9
31
4
72
59
5
75
63
16
19
1
6
8
28
3
66
83
50
81
63
16
18
3
4
27
2
73
56
63
81
60
15
18
3
8
26
3
72
29
2
29
78
63
15
17
1
4
11
25
3
70
39
23
22
77
63
14
15
6
12
26
3
71
83
30
57
73
59
10
13
4
9
23
1
66
68
26
52
69
56
6
10
3
5
2
18
60
25
21
1
74
60
7
12
5
10
13
20
2
65
43
7
77
59
10
10
4
10
4
22
3
70
77
2
16
73
57
10
10
2
10
6
21
2
65
75
38
74
66
12
13
2
16
9
23
2
64
36
5
12
70
63
10
11
1
14
5
21
2
60
32
12
78
57
11
6
3
1
9
2
19
2
72
66
12
18
83
57
11
5
4
18
1
77
68
12
34
72
56
5
7
7
14
64
22
7
9
75
66
3
8
1
17
14
67
8
1
65
60
1
7
3
11
13
59
45
17
61
56
1
6
1
11
12
56
54
2
54
74
58
6
8
8
14
70
11
11
32
72
50
6
6
14
66
1
66
45
9
5
1
16
2
63
12
12
71
50
12
8
2
1
19
3
63
41
52
85
71
16
15
3
3
20
1
24
4
75
14
39
84
68
16
15
4
3
18
23
4
81
12
69
57
10
9
4
4
12
19
4
59
11
20
7
66
59
7
7
2
2
15
8
19
3
54
35
27
44
64
54
5
6
13
8
16
1
49
16
37
42
60
52
3
7
11
5
14
2
49
41
5
53
47
3
6
1
4
14
2
46
1
32
45
40
2
5
1
14
1
38
26
25
23
45
32
5
13
40
5
20
28
40
23
4
10
32
10
39
29
7
2
11
32
7
2
45
42
1
11
7
2
16
1
40
32
8
42
36
36
10
7
15
1
30
26
4
46
38
28
2
8
3
2
13
32
16
47
28
5
4
1
13
40
42
23
2
12
38
25
16
45
35
1
3
1
14
37
28
48
49
44
2
9
3
5
15
37
30
39
32
6
3
14
1
30
43
34
5
4
13
1
32
7
21
44
39
7
3
2
14
2
33
23
50
37
39
9
2
14
2
24
21
39
36
9
2
13
3
25
41
39
8
2
16
2
30
6
53
48
3
11
3
1
7
20
2
43
25
48
65
49
9
13
2
2
3
22
1
55
1
10
34
59
41
7
11
2
5
19
50
7
62
49
6
9
3
6
6
19
54
12
68
66
4
10
3
18
8
19
57
39
26
49
48
5
2
1
12
39
11
18
60
46
2
5
2
12
54
67
45
3
2
12
62
52
32
7
46
26
17
66
53
3
7
12
59
19
26
64
59
8
11
14
55
50
48
5
12
1
42
65
57
4
12
4
5
20
2
59
31
16
83
66
15
21
9
1
12
9
28
5
78
32
29
88
64
19
28
4
14
5
14
16
33
8
81
5
85
74
20
32
5
18
2
26
22
35
10
77
6
5
87
84
22
32
4
18
4
2
31
18
36
9
78
37
9
20
77
67
14
24
12
15
10
29
5
66
34
10
39
60
51
3
16
6
5
6
17
1
48
11
10
56
57
13
4
12
3
14
43
8
43
51
6
1
5
9
31
17
41
42
1
6
31
34
49
52
45
3
8
42
7
6
41
46
38
2
6
36
1
38
32
6
28
20
13
40
29
9
32
47
45
45
32
4
7
14
42
15
37
57
47
9
16
4
6
1
20
3
52
11
10
54
54
9
18
8
12
7
4
21
3
45
45
22
38
41
5
14
9
3
5
8
19
2
31
70
58
48
42
9
18
1
9
1
2
1
4
5
3
21
3
39
33
13
62
55
39
9
20
1
10
1
5
21
4
47
23
30
51
37
5
16
9
1
7
1
18
1
45
15
21
20
45
37
10
5
2
1
14
38
41
12
49
36
29
6
10
25
25
12
52
36
33
6
2
10
24
11
15
36
27
1
8
28
5
7
35
23
6
28
34
1
44
40
34
1
1
7
29
19
62
36
30
4
1
5
22
23
38
30
6
2
4
7
24
46
37
3
10
6
2
6
13
37
29
23
41
37
3
14
9
5
10
14
34
29
50
43
32
1
16
8
9
16
13
1
29
26
41
27
12
5
3
21
10
28
30
24
7
4
7
7
19
11
22
20
14
2
3
1
9
21
6
67
18
15
1
3
5
17
47
23
20
3
12
10
26
5
26
19
1
1
13
13
14
27
21
28
19
1
5
12
3
13
38
24
39
26
14
11
12
11
25
18
23
12
10
25
12
7
3
4
12
22
13
4
12
3
3
65
14
24
16
6
1
7
5
3
97
5
27
10
1
12
8
4
9
2
126
8
14
3
1
1
19
13
17
6
184
9
14
3
2
3
8
10
14
24
4
241
3
17
6
1
17
8
7
20
257
1
16
2
9
190
3
5
1
36
16
1
7
10
1
25
1
5
8
1
25
17
1
2
32
2
30
2
24
18
2
24
46
1
4
12
16
4
4
2
14
4
1
3
5
5
26
1
11
5
9
25
12
4
8
9
9
4
3
13
21
9
1
2
14
5
11
40
29
16
3
10
8
2
1
10
23
5
12
12
4
6
14
9
32
13
2
8
1
7
1
7
25
3
2
10
3
1
18
23
7
4
6
5
32
16
2
3
6
1
14
76
25
11
4
6
5
3
15
2
6
13
116
28
33
28
10
5
22
11
1
7
12
18
82
11
28
27
10
3
16
11
11
4
4
5
11
35
4
16
12
4
3
3
12
2
1
32
9
25
16
6
4
3
7
5
14
65
5
10
27
16
7
3
3
5
14
44
19
11
9
4
1
6
4
1
28
24
14
8
7
12
3
11
29
5
36
39
2
18
10
3
21
17
3
3
19
70
9
35
37
2
18
10
2
19
25
1
16
3
1
16
53
2
19
28
39
19
10
22
33
1
15
3
5
16
10
21
35
15
10
5
5
21
23
4
11
1
23
22
32
10
8
9
4
16
25
2
9
62
16
25
39
10
5
5
18
19
7
6
52
29
26
38
9
4
18
21
3
5
14
29
35
6
2
12
8
1
11
20
25
16
6
4
3
7
5
14
65
5
10
27
16
7
3
3
5
14
44
19
11
9
4
1
6
4
1
28
24
14
8
7
12
3
11
29
5
36
39
2
18
10
3
21
17
3
3
19
70
9
35
37
2
18
10
2
19
25
1
16
3
1
16
53
2
19
28
39
19
10
22
33
1
15
3
5
16
10
21
35
15
10
5
5
21
23
4
11
1
23
22
32
10
8
9
4
16
25
2
9
62
16
25
39
10
5
5
18
19
7
6
52
29
26
38
9
4
18
21
3
5
14
29
35
6
2
12
8
1
11
20
51
46
2
9
13
3
42
52
6
57
54
6
2
4
16
16
8
52
86
5
36
67
56
1
10
2
9
16
12
61
64
14
33
56
45
9
2
12
11
48
32
19
57
47
1
9
4
12
13
53
47
11
46
43
5
3
5
20
2
10
42
86
40
40
44
5
1
8
5
31
60
41
42
38
3
4
3
34
21
14
25
23
19
32
18
26
30
24
69
50
42
41
3
3
4
45
72
58
44
33
2
2
2
45
31
6
13
32
23
1
35
36
5
40
33
2
2
1
5
45
77
2
36
49
43
6
3
3
1
7
52
85
6
61
50
40
8
4
6
52
57
12
41
50
34
5
2
3
53
47
15
26
47
35
2
1
2
2
3
54
79
14
45
50
41
3
1
3
54
93
11
69
47
38
2
1
49
58
5
48
52
35
1
1
3
54
48
12
17
55
31
5
62
77
10
46
50
26
1
6
58
98
14
74
52
34
5
1
10
54
78
28
58
47
33
7
3
10
47
50
27
28
53
30
6
5
2
12
58
81
19
43
53
33
1
7
5
5
14
60
108
19
85
38
25
6
4
1
1
9
41
76
19
73
40
21
6
3
1
2
10
41
52
15
30
41
30
9
7
3
1
7
5
2
13
42
77
15
32
42
33
11
9
7
4
5
14
44
110
11
71
48
24
1
8
5
13
51
88
2
78
43
17
7
5
3
10
1
46
47
10
35
25
8
3
5
10
7
1
34
54
8
16
23
9
2
6
5
6
1
26
90
57
29
12
4
5
1
8
30
85
59
47
33
7
3
10
47
50
27
28
53
30
6
5
2
12
58
81
19
43
53
33
1
7
5
5
14
60
108
19
85
38
25
6
4
1
1
9
41
76
19
73
40
21
6
3
1
2
10
41
52
15
30
41
30
9
7
3
1
7
5
2
13
42
77
15
32
42
33
11
9
7
4
5
14
44
110
11
71
48
24
1
8
5
13
51
88
2
78
43
17
7
5
3
10
1
46
47
10
35
25
8
3
5
10
7
1
34
54
8
16
23
9
2
6
5
6
1
26
90
57
29
12
4
5
1
8
30
85
59
31
9
4
3
1
7
2
35
44
10
29
9
4
3
6
1
29
40
34
10
3
4
4
8
1
38
81
25
33
12
2
1
5
32
80
46
15
12
30
27
15
13
20
9
25
24
4
4
1
1
21
57
40
17
13
1
4
3
11
65
73
13
10
2
4
23
50
23
18
1
1
17
4
25
25
15
1
22
37
49
24
15
19
54
70
24
13
18
16
51
23
11
18
9
27
13
25
13
9
26
12
27
30
42
18
13
16
2
35
18
9
16
30
12
33
32
9
36
22
39
22
27
43
12
20
11
19
25
5
25
16
30
21
44
19
12
22
16
52
28
17
30
15
36
19
2
4
1
41
28
12
1
4
1
34
31
20
28
15
4
2
5
6
3
34
39
46
31
20
7
2
8
3
36
2
12
32
24
8
3
3
7
3
33
27
28
7
3
7
3
31
26
17
24
6
4
2
2
5
1
21
38
30
25
21
8
4
4
6
1
26
3
5
35
30
12
5
5
10
3
36
1
33
29
11
5
1
11
4
36
19
26
17
8
4
9
3
30
35
22
21
8
5
1
5
3
25
2
2
21
7
4
1
3
2
27
4
27
22
7
4
6
2
33
7
1
38
35
10
4
5
8
43
38
25
40
36
9
1
2
6
41
22
29
24
19
18
12
7
7
7
3
8
1
1
1
20
43
1
4
3
53
13
1
10
9
12
2
1
9
7
5
2
3
7
20
9
6
9
35
7
3
5
7
2
8
5
3
11
1
5
1
9
20
15
11
12
11
12
1
11
10
11
1
4
3
10
11
15
5
6
1
4
6
10
12
3
9
5
4
4
8
12
4
3
4
1
13
9
1
1
4
12
13
2
1
3
14
14
4
6
1
3
3
6
4
5
8
1
1
12
3
5
2
6
9
2
6
4
1
4
1
4
1
2
4
14
5
4
4
14
3
16
3
8
2
6
4
5
9
16
2
6
1
10
2
12
2
34
7
1
2
4
1
4
3
3
3
3
6
6
1
12
36
2
14
8
3
17
3
4
3
3
34
2
5
3
1
14
4
2
4
5
5
6
1
1
1
3
5
12
4
7
4
13
3
3
40
10
13
4
4
1
3
3
78
2
4
2
1
3
103
2
3
3
4
135
3
3
5
1
6
3
195
1
3
3
1
6
3
212
1
3
3
4
4
110
3
2
4
2
5
1
7
4
9
10
14
9
6
3
5
10
4
1
23
11
6
8
4
6
4
38
7
6
5
5
35
5
5
6
5
23
3
5
2
6
4
19
3
6
15
9
2
6
7
5
6
11
3
11
9
5
3
8
5
1
8
10
7
1
6
10
7
9
12
8
1
1
14
13
7
6
15
16
15
8
1
10
5
16
7
13
4
12
17
14
8
6
10
7
7
4
14
7
14
7
7
8
11
1
1
9
4
45
2
5
2
10
5
4
65
1
1
11
14
2
3
18
8
1
2
13
9
2
3
1
15
1
14
2
10
2
9
15
10
2
24
15
1
21
1
18
4
16
3
26
13
2
11
12
3
28
4
44
3
5
4
38
46
1
7
9
6
7
5
6
36
38
1
3
6
1
1
1
10
1
9
8
10
38
1
5
2
1
14
4
8
9
6
9
39
7
3
6
3
2
5
1
15
10
12
3
10
8
12
50
32
14
11
3
12
7
3
13
1
11
12
20
12
4
12
11
14
7
24
5
59
24
12
14
14
3
16
9
18
6
14
19
24
9
5
16
12
14
7
19
2
25
15
7
15
10
22
8
10
14
6
4
16
9
11
8
10
13
14
3
10
10
1
24
10
8
6
4
10
2
8
7
4
48
14
8
2
2
10
9
1
24
10
1
4
9
1
4
8
6
9
52
10
41
7
5
22
7
1
18
5
3
4
4
8
11
3
3
21
7
3
2
3
4
21
9
9
1
3
24
7
5
2
15
4
3
13
5
4
3
45
14
5
6
6
6
8
7
5
12
5
5
2
3
8
6
2
1
5
3
10
7
3
6
7
6
1
5
12
6
7
34
2
16
22
2
10
12
3
14
6
14
11
11
9
9
8
7
1
6
10
8
1
7
1
4
9
7
6
8
3
9
7
40
3
11
4
3
8
8
4
26
9
6
5
6
6
1
4
17
5
3
1
4
6
1
2
6
57
7
15
10
5
6
26
7
9
9
5
3
1
11
55
11
39
7
3
1
2
4
14
4
6
20
14
9
17
7
6
11
5
23
11
15
4
3
1
3
7
23
10
7
19
10
16
16
1
8
6
7
34
8
1
10
30
14
7
10
20
11
2
7
5
3
75
1
10
9
28
10
7
5
15
13
6
4
8
75
4
20
4
1
7
28
7
3
9
9
9
14
5
4
11
1
37
15
6
27
6
8
14
6
16
1
3
7
34
18
4
24
1
8
6
19
6
12
2
4
12
75
18
1
16
16
17
9
2
3
3
21
86
18
12
2
9
7
3
26
12
2
4
13
51
18
2
6
3
5
14
4
1
2
7
7
36
23
3
1
8
1
6
3
77
31
4
5
98
34
23
3
2
1
5
6
3
59
21
12
3
1
1
4
6
2
36
10
10
3
57
9
2
77
5
22
21
4
52
1
18
12
5
19
1
5
40
7
4
3
77
13
4
54
21
5
16
30
8
4
34
33
6
13
3
6
4
77
33
9
12
4
70
33
11
9
4
23
32
14
9
3
