5
21
6
5
18
6
16
20
7
5
10
1
37
5
14
28
11
4
11
29
10
7
15
9
48
11
7
12
8
33
14
13
15
1
16
42
14
7
2
16
16
52
23
15
16
18
35
34
22
28
5
23
55
22
7
6
19
23
60
34
21
18
26
43
50
29
38
6
25
61
3
26
3
8
12
20
27
59
41
1
29
20
35
42
61
38
48
10
37
77
8
36
8
8
16
21
30
57
45
7
34
27
41
44
70
44
57
11
41
86
15
43
10
8
18
21
30
59
48
5
35
19
41
43
66
39
55
14
40
89
13
41
12
3
19
14
27
47
43
32
15
35
32
58
28
44
2
13
38
84
4
35
6
16
12
24
42
40
22
14
25
26
48
17
36
4
12
22
75
24
2
13
9
21
38
39
14
2
18
19
43
12
30
5
14
12
75
16
4
12
1
14
22
27
13
13
7
30
8
18
7
10
17
73
16
4
7
5
6
10
11
4
5
4
10
9
5
15
64
14
1
3
2
2
4
2
1
10
4
9
68
5
1
2
10
3
5
74
3
10
2
5
66
3
8
10
76
1
4
5
82
1
1
1
83
1
81
2
90
2
4
113
8
126
1
6
1
12
148
9
3
1
3
15
1
9
7
15
22
17
166
17
5
6
6
17
11
19
3
18
17
34
16
30
2
21
183
20
3
8
1
10
30
23
17
11
21
24
46
17
32
2
23
195
21
3
1
8
6
14
39
32
17
9
24
30
55
19
38
2
23
207
24
3
3
10
10
17
44
35
17
10
24
32
56
19
35
1
1
23
209
23
3
1
11
9
19
45
34
17
8
23
26
55
22
36
3
22
213
21
2
6
12
14
48
32
13
10
20
28
49
25
35
2
18
219
18
4
13
7
48
29
8
12
13
30
42
20
24
14
218
16
5
12
2
41
23
1
10
13
10
28
30
23
23
21
220
5
19
6
12
41
21
4
12
17
7
31
20
31
21
24
229
7
20
5
12
37
21
4
12
15
7
27
17
26
21
24
232
7
22
4
12
3
32
27
2
13
13
10
24
22
16
23
1
27
218
7
21
3
10
7
21
22
14
7
9
17
18
14
20
6
25
218
2
21
1
1
7
12
10
17
13
1
9
9
18
8
18
3
10
23
204
18
1
5
7
15
8
16
13
4
7
9
15
7
15
4
11
22
195
16
1
6
5
13
2
9
12
4
5
5
7
12
13
3
12
21
193
2
18
2
1
7
1
12
2
16
7
5
3
12
2
10
28
186
1
22
8
8
9
23
9
16
1
6
35
157
2
26
8
6
3
23
6
11
1
37
145
3
26
5
19
5
1
34
132
3
24
11
23
97
16
1
11
26
83
14
2
13
1
26
68
14
2
3
12
4
10
6
7
22
54
1
15
7
12
2
17
5
5
15
14
14
29
45
7
23
2
13
3
21
3
26
9
16
19
14
22
31
3
37
41
10
31
7
14
7
1
8
31
17
5
30
10
23
24
34
26
40
3
44
33
16
35
3
10
1
7
6
14
42
32
7
27
12
23
31
45
40
39
40
19
19
34
7
3
7
11
19
51
46
7
25
13
23
33
52
45
39
3
37
7
20
32
6
4
10
15
25
56
54
2
25
17
24
35
56
38
36
9
40
13
32
3
3
13
17
30
59
57
23
14
22
34
52
36
31
3
15
36
9
29
3
13
17
30
54
54
20
7
18
27
46
31
24
4
18
35
12
26
1
12
16
28
48
48
14
6
12
19
38
7
17
6
20
27
4
20
10
13
25
46
44
9
4
6
18
31
7
7
7
21
21
13
10
3
19
19
25
10
2
17
3
4
10
17
25
14
1
8
13
5
12
9
5
10
13
20
11
1
2
2
6
7
11
2
3
11
2
13
2
3
20
7
14
6
1
10
3
2
1
15
1
6
3
1
17
1
8
16
6
16
7
4
20
9
4
10
6
5
4
6
8
23
1
11
1
4
15
23
1
8
13
3
12
24
16
12
21
4
16
2
3
8
27
32
2
8
9
7
15
37
1
23
23
5
17
2
4
12
34
36
11
5
11
17
45
2
30
28
2
18
1
4
11
34
32
14
5
9
16
38
16
23
31
3
20
3
14
34
33
13
1
11
14
43
12
25
1
26
2
20
3
2
2
17
31
33
16
2
17
7
46
9
26
4
29
22
1
9
6
19
24
28
22
19
45
30
3
1
5
36
26
9
10
22
24
30
23
18
43
26
1
4
8
31
23
7
13
1
22
22
28
18
15
37
21
7
10
27
19
4
12
20
12
19
11
10
28
14
8
10
18
12
1
10
16
7
11
6
2
13
1
8
11
12
7
7
12
4
4
1
11
11
6
3
4
10
11
5
8
11
8
2
6
12
13
5
5
4
5
1
5
4
3
11
19
9
1
5
3
3
8
11
6
19
8
1
2
4
7
8
17
2
8
17
1
7
1
16
3
1
10
2
1
14
6
4
9
4
1
20
11
2
10
8
3
20
14
2
5
9
4
11
6
16
18
2
22
14
2
1
9
17
16
14
12
33
8
22
23
18
4
1
13
22
9
27
2
18
19
44
9
27
1
25
5
22
7
16
27
19
36
23
2
23
4
52
14
29
1
4
30
5
25
6
18
1
31
28
45
22
1
24
4
54
1
28
5
8
27
25
4
19
5
33
34
46
20
23
1
53
28
8
14
24
22
4
19
7
30
35
41
18
19
1
44
2
21
11
17
21
21
5
14
5
22
30
32
16
13
31
13
11
14
18
16
3
8
3
14
26
24
12
7
21
14
9
10
17
12
4
5
26
18
4
12
5
5
6
7
9
6
5
25
10
3
3
1
3
4
1
7
26
4
7
5
3
10
31
7
6
13
1
8
2
5
15
32
11
10
22
13
8
4
11
7
7
18
5
33
12
1
6
14
2
27
10
12
10
16
2
14
5
3
17
12
30
13
11
9
7
24
3
15
13
3
15
19
16
1
8
9
13
15
6
13
2
7
10
8
8
6
14
18
14
6
12
3
14
2
17
2
9
5
4
9
8
11
21
17
9
10
3
14
1
2
3
7
3
20
15
6
4
7
2
6
12
8
2
3
3
5
10
4
1
3
11
1
2
7
3
1
6
2
1
4
3
1
8
5
5
9
8
7
3
16
10
2
7
6
4
10
18
7
5
3
4
25
9
8
6
1
9
6
17
4
1
1
26
8
6
5
9
20
25
1
6
30
5
3
3
13
33
30
8
4
10
30
9
1
13
9
2
6
9
21
45
41
16
3
14
17
43
5
17
3
2
3
20
18
6
9
12
22
49
44
18
2
17
19
43
6
17
2
2
6
20
17
8
9
9
18
39
31
20
1
14
12
31
4
16
1
4
5
19
18
7
8
7
15
31
23
19
11
9
23
2
10
5
5
19
15
3
6
6
10
27
17
16
8
7
16
7
5
4
18
12
3
5
6
27
12
10
3
10
9
5
5
2
11
9
3
2
21
6
7
2
4
1
11
6
1
2
18
7
7
1
2
2
11
5
2
6
8
7
8
1
3
13
7
1
2
6
1
4
5
6
4
3
6
2
1
4
2
5
7
1
1
3
5
4
5
3
3
4
2
7
5
9
2
8
5
11
6
10
3
17
10
7
4
11
5
11
1
15
9
2
8
2
9
15
9
5
4
3
14
8
4
6
14
9
6
7
2
10
15
11
1
1
2
11
1
11
4
6
4
22
20
19
4
16
5
7
5
23
18
5
11
10
7
16
27
18
21
21
9
18
7
11
12
37
31
3
14
9
13
21
41
16
28
1
21
9
20
3
6
2
10
15
38
28
3
23
6
17
22
37
18
30
3
31
10
30
5
5
7
12
21
38
32
6
26
13
22
22
41
26
34
7
35
12
33
4
4
9
14
27
44
44
3
27
10
27
22
53
19
36
1
13
36
9
32
3
3
9
19
28
51
45
3
27
12
24
26
45
19
34
5
17
34
12
33
1
4
11
18
29
48
46
1
25
10
25
21
43
15
33
8
19
28
9
30
1
9
12
24
38
35
19
3
17
13
30
9
22
9
16
21
2
22
8
10
16
34
24
9
1
6
10
12
1
7
9
12
10
11
6
8
9
30
17
4
1
8
2
6
9
3
5
4
7
6
27
11
5
7
3
4
7
5
7
5
4
2
18
1
6
2
2
1
1
4
7
7
3
7
8
1
2
1
7
9
2
3
5
9
1
1
5
10
14
4
1
10
1
4
3
12
13
4
1
13
6
5
15
1
16
2
1
1
11
7
6
2
7
16
1
14
3
2
9
3
3
11
3
6
15
2
14
5
1
9
1
12
4
3
14
2
14
6
1
9
1
5
2
5
1
13
11
3
4
6
1
9
10
2
4
10
9
1
7
5
5
4
5
19
4
12
2
10
10
1
10
13
17
8
7
8
26
9
15
1
12
15
5
11
36
30
7
4
6
20
31
13
13
12
10
8
12
53
38
5
6
3
27
33
17
11
8
6
12
11
62
42
7
31
31
17
7
3
3
1
9
7
53
36
6
22
26
11
2
2
1
9
6
47
30
6
19
21
14
1
1
1
1
11
10
51
34
2
7
22
23
11
3
3
5
5
2
11
16
43
33
9
3
4
15
26
4
10
9
13
1
13
2
3
11
16
36
25
3
8
2
3
13
16
14
4
1
13
14
4
13
6
2
8
10
19
30
21
14
3
8
11
18
6
12
5
16
17
18
6
1
9
7
15
17
9
14
8
7
7
7
11
6
13
18
2
18
4
10
4
12
12
3
1
13
5
4
4
1
9
7
11
15
3
16
5
11
5
14
11
5
12
4
7
4
2
14
8
12
16
4
17
3
9
2
7
7
9
2
4
7
4
6
12
12
2
13
3
7
3
10
4
5
7
11
10
2
6
3
2
10
7
1
2
2
2
1
3
1
2
5
14
6
1
8
1
15
10
1
4
6
7
6
13
1
10
3
5
8
1
15
4
9
1
13
3
13
3
4
9
16
4
8
1
14
2
13
6
2
6
5
22
14
9
2
14
12
7
7
2
8
8
28
16
8
1
8
3
8
4
11
14
19
2
3
7
5
16
38
6
16
1
9
5
9
1
5
12
23
21
7
6
7
18
35
10
16
1
12
2
12
2
7
12
28
21
6
8
5
21
33
12
14
7
1
9
1
4
7
15
32
25
6
3
9
18
38
8
18
3
9
1
11
1
3
4
12
23
15
1
10
6
9
10
33
4
17
2
16
3
17
2
2
6
7
15
28
21
13
7
12
15
38
6
21
4
15
2
16
1
3
6
11
16
42
26
12
9
11
23
35
17
19
7
15
2
15
1
5
4
12
13
41
20
3
12
13
8
25
25
16
18
6
16
5
17
3
5
6
12
12
37
19
7
13
12
10
24
21
25
19
5
21
8
20
1
7
4
5
10
10
37
18
5
15
12
8
23
16
20
14
4
20
8
19
1
6
4
6
4
29
10
11
6
1
17
1
12
3
2
14
2
11
3
4
3
3
21
9
6
1
10
11
5
2
4
9
5
1
3
3
1
14
5
3
6
3
4
6
1
3
1
4
2
5
4
2
1
2
7
1
1
7
1
4
1
1
3
3
5
2
4
3
2
5
4
6
6
5
4
1
2
6
1
8
7
7
3
6
4
1
1
10
9
12
1
5
3
25
7
1
4
2
1
1
3
5
10
6
1
30
6
1
2
8
12
11
10
34
9
12
2
5
7
27
19
1
3
10
5
21
38
18
17
4
5
7
5
8
5
40
22
4
4
16
2
30
33
23
17
10
7
8
1
3
1
10
9
48
28
5
8
10
5
29
33
27
24
13
9
13
1
3
3
3
9
9
50
31
6
8
10
8
29
33
29
23
12
9
13
5
2
3
6
9
45
27
5
7
13
5
23
30
23
17
9
7
12
2
6
3
4
7
37
21
6
4
1
16
21
14
9
8
2
8
5
5
2
4
27
12
4
9
12
8
8
2
8
3
4
4
5
18
8
2
4
12
3
6
1
2
1
4
7
1
8
17
9
4
12
2
4
4
5
9
11
13
6
3
2
10
1
6
6
1
3
8
10
8
4
1
1
1
5
5
4
6
6
1
7
5
5
3
5
1
6
2
2
6
1
3
2
3
5
7
6
4
4
2
8
2
10
6
1
6
3
4
1
2
4
5
2
5
1
3
6
11
2
2
4
154
5
5
3
4
328
4
7
4
3
3
4
445
3
8
9
6
5
2
5
4
1
3
6
466
4
1
12
10
6
9
3
14
7
1
1
16
3
3
3
5
399
1
6
6
5
4
10
13
23
1
2
2
9
23
18
6
2
3
1
283
5
7
22
27
2
5
13
27
18
7
1
126
4
3
7
32
30
8
1
18
30
19
8
1
2
1
1
4
9
35
29
1
5
5
6
19
32
22
16
1
1
2
4
3
4
2
2
6
10
38
27
2
11
9
10
21
34
20
22
1
10
1
12
3
4
2
2
8
10
41
25
4
11
9
9
24
35
12
20
9
13
7
1
5
2
2
7
9
35
20
7
11
9
9
20
32
9
19
10
2
14
8
1
5
3
1
6
8
31
14
3
9
6
4
18
22
9
15
7
9
5
6
4
3
11
22
10
7
2
11
20
11
2
2
4
5
3
6
7
3
13
19
10
3
2
9
18
7
4
4
3
2
2
8
9
5
13
19
12
3
1
7
16
4
6
8
3
8
9
4
14
10
11
5
1
2
14
3
6
9
1
3
3
7
9
1
14
3
9
3
9
6
10
6
9
13
5
8
7
10
7
9
12
4
1
7
9
4
9
6
3
3
6
6
9
10
4
3
5
8
3
1
12
11
5
5
7
9
1
9
9
2
1
6
7
8
9
1
7
7
7
2
12
7
7
7
17
9
3
5
6
20
6
3
3
3
17
6
4
3
1
36
7
4
3
1
39
2
10
4
10
35
6
2
30
17
3
19
7
4
44
1
8
6
35
22
16
15
2
42
7
3
33
16
13
10
1
47
6
2
37
12
15
7
1
54
6
3
34
9
4
14
12
1
59
3
4
2
5
3
32
9
1
13
18
5
1
64
10
8
3
2
3
29
6
7
3
2
12
16
5
2
2
5
73
6
1
14
9
4
2
14
9
1
4
7
10
11
4
1
10
84
10
14
7
3
1
4
1
8
4
1
10
11
3
9
81
9
10
8
2
2
2
9
5
13
12
3
9
90
11
9
8
3
3
9
6
13
12
4
10
96
10
12
7
2
1
8
2
2
7
4
3
9
96
6
9
6
2
6
5
3
5
5
91
4
8
6
1
3
2
5
2
96
2
11
8
2
5
3
5
2
5
110
3
5
18
12
4
8
4
5
1
10
115
6
4
19
13
4
4
5
6
7
114
3
17
13
1
5
5
3
110
2
17
14
1
5
5
1
114
16
14
5
1
6
7
1
2
128
13
11
7
1
2
4
7
2
3
143
9
6
6
4
4
7
144
7
4
3
2
3
3
3
5
158
10
3
3
5
14
12
1
4
2
180
10
1
2
8
30
33
1
1
9
29
10
2
1
187
3
5
8
9
44
40
4
5
19
35
10
20
2
197
4
4
1
1
8
9
45
38
1
3
3
5
19
37
19
15
4
215
2
6
8
5
3
12
13
53
41
1
7
9
9
23
40
18
21
2
8
223
2
9
11
8
3
4
14
15
55
42
3
9
10
11
27
41
18
22
1
4
11
222
2
10
8
8
2
5
12
15
49
34
6
10
11
12
24
35
19
23
2
5
9
237
7
13
6
4
3
5
11
12
43
25
9
7
12
10
23
29
13
19
3
7
239
10
11
12
1
7
2
7
7
10
36
17
7
9
8
7
19
20
15
14
2
3
11
2
239
8
10
1
13
11
10
3
9
28
8
3
9
6
5
14
12
8
11
2
4
1
9
236
4
8
1
16
14
12
7
17
2
10
5
7
8
5
5
4
4
7
227
6
1
18
17
12
4
3
11
2
1
4
5
5
5
230
6
15
15
10
3
8
4
5
1
223
1
16
12
9
3
7
3
5
2
212
10
9
8
2
4
1
6
207
2
4
2
5
196
1
1
6
173
3
1
7
169
2
4
167
146
3
128
2
9
2
116
5
12
2
2
3
101
8
1
1
86
5
2
2
3
72
1
1
7
1
58
4
18
21
9
2
50
1
6
39
29
9
16
9
2
38
3
5
47
33
13
19
4
5
27
1
5
4
50
32
3
18
16
7
3
7
3
53
30
20
12
6
1
1
9
2
55
31
9
26
12
18
7
1
7
44
24
3
8
19
10
7
1
4
2
2
13
3
1
6
37
14
6
5
5
18
4
6
7
4
6
5
5
16
2
2
1
2
6
6
34
16
7
8
10
2
20
13
13
9
6
5
5
5
16
1
4
5
5
10
25
13
8
10
6
5
15
19
5
5
1
3
6
7
6
5
12
2
5
1
4
3
6
16
3
7
5
6
13
7
7
2
4
3
1
13
6
5
4
2
2
5
3
1
1
1
15
9
7
6
9
3
2
3
3
3
3
1
14
11
9
7
10
7
6
9
4
3
6
6
1
14
11
7
4
9
5
5
4
4
3
3
12
12
7
2
6
2
1
5
6
12
12
7
1
6
1
6
7
9
9
3
6
8
8
8
7
8
11
10
9
8
13
9
7
9
10
6
6
7
9
2
3
3
10
2
1
1
10
2
1
12
2
9
20
6
6
3
34
11
12
11
5
44
20
17
1
4
1
10
2
34
14
4
1
8
4
8
1
3
9
2
2
38
15
1
5
2
16
8
1
2
4
8
4
1
6
2
42
20
6
3
17
10
1
1
1
4
5
9
5
1
4
7
7
45
23
6
2
2
16
16
14
7
3
4
3
4
11
4
1
3
8
8
43
20
1
5
3
19
13
8
4
2
4
2
1
12
2
4
3
8
27
15
4
5
3
3
9
15
7
9
1
4
4
2
3
5
9
2
3
7
17
9
1
3
1
3
5
16
6
9
1
3
2
2
7
2
1
4
7
2
9
5
1
1
7
2
2
3
2
2
8
9
3
5
3
3
2
5
3
5
9
4
1
8
6
3
5
1
3
3
9
8
5
5
1
4
2
1
15
9
4
7
3
5
5
2
16
8
1
3
4
5
4
3
15
4
4
3
5
16
3
6
2
1
5
17
2
8
3
5
17
6
2
1
1
10
1
1
7
7
1
6
1
2
16
12
2
4
4
9
9
1
1
5
4
9
33
17
8
2
11
23
7
4
1
3
1
5
4
2
7
14
