12
5
1
4
64
7
15
7
6
1
6
2
77
2
18
6
2
6
7
4
86
8
4
4
5
81
11
1
13
1
1
1
2
85
15
2
1
9
3
4
124
3
14
9
5
1
5
1
5
65
2
9
7
2
1
2
3
6
4
4
2
1
11
7
3
3
3
6
2
12
5
2
5
1
5
8
10
5
5
1
3
5
43
2
10
1
4
14
1
108
9
20
1
8
4
2
20
1
9
3
97
3
7
10
22
3
1
11
1
3
18
3
8
7
75
5
4
5
21
3
12
1
16
3
8
4
36
2
3
5
27
7
6
16
14
4
13
7
72
7
15
27
6
12
14
2
16
5
14
13
98
10
1
15
23
5
1
2
9
3
5
8
8
78
10
26
14
12
3
5
7
5
81
15
26
5
5
11
3
16
3
12
9
89
5
1
16
28
8
5
24
1
14
4
19
10
92
6
10
13
27
4
1
4
11
6
14
4
16
9
88
7
1
7
26
9
2
18
3
14
4
11
3
90
1
5
14
30
10
3
7
25
5
9
3
9
10
23
4
19
11
103
12
11
20
29
5
6
8
2
13
19
4
5
7
7
12
28
3
22
16
114
11
12
16
30
12
3
1
6
2
6
26
2
8
11
9
23
4
18
10
96
14
11
16
30
7
3
3
9
21
5
6
11
10
23
4
23
10
94
14
14
13
27
1
9
4
10
22
6
1
8
10
19
4
16
11
95
8
9
21
31
10
4
14
26
8
8
3
12
13
28
5
26
13
100
17
15
23
29
4
6
5
9
17
7
6
2
8
10
22
4
19
22
92
19
10
23
27
4
5
3
5
18
4
6
15
5
15
23
78
9
3
24
29
6
17
18
4
4
5
6
22
4
20
18
89
13
8
19
28
6
2
13
19
2
3
2
9
22
3
16
16
94
16
12
16
23
2
7
1
3
16
4
6
16
3
15
14
81
16
19
25
6
1
5
14
1
7
14
3
14
19
84
19
3
18
26
7
9
16
1
11
4
12
15
85
11
3
15
23
2
1
11
8
8
3
7
13
89
8
14
23
5
3
2
7
1
2
4
6
16
71
7
7
19
7
2
13
1
4
1
11
62
8
15
16
14
7
15
3
9
70
6
15
14
12
7
16
4
3
11
72
5
11
19
1
23
3
18
12
9
4
6
13
84
25
8
18
5
4
12
7
1
4
4
4
4
6
68
17
12
18
3
3
13
5
1
3
11
4
6
12
77
15
22
21
2
3
4
17
11
6
10
17
3
10
18
89
16
20
23
5
8
13
17
10
1
2
12
22
4
12
16
85
21
8
18
21
2
6
8
13
4
3
10
16
4
9
16
91
21
11
15
7
9
12
8
2
4
1
10
13
3
10
14
78
17
2
6
15
1
3
4
7
8
5
3
13
17
2
11
5
83
16
1
10
17
5
7
8
3
1
5
6
11
18
3
12
9
78
12
4
16
20
1
7
8
14
16
7
10
8
14
23
3
19
14
86
17
9
10
19
3
3
3
1
3
19
4
4
8
11
22
2
20
6
86
12
7
14
23
2
4
4
9
24
2
18
5
16
18
36
2
26
12
84
17
24
15
25
6
5
11
3
13
25
2
8
10
14
13
32
3
24
12
101
12
14
11
21
6
3
10
8
12
14
7
2
10
7
10
18
4
20
9
90
12
7
10
22
1
5
5
2
7
16
6
3
8
19
4
19
8
70
9
10
14
25
3
1
10
25
6
5
14
34
3
27
13
87
11
17
12
23
3
12
18
1
7
1
13
24
3
21
11
85
14
12
8
21
2
2
13
10
3
14
6
57
1
19
1
10
10
3
12
2
54
15
5
4
1
6
63
7
20
15
11
1
19
1
65
4
2
14
3
6
1
2
3
59
2
14
2
5
1
5
60
11
22
3
16
1
16
1
18
80
10
3
15
1
12
8
1
6
72
9
17
1
4
13
14
17
7
81
3
8
20
3
2
1
12
1
13
1
16
3
81
2
5
20
6
4
20
1
1
14
2
14
2
79
7
8
20
2
1
5
16
6
4
2
5
24
17
5
103
4
10
6
19
3
1
11
3
3
3
3
3
21
1
13
2
92
10
6
20
4
3
17
5
2
17
3
17
104
9
3
19
2
1
1
2
13
2
4
3
4
14
3
15
7
97
3
4
17
22
4
3
4
8
21
8
4
8
11
25
2
20
10
93
8
13
14
23
1
6
3
10
19
2
7
7
12
26
3
19
11
114
11
12
15
22
7
5
5
11
19
4
6
3
15
23
5
22
18
105
16
11
18
27
2
2
7
7
10
24
4
2
10
6
22
29
4
27
13
119
16
17
11
27
9
4
2
8
26
3
2
5
5
20
27
3
24
4
130
14
10
15
25
4
6
5
12
24
2
10
2
4
17
27
3
24
13
127
15
13
15
27
4
5
1
6
20
2
9
1
18
22
5
25
14
120
18
13
13
24
1
8
4
21
15
19
4
22
9
110
14
4
13
25
3
7
4
5
19
13
16
24
4
23
10
125
19
4
14
31
1
4
7
1
26
27
15
7
8
9
21
27
5
30
16
129
27
16
13
27
6
4
9
9
21
3
5
11
18
5
24
14
119
10
10
13
27
8
1
12
14
1
15
18
6
19
15
124
19
3
11
25
4
3
12
22
14
18
5
20
15
110
18
9
15
21
13
6
18
14
4
7
12
3
17
11
109
10
17
20
12
3
20
9
13
7
9
3
14
10
106
19
10
19
4
6
11
7
11
4
11
10
86
12
16
27
7
9
19
10
20
22
3
21
17
92
23
8
22
26
4
4
2
14
17
18
12
3
18
20
87
18
14
22
2
2
12
9
2
18
16
5
15
10
84
18
3
19
2
5
3
5
9
10
9
3
12
7
65
18
2
5
18
3
5
13
5
18
2
12
6
69
5
3
16
27
3
8
4
8
24
9
3
8
1
15
29
25
13
59
14
9
18
26
8
3
14
18
9
2
9
2
19
26
26
15
58
16
11
18
23
1
7
6
10
11
1
1
7
4
16
24
2
17
16
66
13
4
14
23
4
9
6
9
19
3
6
6
12
22
2
17
14
46
8
9
8
19
4
2
1
4
21
3
3
1
5
9
27
16
6
54
7
10
9
21
4
3
5
15
3
1
3
6
4
25
19
8
44
11
10
21
4
7
20
9
8
16
7
25
1
21
2
43
2
12
1
18
2
2
4
16
7
3
6
7
22
1
16
49
2
6
12
20
3
6
20
5
8
25
23
4
27
3
13
10
20
4
1
3
3
23
2
10
8
25
23
3
27
1
11
5
20
3
3
4
17
9
3
7
7
23
19
3
30
5
11
5
18
2
2
1
16
4
1
8
1
21
1
16
3
30
6
2
20
3
5
2
19
8
20
18
39
5
2
21
4
9
1
5
20
4
3
9
1
22
20
34
13
11
30
5
3
1
2
8
2
7
28
3
2
6
13
16
30
2
27
6
47
14
16
12
33
3
7
4
13
26
9
5
10
16
32
3
34
7
47
17
18
12
25
5
7
9
22
4
5
6
15
24
1
26
7
33
14
8
12
27
2
8
8
24
9
3
1
8
15
29
27
12
43
20
12
6
21
14
4
15
3
3
4
7
20
22
5
22
13
8
5
21
5
1
5
10
9
7
19
2
18
7
32
13
1
10
28
1
1
3
24
8
6
12
32
2
27
7
46
19
16
8
21
2
6
7
22
2
5
21
1
18
7
26
7
8
7
21
7
1
14
16
4
16
2
15
14
27
6
4
10
22
3
2
3
21
1
14
2
19
7
24
6
7
17
1
1
9
2
12
16
4
33
1
8
20
4
3
17
5
2
5
22
19
4
48
9
9
7
19
5
5
9
19
2
6
2
20
18
3
31
6
8
5
20
3
7
12
1
1
5
15
15
2
19
5
3
1
24
3
3
5
21
1
9
20
19
36
7
9
2
18
4
4
15
1
6
24
21
46
5
8
8
23
6
2
2
3
24
7
4
6
7
26
27
36
6
13
5
21
10
1
23
1
1
15
2
22
31
4
1
19
12
17
4
17
3
18
40
6
6
19
1
3
23
6
5
5
22
1
20
31
4
13
7
23
5
2
26
1
7
22
25
4
26
13
9
22
7
4
19
5
1
20
1
20
33
8
18
2
15
7
4
10
1
15
39
4
7
21
6
21
3
18
1
19
1
31
8
14
1
4
2
11
14
1
9
27
20
3
16
3
14
1
18
23
1
4
4
16
2
4
13
11
2
13
4
16
5
14
2
9
5
1
7
13
11
1
1
15
11
1
10
21
8
2
5
12
13
1
12
31
1
2
16
2
5
16
12
1
19
24
3
2
15
2
14
6
1
1
15
14
23
3
13
7
17
16
11
21
2
13
1
5
15
15
1
13
25
3
14
1
2
3
14
3
8
19
2
19
28
3
5
15
6
16
2
16
1
14
23
3
4
1
13
2
15
1
18
15
25
9
1
12
4
2
15
15
15
33
1
2
16
8
1
16
12
2
17
1
28
3
4
16
7
17
3
2
19
3
19
28
9
5
17
5
3
1
20
3
23
1
17
39
1
9
5
20
5
3
1
21
3
19
1
21
6
37
1
7
2
16
5
3
1
16
14
2
16
1
7
2
5
17
6
5
2
16
15
2
16
4
27
5
6
18
10
15
1
16
1
18
35
2
1
16
3
6
2
16
16
16
14
3
19
1
3
4
4
21
1
17
2
18
4
22
2
5
12
24
4
6
2
25
4
4
4
7
24
1
30
11
29
5
18
8
23
7
3
1
3
5
21
1
5
7
10
25
1
21
6
27
6
9
21
7
6
4
26
7
1
1
7
28
2
24
2
33
5
11
20
1
4
5
22
2
4
24
2
25
29
1
11
10
24
6
3
3
2
23
7
3
10
9
27
2
24
27
9
14
1
25
9
3
5
2
4
32
13
2
16
10
32
34
3
38
10
21
1
17
9
6
6
2
21
1
1
1
25
23
25
8
11
24
10
2
1
1
26
5
2
8
29
1
27
5
28
13
14
23
3
1
5
1
27
14
11
4
12
11
28
2
29
10
44
19
19
12
16
5
7
3
18
5
3
21
1
19
2
40
7
8
12
21
1
7
1
11
23
5
6
23
1
25
9
35
5
10
1
17
2
5
3
12
19
5
25
23
3
24
8
10
6
16
3
6
7
16
14
1
14
5
19
2
15
22
7
5
1
20
6
19
1
23
6
26
5
8
19
7
1
25
8
26
2
26
38
11
10
19
8
20
4
20
4
18
28
5
5
3
22
13
3
23
3
21
1
24
3
3
4
19
5
3
1
15
2
14
2
15
10
24
1
5
17
4
3
13
4
3
17
15
2
27
8
1
18
15
2
1
10
18
14
12
22
2
10
17
3
1
5
12
14
1
13
6
23
10
18
1
7
14
1
12
9
30
10
6
16
3
14
1
18
16
1
33
2
14
2
1
13
15
18
9
1
1
13
2
9
9
12
8
15
3
15
12
16
33
9
1
8
11
12
16
7
1
1
9
12
13
13
2
11
5
1
14
1
17
15
35
3
3
12
12
5
17
4
3
13
12
20
4
2
10
5
14
3
18
16
16
11
1
18
3
1
1
2
28
21
38
5
7
4
11
5
3
19
1
1
21
1
21
24
12
2
11
1
3
15
2
17
1
19
34
6
1
11
3
3
16
18
17
34
1
3
2
9
6
2
15
14
14
17
9
5
15
17
2
14
21
5
1
16
1
18
7
4
21
2
22
1
24
4
10
9
15
2
2
18
17
16
3
33
1
3
6
15
4
1
18
20
18
1
22
5
3
17
4
1
8
19
2
2
19
2
19
4
29
6
5
8
19
3
2
2
14
1
17
3
20
4
36
2
2
12
20
2
2
20
1
19
2
20
9
3
3
10
10
19
3
3
2
21
21
2
22
10
25
2
8
4
17
5
3
2
17
1
18
2
21
3
19
1
15
4
2
11
4
16
2
14
1
22
3
3
1
21
7
1
20
11
22
3
26
6
52
4
11
21
23
7
3
2
9
25
5
25
2
25
6
25
4
6
12
23
9
3
1
22
2
22
2
16
9
5
12
21
5
8
22
7
2
14
23
2
21
6
8
19
22
2
5
12
18
2
9
19
22
9
10
6
8
21
5
2
21
2
18
1
23
3
1
4
1
18
3
1
19
1
17
2
21
4
3
4
13
1
2
19
5
13
3
20
4
1
3
10
7
3
17
3
2
5
17
3
21
3
5
21
2
3
12
15
4
18
5
19
27
8
4
25
4
17
1
25
18
5
23
31
7
10
32
3
7
3
9
25
3
32
18
12
13
16
28
6
1
23
2
17
3
23
14
13
10
23
7
26
18
2
25
6
3
9
6
26
8
28
21
2
28
3
9
10
6
27
10
29
2
20
2
30
10
12
10
9
26
14
23
3
13
4
21
4
4
4
14
29
12
29
4
23
2
27
6
36
12
13
26
3
1
27
7
29
2
33
6
48
3
9
9
22
5
23
23
2
24
4
46
9
13
24
3
25
1
23
4
27
10
42
13
4
18
3
3
18
15
2
20
32
1
6
19
6
5
22
1
20
21
3
45
4
5
7
19
6
3
1
18
1
1
5
22
1
19
5
47
4
9
20
3
3
4
22
3
2
21
1
26
6
47
6
7
10
24
3
2
8
25
3
2
23
2
28
10
44
8
14
3
20
8
1
21
2
2
24
3
21
2
46
5
6
20
8
2
6
20
19
3
20
1
48
1
9
21
3
2
7
11
20
22
3
19
36
10
7
23
2
7
21
4
1
23
2
27
5
55
5
10
16
4
5
17
18
2
18
3
44
16
17
9
23
3
23
2
20
6
50
1
7
24
27
9
3
24
1
1
21
2
25
17
56
7
7
10
26
7
4
1
20
15
2
22
7
41
5
2
22
9
20
18
1
21
1
68
3
1
24
3
21
1
3
23
25
3
96
6
9
16
24
2
20
1
18
2
24
4
99
3
9
17
23
5
19
11
2
20
5
93
8
20
6
2
24
15
2
23
2
108
9
13
19
6
3
4
20
13
1
19
8
138
5
10
17
7
2
1
18
7
12
1
15
8
122
3
9
19
2
6
4
18
3
1
16
5
1
18
7
50
1
3
8
19
2
7
3
19
3
5
22
4
2
15
6
4
4
14
2
3
9
3
21
3
3
23
8
1
16
4
1
4
7
18
2
8
22
17
14
1
21
1
1
6
9
23
8
1
1
9
1
27
8
6
9
13
28
3
26
45
8
15
8
19
4
4
7
21
7
3
25
2
23
5
114
3
7
5
19
6
2
3
25
7
32
25
1
90
10
8
15
7
1
25
1
31
1
23
3
66
10
3
15
3
3
19
2
19
2
23
2
42
5
17
5
5
19
16
1
18
46
3
11
7
1
9
1
1
16
9
4
87
9
12
4
14
18
1
15
5
95
1
19
21
6
4
3
13
21
4
26
4
24
17
103
6
9
11
21
2
7
17
3
4
23
1
23
4
101
6
5
7
17
7
2
3
23
1
4
6
21
1
23
86
6
7
10
16
7
9
23
6
22
3
21
10
95
8
3
4
15
7
3
18
1
3
21
2
20
1
93
2
10
11
19
1
8
1
18
1
2
1
1
21
2
24
8
91
1
8
6
16
4
5
3
1
23
1
20
23
5
97
5
4
10
3
2
15
1
21
17
3
87
1
5
7
17
5
20
1
7
23
24
5
93
7
7
3
14
3
7
16
7
3
19
1
19
1
88
4
6
1
13
3
2
16
21
1
22
83
2
7
6
13
5
18
15
18
3
91
3
11
17
2
1
1
19
5
13
21
21
5
89
9
7
5
16
1
3
4
20
6
21
1
23
6
87
12
8
14
1
5
15
20
18
92
3
15
1
5
1
9
21
5
4
5
25
25
103
7
7
5
12
5
6
3
7
10
16
3
4
4
20
19
1
97
4
1
7
15
3
7
13
17
3
4
14
27
21
4
95
3
10
3
14
2
9
21
8
10
28
24
1
95
10
10
4
12
6
7
21
4
4
26
21
91
3
3
10
14
5
10
3
1
23
2
4
21
22
5
90
1
4
11
3
5
5
2
14
3
20
17
3
83
3
6
7
14
5
8
20
7
6
6
6
7
30
29
95
9
16
6
13
3
10
20
4
4
24
21
1
88
3
8
7
14
5
9
23
3
8
11
9
27
22
3
84
5
13
11
15
6
5
2
6
3
22
10
7
9
24
25
8
81
11
9
5
13
5
8
17
1
22
1
21
5
71
2
9
3
13
3
8
3
1
22
5
1
4
9
8
25
26
1
74
7
11
4
12
4
9
1
4
19
2
6
6
20
18
70
9
3
9
1
11
1
13
3
1
2
4
23
17
73
2
9
12
3
7
21
1
1
3
7
28
25
88
3
13
9
16
5
5
1
1
22
3
2
11
32
24
5
83
9
12
11
3
7
20
6
2
9
26
19
77
7
10
11
4
6
20
2
6
22
21
1
74
5
5
9
18
10
2
2
22
4
3
9
27
29
7
81
8
11
9
13
8
5
20
1
6
23
22
2
75
4
12
4
11
2
5
1
17
3
8
21
22
73
6
6
12
1
4
18
5
19
20
71
2
9
10
2
1
19
2
20
19
1
69
1
8
6
14
4
2
18
1
22
22
2
78
2
2
12
5
2
22
1
21
19
72
9
4
11
1
5
18
4
21
19
1
74
3
8
7
16
1
10
15
6
21
24
4
74
5
5
1
16
9
3
1
21
4
26
24
74
4
7
4
16
4
4
26
3
30
29
77
4
13
2
17
4
4
23
7
3
24
23
75
4
13
2
18
3
2
21
2
21
24
79
10
5
18
2
1
3
20
6
20
24
3
68
9
5
15
4
2
4
17
4
3
8
23
17
2
83
5
6
6
16
2
9
22
4
5
27
23
85
12
4
14
4
1
1
21
1
3
1
2
23
25
1
70
8
11
18
3
14
1
20
20
8
77
2
13
24
3
3
18
2
26
21
5
86
12
13
24
3
3
24
2
22
21
4
73
9
20
26
5
1
21
3
1
19
22
13
77
2
10
17
23
2
3
1
18
3
5
3
23
21
9
86
5
10
13
18
1
7
16
15
14
5
84
2
21
27
6
1
5
23
1
3
5
23
19
14
105
1
10
21
25
3
2
21
18
18
12
87
7
14
20
2
12
2
11
5
6
87
2
8
13
1
3
11
9
95
18
20
2
2
9
10
4
6
84
27
24
7
7
14
6
19
87
1
18
