1
3
12
14
2
13
7
10
5
5
10
15
1
11
4
18
5
1
12
5
5
4
7
3
13
4
13
9
40
12
1
9
8
6
6
25
8
13
14
6
10
19
15
7
8
14
8
27
9
23
12
5
17
13
12
8
6
11
6
4
25
11
3
22
16
9
7
10
9
24
3
15
11
4
14
10
23
2
17
5
15
14
5
29
6
12
12
7
18
14
11
5
15
3
11
14
4
4
16
13
3
21
6
14
10
6
8
12
12
1
15
13
2
12
8
4
8
14
12
3
17
4
15
11
5
8
4
13
3
11
2
9
7
11
1
9
15
5
17
12
15
3
19
1
13
12
5
8
1
14
14
16
10
4
7
5
4
12
12
2
13
15
10
6
13
10
12
3
12
64
14
11
2
13
5
13
4
8
43
12
7
1
9
11
3
1
5
11
3
13
15
2
1
8
5
5
11
2
8
5
15
18
16
20
4
7
32
11
5
22
59
14
2
4
10
13
4
5
9
14
4
18
42
5
15
2
9
10
22
5
14
2
15
5
5
21
12
20
10
7
5
33
11
3
26
11
2
15
2
14
20
10
15
1
32
12
5
24
3
19
29
6
14
1
14
13
10
15
19
15
6
18
2
23
42
13
4
10
5
2
10
1
13
4
10
7
11
3
17
9
10
20
19
13
3
18
26
2
18
3
9
7
8
22
12
4
15
14
8
12
3
8
4
6
7
9
8
11
14
14
4
14
27
8
52
4
16
8
7
8
8
24
15
2
13
7
9
3
17
7
16
9
14
20
14
2
22
5
11
2
14
10
16
7
7
1
14
3
21
21
21
19
2
17
14
5
7
4
15
5
10
29
70
14
11
9
1
22
16
2
5
18
2
13
11
10
7
2
23
14
3
17
12
8
15
9
7
6
13
4
15
7
19
1
10
18
6
14
3
27
48
15
1
11
12
13
5
14
6
11
10
3
7
18
12
4
4
7
2
11
6
6
1
1
10
4
9
1
15
2
11
1
19
12
6
11
46
10
3
9
2
10
10
15
4
7
30
12
1
4
3
3
6
2
15
2
10
5
12
4
5
8
5
14
21
13
3
14
3
9
13
8
4
6
3
4
3
14
3
14
48
7
15
4
7
10
4
32
3
6
17
4
16
44
13
12
5
7
13
8
26
32
16
3
19
22
9
14
3
16
2
20
13
3
16
2
14
10
1
9
9
9
14
16
14
3
12
53
14
10
1
3
11
11
11
18
6
16
5
19
60
1
18
9
7
11
6
15
3
10
12
3
3
12
14
7
12
8
5
11
4
14
3
8
26
10
10
8
1
15
3
62
8
3
7
4
14
4
1
10
8
1
11
13
3
5
11
5
1
13
2
7
15
9
6
5
14
3
6
64
10
15
1
15
1
4
1
10
3
12
7
13
2
8
6
1
3
13
14
1
5
10
7
8
8
1
21
13
3
4
4
63
3
8
1
4
4
20
1
14
4
6
22
14
2
2
9
15
7
5
14
1
2
12
2
13
14
14
1
15
85
10
14
5
12
14
3
25
16
1
14
290
61
5
19
10
14
18
5
42
15
3
10
518
27
9
20
1
13
18
18
13
51
15
2
11
655
7
21
1
14
9
13
11
34
14
1
10
711
7
26
9
25
15
27
25
59
12
5
14
670
27
8
20
11
30
18
34
32
70
14
7
10
590
24
14
6
5
25
1
20
25
60
12
7
339
28
12
9
4
4
22
12
19
44
10
7
90
16
8
28
11
11
19
35
9
10
98
30
13
7
29
16
18
19
38
11
11
67
44
10
1
2
19
9
10
8
27
12
7
50
13
14
14
1
10
11
6
28
11
13
2
12
13
12
6
30
25
9
4
7
8
7
21
14
4
35
59
12
2
14
6
14
3
2
22
9
1
7
13
15
1
18
2
7
13
20
18
4
12
4
8
3
19
16
2
7
26
68
10
13
17
14
6
5
9
1
7
1
16
10
3
11
1
10
5
15
2
18
3
12
2
4
1
16
15
1
24
50
1
15
6
3
1
15
15
7
2
11
2
4
2
7
7
13
1
7
1
9
8
4
9
20
2
22
14
2
1
12
1
16
12
3
8
15
1
17
14
3
6
45
14
12
21
3
14
4
16
8
12
7
5
10
4
13
2
10
4
7
3
4
12
12
12
2
4
9
2
12
16
5
6
22
4
18
11
6
3
16
1
35
8
8
8
13
2
1
12
11
12
5
19
36
11
3
8
6
17
12
13
3
3
26
1
9
5
5
7
10
1
19
12
12
4
8
31
3
10
6
13
9
12
24
1
1
27
11
6
7
39
23
3
13
1
13
9
12
23
17
13
5
3
32
29
3
9
15
4
7
10
10
14
14
14
2
3
36
11
5
7
7
1
18
20
11
2
6
60
18
9
2
9
10
12
1
52
15
12
15
10
17
15
15
25
14
2
9
52
63
4
7
10
1
8
3
11
11
17
3
58
4
15
6
12
11
2
29
14
7
68
9
14
7
16
13
8
28
14
11
67
5
12
6
4
5
5
16
5
67
39
8
14
5
12
10
16
10
87
7
12
9
5
2
16
3
97
13
23
1
8
13
8
13
13
16
14
109
10
18
12
12
12
26
10
16
1
11
122
50
6
15
3
5
9
11
9
12
17
5
131
5
7
19
6
11
7
10
21
16
8
143
4
13
3
1
5
7
10
11
21
14
5
155
7
15
8
8
7
7
15
14
2
6
170
42
16
8
1
2
1
14
15
1
173
3
12
7
4
5
7
20
13
2
1
193
3
14
1
8
9
5
13
25
11
1
5
213
1
22
9
6
5
11
27
13
2
213
30
7
12
13
9
16
14
2
26
13
4
4
231
27
10
4
3
9
5
7
10
17
12
2
233
17
2
8
7
5
10
8
11
2
2
244
17
16
15
21
14
8
25
10
4
8
257
19
1
18
2
3
18
11
16
19
7
33
12
6
2
249
31
3
15
12
9
3
17
1
15
13
3
4
266
4
17
3
10
12
9
14
4
28
11
2
7
265
3
20
3
5
18
12
12
8
9
28
10
6
7
255
14
19
1
14
4
6
5
3
22
13
5
241
21
5
12
13
1
11
14
16
11
2
36
14
5
7
233
3
19
3
1
16
12
10
19
6
1
26
11
6
7
224
17
1
1
14
10
8
17
3
26
10
6
6
198
5
20
2
17
10
14
14
4
31
13
6
5
170
32
15
10
1
2
14
4
136
2
12
4
4
2
3
13
1
1
113
6
18
5
4
10
16
13
1
4
87
6
18
5
5
16
1
61
54
3
19
5
4
16
41
1
16
15
21
3
15
1
2
2
13
14
3
1
11
8
15
17
1
14
6
5
15
2
10
4
5
2
12
2
8
4
2
1
11
2
14
9
10
2
11
5
16
14
2
7
7
12
4
9
11
1
4
4
11
3
3
10
7
9
10
9
14
2
21
9
5
9
15
17
3
11
4
3
12
14
9
5
3
23
9
13
5
12
4
5
10
12
4
42
5
16
2
13
11
13
18
5
29
10
4
7
4
16
9
2
9
13
6
11
19
10
2
11
12
6
7
10
8
5
17
7
10
4
6
6
17
2
14
5
9
27
2
20
11
5
1
22
4
10
2
3
7
10
4
18
12
14
2
5
12
5
3
1
3
5
11
1
1
12
15
4
2
1
9
18
12
3
4
12
5
2
6
25
23
13
2
3
36
1
12
2
12
12
1
3
6
26
13
7
17
1
5
15
4
9
5
3
17
1
2
11
1
28
7
7
13
3
9
4
1
10
12
5
5
10
1
7
2
2
11
8
16
1
6
7
12
1
45
1
9
7
2
6
13
1
16
4
7
3
3
6
9
12
8
2
12
9
6
11
9
9
2
8
6
11
14
4
5
8
9
4
5
30
10
4
11
7
11
3
19
11
9
4
20
9
2
1
4
10
9
9
13
3
7
2
12
7
5
2
8
2
9
2
8
2
1
18
6
3
11
15
16
9
2
34
9
10
4
15
9
1
9
7
2
8
2
7
2
11
2
7
10
7
1
9
9
8
14
5
11
47
1
6
2
4
5
7
16
11
3
2
18
7
7
4
15
9
7
6
10
11
16
9
14
14
8
1
15
13
15
3
14
12
11
7
12
17
9
1
7
9
52
15
10
12
5
2
8
20
9
13
1
7
4
4
9
11
5
8
15
8
1
7
21
7
15
1
13
17
13
21
4
27
8
1
14
23
12
14
12
19
8
19
20
9
1
14
12
42
5
13
2
7
6
9
11
9
7
1
13
7
15
8
13
23
11
13
19
14
12
10
27
21
13
4
31
11
24
23
16
22
10
15
14
31
12
18
9
12
6
13
16
7
12
8
2
21
12
8
21
2
18
7
7
4
15
9
7
6
10
11
16
9
14
14
8
1
15
13
15
3
14
12
11
7
12
17
9
1
7
9
52
15
10
12
5
2
8
20
9
13
1
7
4
4
9
11
5
8
15
8
1
7
21
7
15
1
13
17
13
21
4
27
8
1
14
23
12
14
12
19
8
19
20
9
1
14
12
42
5
13
2
7
6
9
11
9
7
1
13
7
15
8
13
23
11
13
19
14
12
10
27
21
13
4
31
11
24
23
16
22
10
15
14
31
12
18
9
12
6
13
16
7
12
8
2
21
12
8
21
5
4
8
19
7
3
3
4
3
3
7
1
1
5
4
12
13
5
4
4
7
15
2
27
22
7
4
7
28
10
1
10
16
7
8
2
1
4
7
1
3
13
8
1
16
21
6
2
9
2
9
8
9
18
11
19
26
8
18
7
11
7
9
16
7
22
3
10
1
19
38
10
10
5
2
10
19
8
16
20
10
21
8
3
11
22
16
12
14
10
13
6
12
5
8
22
4
29
12
7
24
7
7
12
10
22
8
24
7
9
1
21
9
31
11
14
2
9
19
9
19
21
10
16
1
14
9
1
19
9
23
18
11
22
1
11
12
19
3
13
10
24
12
9
2
20
6
11
4
10
21
10
14
9
3
10
7
2
13
14
70
6
13
6
4
18
4
15
11
15
277
9
12
4
13
19
16
5
36
7
17
524
5
20
11
23
14
18
15
56
8
3
9
654
16
5
20
14
27
13
28
22
64
8
5
5
679
25
9
17
15
28
17
20
23
59
7
4
11
659
1
14
9
23
8
12
16
45
8
2
7
560
9
8
24
1
9
10
39
7
3
1
277
11
7
6
2
19
3
10
9
3
61
31
8
1
17
5
12
9
3
38
4
2
16
13
8
1
3
12
7
9
11
3
9
14
6
14
4
3
10
2
1
1
39
5
12
3
16
9
10
2
3
4
8
2
5
7
12
14
7
8
6
5
1
2
6
7
1
4
9
11
9
12
1
16
11
8
20
18
9
3
14
44
10
17
6
19
21
13
26
4
27
9
3
18
9
9
7
1
3
4
16
21
10
18
1
18
8
3
18
9
9
4
7
17
18
10
20
22
7
3
17
3
6
13
7
2
22
25
16
15
3
30
7
5
23
44
9
11
5
20
21
9
19
19
9
5
20
14
4
12
4
17
18
9
19
1
31
8
2
16
4
10
2
1
1
11
15
9
6
27
9
1
13
10
9
5
1
12
12
2
14
9
10
2
16
35
5
10
9
10
9
11
1
10
29
4
11
3
4
10
3
10
6
10
4
1
9
20
5
18
12
9
23
2
4
6
18
2
4
2
11
8
15
2
5
3
9
9
11
8
10
1
10
1
23
8
12
8
18
7
11
19
10
14
2
6
6
10
2
9
9
8
10
9
10
3
6
8
1
2
11
16
5
27
14
9
1
17
14
11
5
8
9
12
11
4
19
10
12
1
10
10
14
30
13
5
2
10
10
1
17
9
11
9
25
1
8
6
12
2
7
9
11
26
6
8
8
13
8
8
9
17
28
10
8
2
14
12
2
23
11
11
1
13
30
38
6
14
6
5
9
12
5
30
7
12
7
7
16
5
7
10
16
41
9
12
5
17
22
9
17
20
8
24
50
10
8
7
2
17
17
6
22
9
9
18
52
52
10
13
1
3
16
16
16
13
16
9
13
66
11
10
2
2
14
20
5
32
12
8
20
94
10
12
10
2
1
12
22
13
8
23
94
10
16
7
1
19
23
14
12
2
29
8
2
21
99
27
2
13
19
9
22
23
21
24
8
33
9
3
21
109
8
18
5
16
24
15
5
5
31
8
1
24
121
9
13
5
6
15
27
11
9
4
29
6
1
28
147
2
12
19
10
23
30
22
30
11
5
34
8
5
29
161
19
16
13
1
3
19
30
24
28
6
40
11
2
28
161
13
20
15
3
15
25
15
6
6
40
10
1
25
174
12
15
5
16
34
18
6
4
27
8
2
31
200
10
15
1
2
4
14
22
10
14
12
8
1
22
199
28
13
21
5
16
18
11
8
17
10
2
21
204
24
11
12
3
16
29
12
3
20
10
1
28
219
16
10
15
8
21
8
6
11
12
24
214
11
16
1
12
25
7
9
6
9
1
28
230
5
14
12
11
17
5
4
10
10
2
15
225
4
30
8
13
4
5
15
7
9
25
11
13
217
4
10
11
7
24
6
12
17
8
28
236
1
7
10
9
12
5
7
8
2
17
241
7
14
1
12
12
5
12
17
8
3
9
226
7
29
10
10
3
11
14
5
10
9
10
3
15
219
1
9
14
5
1
10
18
1
14
10
9
1
20
213
16
18
6
15
21
5
19
2
17
8
2
25
209
13
16
8
21
18
11
9
7
35
9
5
20
189
11
25
12
22
4
20
13
15
7
36
9
3
10
159
10
8
16
9
1
23
23
16
8
11
27
5
4
17
147
3
4
16
8
2
21
18
9
4
4
13
6
4
18
127
10
20
11
25
15
7
1
4
9
7
6
14
111
14
35
11
16
12
1
28
18
13
14
12
29
8
7
16
83
6
15
10
12
8
1
23
22
14
14
10
36
9
3
22
69
2
14
16
8
22
28
16
12
8
24
8
3
29
68
5
14
18
9
24
31
22
14
10
32
8
5
29
49
7
40
13
19
3
17
26
16
21
26
11
2
24
12
2
24
8
12
7
1
7
20
4
9
11
21
3
9
11
8
7
21
7
1
15
10
22
11
15
9
18
5
14
13
10
1
20
12
17
15
16
6
18
2
19
11
2
19
4
27
10
12
3
18
3
6
9
10
17
11
5
9
7
10
14
11
16
8
7
11
8
1
18
21
15
8
6
1
16
17
4
4
9
9
4
14
45
4
7
5
10
4
10
1
4
7
1
12
4
2
16
16
1
16
16
7
3
17
6
3
12
4
1
16
8
19
4
6
4
11
22
6
9
16
4
10
7
9
3
4
30
39
1
9
1
16
11
10
6
9
3
9
15
1
7
4
10
6
3
8
7
10
10
2
15
11
12
8
8
1
14
1
13
4
16
5
7
8
8
3
5
6
38
1
8
1
1
2
15
3
1
4
8
3
3
2
13
2
15
4
8
5
7
2
5
12
2
2
10
1
1
7
1
2
11
1
3
15
6
6
7
3
6
37
5
10
6
13
4
6
9
3
3
11
7
9
3
3
14
9
5
9
10
7
3
10
9
8
4
1
17
12
7
14
7
3
14
1
9
6
1
4
14
3
9
8
3
3
29
6
8
13
4
20
14
8
34
2
7
9
5
13
34
2
7
16
3
11
8
12
9
1
9
3
10
5
2
16
13
1
11
15
7
3
14
7
12
6
3
20
13
1
23
12
7
6
12
45
5
3
8
10
15
4
1
11
3
8
4
4
5
55
4
7
3
13
9
3
8
14
9
3
9
8
15
7
5
4
8
11
5
8
3
12
8
15
7
3
10
2
31
7
10
1
14
11
13
5
10
4
7
1
41
4
11
8
5
9
10
7
7
12
7
12
2
3
8
9
11
5
7
8
10
3
6
3
9
13
3
8
9
10
4
7
10
1
6
29
7
13
8
4
10
7
13
9
9
12
1
9
11
9
16
3
13
9
9
12
6
11
15
9
1
16
10
7
12
6
5
10
2
5
12
3
14
4
16
10
2
8
3
2
4
4
1
10
8
1
7
1
9
2
2
2
14
9
2
7
6
2
9
7
12
7
23
4
1
19
13
6
5
6
6
6
9
4
21
6
5
7
16
7
4
3
3
2
12
8
3
24
12
7
6
7
25
5
4
10
13
11
5
3
21
5
17
11
5
3
7
7
8
8
4
5
21
13
1
19
14
8
3
11
3
2
8
6
10
3
5
22
13
7
7
2
32
8
4
9
3
12
5
4
19
9
6
14
3
28
5
4
9
9
5
6
5
5
1
19
18
9
13
5
29
5
2
15
28
3
7
14
5
17
10
1
8
12
5
3
10
12
6
12
5
23
9
6
18
13
6
5
10
1
1
6
3
1
18
10
5
8
1
27
5
3
7
5
9
2
14
12
1
11
25
3
2
12
5
7
14
8
8
6
5
1
9
4
3
14
7
7
6
3
5
6
3
6
11
8
7
5
7
1
6
6
5
6
9
9
6
18
8
12
10
12
12
9
8
7
8
11
8
11
15
5
12
3
10
1
9
36
6
6
1
11
9
6
11
8
6
4
8
9
9
9
2
11
1
12
2
4
10
8
5
3
9
10
17
10
57
5
2
9
5
11
10
1
6
13
3
7
2
9
8
2
3
10
11
3
12
1
7
1
5
4
8
13
3
6
8
2
5
1
58
3
4
15
11
1
9
2
36
2
5
11
5
2
12
7
1
6
8
5
7
6
15
6
10
12
3
7
1
2
17
8
17
9
3
7
19
63
9
7
1
18
9
2
17
13
9
4
2
16
50
3
7
3
11
4
24
1
7
1
4
9
4
1
1
3
12
10
1
10
16
7
2
9
18
3
7
17
12
5
1
9
5
26
32
5
9
3
21
7
18
1
8
5
6
15
40
6
6
1
13
9
15
4
8
1
8
9
3
8
13
3
11
9
14
9
10
1
3
9
3
3
9
15
4
29
11
8
11
10
3
12
5
7
9
13
3
14
11
10
10
139
32
6
10
13
19
7
4
30
9
12
358
4
6
3
15
16
11
1
2
38
6
1
11
572
14
8
22
16
11
2
9
53
6
2
7
668
16
1
12
9
26
6
14
11
45
7
5
661
58
11
10
27
9
16
13
47
5
5
624
17
11
24
7
38
4
4
502
4
9
1
25
3
5
25
3
7
131
40
4
5
2
27
1
2
8
4
8
74
64
3
4
1
1
19
3
5
5
50
20
4
4
20
6
