3
2
4
204
166
224
2662
2236
2715
1980
2811
2696
2420
2806
2627
2355
2957
2884
2617
2877
2869
3009
1785
2860
2948
1533
2475
4999
4999
4851
4999
4646
4852
4999
4926
4940
4722
4326
4738
4762
4264
4753
4466
4999
4698
4920
4978
4999
4791
4782
4791
4762
4794
4791
4782
4607
4594
4603
4797
4792
4711
4829
4792
4795
4590
4792
4682
4611
4783
4967
4964
4968
4956
4969
4968
4965
4896
4898
4877
4977
4969
4949
4999
4969
4970
4890
4968
4904
4901
4964
4908
4907
4908
4889
4909
4907
4908
4741
4737
4746
4977
4908
4833
4992
4908
4909
4730
4907
4809
4746
4908
4944
4944
4943
4934
4942
4942
4945
4850
4845
4799
4999
4943
4885
4999
4943
4942
4805
4943
4889
4824
4945
4912
4911
4914
4895
4916
4914
4911
4774
4774
4795
4999
4915
4860
4999
4915
4917
4781
4914
4817
4793
4911
4916
4916
4914
4903
4913
4914
4917
4795
4789
4750
4999
4914
4846
4999
4914
4913
4751
4914
4849
4771
4918
4911
4909
4912
4896
4914
4911
4910
4792
4792
4796
4999
4912
4861
4999
4912
4916
4789
4912
4829
4801
4909
4897
4896
4896
4882
4923
4895
4897
4765
4760
4741
4999
4896
4829
4999
4896
4939
4736
4896
4819
4754
4897
4900
4899
4900
4886
4998
4901
4899
4785
4783
4770
4999
4900
4845
4999
4900
4999
4767
4900
4825
4782
4899
4884
4884
4884
4869
4996
4922
4884
4755
4751
4744
4999
4885
4823
4999
4885
4996
4737
4884
4804
4753
4884
4884
4884
4884
4871
4999
4997
4884
4766
4762
4744
4999
4884
4825
4999
4884
4999
4741
4884
4811
4758
4884
4874
4873
4874
4860
4999
4995
4874
4750
4736
4741
4999
4875
4818
4999
4875
4999
4734
4874
4795
4749
4874
4869
4868
4868
4855
4999
4999
4869
4747
4641
4729
4999
4869
4858
4999
4869
4999
4723
4868
4794
4739
4869
4863
4862
4863
4849
4999
4999
4863
4742
4475
4786
4999
4864
4983
4999
4863
4999
4724
4863
4786
4739
4863
4855
4855
4855
4841
4999
4999
4855
4732
4334
4922
4999
4855
4995
4999
4855
4999
4711
4855
4779
4727
4855
4850
4850
4850
4836
4999
4999
4850
4730
4198
4999
4999
4851
4999
4999
4859
4999
4710
4850
4774
4725
4850
4842
4842
4842
4828
4969
4999
4842
4720
4058
4993
4999
4843
4999
4999
4930
4999
4700
4842
4766
4716
4842
4837
4836
4837
4823
4992
4999
4837
4716
3937
4999
4999
4837
4976
4999
4999
4999
4695
4837
4761
4711
4837
4838
4837
4839
4825
4956
4929
4839
2682
4955
4955
4841
4942
4970
4940
4958
4702
4844
4720
4845
4929
4929
4898
4926
4663
19
74
4624
4934
3143
4641
4702
4790
156
4643
4741
4582
159
4651
4865
4589
3158
4614
4659
300
4996
4996
4883
4995
4264
1077
1842
4228
4995
4733
4188
4379
4599
2768
4182
4418
4078
2733
4269
4995
4054
4939
4239
4269
158
4980
4979
4701
4980
4254
638
1116
4230
4980
4786
4171
4378
4413
1681
4158
4406
4070
1653
4267
4975
3939
4782
4047
4119
187
4984
4984
4570
4984
4160
709
1228
4125
4984
4987
4067
4296
4331
1861
4060
4331
3946
1838
4173
4987
3903
4968
4036
4070
191
4970
4970
4436
4970
4050
744
1289
4019
4971
4982
3942
4207
4165
1935
3931
4241
3809
1907
4068
4968
3719
4908
3841
3890
155
4968
4967
4295
4968
3988
618
1077
3955
4943
4999
3871
4156
4054
1636
3862
4190
3731
1614
4010
4969
3659
4944
3774
3811
180
4960
4960
4174
4957
3884
707
1225
3849
4813
4999
3753
4069
3926
1844
3742
4104
3597
1820
3908
4960
3524
4913
3644
3678
145
4953
4952
4042
4898
3822
592
1032
3787
4647
4999
3681
4019
3804
1563
3671
4053
3520
1542
3850
4953
3436
4915
3542
3577
159
4948
4947
3926
4744
3733
638
1107
3695
4516
4999
3581
3945
3695
1672
3571
3981
3406
1651
3764
4948
3336
4912
3448
3474
142
4939
4939
3805
4591
3663
584
1018
3626
4370
4999
3501
3888
3575
1538
3490
3923
3318
1517
3697
4939
3234
4896
3336
3364
140
4934
4934
3692
4459
3590
573
998
3550
4238
4999
3418
3827
3473
1510
3407
3863
3226
1491
3626
4935
3150
4900
3253
3274
136
4927
4916
3581
4315
3516
564
982
3476
4106
4999
3334
3766
3363
1484
3323
3803
3133
1465
3555
4926
3050
4884
3149
3169
125
4921
4823
3472
4187
3451
529
923
3410
3978
4999
3260
3713
3262
1398
3250
3750
3051
1381
3493
4921
2969
4884
3064
3080
125
4888
4638
3361
4041
3374
530
924
3333
3848
4986
3178
3651
3161
1397
3169
3692
2962
1379
3425
4914
2879
4875
2973
2987
82
2784
2783
2180
2509
2216
357
625
2203
2431
2729
2131
2383
2113
955
2137
2416
2032
948
2285
2885
1998
2903
2063
2072
107
29
242
267
109
22
1
22
400
8
44
3
13
49
5
34
1
130
292
362
92
580
198
97
489
384
60
726
378
58
716
431
8
843
513
5
7
923
515
10
978
605
16
1086
617
16
1129
680
8
1223
715
8
1279
754
1351
799
7
1417
830
87
1475
874
240
1541
905
380
1596
942
506
1656
975
644
1709
1006
764
1763
1038
890
1815
1068
1007
1865
1099
1122
1915
1127
1235
1961
1155
1342
2007
1181
1449
2051
1207
1549
2093
1232
1649
2135
1256
1745
2174
1279
1837
2213
1302
1927
2250
1324
2014
2287
1345
2100
2321
1365
2181
2354
1384
2259
2386
1402
2336
2418
1420
2410
2448
1437
2482
2477
1454
2552
2505
1470
2620
2532
1486
2685
2558
1501
2749
2584
1516
2810
2608
1530
2870
2632
1543
2927
2655
1556
2983
2677
1569
3037
2697
1580
3089
2718
1592
3141
2738
1604
3189
2757
1614
3237
2775
1625
3283
2793
1635
3327
2810
1644
3370
2826
1654
3411
2842
1663
3452
2857
1671
3491
2872
1680
3528
2886
1687
3565
2899
1695
3600
2912
1702
3634
2925
1710
3667
2937
1716
3699
2948
1723
3729
2959
1729
3759
2970
1735
3787
2980
1740
3815
2989
1746
3842
2999
1751
3867
3008
1756
3892
3016
1760
3916
3025
1765
3939
3032
1770
3961
3040
1774
3983
3047
1778
4004
3054
1781
4023
3060
1785
4042
3066
1789
4060
3072
1791
4078
3078
1794
4096
3083
1797
4112
3088
1800
4128
3093
1802
4143
3097
1805
4157
3101
1807
4171
3105
1809
4184
3109
1811
4197
3112
1813
4210
3116
1815
4222
3118
1816
4232
3121
1818
4243
3124
1819
4254
3126
1820
4264
3128
1821
4272
3130
1822
4282
3133
1823
4290
3134
1824
4298
3135
1825
4306
3137
1825
4313
3138
1826
4320
3139
1827
4326
3140
1827
4333
3140
1827
4339
3141
1828
4344
3141
1827
4349
3142
1827
4355
3142
1828
4359
3142
1827
4363
3142
1827
4367
3142
1827
4371
3141
1827
4374
3141
1826
4377
3140
1826
4380
3139
1825
4382
3139
1825
4385
3138
1824
4388
3137
1824
4389
3136
1823
4391
3135
1822
4393
3134
1821
4394
3132
1820
4395
3131
1819
4396
3130
1819
4397
3128
1818
4397
3126
1817
4397
3125
1816
4397
3123
1814
4397
3121
1813
4398
3119
1812
4397
3117
1810
4396
3115
1809
4396
3113
1809
4395
3112
1807
4394
3109
1806
4393
3106
1804
4392
3104
1803
4391
3102
1802
4389
3100
1800
4387
3097
1798
4386
3095
1797
4384
3092
1795
4382
3090
1794
4380
3087
1792
4378
3084
1791
4376
3082
1789
4374
3079
1787
4372
3076
1786
4368
3073
1785
4366
3070
1783
4364
3067
1781
4361
3064
1779
4358
3062
1777
4355
3059
1775
4352
3056
1774
4348
3053
1772
4345
3050
1770
4342
3047
1768
4339
3044
1766
4336
3041
1764
4333
3037
1763
4329
3034
1761
4325
3032
1759
4322
3028
1757
4318
3025
1755
4314
3021
1753
4311
3018
1752
4307
3015
1749
4303
3012
1748
4299
3008
1746
4295
3005
1743
4291
3002
1742
4287
2999
1740
4283
2995
1738
4279
2992
1736
4275
2988
1734
4271
2985
1732
4267
2981
1730
4262
2978
1728
4258
2975
1726
4254
2971
1724
4249
2968
1722
4245
2964
1720
4240
2961
1718
4236
2957
1716
4231
2954
1714
4227
2951
1712
4223
2947
1709
4217
2944
1707
4213
2940
1706
4209
2936
1703
4204
2933
1701
4199
2929
1699
4195
2926
1697
4190
2922
1695
4185
2919
1693
4181
2915
1691
4176
2911
1689
4171
2908
1687
4166
2905
1685
4162
2901
1682
4157
2897
1681
4152
2894
1678
4147
2890
1676
4143
2886
1674
4137
2883
1672
4133
2879
1670
4128
2875
1668
4123
2872
1666
4118
2869
1664
4113
2865
1661
4109
2861
1659
4103
2858
1657
4098
2854
1655
4093
2853
1656
4090
2852
1657
4088
2848
1654
4082
2844
1652
4076
2840
1650
4071
2836
1647
4066
2833
1646
4061
2829
1643
4055
2826
1641
4050
2822
1639
4045
2819
1637
4039
2814
1635
4034
2810
1633
4029
1978
1179
2636
4
345
267
89
170
50
13
21
50
130
52
37
65
28
48
31
49
25
34
295
47
35
32
7
76
103
156
138
94
25
43
101
155
118
85
157
70
122
82
135
72
103
107
151
164
164
212
139
169
8
124
133
149
147
89
24
40
94
152
107
76
140
62
107
72
118
63
89
130
128
133
133
105
66
98
3
73
67
56
63
33
9
14
35
61
39
29
51
23
40
27
42
23
31
70
45
45
44
24
12
42
1
14
6
8
7
10
2
8
12
23
19
13
4
6
15
22
18
14
23
11
20
13
20
11
15
11
22
23
23
28
18
16
2
21
20
23
23
13
4
6
14
24
17
13
21
10
19
12
19
11
14
20
19
20
20
1
18
11
16
2
13
9
7
9
5
2
2
5
10
7
6
8
4
9
5
7
5
5
11
7
7
6
2
5
2
1
2
1
3
1
1
2
5
2
3
4
3
1
1
2
1
1
1
2
4
2
4
5
3
2
1
3
5
5
5
5
4
7
4
5
5
3
3
5
5
4
2
7
4
1
1
1
3
2
5
3
4
5
2
1
1
3
5
4
4
4
3
7
4
4
4
3
4
4
3
3
2
5
3
1
2
1
3
1
2
3
2
4
1
1
3
1
1
1
2
3
1
1
3
3
2
2
5
3
3
3
1
2
1
2
1
2
2
2
1
1
1
2
3
1
2
3
1
2
4
2
2
3
1
1
1
1
1
2
3
1
1
1
1
2
4
2
2
3
1
2
4
2
2
3
1
1
1
1
2
3
1
1
3
1
1
2
3
2
1
3
3
2
2
5
3
3
3
2
2
2
2
1
3
3
2
1
1
1
2
4
2
1
3
1
2
4
2
2
2
1
1
3
4
1
3
1
1
1
2
3
3
1
3
4
3
3
5
3
3
4
2
2
1
2
1
3
3
2
1
1
1
2
2
3
2
2
3
2
2
5
3
2
3
2
1
1
1
1
3
4
1
1
3
1
1
1
2
3
3
2
3
4
2
3
5
3
3
3
2
2
1
2
1
3
4
1
1
3
1
2
3
3
3
2
3
4
2
3
5
3
3
4
2
1
1
2
1
3
4
3
1
2
1
3
3
4
2
3
4
2
3
5
3
3
4
2
2
1
1
1
1
3
4
1
3
1
2
1
3
3
3
2
3
4
3
3
5
3
3
4
2
2
1
2
1
3
4
1
1
3
1
2
1
3
3
4
2
3
4
2
3
5
3
3
4
2
2
1
2
1
3
4
1
1
3
2
2
1
3
3
3
3
3
4
3
3
6
3
3
4
3
2
2
1
2
1
3
4
1
3
2
2
1
3
3
4
3
3
4
3
3
6
3
3
4
2
2
1
1
2
1
4
5
1
3
2
2
1
3
3
4
3
3
4
3
3
6
4
2
4
2
2
1
2
1
3
4
1
1
3
1
2
1
4
3
4
3
3
5
3
4
6
4
3
4
2
2
1
1
2
1
3
5
1
1
3
2
2
1
4
3
4
3
3
4
3
3
6
4
3
5
3
2
1
1
2
1
4
5
1
1
4
3
3
1
3
4
4
3
3
5
3
3
6
4
3
4
3
2
1
1
2
1
4
5
1
1
4
2
2
1
4
4
4
3
4
5
3
3
6
4
3
5
3
2
1
1
2
1
4
5
1
1
4
2
2
1
4
3
5
3
4
5
3
4
6
4
3
5
3
2
2
1
2
1
4
6
1
1
4
3
3
2
4
4
5
3
3
5
3
4
6
5
4
4
2
2
1
1
2
2
4
6
1
1
4
3
3
2
4
4
5
3
3
5
3
4
6
5
3
5
3
2
2
1
2
2
5
6
1
1
4
2
3
1
4
4
5
3
4
5
3
4
7
5
4
5
3
2
1
1
2
1
5
6
1
1
5
2
3
2
4
4
5
3
4
5
4
4
7
5
4
5
3
3
1
1
2
2
5
6
1
1
5
3
3
2
4
4
5
3
4
5
4
4
7
4
4
5
3
2
1
1
2
2
5
6
1
1
5
3
3
2
5
4
5
3
4
6
4
5
7
5
4
5
3
3
2
1
2
2
5
6
1
1
5
3
3
1
5
4
5
3
4
5
4
4
7
5
4
5
3
3
2
1
2
1
5
6
1
1
5
3
3
2
5
4
5
3
4
5
3
4
7
5
4
5
2
2
1
1
2
2
5
6
1
1
5
3
3
2
5
4
5
3
4
5
4
5
7
5
4
5
3
3
2
1
2
1
5
7
1
1
5
3
3
2
5
5
5
3
4
6
4
5
7
5
4
6
3
3
2
1
2
2
5
7
1
1
5
3
3
2
5
5
5
3
4
6
4
5
7
5
4
6
3
2
1
1
2
2
5
7
1
1
5
3
4
2
5
4
5
4
5
6
4
5
7
5
4
6
4
3
2
1
3
2
5
7
1
1
5
3
3
2
5
5
5
4
4
6
4
5
7
5
5
6
3
3
2
1
3
2
5
7
1
1
5
3
4
2
5
5
5
4
4
6
4
5
7
5
4
5
4
3
2
1
3
2
6
7
2
1
6
4
4
2
6
5
5
4
5
6
4
5
7
5
4
6
4
3
2
1
3
2
6
7
1
1
6
3
4
2
6
5
6
4
5
7
5
5
7
6
5
6
4
3
2
2
3
2
5
7
1
1
6
4
4
2
6
5
6
4
5
7
5
5
7
6
5
6
4
3
2
1
3
2
6
8
2
1
6
4
4
2
6
5
6
4
5
6
5
5
7
6
4
7
4
3
2
1
3
2
6
8
1
1
6
4
4
3
6
5
6
5
5
7
5
6
8
6
5
7
5
3
2
1
4
2
6
8
2
1
7
4
4
3
6
5
7
5
5
7
5
6
8
6
5
7
4
3
2
2
3
2
6
8
2
1
6
4
4
3
7
5
6
5
5
7
5
6
8
6
4
7
4
3
2
1
3
2
6
9
2
2
6
4
4
3
7
5
6
5
5
7
5
6
8
6
5
7
5
3
2
1
4
2
6
8
1
1
7
4
4
3
7
6
6
5
5
7
5
6
8
7
5
7
5
3
2
2
3
2
6
8
2
1
7
4
4
3
7
5
6
4
6
7
5
6
9
6
5
7
5
3
2
1
4
2
7
9
2
1
7
4
5
3
7
5
7
5
5
7
5
6
8
7
5
7
4
3
2
1
4
2
7
9
2
1
7
4
5
3
7
6
7
5
5
7
5
6
9
7
5
7
4
4
2
2
4
2
7
8
2
1
7
4
5
3
7
6
7
5
6
7
6
6
9
7
5
7
5
4
2
2
4
2
7
9
2
1
7
4
5
3
7
5
6
5
5
7
5
6
8
7
5
7
5
4
2
1
3
3
7
9
2
1
7
5
4
3
7
6
7
5
6
7
6
6
8
7
6
7
5
4
2
2
4
3
7
9
2
1
7
5
4
3
7
6
7
5
6
8
6
7
9
7
6
7
5
4
2
2
4
3
7
9
2
2
8
5
4
3
8
6
7
5
6
7
6
6
9
7
5
7
4
4
2
2
4
3
7
10
2
1
8
5
5
3
8
7
7
5
6
8
6
6
9
7
5
7
5
4
2
2
4
3
7
9
1
1
7
5
5
3
8
6
7
5
6
8
6
7
9
7
6
8
5
4
2
2
4
3
7
10
2
2
7
5
5
3
8
6
7
6
6
7
6
6
9
7
6
8
5
4
2
2
4
3
8
10
2
2
8
5
5
3
8
7
7
6
6
7
6
7
9
7
5
7
5
4
2
1
4
3
7
10
2
2
7
5
5
3
8
6
7
6
6
8
6
7
9
8
6
8
5
4
2
2
4
3
8
10
2
1
7
4
5
3
8
6
8
6
6
9
6
7
10
8
6
8
5
4
3
2
4
3
8
10
2
2
8
5
5
3
8
7
7
6
6
8
6
7
9
7
5
8
5
4
2
2
4
3
8
10
2
2
8
5
5
3
9
7
8
6
6
8
7
7
10
8
6
8
5
4
3
2
5
3
8
10
1
1
8
5
5
4
8
7
8
6
6
9
7
7
10
8
6
8
6
4
3
2
4
3
8
10
2
2
8
6
5
4
9
7
8
6
6
9
6
7
9
8
6
8
5
4
2
2
5
3
8
11
2
2
9
6
5
4
9
7
8
7
6
9
6
7
10
8
6
8
6
4
3
2
5
3
8
10
2
1
9
6
5
4
9
7
8
6
7
9
7
8
10
8
6
8
6
5
3
2
4
3
8
10
2
2
9
6
6
4
9
7
8
6
7
9
7
7
10
8
7
9
6
4
3
2
4
3
8
11
2
2
9
6
6
4
9
7
8
6
7
8
7
7
10
8
6
8
6
4
3
2
4
3
8
11
2
2
9
6
6
4
9
7
8
6
7
9
7
8
10
8
6
9
6
4
3
2
4
3
8
10
2
2
9
6
5
4
9
7
8
7
7
9
7
8
10
8
6
9
6
4
2
2
4
3
9
11
3
2
9
6
6
4
9
7
8
7
7
9
7
7
10
8
6
9
6
4
3
2
5
3
9
11
2
2
9
6
6
4
9
8
9
7
7
9
7
8
10
9
7
9
6
5
3
2
5
4
9
11
2
1
9
6
6
4
9
7
9
7
7
9
7
8
11
9
7
9
6
5
3
3
5
3
9
11
2
2
10
6
6
4
10
7
9
7
7
9
7
7
10
9
7
9
6
4
3
2
5
3
9
12
2
2
9
6
6
4
10
7
9
7
7
9
7
8
10
9
7
9
6
4
3
3
5
4
9
12
2
2
9
6
6
4
10
8
9
7
7
9
8
8
11
9
7
9
6
5
3
3
5
3
9
12
2
2
10
6
6
4
10
7
9
7
7
9
7
8
11
9
7
9
6
5
3
3
5
3
9
12
3
2
10
7
6
4
10
7
9
7
7
9
7
8
11
8
7
9
6
4
2
2
5
4
9
12
2
2
10
6
6
4
10
8
9
7
7
10
7
8
11
9
7
10
7
4
3
3
5
4
9
12
3
2
10
7
7
4
10
8
9
7
8
10
8
9
11
10
7
10
7
5
3
3
5
4
9
12
3
2
10
7
6
5
10
8
9
7
7
9
7
8
11
9
7
10
6
5
3
2
5
4
10
12
2
2
10
7
7
4
10
8
9
7
8
10
8
8
11
9
7
10
6
4
3
3
5
4
9
12
3
2
10
7
7
4
10
8
9
7
8
10
8
9
11
9
7
10
7
5
3
3
5
4
9
13
3
2
10
7
7
4
10
8
9
7
7
10
8
8
11
9
7
10
7
4
3
3
5
4
10
13
3
2
10
7
7
5
11
8
9
7
7
10
8
8
12
10
7
10
7
4
3
3
5
4
10
13
3
2
10
7
7
5
11
8
9
8
8
10
8
9
12
10
8
10
7
5
3
3
5
4
10
13
2
2
10
7
7
5
11
8
9
7
8
10
8
9
12
10
7
10
7
5
3
3
5
4
10
12
3
2
11
7
7
5
11
8
9
8
8
10
8
9
12
10
8
10
7
5
3
3
6
4
9
13
3
2
10
7
7
5
11
8
10
8
8
10
9
9
12
10
8
10
7
5
3
3
6
4
10
13
3
2
11
7
7
5
12
9
10
7
8
10
9
9
12
10
8
10
7
5
3
3
6
4
11
13
2
2
11
7
7
5
11
9
9
8
8
10
8
9
12
10
8
10
7
5
3
3
6
4
10
14
2
2
11
7
7
5
12
8
10
8
8
11
9
9
12
10
8
10
7
5
3
3
5
4
10
14
2
2
11
7
7
5
12
9
10
8
8
11
9
9
12
10
8
11
7
5
3
3
6
4
11
14
3
3
11
7
7
5
12
9
