5
3
2
51
4
1
7
45
1
2
5
43
42
4
5
5
3
52
1
8
5
4
5
1
5
6
3
5
54
6
9
2
8
3
4
1
2
54
8
19
6
6
6
17
12
7
5
3
7
61
7
14
7
1
2
1
50
7
11
7
1
42
7
5
1
35
2
5
37
9
13
7
1
8
9
2
56
7
9
3
3
4
51
4
8
4
4
1
5
1
51
6
9
6
5
4
7
3
3
58
5
7
6
1
4
7
9
7
57
3
7
8
2
1
5
8
13
15
1
8
61
5
5
1
10
13
6
9
4
2
4
12
13
21
17
4
2
11
64
1
2
5
14
14
13
13
7
4
8
13
17
21
15
7
3
5
13
2
64
5
4
8
21
14
18
16
9
4
12
10
22
20
18
9
8
13
4
72
10
9
11
24
16
22
21
10
2
13
9
24
22
23
6
10
14
3
71
9
3
12
25
15
21
19
12
1
10
8
23
19
23
4
2
13
12
69
4
11
19
14
12
14
8
1
4
15
16
12
1
7
12
8
61
10
11
10
7
1
7
6
5
41
6
11
2
2
8
4
49
1
14
2
8
3
39
3
5
6
13
12
28
14
5
4
19
4
3
16
15
52
11
1
11
9
23
10
4
4
3
14
8
3
13
10
57
5
1
3
6
14
4
6
2
46
14
3
8
12
3
1
4
5
1
6
3
52
26
4
6
5
1
4
9
2
54
21
7
11
7
4
9
2
11
4
14
7
20
2
3
2
15
67
25
5
7
11
5
3
9
10
15
6
21
1
2
12
65
41
1
7
11
3
5
9
14
20
1
5
1
5
62
49
6
7
1
6
3
9
12
2
5
2
56
38
3
3
3
3
2
46
21
1
1
45
5
23
1
3
4
41
10
34
2
7
9
1
42
2
39
4
6
39
27
3
3
1
37
13
32
7
6
1
40
9
28
5
8
1
1
1
5
1
43
5
1
5
16
2
4
2
5
10
7
10
7
49
2
5
3
9
17
3
3
2
8
7
1
7
9
7
51
3
22
3
5
12
18
6
7
4
11
9
5
5
7
8
53
5
31
3
5
1
9
14
3
7
2
7
11
1
3
4
47
3
24
7
6
8
1
4
4
1
41
15
4
7
19
22
13
17
2
5
9
19
19
13
3
11
13
55
17
3
12
14
3
8
8
10
3
5
5
47
1
17
1
5
10
3
1
6
5
2
43
5
2
2
7
12
7
4
9
9
6
39
8
4
3
42
12
1
6
6
1
1
48
2
5
1
1
1
4
43
1
4
3
1
4
4
6
2
2
7
56
10
5
3
7
4
3
10
8
6
5
7
54
17
3
10
13
3
13
3
10
1
53
16
15
19
3
5
18
6
12
54
21
1
9
19
3
6
14
22
5
12
2
6
51
15
8
20
5
6
2
10
21
1
12
8
9
59
22
7
13
3
11
1
4
3
2
52
8
21
2
9
5
1
8
3
1
4
46
13
14
1
9
12
5
12
7
5
2
9
3
54
14
14
3
9
3
7
5
3
2
5
46
3
7
4
5
11
4
8
6
5
3
2
53
3
15
4
4
13
4
8
8
4
2
46
12
16
2
3
11
3
7
6
1
42
12
7
2
5
13
3
6
7
3
4
42
6
1
5
11
3
3
3
32
10
5
14
20
6
12
2
7
13
13
7
12
12
54
13
7
12
20
5
11
2
12
11
14
5
4
16
11
5
49
8
1
11
4
8
11
3
36
9
8
3
7
14
3
9
4
12
2
2
12
7
48
19
21
1
6
6
3
1
5
3
5
46
11
19
1
2
1
1
40
8
10
5
38
14
18
6
1
39
9
31
3
2
9
3
4
3
14
8
11
7
20
12
62
1
47
3
7
12
7
1
4
11
10
15
13
19
15
64
49
2
11
16
10
5
10
10
18
14
15
1
3
9
58
32
10
19
13
10
9
2
13
11
23
13
21
3
7
8
59
38
9
20
13
11
5
11
23
11
13
3
7
4
57
38
8
21
14
14
3
7
6
23
12
10
5
8
47
36
12
20
14
16
4
5
8
24
13
8
6
10
1
51
37
8
1
25
21
23
12
7
15
18
31
20
17
10
17
11
70
36
7
1
24
19
21
16
2
3
17
15
30
21
19
6
12
3
76
39
4
10
20
15
18
17
11
13
19
28
23
16
1
6
21
91
35
12
9
16
9
15
13
5
5
19
14
28
18
24
10
97
26
1
8
1
15
12
18
22
11
11
17
20
28
29
30
3
1
18
102
24
9
5
7
5
8
15
3
7
10
19
21
25
10
98
18
7
5
3
13
12
12
18
5
15
12
22
22
30
2
5
10
103
3
16
6
4
9
14
19
14
25
13
10
11
19
22
31
27
5
14
7
21
111
5
9
2
3
12
2
12
7
7
18
14
10
11
109
16
4
6
15
9
3
3
7
12
13
2
14
5
1
103
10
7
4
8
1
1
2
9
80
6
6
9
2
2
5
1
10
3
5
68
3
4
2
1
6
53
5
7
3
3
4
1
42
1
4
9
5
1
1
5
8
11
4
39
4
5
8
1
3
10
9
6
45
5
10
2
5
7
4
16
8
13
1
51
2
9
1
3
2
14
4
10
1
2
2
46
5
7
4
35
2
2
44
7
6
2
6
3
52
9
8
4
2
6
46
6
9
4
5
4
4
52
16
9
1
2
2
2
2
3
4
46
16
6
5
4
1
31
12
12
9
14
5
7
11
10
3
42
4
18
17
15
19
12
11
4
12
14
56
3
19
19
18
25
3
13
18
4
12
15
51
5
13
16
14
17
3
11
13
9
10
44
1
5
22
27
27
31
12
19
27
30
17
16
19
1
56
1
12
28
31
34
39
8
15
28
34
39
23
2
16
22
12
63
1
3
17
18
21
24
2
17
21
24
13
3
9
51
4
1
7
18
21
25
29
6
11
23
25
33
20
5
12
9
58
6
4
5
13
18
20
25
9
2
24
18
31
14
5
10
17
60
9
3
5
11
18
16
19
7
2
21
15
27
17
5
10
13
63
3
1
1
5
13
17
13
16
4
4
17
14
22
18
7
11
10
62
9
3
5
12
16
12
16
3
17
11
23
10
10
12
10
65
19
3
5
13
17
13
15
2
5
17
14
23
14
16
14
6
97
24
3
7
3
2
2
4
7
7
12
11
3
151
22
7
5
189
13
2
2
191
16
9
1
198
14
3
2
4
13
11
12
9
26
4
6
186
10
7
3
7
13
8
14
6
26
1
61
26
7
1
12
8
6
8
15
12
20
15
28
1
37
6
1
17
18
14
20
14
15
25
24
31
7
10
36
7
2
21
24
19
23
9
14
26
25
27
12
17
38
1
3
21
24
18
22
2
8
21
22
14
10
18
36
7
8
30
34
28
34
13
17
30
32
21
20
30
20
4
6
10
28
33
29
32
10
20
29
32
17
21
30
7
1
19
22
18
19
12
18
20
1
15
19
78
7
3
20
19
16
15
7
14
18
18
9
12
16
151
4
5
4
16
14
15
11
5
14
15
15
13
3
8
4
200
13
2
7
7
15
14
17
13
11
6
22
14
18
10
1
6
18
201
14
2
7
4
12
9
15
12
6
2
18
12
16
11
2
8
154
11
6
3
12
7
13
9
3
1
13
10
11
15
3
119
20
3
9
4
7
4
1
4
10
6
7
10
2
7
96
37
8
2
5
2
3
6
6
5
10
7
2
89
29
9
1
4
6
6
1
4
10
1
1
84
5
16
9
2
7
2
6
6
83
10
19
1
12
3
3
10
11
4
84
16
31
1
11
1
3
10
5
3
2
80
13
31
6
18
9
12
8
6
13
10
21
13
16
1
5
8
11
93
16
15
3
3
3
8
2
22
18
16
13
13
19
19
27
18
24
3
3
12
14
96
12
8
9
8
3
21
18
15
12
8
16
18
25
18
22
11
9
94
12
7
2
1
8
7
22
21
18
18
10
18
22
27
23
26
1
3
14
11
97
18
9
4
6
9
20
22
16
18
14
21
25
27
24
28
1
8
14
14
98
18
7
5
5
13
16
9
10
8
10
19
17
19
18
6
7
10
92
22
1
9
10
17
8
11
8
5
18
14
18
14
10
6
6
88
23
2
1
5
6
12
4
8
1
1
12
8
14
9
9
3
83
25
2
6
7
14
9
13
3
1
15
10
15
10
13
7
4
86
25
5
6
12
8
10
1
12
8
12
9
12
6
3
88
18
5
6
8
5
5
3
7
7
10
7
2
86
14
9
20
17
25
21
19
9
16
23
25
24
25
29
9
14
15
16
106
1
13
3
6
1
14
10
16
12
12
11
10
20
16
19
20
5
4
6
13
95
6
10
6
16
14
17
14
14
16
13
23
19
23
25
5
5
7
19
107
12
8
3
15
12
14
9
12
12
15
19
18
21
28
3
4
5
14
107
7
6
3
6
4
4
5
6
9
14
15
91
10
6
6
9
9
5
8
3
14
12
16
16
23
5
2
7
102
1
7
3
6
8
3
6
3
9
12
14
14
23
4
1
9
108
1
7
6
8
11
5
12
6
11
16
15
23
23
5
3
11
105
16
6
8
4
12
11
11
13
20
23
5
5
103
16
1
3
6
4
9
8
16
15
1
4
4
101
11
1
1
5
9
4
10
9
9
16
12
22
21
2
8
3
12
108
7
2
4
3
7
12
19
8
16
12
11
22
16
28
26
1
11
11
17
111
6
4
9
13
14
23
6
16
12
6
23
13
29
22
10
14
15
107
10
14
10
22
18
32
14
24
23
16
33
20
37
30
2
11
22
23
118
11
2
17
4
25
19
37
19
28
10
28
26
41
24
39
35
5
11
26
31
127
10
2
15
7
25
20
36
18
26
9
27
18
39
23
39
33
4
9
25
30
125
3
3
8
9
23
22
35
20
31
21
14
36
24
37
35
10
25
27
130
1
8
7
11
16
23
12
16
9
7
24
17
20
22
7
17
15
118
3
8
4
14
17
12
14
1
1
17
15
21
16
9
14
11
108
3
4
7
19
20
19
20
6
16
20
23
25
32
13
17
13
126
8
5
10
21
19
18
17
3
7
16
19
24
22
32
14
16
11
129
4
4
4
12
10
8
6
6
10
13
14
22
9
7
5
119
8
4
4
14
18
17
18
14
4
12
15
23
22
22
31
14
12
19
135
3
8
14
17
16
16
10
11
13
22
21
19
28
10
10
16
133
2
4
9
14
18
14
12
5
6
12
18
20
17
31
6
6
10
136
3
1
6
16
18
16
14
9
7
12
19
22
20
32
7
8
11
140
3
17
15
17
13
9
9
14
21
21
21
30
9
9
12
141
6
14
16
17
11
9
5
11
18
20
22
29
7
9
7
143
8
9
16
12
6
3
4
5
14
16
15
26
2
7
8
145
2
2
9
16
15
8
7
7
9
17
18
19
30
6
10
14
151
5
6
16
17
10
10
1
13
13
19
19
26
1
9
14
6
150
5
5
20
17
12
10
9
10
19
17
25
12
18
2
153
4
6
22
19
13
10
6
7
18
16
25
12
20
149
11
4
4
12
10
8
6
6
10
13
14
22
9
7
5
119
8
4
4
14
18
17
18
14
4
12
15
23
22
22
31
14
12
19
135
3
8
14
17
16
16
10
11
13
22
21
19
28
10
10
16
133
2
4
9
14
18
14
12
5
6
12
18
20
17
31
6
6
10
136
3
1
6
16
18
16
14
9
7
12
19
22
20
32
7
8
11
140
3
17
15
17
13
9
9
14
21
21
21
30
9
9
12
141
6
14
16
17
11
9
5
11
18
20
22
29
7
9
7
143
8
9
16
12
6
3
4
5
14
16
15
26
2
7
8
145
2
2
9
16
15
8
7
7
9
17
18
19
30
6
10
14
151
5
6
16
17
10
10
1
13
13
19
19
26
1
9
14
6
150
5
5
20
17
12
10
9
10
19
17
25
12
18
2
153
4
6
22
19
13
10
6
7
18
16
25
12
20
149
11
7
5
21
8
6
10
16
3
20
5
10
118
10
5
19
7
7
7
19
19
4
25
3
8
115
12
5
3
19
7
8
17
2
22
9
29
2
7
107
1
5
2
18
6
5
14
1
18
6
28
3
7
97
9
1
14
2
9
13
24
3
3
86
16
10
4
8
15
2
62
2
10
8
9
16
1
6
4
3
57
11
1
2
7
10
17
1
6
6
55
1
12
2
2
3
7
11
3
9
43
1
1
2
13
8
2
3
4
7
2
10
37
5
1
1
4
7
16
16
9
15
7
1
10
12
15
4
16
41
4
1
11
19
21
16
19
13
5
16
16
19
2
7
20
5
50
5
1
7
18
17
11
14
5
11
9
16
7
17
1
52
1
3
16
13
9
9
1
9
5
13
7
14
45
16
11
10
9
3
10
6
13
10
16
46
2
14
10
8
8
1
8
7
10
13
17
2
46
16
8
8
3
1
9
4
12
13
16
6
54
1
2
17
9
7
3
3
1
10
5
15
11
15
8
56
3
11
4
1
5
6
6
11
1
46
2
10
6
3
4
2
7
1
9
2
5
13
5
55
4
9
7
2
8
3
8
7
15
5
6
11
12
63
6
6
1
10
1
3
4
8
58
9
2
12
1
6
3
10
64
10
14
7
3
13
64
13
3
15
7
4
12
67
5
5
2
1
17
2
6
5
14
71
2
6
1
3
3
15
1
6
8
13
64
4
5
2
2
11
2
5
8
12
63
3
1
2
1
2
5
56
2
2
3
4
2
55
5
7
11
13
5
3
5
5
10
12
10
14
12
63
16
2
6
5
5
8
1
54
3
2
5
3
5
7
48
5
2
2
8
9
3
7
3
2
4
10
7
60
13
6
13
11
7
9
2
6
12
10
2
4
14
13
68
14
10
18
15
15
11
8
10
10
16
12
17
4
8
18
23
77
9
1
6
15
13
14
12
4
6
7
14
14
16
3
5
16
19
76
6
2
1
9
16
15
14
14
8
9
14
18
18
7
5
17
21
74
1
18
3
10
8
6
9
1
2
7
11
9
4
10
14
73
23
5
3
2
1
4
3
7
5
2
7
12
67
3
31
6
4
5
5
5
7
5
11
9
7
9
19
77
3
28
3
1
1
4
12
6
1
17
75
1
14
2
1
3
11
5
17
71
10
17
2
6
3
4
2
11
5
1
17
78
11
15
2
3
3
1
9
4
7
7
8
14
6
5
3
25
80
3
13
3
5
7
5
2
3
11
6
10
9
8
17
8
5
5
27
88
13
3
3
4
3
3
5
3
14
5
3
2
16
77
1
2
4
2
2
1
7
5
4
2
18
72
5
1
1
2
5
3
3
4
6
5
7
6
20
76
15
6
3
5
4
3
1
3
5
5
9
8
3
9
9
19
78
16
2
8
5
3
2
4
4
8
7
2
7
11
19
80
20
8
1
11
7
8
2
5
4
7
7
9
4
7
14
20
75
18
24
11
6
10
4
4
2
9
8
7
7
7
14
17
76
21
21
11
2
10
4
8
5
4
6
4
12
12
72
21
19
2
13
7
10
7
3
7
6
5
8
5
13
17
73
13
28
4
6
8
14
11
10
9
7
1
4
7
10
4
10
10
16
20
72
8
35
4
10
8
8
8
2
2
4
10
7
11
15
15
64
3
28
1
10
5
8
5
4
6
2
6
11
13
14
68
5
29
8
5
3
1
1
1
3
6
8
11
67
3
23
7
6
8
1
2
5
5
3
5
7
14
70
17
8
7
7
7
3
5
6
7
3
5
8
23
72
7
3
9
1
6
6
8
1
5
6
9
7
1
3
10
25
72
2
11
2
5
4
7
5
8
6
9
11
21
75
10
5
8
1
3
1
3
5
17
66
25
10
4
3
17
6
12
11
18
16
14
17
19
22
5
8
16
39
83
31
13
7
2
11
5
21
6
11
11
10
16
7
7
10
41
84
19
1
2
9
1
2
3
9
4
1
27
72
14
1
1
8
2
12
5
5
24
75
23
3
1
1
4
19
65
5
13
3
2
11
3
4
4
7
6
8
3
29
68
18
6
3
1
1
11
2
8
6
3
2
28
72
24
1
4
9
4
4
9
4
3
22
69
23
1
2
3
5
2
13
8
3
6
9
4
3
5
28
77
14
5
3
2
3
8
5
5
16
2
11
7
9
8
4
6
9
34
71
19
8
7
5
10
15
14
14
11
21
6
19
16
20
17
7
10
16
39
80
16
6
7
6
12
17
13
15
9
20
5
18
15
16
15
6
10
16
36
82
5
5
9
12
13
13
9
18
7
16
11
15
12
5
10
15
32
72
3
4
1
2
7
10
13
11
7
15
1
16
7
13
9
5
12
17
28
68
13
5
1
4
1
6
9
9
7
2
16
13
2
7
3
5
10
15
27
69
20
3
4
5
7
7
5
4
12
9
9
5
7
11
25
65
13
9
5
7
5
3
2
9
7
7
5
7
9
21
59
19
13
1
4
5
5
4
3
11
8
8
7
10
10
20
59
23
4
4
1
4
2
1
6
3
2
6
11
8
20
57
11
1
6
1
2
1
2
5
10
7
17
57
9
18
2
6
2
4
4
2
7
11
8
16
61
12
23
2
5
6
8
6
6
3
13
11
3
11
5
10
13
12
27
65
6
5
10
11
8
9
10
10
9
21
2
16
7
19
11
13
13
14
35
70
3
2
2
8
1
7
3
4
2
15
10
4
10
7
11
8
9
27
67
5
2
4
9
2
1
3
6
3
4
25
64
2
7
3
4
2
20
51
1
3
5
7
2
3
2
15
1
6
3
5
12
13
11
30
65
7
1
6
9
7
6
6
2
1
17
4
10
2
7
14
12
14
13
33
76
19
9
7
5
5
2
20
59
20
14
7
11
8
7
1
16
10
7
6
10
12
10
30
70
14
7
8
7
6
1
18
12
3
8
6
10
11
34
71
19
7
10
6
9
7
7
21
14
3
9
10
7
9
13
39
75
21
7
9
10
12
10
12
13
19
5
13
8
12
16
9
9
15
37
77
17
3
8
4
9
2
8
5
16
7
4
5
10
8
7
11
37
70
4
2
2
1
9
1
8
4
10
3
2
4
3
7
7
12
31
62
3
6
6
1
4
1
1
5
6
6
9
22
62
7
1
6
5
1
9
1
4
2
3
11
6
6
8
29
71
5
4
1
7
3
5
6
4
5
5
27
66
1
4
4
1
10
3
5
1
2
6
4
3
4
31
70
1
3
1
2
7
7
4
13
6
10
6
8
16
3
