4831
4999
4832
4831
4557
363
56
4999
4832
4999
160
4999
4999
4999
2115
4905
4902
4999
4824
4999
4825
4824
4395
351
55
4999
4825
4999
152
4999
4999
4999
2034
4898
4895
4999
4819
4999
4819
4818
4266
337
50
4999
4819
4999
143
4999
4999
4999
1976
4892
4889
4999
4812
4999
4812
4811
4120
323
46
4999
4812
4999
139
4999
4999
4999
1915
4885
4882
4999
4806
4999
4806
4805
3988
307
49
4999
4806
4999
138
4999
4999
4999
1858
4879
4876
4997
4799
4999
4799
4799
3858
297
51
4999
4801
4999
135
4999
4999
4999
1805
4873
4869
4999
4794
4999
4795
4793
3325
278
41
4999
4836
4999
123
4999
4999
4999
1725
4866
4863
4814
4866
4837
4872
4864
2097
49
4831
4965
4850
12
4872
4820
4890
460
4859
4857
4252
1952
1298
4996
714
4336
4999
4996
3452
484
2632
1475
4302
4993
982
4376
4465
4288
760
4530
4853
4850
4069
1781
1179
4980
632
4170
4980
4980
4894
427
2439
1347
4128
4985
890
4205
4335
4121
686
4411
4847
4844
4031
1372
903
4985
484
4138
4985
4985
4946
321
1867
1033
4098
4986
680
4173
4313
4088
522
4398
4840
4837
3849
1742
1157
4974
622
3975
4974
4974
4990
420
2375
1317
3929
4972
871
4013
4186
3917
675
4287
4834
4831
113
344
32
48
139
140
219
49
16
25
228
94
490
24
5
10
123
96
96
382
51
15
25
242
60
602
48
12
22
236
56
56
576
55
14
26
270
686
65
17
32
321
3
3
749
65
16
31
322
10
10
790
77
20
38
379
883
77
19
38
386
16
16
912
85
21
43
425
993
90
22
45
447
7
7
1035
95
23
47
472
1094
100
25
50
500
1147
104
26
52
519
2
2
1194
109
27
55
547
1248
113
28
57
567
2
2
1291
118
29
59
590
1340
122
30
61
611
1
1
1383
125
31
63
632
1427
130
32
66
652
1469
133
33
68
671
1508
136
34
69
690
1548
140
35
71
708
1585
144
35
73
726
1622
147
36
74
742
1658
150
37
76
759
1692
153
37
78
775
1726
156
38
79
790
1757
159
39
81
806
1788
162
40
83
820
1819
165
41
84
834
1849
168
42
86
849
1878
171
44
88
862
1906
175
45
90
876
1933
179
47
92
889
1960
182
49
95
903
1986
185
50
97
915
2010
188
51
98
926
2033
191
53
100
938
2056
193
54
102
949
2079
196
55
104
959
2100
198
56
106
971
2121
201
58
108
981
2141
204
59
109
991
2160
207
60
110
1000
2178
207
60
111
1008
2195
208
60
112
1016
2212
210
61
113
1024
2227
212
61
114
1032
2243
213
62
115
1040
2258
214
62
115
1046
2273
215
62
115
1053
2287
217
63
117
1060
2300
218
63
117
1066
2313
219
63
117
1073
2326
220
64
118
1079
2337
222
64
118
1084
2349
222
64
119
1090
2359
223
64
119
1095
2370
224
64
120
1100
2380
225
64
120
1105
2390
226
65
121
1110
2400
227
65
121
1114
2408
227
65
121
1119
2417
228
65
122
1122
2425
229
65
122
1127
2433
229
66
122
1131
2441
230
66
123
1134
2448
231
66
123
1138
2455
231
66
123
1141
2462
231
66
124
1144
2468
232
66
124
1148
2474
233
67
124
1151
2480
233
66
124
1153
2485
234
66
124
1156
2490
234
67
125
1159
2495
234
67
125
1161
2500
235
67
125
1163
2505
235
67
125
1166
2509
235
67
125
1168
2513
236
67
125
1170
2517
236
67
126
1172
2520
236
67
126
1174
2524
237
67
126
1175
2527
237
68
127
1177
2530
237
67
126
1179
2533
237
67
126
1179
2536
238
68
127
1181
2538
238
68
127
1182
2540
238
68
127
1183
2543
238
68
127
1185
2545
238
68
127
1186
2546
238
68
127
1187
2548
238
68
127
1187
2549
238
68
127
1188
2551
239
68
127
1189
2552
239
68
127
1190
2553
238
67
127
1190
2554
239
68
127
1191
2555
239
68
127
1192
2556
239
68
127
1192
2556
239
68
127
1192
2556
239
67
127
1193
2556
239
68
127
1193
2557
239
68
127
1193
2556
238
67
127
1194
2557
239
67
127
1193
2557
239
68
127
1193
2557
238
68
127
1194
2557
238
68
127
1194
2556
238
67
127
1193
2555
238
67
127
1193
2555
238
68
127
1193
2555
238
67
127
1193
2554
238
67
127
1193
2553
238
67
127
1193
2552
238
67
126
1192
2551
238
67
127
1191
2550
238
67
127
1192
2549
237
67
127
1191
2548
237
67
126
1190
2547
237
67
126
1190
2546
237
67
126
1189
2545
237
67
126
1189
2543
237
67
126
1189
2541
236
67
126
1188
2540
236
67
126
1187
2538
236
67
126
1186
2537
236
67
126
1186
2536
236
67
126
1185
2534
236
66
125
1184
2532
235
67
126
1183
2530
235
66
126
1183
2528
235
66
125
1182
2526
235
66
125
1181
2525
235
66
125
1181
2523
235
66
125
1179
2520
234
66
124
1178
2518
234
66
125
1178
2517
234
66
125
1177
2514
234
66
124
1176
2512
234
66
125
1175
2510
233
66
124
1174
2508
233
66
124
1173
2506
233
66
124
1172
2504
233
66
124
1171
2501
233
66
124
1170
2499
232
66
124
1169
2497
232
65
124
1168
2494
232
66
123
1167
2492
232
66
123
1166
2490
231
65
123
1165
2487
231
65
123
1164
2485
231
65
123
1163
2482
231
65
123
1162
2480
231
65
123
1160
2477
230
65
122
1159
2475
230
64
122
1158
2472
230
65
122
1157
2470
229
65
122
1156
2467
229
65
122
1154
2464
229
64
122
1154
2462
228
65
122
1152
2459
228
65
122
1151
2456
229
64
122
1150
2453
228
64
122
1149
2451
228
64
121
1147
2448
227
64
121
1146
2446
227
64
121
1145
2443
227
64
121
1144
2440
226
63
121
1142
2438
226
64
121
1141
2435
226
64
121
1140
2432
226
64
120
1139
2429
226
63
120
1138
2426
225
63
120
1136
2424
225
63
120
1134
2421
224
63
119
1133
2418
224
63
119
1132
2415
224
63
119
1131
2413
224
63
119
1129
2410
223
63
119
1128
2407
223
63
119
1127
2404
223
63
119
1126
2401
222
63
119
1124
2398
222
63
119
1123
2395
222
63
118
1121
2392
222
62
118
1120
2389
222
63
118
1119
2387
221
63
118
1118
2384
221
62
118
1116
2415
224
63
119
1131
2413
224
63
119
1129
2410
223
63
119
1128
2407
223
63
119
1127
2404
223
63
119
1126
2401
222
63
119
1124
2398
222
63
119
1123
2395
222
63
118
1121
2392
222
62
118
1120
2389
222
63
118
1119
2387
221
63
118
1118
2384
221
62
118
1116
2346
218
61
116
1099
2343
217
61
115
1097
2340
216
61
116
1096
2339
219
62
117
1096
2339
222
66
120
1098
2336
222
66
120
1096
2333
221
65
119
1094
2330
221
66
120
1094
2327
221
65
120
1092
2324
221
66
120
1091
2321
220
66
119
1089
2318
220
66
119
1088
2315
220
66
120
1087
2312
220
66
119
1085
2310
220
66
119
1084
2307
219
66
119
1082
2303
219
66
119
1081
1658
158
47
86
790
81
33
21
327
11
66
208
332
5
35
19
55
158
12
46
34
46
7
28
337
344
131
55
36
84
20
121
128
86
13
79
44
133
149
31
125
100
140
24
92
49
94
195
18
5
9
94
128
53
35
126
19
115
143
126
12
72
41
119
147
27
110
86
120
20
78
133
124
93
8
2
4
43
49
21
13
72
7
44
66
72
4
26
14
44
62
10
39
30
42
6
27
1
74
16
1
6
12
2
13
9
5
14
20
9
5
9
4
20
18
9
1
12
7
21
20
6
18
15
19
3
13
7
25
2
1
11
20
9
5
20
4
19
23
21
1
11
7
19
23
5
17
13
18
3
11
19
15
1
1
7
8
4
2
11
2
9
11
12
4
3
7
10
3
6
4
5
3
11
1
1
2
2
1
1
2
1
1
1
1
1
3
3
2
1
1
2
5
3
1
3
2
6
5
3
3
2
6
5
3
4
4
4
2
3
1
1
5
1
1
1
1
2
4
3
4
2
6
6
5
3
2
5
5
3
4
3
4
1
2
4
1
1
2
4
1
1
1
1
2
1
1
3
3
3
2
4
4
4
1
1
1
2
3
3
2
2
2
1
3
2
2
2
4
3
2
2
1
1
1
2
1
3
2
2
2
1
1
1
1
2
3
1
2
3
2
2
3
1
1
1
1
1
3
2
3
2
1
1
1
1
1
3
3
1
3
5
3
3
2
1
1
2
2
4
3
2
3
1
2
1
1
1
2
3
1
3
3
2
2
3
1
1
1
2
2
1
2
2
1
1
1
3
3
1
2
3
3
3
2
1
1
1
1
2
3
3
3
3
1
3
2
1
1
2
3
1
2
4
3
2
3
1
1
1
2
2
3
2
3
2
1
2
1
3
3
1
1
3
4
3
3
3
1
1
1
2
3
3
2
3
2
1
2
1
1
3
3
1
3
4
3
3
3
1
2
1
2
2
3
2
3
3
1
3
1
1
1
1
3
3
1
3
4
3
2
3
1
2
1
2
2
3
2
3
3
2
2
2
1
1
1
3
3
1
1
3
4
3
3
3
1
1
1
2
2
3
2
3
3
1
3
1
1
1
3
3
1
3
4
3
2
3
2
2
1
2
3
4
3
3
3
2
3
1
1
1
3
4
1
1
3
5
3
3
3
2
2
1
2
3
4
3
4
3
2
3
2
1
1
1
2
3
4
1
1
3
4
3
3
4
2
2
1
2
3
4
2
3
3
1
3
1
1
1
3
4
2
3
5
3
3
4
2
2
1
2
3
4
3
3
3
2
3
1
1
1
1
1
3
5
1
3
5
3
3
4
2
2
2
3
3
4
3
4
3
2
3
2
1
1
1
2
3
5
1
1
4
5
4
3
4
2
2
2
3
3
4
3
4
3
2
3
2
1
1
3
5
1
1
4
5
4
3
4
2
2
2
3
3
4
3
4
3
2
3
2
1
1
7
1
4
5
1
4
5
4
3
5
3
3
2
3
3
4
3
4
4
2
3
2
1
1
1
2
4
5
2
4
5
4
3
4
2
3
2
3
3
4
4
4
3
2
3
2
1
1
1
1
4
5
1
2
4
5
4
3
4
2
3
2
3
3
4
3
4
3
3
3
2
1
1
1
4
5
1
1
4
6
4
3
4
2
3
2
3
4
5
3
4
4
3
4
2
1
1
1
1
4
5
1
1
4
5
4
3
5
3
3
2
3
4
5
4
4
4
2
4
2
1
1
1
1
5
5
1
2
5
5
4
3
5
3
3
2
3
4
5
3
4
4
2
3
2
1
1
1
5
6
1
1
4
5
4
3
5
3
3
3
3
4
5
4
5
4
2
4
2
1
1
1
4
5
1
1
5
5
4
3
5
3
3
3
3
4
5
4
5
5
2
4
3
1
1
2
1
5
6
1
2
5
6
5
4
5
2
3
3
3
4
5
4
5
5
2
4
3
1
1
1
18
1
5
6
1
1
5
6
5
4
5
3
3
3
3
4
5
4
5
5
3
4
3
1
1
2
1
5
6
1
2
5
6
5
4
5
3
3
3
3
5
5
5
5
5
3
4
3
1
1
2
2
5
6
1
2
5
6
5
4
5
3
3
3
3
5
5
4
5
5
3
5
3
2
1
2
1
5
6
1
2
5
6
5
4
6
3
4
3
4
5
5
4
5
5
3
4
3
1
2
15
1
5
6
1
1
5
6
5
4
6
3
4
3
4
4
5
5
5
5
3
4
3
1
1
2
1
5
6
1
1
5
6
5
3
6
3
3
3
4
5
5
5
6
5
3
5
3
1
1
2
1
5
7
1
2
5
6
5
4
6
3
3
3
4
5
5
5
5
5
3
5
3
1
1
1
1
6
7
1
1
5
7
5
4
6
3
4
4
4
5
5
5
5
5
3
4
3
2
1
2
1
1
5
7
1
1
5
6
5
4
6
3
4
4
4
5
6
5
6
5
4
5
3
2
1
2
14
1
6
7
1
1
6
6
5
4
6
4
4
3
4
5
6
5
5
5
3
5
3
2
1
2
1
6
7
1
2
6
7
5
4
6
4
4
4
4
5
5
5
6
5
3
5
3
1
1
2
1
6
7
1
2
5
7
5
4
7
3
4
4
4
5
6
5
6
6
4
6
3
2
1
2
1
2
6
7
1
1
6
7
5
4
7
4
4
4
4
5
6
5
6
5
4
5
4
2
1
2
2
6
8
2
2
6
7
5
4
7
4
4
4
4
5
6
5
6
5
4
5
3
1
1
2
1
6
8
1
1
6
7
5
4
7
4
4
4
5
5
6
5
6
6
4
5
4
2
1
2
2
6
8
1
2
7
7
5
4
7
4
5
4
5
6
6
5
6
6
4
6
3
2
1
3
2
7
8
1
2
6
7
6
4
7
4
4
4
5
6
6
5
6
5
4
6
3
2
1
2
21
1
7
8
1
2
7
7
6
5
7
4
5
4
4
6
6
5
6
6
3
5
4
1
1
2
1
7
8
2
2
7
7
6
5
7
4
5
5
5
6
7
6
7
6
4
6
4
2
1
2
2
7
9
1
2
7
7
6
5
7
4
5
4
5
5
6
6
6
6
4
6
4
2
1
2
1
7
9
2
3
7
8
6
5
7
4
5
5
5
6
6
5
6
6
4
5
3
1
1
2
3
1
7
8
1
2
7
7
6
5
8
4
5
5
5
6
7
6
7
6
4
6
4
2
1
2
2
7
9
1
2
7
7
6
5
8
4
5
5
5
6
7
6
7
6
4
6
4
1
1
3
2
7
9
2
3
7
8
6
5
8
5
5
5
5
6
7
6
7
7
5
6
4
2
1
3
1
7
8
1
2
7
7
6
5
8
4
5
5
5
6
7
6
7
6
4
6
4
2
1
3
1
7
9
2
2
7
8
6
5
8
5
6
5
6
7
7
7
7
7
5
7
5
3
1
3
2
7
9
2
2
7
8
6
5
8
5
5
5
5
7
7
7
7
7
5
6
4
2
1
3
2
7
9
1
2
7
8
6
5
8
5
5
5
5
6
7
7
7
7
4
7
5
2
1
3
1
7
9
1
2
7
8
6
5
8
5
6
5
6
7
7
7
8
7
5
7
5
3
1
3
18
2
8
9
2
2
7
8
6
5
8
5
5
5
6
7
7
7
8
7
5
6
5
3
1
3
35
2
8
9
1
3
8
8
6
5
9
5
6
5
6
7
7
7
7
7
5
7
5
2
1
3
29
2
8
9
1
2
8
8
6
5
9
5
7
5
6
7
8
7
8
7
5
7
5
3
1
3
19
2
8
10
1
2
8
8
7
5
9
5
6
6
6
7
8
7
8
7
5
7
5
3
1
3
57
2
8
10
2
2
8
8
7
5
9
5
6
6
6
7
7
7
8
8
5
7
4
2
1
3
54
1
9
10
1
3
8
9
7
5
9
5
6
6
6
8
8
7
8
8
5
7
5
3
1
3
2
8
10
2
2
8
8
7
5
9
5
6
6
6
8
8
7
8
8
5
7
5
2
1
4
2
1
8
10
2
2
8
8
7
5
9
5
6
6
6
7
8
7
8
7
5
7
5
2
1
3
54
1
9
10
2
3
9
8
7
5
9
5
6
6
6
8
8
7
8
8
5
7
5
3
1
3
46
2
8
10
2
2
9
8
7
5
9
5
6
6
7
8
8
8
8
8
5
8
5
3
1
4
2
9
10
2
2
9
9
7
5
9
5
6
6
6
8
8
8
8
8
5
8
5
3
2
3
1
9
11
2
3
9
9
7
6
10
5
7
7
7
8
8
7
8
8
5
8
5
3
1
3
43
2
8
10
2
2
9
9
7
6
9
6
7
7
6
8
8
8
8
8
6
8
6
3
1
4
41
2
9
11
2
2
9
9
7
6
9
6
7
6
7
8
9
8
8
9
6
8
6
3
2
3
1
9
11
2
3
9
9
7
6
10
6
7
6
7
8
9
8
9
9
6
8
5
3
1
3
2
9
11
2
3
9
9
7
6
10
6
7
7
7
8
9
8
9
9
6
8
5
3
2
4
4
2
9
11
2
3
9
9
7
6
10
6
7
7
7
9
9
8
9
9
6
8
6
3
2
4
17
2
9
11
2
3
9
9
7
6
10
6
7
7
7
8
9
8
9
8
6
8
5
3
1
3
1
9
11
2
3
9
9
7
6
10
6
7
6
7
8
9
8
9
9
5
8
5
3
1
3
1
9
11
2
2
9
9
8
6
10
6
8
7
7
9
9
8
10
9
6
9
6
3
2
4
2
9
12
2
2
10
9
7
6
10
6
7
7
7
8
9
8
9
9
6
9
5
3
2
4
10
2
10
12
2
3
10
10
8
6
10
7
7
7
7
9
9
8
9
9
6
9
6
3
2
3
2
10
12
2
3
10
9
8
6
11
6
8
7
8
9
9
8
9
9
7
9
6
3
2
4
2
10
12
2
3
10
10
8
6
11
6
8
7
7
9
9
9
9
9
6
9
6
3
2
4
2
10
12
3
2
10
10
8
6
11
6
8
7
7
9
9
8
9
9
6
9
6
3
2
4
21
1
10
12
2
3
10
9
8
6
11
7
8
8
7
9
9
9
9
9
6
9
6
3
1
4
1
10
12
2
3
10
9
8
6
11
7
8
8
8
9
9
9
10
9
6
9
6
3
2
4
2
10
12
3
3
10
10
8
6
11
7
8
7
7
9
9
9
10
9
6
9
6
3
2
4
1
10
13
2
3
10
10
8
7
11
7
8
8
8
9
9
9
9
9
7
9
6
4
2
4
1
10
12
3
3
10
10
8
6
11
7
8
8
8
9
10
9
10
10
7
9
7
3
2
4
2
10
13
3
3
10
10
8
7
11
7
8
8
7
9
10
9
10
10
7
9
6
3
2
4
2
10
13
3
3
11
10
9
7
12
7
8
8
8
9
9
9
10
10
7
9
6
3
2
4
1
10
12
3
3
10
10
8
7
12
7
9
8
8
10
10
9
10
10
7
9
6
4
2
4
2
10
13
2
2
10
10
9
7
12
7
8
8
8
9
10
9
10
10
7
9
6
4
2
4
1
11
13
3
3
11
11
9
7
12
7
9
8
8
9
10
9
10
10
7
9
6
4
2
4
1
11
13
3
3
10
10
9
7
12
7
9
8
8
10
10
10
10
10
7
9
7
4
3
4
2
11
13
2
3
10
10
9
7
12
7
9
8
8
10
10
9
10
10
7
10
6
4
2
4
1
11
14
3
3
11
10
9
7
12
7
9
8
8
10
10
9
10
10
6
9
6
4
2
4
1
11
14
3
3
11
10
9
7
12
7
9
8
8
10
10
9
10
10
7
10
7
3
2
4
1
11
14
2
3
11
10
9
7
12
7
9
9
9
10
10
10
11
10
7
10
6
4
2
5
1
11
13
3
3
11
10
9
7
12
7
9
8
8
10
10
10
10
10
7
10
7
4
2
5
1
11
14
3
3
11
11
9
7
12
8
9
9
8
10
10
10
11
10
7
10
7
4
2
5
1
11
14
2
3
11
11
9
7
12
8
9
9
9
10
10
10
11
10
7
10
7
4
2
5
1
11
14
3
3
11
11
9
7
13
8
10
9
9
10
10
10
11
11
8
10
7
4
2
5
2
12
14
3
3
11
11
9
7
13
8
10
9
9
11
10
10
11
11
7
10
7
4
2
5
1
12
14
3
3
