34
11
4
2
4
16
24
9
25
43
32
9
3
8
14
21
7
36
46
37
11
1
2
3
7
17
21
2
48
39
14
2
2
2
2
8
7
13
5
20
25
48
39
14
1
5
4
11
6
19
28
7
32
47
39
7
3
12
1
16
26
7
34
42
33
2
5
10
22
40
28
3
7
23
37
24
4
25
13
34
18
1
9
1
19
32
36
18
17
36
21
3
20
23
17
1
6
21
12
8
37
24
1
1
17
4
23
2
44
31
6
4
4
7
4
22
10
29
48
34
6
7
2
2
11
3
15
33
48
37
5
5
5
1
14
1
16
32
29
42
31
4
2
9
5
4
11
26
40
43
30
2
4
2
2
7
10
26
2
41
31
1
2
9
1
3
8
10
23
37
28
5
6
8
20
19
34
25
1
3
7
17
31
34
25
2
1
1
8
16
30
20
5
15
34
21
3
2
7
20
7
31
22
3
8
16
40
31
28
1
4
1
9
14
17
32
27
2
1
3
7
8
15
29
22
1
2
2
6
17
12
29
21
1
1
1
1
4
1
6
17
32
26
15
3
11
7
28
16
8
4
14
27
17
2
2
5
15
27
15
3
3
2
5
17
18
31
15
6
3
7
6
20
26
13
1
2
14
24
12
1
1
4
1
13
23
10
1
1
6
1
11
28
19
9
2
3
9
34
21
13
2
6
20
1
12
33
20
1
4
3
8
11
5
17
32
20
2
3
7
2
3
7
5
19
9
31
20
2
8
5
4
1
27
5
19
6
27
36
22
7
3
6
4
7
8
24
40
24
14
4
9
6
13
31
45
30
18
2
16
13
5
1
7
17
40
5
39
26
12
6
5
8
1
1
13
32
21
38
27
9
2
8
1
2
13
27
43
33
13
5
9
13
4
16
35
44
35
14
6
8
17
18
35
3
1
37
32
14
2
7
16
16
28
23
34
26
10
1
5
11
5
10
10
25
32
23
5
1
4
9
15
10
7
24
26
18
2
3
9
1
4
21
5
25
13
1
4
2
1
18
11
30
26
14
1
3
19
2
15
25
10
17
21
9
3
15
22
12
2
1
2
1
12
3
21
13
25
14
4
3
5
1
8
2
23
26
11
2
3
1
2
20
21
7
3
2
8
18
17
21
10
3
5
3
1
3
4
17
3
23
10
1
1
1
1
3
19
5
30
16
5
3
3
6
13
10
2
25
33
21
6
4
5
11
4
1
6
27
9
28
18
5
5
7
2
4
22
58
7
28
18
6
4
1
5
1
3
21
147
20
29
18
5
5
2
21
267
28
13
4
3
3
3
20
402
25
11
5
1
5
12
5
20
448
5
23
9
2
3
7
1
17
312
9
23
9
2
1
1
6
16
138
24
11
4
2
2
15
23
11
7
1
2
8
3
14
6
25
16
7
2
3
3
11
6
16
1
18
30
19
4
1
6
8
19
30
21
6
8
8
20
30
22
6
2
12
1
9
20
30
20
7
1
11
8
20
1
32
22
9
12
1
1
9
21
27
19
7
7
7
20
23
14
6
2
2
17
5
19
27
16
7
7
11
6
19
6
25
16
7
6
9
13
2
10
5
18
24
16
6
1
9
2
11
7
20
24
16
7
2
9
8
17
25
13
11
3
4
5
5
8
19
5
22
5
7
8
8
5
17
21
9
5
11
19
23
7
13
34
30
11
10
8
4
3
1
26
12
4
3
14
24
41
35
14
11
7
3
5
4
27
7
18
30
5
30
25
10
3
7
1
15
7
10
14
1
16
10
27
24
7
5
1
16
13
1
11
26
23
6
3
1
13
13
12
28
26
7
3
1
15
13
1
13
25
21
3
1
12
10
10
15
20
19
1
12
8
7
19
19
1
3
2
14
10
6
2
16
15
2
10
3
11
7
16
4
2
17
16
5
12
9
16
4
3
1
9
4
3
1
18
20
2
4
8
8
17
14
8
6
3
21
23
7
4
3
3
6
3
15
12
23
1
10
8
24
23
7
6
3
7
5
16
2
12
1
7
25
23
5
5
2
16
1
18
13
2
9
5
6
19
22
3
1
1
15
11
3
6
18
21
11
9
2
4
21
20
1
6
12
11
2
7
25
23
4
7
14
1
14
1
10
28
26
22
7
5
1
11
7
16
13
1
12
27
23
22
5
5
2
2
15
2
11
3
13
9
1
27
27
5
8
5
1
3
20
3
15
1
12
8
26
24
2
6
6
8
6
17
2
9
13
10
14
27
20
20
3
4
3
4
16
3
11
8
3
21
17
17
22
2
2
2
3
17
2
5
2
21
12
13
2
5
12
1
4
23
5
8
8
7
9
1
1
24
14
12
6
10
3
7
1
1
2
24
8
21
9
10
6
25
9
8
3
15
30
12
12
3
1
8
3
40
5
23
20
4
12
8
8
46
27
18
14
2
2
9
1
3
3
1
51
9
9
1
7
55
7
7
3
54
4
3
2
55
10
9
9
59
16
12
5
66
16
12
2
5
3
8
3
68
14
12
6
5
1
68
15
18
14
3
5
4
2
4
67
8
24
16
2
3
3
5
15
5
1
11
66
22
17
1
6
5
7
7
1
14
67
19
18
1
3
6
6
4
8
2
12
68
33
24
18
2
2
1
1
8
9
3
10
60
10
23
14
2
4
8
4
8
55
21
14
6
2
1
8
5
11
51
26
18
7
2
5
8
12
3
9
3
13
41
21
15
1
6
7
2
6
36
12
8
3
3
1
29
11
8
7
2
2
1
22
15
9
1
2
6
1
5
1
6
11
14
6
1
1
3
5
4
10
7
7
6
11
2
7
1
3
4
2
5
11
9
1
9
3
1
3
5
1
1
2
8
3
4
1
1
4
7
2
4
3
2
1
2
1
4
2
2
2
7
4
1
3
10
12
4
1
3
7
11
5
19
11
3
6
7
9
6
7
5
14
7
2
6
11
11
8
27
6
9
1
4
6
14
13
1
6
4
3
10
11
4
1
4
8
8
17
16
11
28
5
15
1
4
20
14
12
11
3
8
4
8
2
25
7
22
9
7
7
6
4
2
4
5
17
15
12
9
4
7
7
12
9
23
5
10
9
12
13
6
3
6
10
16
17
10
7
6
7
10
11
9
21
10
12
13
8
6
23
6
3
12
19
16
11
4
3
8
5
8
9
25
15
12
7
6
1
7
7
3
4
10
27
19
14
7
2
1
6
4
5
5
19
1
8
5
8
4
3
8
37
17
11
5
2
6
2
2
4
16
2
4
4
3
3
4
34
9
3
4
5
3
4
19
9
4
7
2
4
1
3
41
7
4
3
4
5
1
19
9
6
2
4
1
47
4
5
2
1
4
3
15
4
3
1
3
44
4
3
12
18
9
3
42
6
2
2
16
8
3
2
3
3
1
34
2
2
17
6
1
3
33
1
5
7
11
2
3
2
29
12
7
10
3
4
16
2
12
7
13
5
3
2
1
2
4
5
10
14
10
8
13
2
1
6
8
12
15
10
4
7
2
5
8
12
13
7
4
9
2
6
9
9
5
5
3
10
9
8
1
6
3
9
5
3
12
9
39
1
1
2
5
10
3
16
2
6
7
3
6
1
2
7
12
15
9
1
8
5
1
3
54
2
5
7
5
2
33
1
1
5
3
4
5
1
6
5
1
15
10
2
3
5
2
6
20
12
11
15
6
2
9
42
10
6
1
5
7
6
5
30
5
15
9
3
4
21
3
23
5
4
2
10
25
7
5
8
6
4
14
2
3
8
11
22
9
3
5
8
10
12
2
11
3
1
11
8
24
2
7
18
3
19
14
21
1
7
7
23
12
3
12
10
15
19
5
8
18
6
12
8
9
13
2
3
2
4
7
7
15
3
4
3
26
5
9
9
3
2
9
2
25
4
7
9
3
20
2
7
11
17
3
5
15
10
12
10
16
7
18
9
19
8
7
16
13
27
7
8
34
2
7
18
2
4
6
11
11
2
6
18
3
4
11
4
4
18
8
4
1
4
9
9
4
3
17
21
3
9
1
7
27
18
6
5
1
9
3
2
20
11
1
25
1
9
7
7
15
3
4
3
26
5
9
9
3
2
9
2
25
4
7
9
3
20
2
7
11
17
3
5
15
10
12
10
16
7
18
9
19
8
7
16
13
27
7
8
34
2
7
18
2
4
6
11
11
2
6
18
3
4
11
4
4
18
8
4
1
4
9
9
4
3
17
21
3
9
1
7
27
18
6
5
1
9
3
2
20
11
1
25
1
9
4
2
7
7
14
8
5
4
5
6
9
1
4
10
11
17
5
8
8
22
12
5
5
6
7
19
11
10
1
3
9
12
5
1
3
19
7
4
15
3
1
11
4
4
4
19
1
1
4
13
1
13
6
8
5
23
6
5
25
2
16
4
7
6
22
8
3
13
3
3
15
8
2
6
3
4
3
4
28
7
12
20
3
12
14
5
3
20
8
10
2
4
6
1
3
3
32
5
17
4
4
30
8
5
26
7
6
4
2
7
4
2
27
8
3
7
6
4
20
4
5
2
2
1
3
22
1
1
1
1
4
4
13
21
4
14
4
3
5
10
1
1
9
3
2
1
7
10
3
2
5
3
3
10
15
2
11
8
13
5
1
8
8
1
1
4
19
13
12
4
6
14
5
1
6
2
4
2
5
17
12
14
7
3
17
2
6
24
1
8
19
4
6
10
13
20
13
11
1
10
5
30
3
16
31
4
8
1
13
14
22
7
14
20
13
15
4
16
20
7
5
2
10
9
1
21
9
23
11
6
23
4
14
14
3
2
1
3
8
3
6
2
24
18
14
1
7
10
1
6
18
24
2
7
2
1
21
9
8
7
3
5
15
16
6
20
5
6
9
3
1
4
13
7
8
22
10
2
8
13
4
15
1
3
15
8
1
5
10
3
9
12
1
11
2
5
9
1
3
1
8
12
4
6
9
2
5
1
12
9
4
6
3
2
13
9
1
10
1
11
4
13
14
17
3
12
3
9
5
18
8
2
10
1
15
3
6
3
11
6
15
8
2
8
4
14
3
1
9
3
10
4
19
8
4
12
16
7
5
13
7
2
12
1
14
4
9
3
3
14
14
14
5
7
16
1
10
21
10
2
4
2
15
1
2
3
14
3
4
19
4
8
9
7
17
2
1
3
1
22
16
7
2
7
1
22
4
25
7
4
2
25
16
1
1
19
4
3
2
15
69
22
6
3
11
6
15
8
2
8
4
14
3
1
9
3
10
4
19
8
4
12
16
7
5
13
7
2
12
1
14
4
9
3
3
14
14
14
5
7
16
1
10
21
10
2
4
2
15
1
2
3
14
3
4
19
4
8
9
7
17
2
1
3
1
22
16
7
2
7
1
22
4
25
7
4
2
25
16
1
1
19
4
3
2
15
69
22
3
15
10
3
2
14
158
23
1
12
7
6
1
1
9
280
11
2
4
6
421
1
3
9
8
4
16
3
5
477
20
7
6
333
34
1
144
2
7
13
1
4
9
4
41
1
4
8
5
22
7
6
29
17
2
10
3
7
7
3
1
6
4
11
1
6
3
9
2
9
6
15
3
7
10
4
16
13
6
4
10
6
22
11
1
7
4
20
36
3
6
6
17
10
5
15
12
8
12
1
16
5
2
4
5
1
17
18
3
14
2
2
16
1
3
11
6
18
4
6
10
7
2
8
2
16
5
9
8
21
2
12
9
10
34
1
19
13
1
5
4
1
25
3
9
15
1
8
6
1
23
1
6
25
3
6
12
7
4
14
3
23
3
8
29
1
10
3
21
2
4
28
1
7
25
3
11
4
1
3
23
9
2
6
7
26
6
10
2
6
3
5
25
8
4
5
26
4
31
2
3
25
2
22
2
16
1
21
1
17
3
8
15
27
5
10
8
1
3
7
22
1
10
8
8
1
11
3
7
6
16
8
14
3
18
9
1
7
19
9
9
4
6
2
1
10
14
5
20
11
7
5
11
12
21
6
25
2
7
16
8
5
16
2
40
5
1
5
1
4
22
15
12
6
8
12
8
14
4
3
23
14
20
13
9
6
3
17
9
2
3
15
10
20
12
6
7
3
19
22
1
13
8
16
7
9
10
22
16
1
10
7
17
6
17
8
5
26
16
4
9
7
23
1
12
3
1
12
22
2
4
10
8
21
8
8
9
11
4
14
20
5
21
1
6
5
5
22
9
13
20
10
9
12
22
9
4
5
1
21
17
12
38
8
8
34
21
7
1
2
11
1
2
30
5
17
1
11
3
15
1
29
16
3
5
14
3
3
35
23
9
5
14
35
27
8
27
3
8
25
5
19
11
14
10
23
23
22
7
12
3
6
22
5
13
7
3
19
1
24
23
1
1
1
18
4
4
6
7
21
19
6
11
10
13
7
14
6
6
13
8
4
4
15
11
4
1
21
12
10
4
30
19
26
3
7
5
9
22
4
2
38
13
26
3
2
2
1
6
19
5
49
9
9
5
7
61
6
16
8
3
10
6
61
13
7
16
14
1
5
13
9
14
16
9
79
31
4
13
17
8
1
6
8
11
17
24
12
87
3
9
14
12
8
15
7
39
5
7
5
13
86
3
12
16
8
3
9
3
10
17
12
14
95
3
26
2
9
13
10
2
8
8
3
16
95
5
42
2
1
5
11
10
3
9
14
12
11
11
13
95
4
1
5
10
8
5
14
9
26
9
94
6
7
8
1
3
3
10
7
11
95
3
7
9
11
4
13
5
8
18
13
100
7
3
3
2
3
2
21
36
4
4
8
99
1
3
8
6
6
8
2
5
2
16
5
13
103
2
12
9
11
5
1
16
28
16
99
2
5
10
6
5
7
10
2
6
9
85
13
2
2
5
4
5
12
6
3
8
85
1
2
5
1
3
15
5
77
2
5
4
5
67
2
5
1
5
9
64
20
2
4
1
5
1
10
62
5
11
1
3
4
3
10
5
19
9
54
2
3
8
7
4
3
5
6
7
46
4
9
8
7
2
1
11
2
3
8
9
39
5
4
5
5
8
9
2
39
3
13
29
12
1
7
9
3
3
4
8
7
15
1
12
14
3
12
8
5
9
18
8
5
12
11
4
8
10
7
16
14
11
12
18
2
3
11
12
5
8
4
5
9
6
11
2
24
10
1
3
9
10
6
7
2
12
8
22
15
2
14
2
4
11
10
7
5
6
11
13
14
13
9
2
3
3
9
13
12
4
7
6
10
7
1
18
22
10
1
2
3
8
8
9
8
9
6
4
14
16
23
28
4
2
2
2
5
6
9
6
1
8
5
8
12
24
3
3
9
6
9
12
11
2
6
8
16
19
8
17
6
6
9
16
13
10
14
20
4
6
8
6
9
13
3
19
1
14
9
18
27
27
4
6
3
10
2
6
14
19
15
15
15
1
4
4
2
11
8
19
5
6
15
14
2
6
3
12
1
14
18
24
2
9
3
10
8
11
14
34
28
3
5
1
6
5
5
10
34
14
4
3
5
3
3
10
26
2
8
6
8
7
3
2
3
14
26
1
4
11
8
9
3
5
6
3
15
32
12
4
5
6
12
10
3
11
15
31
6
5
7
10
12
3
11
6
8
14
7
19
21
7
1
11
11
18
7
15
13
10
10
1
24
25
7
3
16
14
20
10
14
15
13
16
5
27
24
15
5
4
15
17
16
9
8
16
16
19
29
24
19
9
2
3
3
9
11
16
10
13
18
8
12
14
21
9
2
1
3
9
10
16
20
8
18
9
9
24
2
1
10
11
19
14
10
12
3
33
1
28
3
1
2
8
9
19
8
14
10
11
8
29
2
28
13
11
3
9
7
24
16
12
20
30
3
36
1
6
2
3
10
7
22
9
17
6
6
16
24
2
32
1
3
1
3
17
8
1
17
6
5
11
7
14
2
27
5
3
2
2
12
4
1
21
4
9
7
20
19
32
2
5
28
4
1
1
4
1
20
10
7
14
3
16
15
30
13
3
1
8
1
14
1
3
3
10
23
6
2
3
7
11
5
8
16
8
18
4
3
7
12
12
6
12
10
20
10
23
3
2
2
3
15
7
4
3
9
22
16
3
7
1
3
16
22
9
11
17
23
23
9
2
6
2
3
21
15
4
11
1
13
6
27
4
25
7
9
6
2
20
2
6
17
15
29
4
29
39
5
3
3
10
23
5
16
3
7
6
26
31
2
27
22
3
2
5
20
8
13
9
1
9
7
30
3
17
1
1
6
1
2
16
16
8
3
1
12
25
21
3
4
3
12
7
4
4
7
1
20
29
11
4
1
7
14
14
23
12
4
4
9
1
1
10
15
2
2
5
3
9
14
1
12
2
12
12
1
1
5
10
2
5
10
23
7
5
16
14
34
1
4
5
8
3
2
5
1
14
19
14
33
3
1
5
12
14
9
10
15
24
5
1
4
4
9
8
1
17
11
14
25
9
1
12
24
3
6
7
16
14
2
21
18
16
27
16
16
23
30
11
22
6
1
13
12
2
22
2
16
11
21
19
36
15
44
5
7
8
3
19
2
8
4
10
16
19
29
1
3
7
4
2
10
4
1
14
3
5
10
9
16
16
24
7
3
9
3
2
16
14
7
5
7
16
28
19
16
4
1
2
1
8
18
29
7
26
1
16
10
30
28
40
4
2
4
19
8
15
28
1
15
1
32
31
6
1
3
3
7
20
10
9
12
17
1
32
24
5
1
4
10
27
13
13
3
21
25
2
38
24
8
4
2
2
7
5
26
18
14
6
3
11
3
2
34
26
27
3
3
4
1
22
16
9
3
6
6
23
2
29
16
1
4
5
1
24
12
10
8
2
13
16
2
29
4
2
5
3
6
1
24
15
11
9
3
10
11
1
34
5
5
2
9
3
19
1
15
2
3
7
9
33
16
10
2
1
8
7
11
2
3
4
5
10
24
14
1
4
7
5
10
8
3
31
5
13
18
21
1
3
11
8
10
13
1
9
13
10
23
3
11
9
9
7
2
7
1
16
25
9
4
2
2
6
6
11
10
6
13
7
11
2
26
9
1
3
9
9
12
17
10
18
9
27
2
3
2
14
10
14
5
14
8
10
14
28
29
5
3
2
17
14
12
6
13
6
16
7
17
28
2
2
13
12
10
1
8
8
16
12
20
27
5
4
6
5
14
5
14
6
8
11
16
28
4
8
5
10
3
17
4
7
11
24
1
11
4
7
7
5
7
9
12
19
3
6
6
2
5
28
19
13
3
3
4
15
5
19
2
7
5
6
3
6
2
7
12
21
1
1
3
9
2
10
14
