9
13
35
9
34
4
2
8
2
13
16
5
44
18
24
7
4
6
29
8
6
1
8
3
37
13
15
7
2
1
26
12
15
5
43
19
12
8
1
2
3
11
32
49
7
2
2
25
7
56
13
18
1
1
3
28
5
1
20
7
52
4
22
26
58
1
25
3
43
8
27
2
1
7
28
5
5
4
2
10
23
29
13
27
1
24
4
18
2
5
12
36
14
32
25
5
4
3
37
18
43
3
2
4
28
6
12
4
6
9
9
5
37
19
45
4
7
6
4
7
32
8
12
12
2
5
18
7
12
8
1
39
12
30
6
9
9
7
10
36
6
7
6
20
6
4
10
4
37
8
26
6
5
12
2
13
34
9
8
9
8
5
7
6
23
5
1
1
3
4
22
11
8
8
5
5
37
23
2
4
1
2
30
2
2
1
30
7
2
31
3
2
3
2
30
1
7
5
8
3
35
21
2
1
4
9
14
36
22
7
6
9
8
2
7
4
32
7
1
17
4
7
9
33
3
10
5
6
7
3
38
8
1
21
7
7
9
32
1
18
8
5
11
33
22
1
32
5
9
14
36
47
9
13
11
8
8
16
3
50
35
5
34
5
10
18
39
18
10
16
6
9
14
4
36
30
3
31
7
13
22
41
26
13
19
8
17
19
4
1
36
31
4
23
9
4
14
17
39
33
15
17
10
18
10
5
3
44
34
2
4
1
11
7
17
4
23
44
22
2
31
24
14
20
10
6
6
39
47
1
4
11
7
20
8
29
50
36
17
35
2
27
23
29
20
6
10
48
54
5
3
6
10
8
20
10
27
51
12
11
27
15
24
27
16
24
6
11
40
73
4
4
5
10
9
23
12
32
54
27
29
9
28
29
23
24
7
14
41
5
74
2
2
12
8
23
13
25
50
23
28
23
29
21
20
12
15
39
45
1
2
16
9
26
16
30
53
9
11
28
1
27
32
26
20
15
18
38
61
15
17
25
10
27
49
28
27
28
30
12
10
14
31
38
8
14
20
7
18
42
19
15
26
11
11
8
9
32
23
4
9
15
5
15
40
68
7
11
23
10
4
8
7
31
27
18
12
16
14
40
22
14
14
5
1
6
5
21
14
25
9
14
2
12
37
17
9
10
18
12
7
5
31
35
33
8
13
1
12
37
49
15
13
17
7
4
4
4
25
4
19
9
14
2
14
40
16
24
11
19
7
3
5
25
20
5
6
16
9
19
45
31
4
15
14
25
8
12
7
9
35
8
45
2
5
15
6
22
46
13
18
19
15
5
5
8
28
40
1
5
9
4
15
42
5
9
19
3
8
4
5
29
26
3
1
6
10
5
16
41
1
10
3
11
20
11
11
7
5
35
20
2
7
10
33
9
9
12
11
5
28
14
1
5
7
29
33
10
7
8
11
5
25
25
5
9
10
30
11
19
12
9
16
5
4
22
29
5
10
13
35
54
12
13
13
14
5
3
1
22
25
11
3
18
4
19
42
35
6
25
18
25
12
6
7
28
32
2
11
5
20
8
26
47
17
24
13
26
22
26
19
7
10
39
36
7
4
11
22
14
33
54
60
17
2
36
30
49
32
2
8
14
47
33
7
10
10
22
12
26
49
8
32
8
29
29
34
27
1
7
13
39
13
4
16
11
23
13
23
51
12
25
16
16
28
23
7
14
37
7
13
16
29
17
33
56
8
13
29
21
31
32
22
31
11
20
48
11
1
14
3
18
25
18
32
55
62
24
17
24
28
34
27
30
6
12
19
52
12
14
1
17
25
17
33
56
24
18
17
13
30
32
28
25
8
13
19
45
3
14
14
23
16
36
58
43
21
10
15
31
35
37
23
12
14
19
44
5
12
13
16
15
21
51
14
17
7
19
13
33
8
24
11
13
14
39
7
5
12
19
13
17
48
13
11
38
10
24
30
2
18
5
11
13
32
5
4
10
11
24
14
32
56
7
34
9
33
32
29
19
10
15
28
3
4
6
13
14
13
16
46
7
1
31
1
16
10
12
29
8
18
17
17
26
55
101
3
8
19
37
30
20
5
15
17
28
7
16
14
12
20
49
7
1
9
27
14
10
5
13
12
19
8
12
11
7
7
37
2
20
4
10
7
6
4
6
6
16
8
15
40
1
19
5
16
24
9
11
7
9
24
3
7
5
18
8
16
40
18
3
13
21
3
8
9
11
29
2
5
3
7
18
9
22
46
27
4
5
4
18
21
13
10
10
11
30
9
3
1
13
1
13
38
8
21
16
14
9
5
4
4
24
5
4
5
29
9
6
2
2
8
25
17
1
11
15
46
2
1
14
2
22
1
9
3
5
2
1
27
5
4
29
6
10
1
1
27
59
9
2
7
26
5
2
29
13
1
5
1
1
3
15
2
3
22
1
1
3
18
2
3
25
3
5
6
7
18
6
2
1
1
29
10
5
8
16
1
1
25
4
11
1
2
20
12
1
1
1
7
1
8
34
4
6
15
3
2
22
17
1
1
9
10
37
25
5
8
12
5
1
17
16
2
6
4
32
77
12
12
4
1
3
20
15
2
3
9
2
10
36
5
15
5
2
13
21
1
3
8
9
3
10
35
8
11
6
16
4
2
4
19
8
1
14
9
7
6
34
12
4
8
3
21
6
4
18
6
13
19
11
12
12
43
29
7
8
2
25
4
10
9
21
5
12
4
17
12
12
10
40
28
12
14
5
25
13
11
8
15
12
1
5
7
8
13
7
14
38
11
7
18
5
14
21
14
5
6
5
26
12
2
2
12
2
17
40
34
12
16
16
17
2
3
19
7
2
10
1
15
38
20
7
11
13
1
1
2
21
6
5
11
5
16
43
4
1
7
19
4
2
5
29
10
4
14
6
21
48
11
7
14
23
14
7
4
3
7
33
28
1
2
11
14
38
5
10
15
8
1
2
1
2
20
25
2
6
1
13
2
15
39
3
8
10
11
17
6
4
4
5
12
9
5
9
9
17
8
18
43
17
11
4
13
19
6
9
10
18
8
4
9
10
11
4
5
34
17
10
3
13
9
5
6
3
2
4
8
5
23
11
5
7
7
7
7
2
11
3
23
5
8
3
7
14
11
4
14
8
3
7
35
11
9
9
6
5
14
4
8
1
21
10
2
8
5
2
6
34
13
11
8
9
4
16
2
4
4
26
12
4
2
3
33
15
6
9
4
22
1
2
3
4
33
17
3
7
1
8
5
23
1
3
6
11
39
14
5
9
9
15
3
5
17
7
7
1
13
43
3
9
7
9
19
7
9
7
27
9
3
4
2
7
38
9
5
2
19
7
9
25
7
4
2
1
7
36
1
1
1
16
9
1
14
2
5
8
1
26
2
13
5
1
10
5
14
2
27
13
3
4
2
5
1
16
8
6
8
37
4
5
4
16
1
1
8
2
9
19
3
3
14
7
3
30
14
7
1
13
8
1
7
12
3
10
9
4
5
32
11
2
3
14
9
3
7
1
3
9
10
6
6
34
10
7
4
16
3
10
5
15
1
8
2
4
32
10
14
5
13
2
7
2
6
7
4
30
2
3
1
8
3
4
9
4
2
29
4
5
2
12
23
1
7
7
1
20
1
8
16
17
2
27
6
10
17
14
4
27
6
10
2
8
15
7
4
24
6
10
4
8
23
12
12
1
2
28
6
13
8
7
14
24
11
16
4
3
27
5
8
12
5
8
8
18
8
1
14
5
1
1
27
13
15
5
7
4
5
3
6
12
8
4
2
9
6
3
3
31
18
15
9
4
13
1
1
3
16
13
1
3
4
1
31
15
9
1
12
1
1
10
25
1
1
31
4
3
8
1
5
16
19
4
3
1
32
6
2
14
9
20
10
4
2
1
31
8
17
10
18
9
5
1
29
5
13
12
12
7
4
1
31
6
12
12
6
7
3
28
1
11
9
4
7
4
5
26
1
9
8
15
7
12
3
5
33
3
17
4
9
5
24
9
18
5
10
35
19
10
6
2
7
30
7
19
7
11
2
34
19
9
6
4
5
18
3
16
9
12
3
36
1
23
9
5
7
6
10
2
9
14
13
11
41
6
20
12
9
23
1
4
1
7
9
17
4
11
9
7
37
8
7
8
4
20
3
1
6
6
19
7
2
2
30
2
2
13
2
3
17
1
25
3
3
15
21
5
18
17
5
21
16
6
10
18
2
6
1
1
1
19
10
3
5
5
2
2
25
7
1
9
8
7
2
5
11
8
6
2
29
4
4
6
5
10
8
12
12
12
10
2
2
31
8
1
2
12
13
9
19
18
13
12
3
6
5
36
9
2
1
14
18
9
11
27
12
8
2
5
3
34
8
8
13
19
1
3
5
27
9
1
2
3
3
34
8
7
15
17
3
7
26
3
1
33
5
10
1
15
8
2
14
3
1
30
8
12
4
11
11
11
3
3
3
32
11
2
16
3
9
2
11
23
23
5
8
4
8
38
3
9
12
7
7
15
13
8
8
3
1
5
79
29
10
1
5
14
12
16
46
7
11
20
23
18
25
29
11
8
7
7
152
24
16
3
17
14
18
14
47
7
12
15
21
12
31
20
11
9
11
10
204
4
13
18
2
22
12
17
10
43
6
13
1
19
5
26
6
9
13
9
3
186
15
13
15
2
24
13
17
12
42
5
8
12
7
13
24
9
6
13
9
1
104
33
12
9
21
10
13
8
36
1
18
7
9
22
2
10
4
11
5
48
5
4
15
4
6
28
4
12
7
4
6
47
5
10
1
26
2
8
1
48
2
2
24
3
9
45
8
27
7
28
6
22
1
2
21
20
19
15
18
16
37
10
5
18
32
10
1
9
20
12
5
32
15
4
7
2
35
18
21
6
28
15
5
15
11
5
15
12
4
27
11
3
10
18
11
3
5
14
13
2
14
14
2
20
14
4
21
20
1
6
12
24
4
7
22
22
11
8
32
1
5
3
25
9
3
9
4
27
9
1
16
9
8
1
29
8
2
12
10
9
2
25
15
8
23
16
12
10
37
18
8
11
15
9
12
8
23
16
12
24
20
16
12
41
6
5
23
12
16
19
11
1
8
12
12
22
14
14
21
22
16
14
43
18
6
33
10
22
21
17
7
7
8
12
15
3
8
12
13
20
12
12
41
19
4
29
7
16
18
13
8
4
4
9
5
1
10
4
18
10
10
38
19
5
23
7
10
19
3
1
1
2
8
3
8
17
6
9
37
18
1
21
11
12
1
6
2
6
13
5
34
13
15
6
5
1
5
3
7
23
11
13
1
7
6
6
1
3
5
2
5
1
7
1
9
6
7
1
12
1
1
2
1
2
1
5
2
5
1
7
1
9
6
7
1
12
1
1
2
1
2
1
12
6
5
3
16
10
55
7
4
4
14
6
11
8
17
12
27
13
19
16
13
21
20
3
12
23
21
14
7
3
23
19
7
2
2
3
24
19
2
2
11
10
23
23
4
14
22
26
30
1
53
7
23
4
20
26
35
7
30
1
6
31
9
5
31
35
8
7
36
7
1
33
36
2
8
22
8
44
13
3
22
35
8
14
9
40
9
1
29
34
2
9
9
10
37
5
3
36
32
6
8
31
8
39
10
15
15
29
10
9
39
5
36
11
27
9
36
7
9
4
10
6
43
12
20
37
37
1
7
7
12
5
45
1
35
34
6
3
4
8
5
43
7
30
33
5
5
4
6
38
12
30
30
4
5
17
6
34
9
26
31
3
1
5
43
6
27
29
6
4
4
45
25
29
5
11
7
6
55
6
30
39
15
47
1
12
1
59
4
26
34
4
10
8
46
27
27
4
10
36
6
49
9
34
27
6
6
6
48
11
24
26
9
1
5
40
8
26
29
7
2
26
4
49
12
30
29
11
58
14
26
33
6
3
65
35
33
2
3
24
4
1
66
13
33
29
13
2
47
62
30
27
29
10
3
68
4
33
31
6
3
64
6
34
32
8
4
67
16
32
35
5
13
7
34
7
6
77
6
29
33
1
12
7
38
6
62
10
29
33
4
15
13
7
5
6
67
8
34
34
4
16
15
20
9
5
2
78
14
34
36
6
10
7
7
3
1
71
12
3
39
37
7
7
74
12
34
41
5
7
76
4
36
52
2
12
3
14
3
3
80
2
47
56
3
10
1
51
3
4
1
88
15
42
58
18
5
10
1
5
2
99
6
49
61
21
9
5
24
6
5
108
10
47
60
1
21
10
4
17
7
8
104
8
50
69
30
16
1
9
25
11
13
100
56
74
28
12
1
8
19
11
10
105
11
53
75
3
29
10
3
24
10
10
117
10
57
73
29
13
1
9
31
6
11
12
111
10
57
71
5
27
9
7
36
5
12
9
120
11
60
75
29
9
9
14
36
2
13
7
129
1
63
74
27
8
10
34
31
11
5
125
16
66
77
3
28
9
4
33
12
3
124
19
72
83
30
10
5
29
35
16
3
127
26
69
82
28
7
31
16
131
21
64
83
29
6
34
15
123
74
84
2
30
9
34
17
115
19
72
86
3
34
13
28
18
115
18
63
83
1
35
18
22
18
118
19
72
83
36
21
37
18
1
117
28
68
82
2
35
22
52
16
2
117
27
62
80
34
20
45
17
15
4
132
5
1
62
80
31
18
43
19
14
4
127
6
60
75
30
20
1
4
65
41
14
11
6
114
15
58
70
26
15
6
40
9
9
5
119
8
57
65
23
14
1
26
9
6
105
3
61
67
27
15
23
12
5
93
8
59
71
31
16
2
4
39
13
1
118
9
59
73
35
19
1
34
3
14
1
107
10
59
71
33
18
29
16
13
102
9
62
69
5
28
14
27
12
115
18
65
68
8
22
9
17
7
104
12
57
60
16
1
19
5
104
5
50
62
16
18
8
104
9
60
71
17
23
22
11
109
62
66
11
3
11
93
17
58
63
5
1
9
101
9
63
61
5
18
27
9
112
16
59
52
2
3
2
29
5
85
14
57
55
3
3
15
5
104
4
53
61
2
13
23
9
107
58
72
25
8
5
28
16
101
5
62
80
33
16
6
46
29
19
106
15
56
77
1
26
11
7
40
13
105
4
64
73
25
12
1
16
27
43
20
1
10
115
12
59
59
4
21
12
1
18
20
23
6
99
13
51
52
5
21
14
3
11
7
92
13
57
56
26
19
1
9
20
2
10
2
100
56
59
27
18
11
24
12
84
6
1
59
68
30
19
1
6
31
1
14
1
104
16
60
71
28
18
3
13
36
7
12
4
119
8
63
69
3
26
16
3
10
32
10
3
9
102
25
5
63
67
2
22
13
2
14
29
9
2
7
105
21
7
63
66
21
12
11
13
27
8
100
24
60
61
6
15
8
6
4
106
19
1
65
68
1
21
6
7
27
17
7
7
113
36
5
3
67
79
26
7
11
79
49
7
9
118
26
3
3
62
75
3
14
25
4
104
7
2
70
74
4
12
41
28
6
98
35
72
68
1
10
10
25
8
103
28
62
56
2
4
8
6
84
21
52
57
6
15
12
10
91
20
60
57
7
8
13
9
89
23
57
54
6
1
6
3
80
19
52
56
9
1
3
96
14
55
55
2
7
4
88
12
54
51
3
11
3
2
17
1
82
13
57
51
6
17
10
3
14
33
1
1
89
11
60
59
2
23
14
7
33
3
4
105
22
60
64
9
20
9
3
23
33
2
2
100
21
61
69
9
18
9
2
10
4
93
19
64
73
4
21
10
6
21
4
7
103
23
66
66
6
17
3
4
34
7
91
31
61
56
12
10
8
2
94
23
52
62
1
18
2
10
37
25
7
112
13
58
59
6
15
12
7
25
6
7
103
25
64
62
9
13
14
35
7
4
100
20
62
69
2
15
18
21
30
7
95
20
64
63
13
11
9
27
3
91
31
56
59
14
12
8
31
3
1
90
9
56
53
25
12
11
16
93
33
65
66
11
25
3
15
63
26
3
3
108
40
65
74
30
9
15
68
44
5
4
110
35
61
72
3
28
9
3
2
22
47
10
1
2
2
113
24
62
73
4
30
11
1
1
19
12
39
9
3
4
115
25
63
66
6
24
2
7
16
1
2
103
37
64
64
6
28
3
13
4
5
25
9
3
4
5
3
3
94
34
6
63
65
11
32
7
16
10
11
30
3
64
23
13
18
2
8
110
37
7
52
71
10
34
6
18
15
16
37
10
53
31
21
16
4
12
128
26
58
78
5
35
2
18
14
17
2
39
66
33
22
39
1
2
12
122
21
57
75
6
29
1
10
9
9
36
56
21
12
11
5
114
18
59
75
2
30
11
3
7
31
20
41
19
11
5
6
1
108
28
62
72
3
29
10
3
25
38
13
5
4
8
108
28
54
63
1
25
7
20
1
38
11
7
108
24
47
55
3
20
6
1
1
24
41
10
3
7
3
102
17
45
57
5
15
5
3
2
26
11
19
1
1
105
15
48
60
3
14
6
5
4
26
48
9
4
5
2
3
101
22
45
59
3
14
4
4
3
27
36
8
9
9
2
115
16
46
59
2
15
1
2
22
14
46
6
5
3
92
18
45
55
5
15
1
2
25
2
33
3
6
4
90
22
39
54
1
19
5
4
3
27
40
7
5
101
8
36
50
21
3
4
2
25
35
9
8
13
4
87
43
55
3
21
3
4
4
26
37
27
12
16
3
94
11
41
63
29
9
1
7
25
47
28
14
10
6
96
9
33
60
27
8
2
18
30
16
4
9
7
96
10
41
56
23
5
16
17
6
6
91
14
34
53
23
3
19
39
6
4
86
5
58
32
49
3
16
13
32
3
75
6
139
32
48
5
11
4
5
16
6
20
1
80
7
187
29
48
6
9
6
9
1
24
11
19
6
8
1
79
6
209
34
53
5
11
3
9
2
25
10
26
3
4
2
1
78
8
140
37
59
3
15
7
4
28
34
8
6
1
86
8
44
42
61
2
18
5
5
28
29
6
7
1
76
12
42
63
3
23
6
5
9
32
38
12
11
5
2
90
10
41
62
5
23
7
6
7
34
2
37
12
7
7
2
95
15
37
59
5
23
1
8
8
7
33
7
30
14
8
3
82
3
31
55
2
26
4
14
12
12
35
5
38
1
22
13
12
6
83
31
55
3
28
6
16
12
12
2
35
7
44
24
12
7
3
7
92
33
55
27
6
15
13
12
3
39
39
22
15
27
5
8
91
25
53
22
5
10
12
8
37
33
17
11
22
2
5
81
25
57
21
8
9
14
9
3
37
33
18
12
12
2
7
75
33
56
1
23
11
13
18
13
8
43
