10
42
2
31
2
15
8
7
19
57
8
7
41
29
17
1
4
4
18
77
3
16
13
48
4
1
34
21
8
18
1
10
1
11
90
6
18
18
56
10
6
7
39
26
14
7
16
7
15
8
1
19
106
2
10
14
52
10
5
7
34
19
10
15
6
10
6
18
129
2
13
13
48
9
2
6
34
17
3
6
11
10
2
14
141
6
18
14
51
2
8
17
35
19
13
10
1
11
3
17
154
16
7
46
5
19
28
12
8
10
4
3
9
165
4
13
16
54
11
12
33
15
39
22
18
12
2
11
5
6
20
163
11
20
20
56
13
18
44
31
36
20
2
21
16
10
9
18
12
14
13
176
3
17
14
49
13
13
39
30
30
14
13
17
1
14
8
12
4
173
3
12
17
54
15
15
40
34
36
19
17
17
7
3
14
11
17
15
151
12
28
23
1
56
26
2
19
14
39
7
16
16
18
13
16
23
12
6
16
17
8
11
25
25
4
55
33
2
19
15
40
8
21
28
7
21
14
13
24
13
7
16
93
8
17
20
49
18
1
16
10
42
16
1
1
18
12
13
17
7
2
33
186
3
17
14
46
18
1
16
8
33
12
4
25
10
14
5
3
16
277
10
8
43
18
13
4
23
8
1
23
5
10
4
4
314
38
5
20
3
6
245
6
6
46
3
6
17
23
7
3
3
6
5
3
4
186
11
7
13
56
12
17
28
11
29
12
12
2
6
11
13
16
4
115
4
50
9
11
25
10
20
7
6
9
1
5
11
8
17
63
21
25
43
30
33
16
21
15
6
13
19
25
10
7
7
17
60
13
26
50
40
31
16
23
35
3
12
18
25
16
35
6
18
24
65
32
31
57
51
35
3
18
11
26
32
2
10
23
26
33
21
2
14
15
18
60
26
24
53
47
29
15
15
11
27
16
8
18
19
26
10
17
19
58
28
19
49
48
27
13
13
22
27
4
6
19
19
23
3
19
29
34
9
69
38
30
58
60
48
4
26
26
32
30
13
25
33
31
31
17
34
4
15
20
53
22
15
42
47
35
16
20
30
5
6
18
14
16
13
11
16
19
55
20
14
39
39
33
18
22
21
10
10
18
14
16
13
5
12
50
14
7
28
32
24
11
12
22
2
2
9
7
9
3
12
51
14
7
27
31
24
11
9
29
3
1
7
6
9
2
10
18
58
12
15
34
28
35
21
28
21
11
9
18
12
9
11
9
20
4
8
48
6
3
20
14
24
12
9
9
9
7
6
2
30
2
43
1
14
7
23
7
2
8
1
5
37
8
12
53
12
8
29
21
33
18
18
21
8
6
5
1
5
13
58
2
16
17
54
21
12
34
28
36
2
18
19
41
8
11
10
6
12
13
75
2
16
16
51
30
7
24
20
36
11
15
19
12
24
4
13
13
5
11
12
79
7
22
20
54
23
10
33
27
39
3
21
6
24
19
13
16
17
8
15
11
7
81
5
16
18
49
9
3
24
15
37
2
12
7
11
1
10
13
13
4
8
15
13
94
12
31
28
6
58
32
14
32
26
41
16
19
14
11
35
5
16
28
20
22
19
115
14
33
31
8
64
31
19
35
24
45
20
25
7
18
25
8
11
30
24
25
32
1
123
3
12
21
57
20
12
23
11
36
15
7
10
9
3
6
17
14
15
23
126
17
29
35
5
74
36
31
44
31
46
8
30
8
30
37
11
17
32
30
32
15
131
10
24
28
68
25
26
36
21
40
8
22
3
21
19
5
8
25
23
22
6
144
11
19
61
19
19
30
18
31
15
1
12
21
1
5
15
15
15
160
7
18
61
17
18
33
18
34
17
17
13
1
11
10
10
7
156
6
18
61
16
16
37
24
37
19
17
16
8
5
9
9
9
13
6
142
7
18
58
15
14
39
27
40
19
16
20
8
2
9
8
7
19
2
141
6
13
52
15
9
34
24
34
14
12
24
5
6
3
5
10
19
140
5
13
52
16
8
34
26
33
15
12
20
11
5
3
7
6
18
132
10
16
54
10
9
37
25
37
17
15
18
10
11
4
8
2
5
21
22
127
1
14
18
53
7
9
36
30
36
16
14
15
10
5
12
5
7
19
127
2
17
16
51
12
7
29
24
35
15
10
4
8
6
13
5
6
7
123
6
18
19
53
11
9
33
30
40
19
17
35
6
10
12
4
9
11
105
3
12
17
49
4
3
30
24
37
17
17
13
8
14
8
3
16
102
3
7
41
8
28
22
22
6
7
3
3
2
107
12
17
53
22
12
42
38
33
18
6
20
28
8
9
12
7
12
5
44
104
11
13
52
22
11
39
34
28
1
14
5
17
20
5
7
10
7
11
7
16
92
1
11
54
14
14
44
41
28
13
20
31
11
5
6
14
11
68
19
26
64
35
26
53
50
39
3
21
14
28
34
4
12
22
22
27
16
19
56
6
24
27
4
63
39
26
48
45
37
14
16
9
25
37
7
8
26
25
29
23
14
46
8
14
26
62
31
23
38
37
39
19
5
21
31
11
18
22
22
26
12
5
31
13
30
32
9
67
42
23
35
29
41
14
20
9
26
30
12
8
31
27
29
9
16
9
27
27
4
62
35
18
32
20
39
5
13
19
23
7
4
26
22
23
15
16
4
18
24
59
23
16
27
11
36
16
9
17
3
11
20
18
20
16
12
23
6
20
28
63
23
16
23
6
40
19
8
26
6
4
24
22
23
21
13
21
9
22
32
70
26
20
28
6
45
23
16
23
11
4
28
25
25
22
18
14
27
36
1
72
23
21
30
5
46
26
9
19
18
14
7
31
25
22
26
23
9
23
29
66
20
15
24
1
40
19
12
10
10
8
26
19
14
16
11
28
4
18
20
59
16
10
22
37
19
12
17
10
5
1
37
46
1
18
20
60
16
12
24
5
38
20
15
8
4
15
8
7
12
62
5
23
25
65
27
18
33
19
42
5
23
1
19
19
9
10
21
14
13
16
65
7
26
27
2
66
33
25
46
33
43
16
27
27
33
10
4
23
17
18
12
28
74
15
31
31
3
69
34
29
48
38
47
10
30
28
30
30
18
17
25
19
22
23
21
78
11
15
53
20
9
28
23
33
14
12
27
3
10
2
5
7
1
72
13
18
55
26
10
35
33
34
12
16
1
17
40
2
5
12
4
9
10
35
61
2
12
19
54
13
8
32
26
38
19
39
16
5
10
20
11
2
3
16
39
55
2
18
18
50
11
1
26
22
38
15
12
20
3
16
11
9
35
47
3
18
19
50
9
21
17
39
15
5
8
20
15
18
12
14
37
38
17
20
50
12
16
10
37
12
4
9
10
13
13
23
20
41
6
23
25
1
55
25
20
14
39
10
13
7
18
5
10
22
8
24
24
48
8
23
23
53
14
16
10
34
3
12
5
3
14
8
8
19
7
14
45
48
4
24
22
56
19
17
14
31
11
6
40
2
12
19
9
3
5
53
27
17
22
58
27
3
19
14
30
11
8
31
8
5
18
12
8
1
23
12
14
21
55
10
2
17
5
33
8
17
7
9
13
13
6
2
4
21
4
17
31
34
6
69
32
20
36
25
44
12
21
27
21
20
11
19
29
22
20
16
37
3
21
26
65
31
22
39
28
35
19
20
27
1
9
21
18
24
6
38
6
31
30
5
70
32
25
42
31
38
26
18
27
23
21
5
14
27
21
28
7
43
12
33
35
9
74
38
32
48
41
41
27
21
25
42
9
14
32
29
36
20
48
14
24
64
29
28
47
33
30
12
16
22
26
2
12
19
21
29
4
43
11
31
32
7
72
39
35
53
39
38
9
20
32
29
37
9
18
31
29
37
10
37
2
22
26
66
38
28
47
33
33
15
25
32
5
11
23
20
31
10
17
12
18
58
30
20
39
27
26
9
1
19
32
2
4
15
11
21
4
31
15
21
59
21
22
43
30
34
14
25
45
6
17
10
19
20
48
6
8
17
25
62
27
23
45
27
39
19
30
30
17
6
11
21
11
18
17
26
9
23
27
67
28
24
46
28
42
27
11
28
16
20
20
23
13
18
7
7
12
14
55
7
11
37
20
29
15
18
20
6
8
9
4
1
7
10
52
9
8
30
14
26
11
1
14
5
1
4
5
1
22
9
15
58
15
14
31
16
34
18
19
16
6
4
10
4
7
5
35
1
46
3
1
19
6
17
8
10
6
2
16
4
10
54
7
9
29
20
26
16
17
12
18
10
3
5
14
14
18
56
20
9
31
28
31
1
14
14
34
1
6
12
6
9
3
11
17
19
53
26
5
26
28
31
6
10
6
32
5
16
7
9
3
6
9
25
30
3
64
34
14
37
37
42
7
20
27
17
14
10
17
27
17
20
12
6
5
22
26
60
23
11
38
36
39
7
19
17
15
18
11
20
22
12
16
16
4
3
17
36
39
10
70
37
24
49
50
53
13
28
23
37
20
19
35
25
30
37
15
19
4
24
26
59
26
16
39
34
38
15
23
15
21
5
8
23
15
20
14
37
6
20
27
63
20
17
38
28
42
21
17
17
14
11
13
23
14
18
16
45
17
31
41
12
79
44
32
54
41
54
3
37
34
34
18
15
37
31
34
33
40
15
24
62
26
16
38
20
34
17
22
26
5
19
14
15
9
40
9
23
28
64
19
16
34
12
38
1
19
15
21
2
4
5
24
14
14
51
10
26
31
2
67
27
16
32
7
41
1
21
16
22
4
11
27
15
14
2
46
9
28
33
5
69
33
14
31
8
43
2
19
2
20
21
9
9
28
16
16
17
37
20
40
43
17
77
40
20
35
15
49
16
24
15
20
24
13
20
38
26
24
21
45
15
38
41
13
75
36
21
36
18
48
19
24
14
19
25
16
23
36
25
24
2
18
54
7
31
30
10
66
31
16
34
15
39
24
17
12
17
14
4
10
27
17
19
16
53
12
40
36
20
72
41
21
38
27
44
41
20
20
41
11
9
33
24
27
3
27
2
43
15
36
36
72
21
20
38
28
50
11
22
12
18
21
14
23
27
18
23
11
39
49
15
30
37
2
72
28
23
40
32
51
7
23
9
22
24
7
23
28
19
23
33
57
3
24
28
67
25
18
36
29
42
7
19
23
33
8
10
21
11
17
7
55
3
26
23
61
7
8
27
14
34
3
15
32
21
8
23
15
3
5
49
6
28
29
65
24
7
27
20
42
5
17
5
17
33
11
18
20
6
6
2
18
5
39
22
19
53
10
20
10
33
10
5
7
12
7
12
11
5
45
17
17
51
10
19
8
31
9
5
8
11
7
19
10
5
50
4
28
25
61
23
3
28
21
41
12
19
15
17
30
13
24
18
4
4
23
36
18
16
56
15
30
19
30
5
12
16
17
3
13
11
1
1
12
34
15
16
57
27
5
34
25
27
11
16
32
4
5
12
7
9
40
20
18
61
23
10
33
27
29
11
12
14
26
6
12
15
11
14
41
20
20
63
24
10
30
27
31
10
2
9
20
10
10
16
13
17
5
28
25
27
1
71
34
21
42
35
37
7
24
26
21
18
16
14
23
20
26
18
18
2
28
31
6
73
38
25
48
42
39
8
22
5
22
37
8
16
27
25
32
7
25
15
43
40
20
80
49
34
56
45
48
29
26
35
27
23
14
28
39
35
41
4
16
32
25
59
47
34
86
63
40
60
48
57
57
35
31
32
37
24
25
49
44
50
29
34
25
12
41
35
21
76
59
29
5
52
42
43
27
22
23
49
14
16
37
36
43
2
19
17
17
19
59
22
10
34
14
27
7
26
7
3
16
13
18
7
12
5
30
33
74
26
25
47
30
41
2
19
12
19
23
6
16
28
26
32
18
7
9
29
39
4
83
42
35
54
41
44
24
14
27
38
11
22
35
37
44
17
1
16
37
43
14
88
45
34
49
36
46
16
25
27
26
28
7
21
41
38
43
11
8
37
39
8
84
35
29
45
33
44
8
21
14
23
29
7
19
36
33
36
2
11
6
34
37
9
80
35
28
43
30
38
9
18
18
22
27
6
13
34
30
30
11
14
39
41
12
83
38
28
41
29
45
19
24
15
25
32
8
19
37
29
30
5
20
6
32
35
3
77
31
19
31
21
43
13
23
6
16
28
12
8
29
19
20
17
27
28
71
25
14
29
16
36
7
18
3
14
14
8
11
22
13
14
5
27
28
69
22
15
35
21
40
3
20
7
21
14
7
13
21
12
14
12
1
7
30
31
72
28
17
34
25
44
4
25
12
20
27
15
17
25
17
18
1
21
2
3
30
28
71
25
14
32
22
40
7
22
7
21
18
10
18
21
14
16
15
25
24
67
21
10
32
24
36
18
23
20
5
8
17
10
13
2
1
28
25
68
25
14
35
33
36
17
21
41
7
3
20
14
18
14
24
27
70
33
18
43
41
36
5
18
21
44
10
4
23
18
24
8
13
2
33
32
18
73
46
18
45
41
36
45
16
26
19
22
6
10
31
22
26
12
15
6
32
36
2
75
35
19
46
44
39
16
10
21
25
7
18
29
22
26
22
16
2
29
32
71
30
17
49
45
32
12
7
22
28
3
13
26
19
23
14
16
35
28
11
65
32
14
44
36
29
31
14
50
18
18
3
14
28
16
20
4
22
12
35
34
6
70
39
19
47
41
38
6
20
23
23
36
11
21
31
21
29
3
5
17
3
36
30
2
66
27
12
40
30
35
16
18
18
18
20
7
17
25
14
21
10
2
12
10
42
38
9
74
36
21
45
33
47
13
26
17
23
28
16
21
32
22
29
14
16
27
15
44
40
13
77
42
25
49
34
46
21
25
21
28
34
12
19
34
26
32
12
23
34
8
35
34
2
71
29
15
34
19
40
10
19
6
15
22
7
12
27
18
23
2
17
22
10
39
39
9
79
40
19
37
19
45
18
22
12
19
19
9
11
32
25
28
4
18
27
2
30
33
75
24
16
37
16
39
11
18
15
17
7
7
11
24
19
21
6
35
14
39
40
7
81
32
26
46
25
47
16
24
14
22
24
12
19
33
27
30
9
18
41
21
51
46
18
87
43
32
51
31
51
41
28
28
30
34
11
23
40
33
37
24
29
39
5
35
31
74
26
19
40
24
40
10
19
19
36
9
13
24
17
24
10
13
31
29
23
64
23
9
32
17
34
5
15
15
12
9
11
12
18
7
11
32
24
14
53
12
23
8
26
5
10
7
6
7
10
10
29
3
42
25
7
63
33
11
40
33
36
27
21
20
44
17
18
23
8
14
11
13
29
6
41
29
3
65
26
10
41
35
45
37
24
21
36
14
21
23
6
13
18
26
19
24
20
58
11
31
21
38
17
11
14
17
1
15
10
7
15
15
27
18
57
11
30
19
33
14
25
10
6
18
10
19
3
34
22
60
17
2
29
21
35
24
15
21
9
8
3
14
16
4
3
13
19
8
39
33
74
34
14
41
36
44
10
23
20
18
34
9
21
26
18
19
15
15
4
1
37
33
75
25
14
40
33
42
14
23
19
18
22
13
16
26
18
17
9
12
2
7
40
37
6
77
29
16
41
36
41
24
21
17
20
38
11
18
31
22
20
16
17
13
14
44
42
10
80
34
21
43
36
48
18
25
18
27
38
19
22
36
25
25
17
24
12
6
45
33
11
73
33
12
35
26
40
34
23
14
21
22
5
13
31
18
19
17
10
10
9
43
33
9
73
37
13
37
29
39
15
21
18
17
35
8
19
30
20
24
14
14
4
10
41
33
8
70
30
12
36
28
39
15
18
8
13
34
9
17
30
18
22
9
14
5
11
46
30
12
66
34
9
32
20
36
27
17
32
14
5
3
18
31
16
17
20
14
17
52
37
21
72
47
13
34
24
44
33
19
30
17
24
9
22
38
21
22
26
14
22
21
57
45
26
79
51
19
39
31
51
45
24
23
22
33
10
23
44
26
28
24
26
27
24
60
50
21
85
41
27
49
37
52
34
31
32
31
30
22
34
45
30
32
30
28
23
32
19
51
47
12
80
35
21
39
28
52
27
23
17
21
33
14
27
40
24
25
27
41
16
53
13
44
40
4
73
36
11
26
18
45
18
15
6
29
2
13
32
18
18
20
25
62
24
59
52
17
88
50
27
45
34
50
25
25
9
23
43
12
23
46
34
35
28
7
63
18
50
49
20
85
39
23
40
23
46
44
23
53
20
17
10
25
43
31
26
29
14
65
13
43
42
8
79
32
21
37
20
43
10
21
16
15
29
4
23
35
26
22
13
13
63
6
39
34
3
73
32
16
32
18
39
11
18
13
44
8
12
28
19
18
13
4
66
32
26
64
21
4
22
6
31
22
13
13
7
15
7
10
20
8
6
9
2
65
7
38
35
8
72
31
12
32
12
41
17
22
21
17
14
16
28
16
14
10
14
65
12
41
41
14
77
39
21
46
30
45
21
26
7
25
31
13
18
34
23
25
15
17
73
5
36
36
1
74
26
19
45
30
42
13
24
35
24
23
3
24
27
18
24
11
8
71
3
36
37
2
73
28
16
44
30
42
17
23
10
22
19
9
12
26
16
23
7
25
65
24
60
50
21
85
41
27
49
37
52
34
31
32
31
30
22
34
45
30
32
30
28
23
32
19
51
47
12
80
35
21
39
28
52
27
23
17
21
33
14
27
40
24
25
27
41
16
53
13
44
40
4
73
36
11
26
18
45
18
15
6
29
2
13
32
18
18
20
25
62
24
59
52
17
88
50
27
45
34
50
25
25
9
23
43
12
23
46
34
35
28
7
63
18
50
49
20
85
39
23
40
23
46
44
23
53
20
17
10
25
43
31
26
29
14
65
13
43
42
8
79
32
21
37
20
43
10
21
16
15
29
4
23
35
26
22
13
13
63
6
39
34
3
73
32
16
32
18
39
11
18
13
44
8
12
28
19
18
13
4
66
32
26
64
21
4
22
6
31
22
13
13
7
15
7
10
20
8
6
9
2
65
7
38
35
8
72
31
12
32
12
41
17
22
21
17
14
16
28
16
14
10
14
65
12
41
41
14
77
39
21
46
30
45
21
26
7
25
31
13
18
34
23
25
15
17
73
5
36
36
1
74
26
19
45
30
42
13
24
35
24
23
3
24
27
18
24
11
8
71
3
36
37
2
73
28
16
44
30
42
17
23
10
22
19
9
12
26
16
23
7
25
65
4
36
32
66
12
5
25
39
16
21
7
14
14
17
15
17
1
2
13
11
82
16
48
43
5
75
25
14
33
11
48
22
27
22
51
