45
6
32
57
37
63
68
62
31
70
57
62
65
70
49
65
45
34
40
15
16
35
17
58
55
9
34
56
28
59
68
60
35
91
66
67
63
71
59
72
48
33
38
24
20
42
59
52
9
31
55
32
54
64
52
36
74
56
62
60
64
51
71
47
35
36
26
24
39
51
44
5
34
56
38
45
59
37
31
52
51
52
54
45
39
58
46
38
33
14
16
32
56
49
10
26
62
12
34
64
32
36
82
56
46
57
39
45
58
46
38
33
19
22
33
17
53
54
10
29
63
10
29
61
27
32
76
51
36
52
30
34
45
47
40
30
13
18
25
48
36
9
19
63
10
25
59
24
25
51
46
25
45
23
29
35
43
40
29
2
11
18
50
35
8
15
63
10
27
63
28
28
46
44
24
49
24
27
30
44
41
31
15
14
47
37
8
32
62
21
31
65
29
24
30
44
22
49
25
24
23
47
41
32
11
5
36
54
27
14
12
66
3
3
33
72
36
37
57
57
25
59
32
38
32
46
38
34
19
9
12
56
30
16
2
65
4
4
38
73
40
40
63
59
34
62
37
39
33
49
38
36
5
22
8
55
28
13
14
62
15
2
40
69
36
33
42
54
27
57
34
33
21
47
40
36
21
50
30
14
16
60
25
7
53
78
52
36
52
59
51
71
59
50
52
43
34
38
5
24
10
35
44
50
36
13
26
59
24
4
53
79
54
35
60
52
52
68
62
49
56
45
35
38
21
21
24
74
47
36
8
25
57
26
51
78
52
35
66
56
54
68
62
47
57
45
36
36
7
16
26
18
16
50
42
11
20
57
22
48
75
51
30
71
59
53
61
61
45
59
47
37
34
10
17
19
13
49
44
8
29
56
28
47
68
48
28
67
50
52
53
57
36
54
49
39
33
15
13
19
28
54
48
12
31
58
18
44
66
48
34
77
52
52
50
54
38
59
49
39
32
10
22
28
21
68
61
58
14
43
56
26
43
57
43
34
62
46
50
39
51
33
52
55
41
29
9
23
28
11
44
61
46
16
31
58
21
40
53
41
34
80
45
51
41
48
28
53
55
39
30
16
25
19
9
62
45
19
21
62
15
36
51
35
38
78
47
46
41
41
29
50
51
39
30
19
32
30
16
32
56
44
17
31
62
21
36
48
30
36
67
52
41
39
34
27
38
49
41
30
6
24
16
26
93
57
43
18
27
62
14
34
50
28
38
67
54
38
45
31
29
35
49
40
30
11
23
8
15
61
59
42
21
28
63
15
32
47
23
40
52
53
33
45
27
29
32
51
42
30
2
27
9
2
4
53
40
22
24
68
16
31
49
22
33
67
55
32
48
25
28
28
52
44
29
20
5
10
14
53
37
22
23
66
23
32
49
21
30
35
51
30
47
23
26
23
53
46
28
20
18
59
56
42
22
32
66
17
32
52
21
36
55
54
33
50
26
30
27
56
45
29
21
24
50
57
40
23
21
67
5
31
55
24
36
73
53
31
56
27
29
28
54
43
29
24
26
49
36
18
21
65
11
32
54
23
25
39
50
28
53
25
25
23
50
43
29
14
28
46
31
15
19
65
13
35
57
26
22
61
51
33
55
30
27
24
46
40
31
11
22
27
44
24
14
10
63
8
36
57
27
22
52
48
32
55
30
24
22
43
39
30
11
19
39
35
25
7
16
60
13
37
58
30
13
47
45
30
51
33
21
21
39
39
31
15
34
16
5
9
60
15
39
65
34
18
43
47
32
57
35
25
22
35
37
33
1
35
24
6
17
61
18
2
41
69
37
15
44
47
34
59
37
26
25
38
37
33
3
8
37
29
10
11
63
16
1
42
72
40
19
61
50
37
62
41
31
32
41
38
33
5
2
38
28
9
20
59
21
45
73
42
21
53
51
40
63
45
36
34
45
38
32
3
50
35
13
22
59
20
48
79
50
29
61
55
47
66
53
42
45
46
37
34
19
3
54
44
17
19
60
15
2
49
84
54
39
72
62
53
71
58
50
55
46
36
36
12
26
16
57
54
18
36
56
25
51
83
57
37
59
61
55
69
61
50
57
52
38
35
13
22
30
62
42
18
35
52
30
49
75
51
41
59
59
55
63
57
50
54
52
39
32
12
27
23
60
41
16
22
51
25
47
70
48
41
77
57
51
57
56
49
56
50
39
30
20
27
26
59
46
16
32
51
30
46
58
43
34
59
42
50
45
52
41
53
53
42
27
13
26
20
58
48
15
38
53
21
42
51
36
31
64
41
52
42
46
34
49
54
43
26
15
23
10
11
50
44
10
23
52
22
42
47
35
24
68
46
47
40
46
27
51
48
41
25
14
12
21
49
40
10
17
53
21
41
44
32
21
83
44
50
38
42
27
47
45
40
26
11
11
9
48
40
11
25
56
19
42
50
35
26
67
46
48
43
45
26
47
46
39
29
5
16
2
47
32
11
23
60
22
43
53
37
25
56
51
48
49
47
30
49
41
38
30
1
16
8
6
45
33
13
21
62
23
42
54
35
29
57
58
45
54
45
37
44
40
38
30
3
14
7
44
37
14
22
64
12
40
59
39
36
54
64
45
60
49
43
48
40
37
31
16
6
49
34
19
16
68
6
2
34
59
35
37
66
69
43
63
41
48
45
43
38
30
2
22
1
50
33
20
18
68
9
30
56
29
43
59
69
37
61
34
45
39
45
40
28
9
23
8
50
34
18
25
66
8
27
50
24
38
57
63
35
55
31
41
34
47
42
25
19
1
46
25
17
15
66
8
22
47
16
29
43
60
24
52
21
34
24
45
43
23
14
46
23
15
8
63
7
21
47
14
33
44
51
23
45
20
24
21
44
43
23
20
48
31
17
10
63
1
21
50
14
30
47
47
19
44
16
19
17
46
42
25
18
45
28
15
18
61
7
25
54
15
16
44
42
18
43
16
12
16
45
41
24
7
41
27
10
17
55
16
31
59
22
17
41
30
24
39
25
3
14
45
41
25
7
37
24
7
13
53
17
32
65
23
11
27
29
18
43
20
6
13
42
39
27
1
38
33
6
21
52
9
34
71
25
7
45
26
24
46
21
10
19
43
38
30
4
36
30
4
19
51
10
37
72
30
13
50
31
25
49
27
14
21
41
36
29
1
38
22
4
18
51
16
39
70
30
14
34
40
25
52
29
24
22
38
36
28
44
27
9
12
52
11
40
70
36
22
54
47
35
56
37
33
31
42
35
30
12
45
30
12
10
54
7
42
67
41
25
74
54
42
56
43
40
40
46
36
29
2
13
5
51
35
15
17
55
14
44
59
41
29
51
56
41
55
47
47
44
48
38
27
7
18
14
54
38
16
25
52
28
48
49
42
33
50
57
49
48
54
46
50
50
41
25
11
19
18
61
48
19
34
50
30
50
41
44
34
63
59
55
41
58
43
57
58
43
24
14
24
15
75
61
27
32
55
15
48
44
49
47
88
67
59
48
63
52
65
65
42
25
23
40
22
73
59
23
42
52
31
54
45
53
45
81
60
63
48
69
49
64
64
43
25
25
37
30
29
66
54
17
41
50
32
55
49
53
43
75
65
63
49
69
51
65
58
41
26
16
30
26
66
60
16
44
52
28
53
56
53
43
84
70
62
56
68
55
68
56
38
28
16
31
26
60
52
12
30
52
28
54
65
55
43
67
66
60
59
67
54
65
48
35
31
19
30
28
50
35
9
27
54
23
3
50
72
52
34
57
61
52
64
58
49
52
39
33
33
10
21
16
8
44
32
23
51
19
1
47
76
47
28
57
54
45
62
53
42
46
33
31
32
3
14
17
7
40
20
52
7
3
41
78
40
26
50
54
37
61
44
42
44
26
29
32
11
7
6
32
17
5
54
14
6
39
76
34
14
30
44
30
60
37
30
28
25
31
32
3
33
19
5
55
2
8
35
76
28
16
37
43
27
59
28
29
25
26
31
31
4
4
7
15
32
10
1
56
6
31
73
20
17
39
44
21
59
16
32
21
23
30
29
2
6
1
8
35
18
3
55
7
2
31
70
16
18
39
41
20
57
15
26
18
27
31
28
7
8
47
32
10
18
56
5
3
31
70
16
27
57
49
28
57
15
30
24
37
32
28
20
19
46
28
10
13
57
14
4
34
73
21
24
48
58
34
62
24
38
26
37
33
29
16
15
50
33
13
18
57
16
33
71
22
34
40
63
34
62
26
40
29
41
35
26
20
18
2
53
42
14
24
57
15
32
69
24
36
60
62
36
61
29
42
32
45
37
24
1
21
31
54
43
16
20
57
16
34
70
33
31
52
62
38
60
39
42
37
47
38
24
2
23
37
58
40
18
25
55
22
38
69
39
39
54
62
41
56
44
43
42
50
40
23
30
52
62
42
19
24
53
21
41
67
44
42
76
63
44
55
52
47
51
49
39
24
7
32
62
1
66
54
22
40
53
19
43
62
47
41
67
64
46
52
56
45
52
55
40
22
10
32
63
70
55
26
34
52
13
46
64
54
49
76
66
49
54
61
51
56
57
38
25
17
43
85
66
48
23
23
49
26
52
60
57
43
58
57
49
49
64
45
56
53
38
26
17
37
82
65
51
20
30
48
22
52
58
59
42
60
55
50
48
64
43
54
53
37
26
5
33
84
17
61
38
15
24
46
17
51
58
58
38
62
55
45
51
62
41
49
49
35
27
2
31
76
48
33
7
28
42
34
50
49
50
24
45
44
42
39
54
27
37
46
37
26
16
65
46
36
4
14
45
16
47
54
50
27
49
41
39
41
52
30
41
38
35
28
18
66
43
30
3
46
3
44
56
51
21
68
37
35
44
52
29
43
35
34
27
13
51
7
36
21
13
43
16
44
53
44
15
50
35
36
38
47
22
35
33
34
25
5
51
39
19
9
46
10
42
59
41
18
43
41
37
42
44
28
37
31
34
27
9
53
40
30
2
19
48
15
41
63
39
16
59
40
37
45
41
30
37
37
34
27
10
32
41
29
5
11
52
11
39
69
37
20
46
46
36
54
38
35
37
36
33
28
12
37
44
28
8
6
53
10
36
71
32
22
46
51
32
56
36
37
37
36
33
28
13
41
40
26
9
20
55
12
1
34
74
29
23
41
53
30
59
32
38
33
36
33
28
10
28
41
19
9
10
56
6
6
32
80
31
25
40
57
31
65
31
45
36
35
33
29
11
25
46
27
11
7
55
5
9
31
84
33
27
60
59
35
68
34
46
39
37
33
29
18
20
5
41
27
8
9
55
6
7
32
83
34
26
42
60
34
69
36
46
38
35
34
27
14
5
41
31
5
25
51
14
3
32
79
32
24
23
56
27
65
35
42
34
38
34
25
12
1
47
27
8
17
54
14
7
34
80
35
32
50
58
36
68
38
45
33
38
33
27
20
4
50
27
14
58
11
36
83
41
35
71
61
39
71
45
49
44
38
31
29
8
25
45
29
10
22
53
22
2
39
72
37
29
37
57
32
62
42
40
36
41
34
25
17
50
29
13
14
54
12
36
68
36
32
52
63
37
63
43
43
40
42
34
23
19
3
52
31
14
14
53
7
37
64
39
30
46
58
37
57
47
39
45
43
35
22
23
54
28
16
17
52
12
39
58
39
36
43
53
35
50
45
35
40
42
36
21
29
47
30
13
9
52
5
38
53
39
33
67
54
33
48
44
38
42
39
35
20
1
18
39
25
6
15
46
16
41
46
39
25
48
46
41
42
46
36
42
36
35
19
9
50
37
9
24
45
18
46
50
46
32
68
50
45
47
53
39
48
42
34
21
5
20
53
38
10
19
47
19
49
58
53
39
69
63
51
54
59
50
57
42
32
25
16
26
6
55
47
10
28
45
23
50
58
51
42
67
63
59
49
59
52
59
45
33
25
13
28
53
42
7
27
42
25
51
59
51
34
59
57
54
48
59
47
56
43
33
24
6
22
50
26
7
18
42
24
46
59
45
35
49
58
50
50
52
47
52
39
33
24
7
23
53
45
11
32
44
18
40
56
37
32
68
56
44
45
41
42
45
47
35
22
12
24
45
29
8
13
43
19
40
58
36
23
64
49
43
44
41
37
41
40
36
21
16
43
26
7
5
42
20
38
58
32
24
42
45
36
43
37
32
35
40
36
20
15
40
34
7
30
45
16
38
63
34
28
55
48
35
48
39
35
33
42
34
21
14
39
28
6
20
48
11
37
70
34
26
74
55
38
56
39
44
38
34
32
24
1
11
42
26
7
16
49
13
1
38
74
37
29
34
55
34
58
41
44
39
34
31
25
17
43
29
6
18
48
14
1
40
77
39
31
47
54
39
64
45
44
41
35
30
25
17
39
32
6
8
50
6
4
38
79
41
28
67
58
39
69
46
47
42
34
30
25
12
41
30
6
18
50
16
5
37
74
38
26
37
57
36
63
44
45
36
37
32
24
13
41
26
8
22
50
22
3
35
67
30
24
39
53
35
61
37
38
32
39
34
22
14
43
33
11
17
53
6
2
31
66
30
28
61
54
28
62
36
40
34
40
34
20
16
45
26
10
13
52
11
31
64
30
27
54
52
27
61
36
40
31
39
35
19
15
49
25
12
14
54
9
4
34
65
35
30
56
55
36
62
42
41
36
40
34
20
21
51
32
15
19
57
15
6
37
67
40
34
58
57
37
64
45
46
41
42
34
22
1
25
3
50
31
17
21
58
24
3
40
66
41
36
49
64
41
65
48
49
45
43
36
21
25
10
60
47
19
30
57
10
39
66
42
49
71
65
52
65
50
52
55
49
36
21
19
36
14
54
43
13
27
51
23
41
61
39
38
59
56
48
58
46
46
50
48
36
20
10
26
10
50
41
12
28
47
20
43
61
41
30
69
57
45
53
46
41
44
45
35
20
2
21
14
48
46
7
21
40
19
43
56
41
31
70
48
45
45
47
33
43
45
35
19
13
20
15
43
30
3
19
37
21
42
53
38
24
46
45
39
39
42
30
40
40
35
18
13
2
41
25
2
21
36
16
45
60
45
28
39
46
40
41
46
34
40
36
31
22
17
41
24
9
36
17
50
66
49
27
64
48
46
47
51
38
48
32
28
26
5
16
41
25
2
19
38
18
49
70
49
28
55
50
44
52
50
40
47
32
28
26
17
11
41
20
1
9
38
18
48
73
47
28
35
51
40
54
49
42
43
29
27
26
18
90
38
16
1
12
40
24
47
72
43
27
40
51
36
55
46
40
37
29
28
25
14
200
37
26
3
12
43
14
44
77
45
29
50
53
36
59
46
45
37
32
29
25
15
409
38
19
6
10
47
5
38
75
39
26
30
54
32
60
40
48
30
33
33
23
14
696
33
14
7
12
47
13
33
66
29
22
24
45
18
53
30
42
13
33
37
17
8
926
35
15
8
50
27
64
28
24
49
50
17
54
26
44
15
32
35
16
10
1045
36
13
9
3
50
3
24
55
19
20
19
47
11
47
19
36
5
34
37
15
12
980
33
3
8
51
3
25
58
23
21
26
43
13
50
23
38
10
29
34
17
11
784
34
12
8
3
52
2
28
61
29
22
42
45
20
53
30
41
22
30
31
18
7
420
38
18
5
14
49
14
32
61
32
27
38
50
24
53
34
42
26
31
29
19
14
80
40
20
6
6
51
1
5
33
68
38
32
44
59
31
64
38
45
36
31
27
22
19
39
19
5
16
51
8
5
35
67
38
25
44
54
33
62
39
44
35
31
28
21
15
39
17
6
5
50
12
2
37
65
41
28
46
53
35
61
43
45
36
31
29
20
16
37
40
28
7
13
50
8
37
65
46
28
45
50
33
61
47
40
38
37
31
20
15
19
43
24
9
13
49
12
38
65
47
28
43
52
35
58
47
41
40
40
32
20
21
19
44
28
11
13
48
10
39
64
47
32
55
55
39
56
49
42
44
44
34
20
21
11
46
35
11
27
48
17
40
63
44
31
49
53
40
54
47
42
44
42
36
18
1
17
5
49
29
13
18
48
21
43
67
47
34
52
52
47
57
51
47
50
39
34
19
7
23
13
43
31
9
16
46
24
47
72
52
33
58
56
52
59
58
47
55
38
32
22
9
21
7
47
34
8
31
44
27
2
50
73
51
34
54
57
53
57
58
47
57
39
32
23
13
26
51
39
8
21
43
18
2
50
74
52
37
81
53
55
58
59
47
61
41
31
23
13
28
5
44
38
2
25
39
23
49
69
46
24
60
48
47
53
55
41
52
39
32
21
13
14
41
27
1
20
39
28
46
64
39
19
41
43
43
50
47
36
42
37
33
19
14
39
29
4
16
42
18
41
65
34
23
56
43
36
53
40
33
35
37
32
19
16
34
21
2
12
43
4
38
65
34
16
50
43
34
53
38
31
37
32
31
19
6
28
10
3
42
10
36
61
30
17
22
39
29
46
34
27
30
25
30
17
2
25
14
14
41
14
35
58
28
12
19
38
24
45
30
23
22
24
28
17
29
8
44
3
35
63
33
20
44
43
28
51
35
31
30
21
25
18
9
30
10
41
13
36
60
31
22
34
43
31
50
34
33
30
23
26
18
11
37
22
3
14
41
9
37
60
35
23
63
52
34
54
38
38
37
29
28
19
11
41
29
5
12
39
19
39
57
35
29
48
51
34
52
40
40
40
36
31
17
2
16
46
32
9
26
40
21
39
50
29
28
54
47
38
47
36
36
32
43
34
15
1
21
48
27
12
7
44
4
37
54
31
34
57
54
37
51
38
42
39
40
33
16
27
40
25
7
18
40
22
38
47
26
26
42
45
35
44
35
33
35
39
34
13
14
40
25
6
20
40
16
38
51
32
26
57
47
36
46
39
35
40
38
33
14
13
37
18
3
16
40
19
39
56
38
27
26
45
35
47
42
36
39
36
31
16
17
35
24
3
13
42
12
36
61
39
26
38
44
33
51
39
36
34
33
28
18
16
37
26
3
2
45
2
35
66
40
26
60
52
32
55
41
40
38
26
26
17
13
30
8
5
44
12
33
61
38
18
26
45
27
50
39
34
29
26
28
15
6
36
21
4
2
48
30
65
40
20
52
43
26
53
37
34
31
33
30
16
12
42
24
9
5
49
4
31
65
41
20
39
41
28
51
38
32
31
37
32
15
17
42
23
8
20
47
10
33
65
41
20
39
34
27
49
39
31
31
38
33
14
16
39
20
4
8
43
7
37
68
46
24
43
38
32
50
46
39
42
34
32
16
14
37
20
1
14
39
15
42
69
47
24
37
42
36
53
49
40
45
32
30
19
17
37
31
25
37
21
