4834
4803
4799
4739
4804
4761
4810
4769
4790
4730
4759
4813
4764
4738
4799
4817
896
4761
4785
4849
4835
4803
4889
4886
4787
4828
4797
4793
4733
4798
4755
4803
4763
4784
4724
4754
4807
4758
4732
4793
4811
859
4755
4779
4842
4828
4797
4883
4879
4781
4822
4790
4787
4726
4791
4749
4797
4757
4777
4717
4747
4801
4751
4725
4786
4805
834
4748
4772
4836
4822
4790
4877
4873
4774
4815
4784
4780
4720
4785
4743
4791
4750
4771
4711
4741
4794
4745
4720
4780
4798
805
4742
4766
4830
4816
4784
4870
4867
3109
2279
2765
2594
3149
2233
3377
2005
2670
2390
3078
4042
2621
2454
4793
3703
640
2090
3859
3067
2928
3189
4864
4860
3395
3870
3528
3759
2842
3954
2987
3859
3643
3755
3283
3055
1509
3478
329
3542
4934
2326
3846
1939
3464
3539
3381
4857
4854
3742
4920
4314
4802
2217
4980
2728
4979
4628
4891
4967
3139
430
4380
986
4665
4992
1524
4978
998
3907
4166
3637
4851
4847
3561
4685
3912
4322
2461
4931
2856
4926
4135
4393
4795
3097
1142
3937
581
4117
4978
1987
4901
1581
3668
3831
3497
4844
4841
3533
4882
3946
4427
2387
4978
2729
4978
4193
4665
4956
3014
795
3970
727
4177
4983
1772
4970
1297
3662
3855
3461
4838
4834
3621
4760
4053
4525
2340
4967
2805
4966
4308
4573
4910
3108
948
4093
673
4310
4967
1838
4942
1413
3751
3948
3543
4831
4828
3522
4806
3908
4350
2426
4970
2762
4970
4144
4547
4945
3027
875
3931
622
4126
4967
1831
4958
1367
3642
3823
3455
4825
4821
3591
4795
4028
4510
2325
4954
2764
4953
4284
4614
4907
3070
882
4065
661
4284
4957
1794
4933
1356
3723
3924
3513
4819
4815
99
92
95
94
97
93
104
94
95
94
95
102
35
96
95
95
72
62
96
54
98
97
99
96
96
123
36
57
42
46
18
60
21
60
45
51
59
25
6
41
43
59
12
122
59
9
35
38
31
56
56
8
6
2
2
7
138
5
5
8
7
1
6
6
165
5
3
3
19
9
15
13
25
7
26
8
14
11
9
24
9
16
15
9
19
165
9
14
19
18
21
10
10
194
16
16
15
15
14
16
16
16
15
16
16
15
5
15
15
16
10
198
16
8
15
15
15
16
16
218
4
8
5
6
1
8
2
8
5
7
100
2
5
5
8
1
229
8
4
4
3
7
7
2
2
242
1
1
238
1
372
247
3
1
2
2
4
1
4
1
2
2
505
4
1
2
2
1
3
258
2
2
3
3
3
2
2
631
272
2
2
2
2
2
2
2
2
2
2
757
2
2
2
2
1
281
2
1
2
2
2
2
2
876
293
1
1
1
993
1
303
1
1
1
1106
312
1214
322
8
1321
331
88
1424
340
249
1524
1
348
382
1621
44
357
515
1715
184
365
649
1806
332
372
772
1894
24
457
381
898
1981
143
595
389
1016
2065
298
717
396
1134
5
2147
422
844
404
1246
75
2226
558
963
412
1356
229
2303
684
1079
419
1462
361
2377
807
1193
426
1564
489
2449
928
1302
433
1665
621
2520
1043
1410
440
1762
741
2588
1157
1512
447
6
1856
864
2654
1266
1613
453
80
1947
979
2719
1374
8
1710
460
238
2036
1094
2781
1477
92
1805
467
374
2121
1205
2841
1577
255
1896
473
504
2204
1311
2900
1675
390
1985
479
639
2285
1416
2957
1770
524
2072
485
762
2364
1517
18
3013
1862
661
2156
492
889
2440
1616
129
3067
1952
786
2238
499
1007
2513
1711
292
3119
2038
913
2316
504
1123
2581
1800
416
3166
2118
1028
2389
506
1232
2646
1886
551
3211
2196
1144
2460
508
1338
2713
1974
683
3259
2276
1257
2532
514
1445
2777
2057
807
3303
2350
1366
2600
517
1545
2838
2137
931
3346
2424
1472
2666
521
1644
2898
2216
1047
3388
2494
1574
2731
525
1739
2955
2292
1163
3428
2563
1673
2792
528
1831
3011
2365
1273
9
3466
2629
1768
2853
531
1921
3065
2436
1381
95
3504
2693
1862
2911
534
2007
4
3117
2506
1486
256
3541
2756
1952
2968
538
2092
34
70
3168
2574
1587
389
3577
2817
2039
3023
541
2174
168
224
14
3217
2639
1686
522
3611
2875
2125
3076
544
2253
323
360
113
3265
2702
1781
655
3645
2932
2207
3127
547
2330
448
489
274
3310
2764
1874
778
3677
2987
2286
3176
549
2404
587
623
1
402
3355
2823
1963
904
3708
3041
2363
3224
552
2476
713
743
45
536
3397
2881
2050
1020
3738
3092
2438
3271
555
2546
839
868
186
666
3439
24
2936
26
2133
1136
3766
3142
2510
3316
557
2614
961
983
333
789
3479
141
2991
146
2215
1247
3794
3190
2580
3359
559
2679
1076
1098
458
912
3517
294
3043
299
2294
1355
3821
3237
2648
3401
561
2743
1192
1209
595
1027
3554
415
3093
421
2370
1461
3846
3282
2713
3441
563
2804
1301
1316
718
1143
3591
549
3142
556
2444
1562
3871
3325
21
2776
3481
10
565
2863
1409
23
1421
842
1252
3625
672
3190
678
2516
1660
3896
3368
134
2838
3519
98
567
2921
1512
138
1521
960
1360
3658
793
3236
800
2585
1756
3918
3409
288
2898
3555
255
569
2977
1613
294
1620
1076
1464
3691
913
3280
920
2652
1848
3940
3448
410
2955
3591
383
570
3031
1710
417
1714
16
1189
1564
3722
1025
3323
1032
2716
1938
3962
3486
543
3010
3624
513
571
3083
1804
552
1807
120
1296
1662
3752
1138
3365
1145
2779
2024
3983
3523
667
3064
3658
643
573
3134
1895
17
677
1897
276
1402
1756
3782
1244
3405
1252
2840
2109
4003
3559
788
3116
3690
763
574
3182
1984
122
800
1983
400
1504
1849
3810
1350
3444
1358
2899
2191
4022
3594
908
3167
3720
885
576
3230
2070
19
281
920
2067
532
1603
1937
3837
1451
3482
1459
2957
2269
4041
3627
1020
3215
3750
999
578
3276
2153
126
407
1035
2149
658
1699
2023
3863
1549
3519
1558
3012
2346
4058
3659
1133
3263
3780
1114
579
3320
2234
282
541
1149
2228
779
1793
2108
3889
1646
3555
1655
3066
2421
4076
3691
1240
3309
3807
1223
580
3363
2312
404
669
1256
2305
900
1884
2189
3914
1738
3589
1747
3118
2493
4093
3722
1346
3353
3834
1329
582
3405
2388
538
792
1363
2380
1013
1972
2268
3937
1829
3623
1838
3168
2564
4109
3751
1448
3396
3861
1433
583
3446
2462
663
915
1466
2452
1126
2057
2344
3960
1916
3655
1925
3217
2631
4125
3780
1547
3437
3886
1532
584
3485
2533
783
1029
1566
2522
1234
2140
2418
3982
2001
3686
2011
3264
2697
4140
3807
1643
3478
3910
1630
586
3522
2602
904
1144
1663
2590
1340
2220
2490
4003
2083
3717
2093
3310
2761
4154
3834
1736
3517
3934
1724
587
3559
2669
1016
1253
1756
2655
1442
2298
2560
4023
2164
3746
2173
3354
2822
4168
3859
1826
3554
3956
1816
588
3595
2734
1129
1361
1847
2719
1541
2373
2627
4043
2241
3774
2250
3397
2882
4181
3884
1914
3590
3978
1904
588
3628
2796
1237
1464
1935
2781
1637
2445
2692
4061
2316
3801
2325
3437
2939
4194
3907
1999
3625
3999
1990
590
3661
2857
1342
1564
2021
2840
1730
2516
2755
4079
2389
3827
2398
3477
2995
4206
3930
2081
3658
4019
2073
590
3693
2916
1444
1661
2103
2898
1821
2584
2816
4097
2459
3852
2469
3516
3049
4217
3952
2161
3691
4037
2154
591
3724
2972
1542
1755
2183
2954
1908
2650
2875
4114
2528
3877
2537
3553
3102
4228
3973
2238
3723
4056
2232
592
3753
3027
1639
1847
2262
3008
1993
2714
2932
4130
2594
3900
2604
3589
3152
4239
3994
2313
3753
4075
2308
592
3782
3081
1732
1936
2337
3062
2076
2777
2988
4145
2658
3923
2668
3624
3201
4249
4014
2386
3782
4091
2381
593
3809
3132
1822
2021
2410
3112
2156
2837
3042
4160
2721
3945
2730
3657
3248
4259
4033
2457
3810
4108
2453
594
3836
3181
1909
2105
2481
3161
2233
2895
3094
4174
2781
3966
2791
3689
3294
4268
4051
2525
3838
4124
2522
594
3862
3230
1994
2186
2550
3209
2309
2951
3144
4188
2840
3986
2849
3721
3338
4276
4068
2592
3864
4140
2590
595
3887
3277
2077
2264
2617
3255
2382
3006
3193
4201
2897
4006
2906
3751
3381
4285
4085
2656
3889
4154
2654
595
3910
3321
2156
2340
2681
3300
2453
3059
3240
4213
2952
4025
2961
3780
3423
4293
4101
2719
3914
4168
2717
596
3934
3365
2234
2414
2744
3343
2522
3110
3285
4225
3005
4043
3014
3808
3462
4301
4117
2779
3937
4181
2779
596
3956
3407
2309
2485
2805
3385
2589
3160
3330
4236
3057
4061
3065
3835
3502
4308
4132
2838
3960
4194
2837
596
3978
3448
2382
2553
2863
3425
2653
3208
3372
4247
3107
4078
3116
3861
3538
4314
4146
2895
3981
4207
2895
597
3998
3487
2453
2621
2920
3464
2716
3254
3414
4257
3155
4094
3164
3886
3575
4321
4160
2950
4002
4218
2951
597
4018
3526
2522
2686
2975
3502
2777
3300
3454
4267
3203
4109
3211
3910
3610
4327
4174
3003
4023
4230
3004
597
4037
3562
2588
2748
3029
3539
2835
3343
3492
4277
3248
4125
3257
3934
3644
4333
4186
3055
4042
4241
3056
597
4055
3597
2652
2809
3080
3574
2892
3385
3529
4286
3292
4139
3301
3957
3676
4338
4198
3105
4061
4251
3107
597
4073
3632
2715
2868
3130
3609
2947
3426
3566
4294
3335
4153
3343
3978
3708
4343
4210
3154
4079
4261
3156
598
4090
3666
2775
2926
3179
3642
3001
3465
3601
4303
3376
4166
3384
3999
3738
4348
4221
3201
4096
4270
3203
598
4106
3697
2834
2980
3226
3674
3052
3503
3634
4310
3416
4179
3424
4019
3768
4353
4232
3246
4113
4280
3249
598
4123
3728
2891
3034
3271
3705
3103
3540
3667
4317
3455
4191
3463
4039
3796
4357
4242
3290
4129
4288
3294
598
4138
3758
2946
3086
3315
3735
3152
3576
3698
4325
3493
4203
3500
4058
3824
4360
4252
3333
4144
4296
3336
598
4152
3787
3000
3136
3358
3764
3199
3610
3729
4331
3529
4214
3536
4075
3850
4364
4261
3374
4159
4304
3378
599
4166
3815
3051
3185
3399
3791
3244
3643
3758
4337
3563
4225
3571
4093
3876
4368
4270
3414
4173
4311
3419
598
4179
3842
3102
3232
3439
3819
3289
3676
3787
4343
3597
4235
3605
4109
3900
4371
4279
3453
4187
4318
3457
599
4192
3868
3150
3278
3477
3845
3331
3707
3814
4349
3630
4245
3638
4125
3923
4373
4286
3491
4199
4325
3495
598
4205
3893
3197
3321
3515
3870
3372
3737
3840
4354
3662
4255
3669
4141
3947
4377
4294
3527
4212
4331
3532
599
4216
3917
3243
3364
3551
3894
3413
3766
3866
4359
3693
4263
3700
4155
3968
4378
4302
3562
4224
4337
3567
599
4227
3940
3287
3406
3586
3917
3451
3794
3891
4363
3722
4272
3729
4169
3990
4381
4308
3596
4235
4342
3601
598
4238
3962
3329
3445
3619
3939
3489
3821
3914
4367
3751
4280
3758
4183
4010
4382
4315
3629
4246
4347
3634
598
4248
3984
3371
3484
3652
3961
3525
3847
3937
4372
3779
4288
3786
4196
4030
4384
4321
3661
4257
4353
3666
598
4258
4005
3411
3521
3684
3982
3560
3872
3959
4375
3805
4296
3812
4208
4049
4386
4327
3691
4266
4357
3697
597
4267
4024
3450
3557
3714
4002
3594
3896
3980
4379
3831
4302
3838
4220
4066
4387
4333
3721
4276
4362
3726
598
4277
4044
3487
3592
3744
4021
3627
3920
4001
4382
3856
4309
3862
4231
4084
4388
4337
3750
4285
4366
3756
598
4285
4062
3524
3626
3772
4040
3659
3942
4021
4385
3881
4316
3887
4242
4101
4389
4343
3777
4293
4369
3783
597
4293
4080
3558
3659
3799
4058
3690
3964
4039
4387
3904
4322
3909
4253
4117
4390
4347
3804
4301
4373
3809
597
4300
4097
3592
3690
3826
4075
3720
3985
4058
4389
3926
4327
3932
4262
4133
4390
4351
3830
4309
4376
3836
597
4308
4113
3625
3720
3851
4092
3748
4005
4076
4392
3948
4333
3953
4272
4148
4391
4355
3855
4317
4379
3861
597
4315
4129
3657
3750
3876
4108
3776
4025
4092
4394
3968
4337
3974
4281
4162
4391
4358
3879
4323
4382
3885
596
4321
4144
3687
3778
3900
4123
3803
4043
4108
4395
3988
4342
3994
4290
4176
4391
4362
3902
4330
4384
3908
596
4328
4159
3717
3805
3923
4138
3829
4061
4124
4397
4008
4346
4013
4298
4188
4391
4366
3925
4336
4386
3931
596
4333
4173
3746
3832
3945
4152
3854
4078
4139
4398
4027
4351
4032
4305
4201
4390
4369
3946
4342
4388
3952
595
4339
4186
3774
3857
3966
4166
3878
4095
4153
4399
4045
4355
4049
4313
4214
4390
4371
3967
4347
4390
3973
595
4344
4199
3801
3882
3987
4179
3901
4111
4167
4400
4062
4358
4067
4320
4225
4389
4373
3987
4352
4392
3993
595
4349
4211
3827
3905
4007
4191
3923
4127
4180
4401
4078
4361
4083
4326
4236
4389
4376
4006
4357
4393
4012
594
4353
4223
3851
3928
4025
4203
3945
4142
4193
4401
4095
4364
4099
4332
4246
4387
4377
4025
4362
4394
4031
594
4358
4234
3875
3951
4044
4215
3965
4156
4205
4401
4110
4367
4114
4338
4257
4386
4379
4043
4366
4395
4049
594
4362
4245
3899
3972
4062
4226
3986
4169
4216
4401
4125
4369
4129
4344
4266
4386
4381
4060
4370
4395
4066
593
4366
4255
3921
3993
4079
4236
4005
4182
4228
4401
4139
4372
4143
4349
4275
4384
4382
4077
4374
4396
4083
593
4369
4264
3943
4012
4095
4246
4024
4195
4239
4401
4152
4374
4156
4354
4284
4383
4383
4093
4377
4396
4099
592
4372
4274
3964
4031
4111
4256
4041
4207
4248
4400
4165
4376
4170
4358
4292
4381
4384
4108
4380
4396
4115
592
4375
4283
3984
4050
4126
4265
4059
4219
4259
4400
4178
4378
4182
4363
4300
4379
4385
4123
4383
4396
4129
592
4377
4291
4002
4067
4140
4274
4076
4229
4268
4399
4190
4379
4194
4367
4308
4378
4385
4138
4385
4396
4143
591
4380
4299
4022
4084
4154
4282
4092
4240
4276
4399
4202
4380
4205
4370
4315
4376
4385
4151
4388
4396
4157
590
4382
4306
4040
4100
4167
4290
4107
4250
4285
4398
4214
4382
4217
4374
4322
4374
4386
4164
4390
4396
4170
590
4384
4314
4057
4116
4180
4297
4122
4260
4293
4396
4224
4382
4227
4377
4328
4372
4386
4177
4392
4395
4183
590
4386
4321
4074
4131
4193
4304
4136
4269
4300
4395
4234
4383
4237
4380
4334
4369
4386
4189
4394
4395
4195
590
4388
4328
4090
4145
4205
4311
4150
4277
4308
4393
4243
4383
4247
4382
4340
4367
4385
4200
4395
4393
4206
588
4389
4333
4105
4159
4216
4318
4163
4286
4314
4392
4253
4384
4256
4385
4345
4364
4385
4212
4397
4392
4217
588
4389
4339
4120
4172
4227
4324
4176
4293
4321
4390
4262
4383
4264
4387
4350
4362
4384
4222
4397
4391
4228
588
4390
4345
4134
4185
4237
4329
4187
4301
4327
4388
4270
4384
4273
4389
4354
4360
4384
4232
4398
4390
4238
587
4391
4350
4148
4197
4247
4335
4199
4308
4333
4387
4279
4384
4281
4391
4359
4357
4383
4242
4399
4388
4247
587
4392
4354
4161
4209
4256
4340
4210
4314
4338
4385
4286
4384
4288
4392
4363
4354
4382
4251
4399
4387
4256
586
4392
4359
4174
4220
4265
4345
4221
4321
4343
4383
4293
4383
4295
4393
4367
4352
4381
4260
4400
4385
4266
586
4392
4363
4186
4231
4274
4349
4231
4327
4348
4381
4300
4382
4302
4394
4371
4348
4379
4269
4400
4383
4274
585
4392
4367
4197
4241
4282
4353
4241
4333
4352
4378
4307
4382
4309
4395
4374
4345
4378
4277
4399
4381
4281
585
4393
4371
4208
4251
4290
4357
4250
4338
4356
4376
4313
4380
4315
4396
4377
4342
4376
4284
4399
4379
4289
585
4392
4374
4219
4260
4297
4360
4259
4343
4360
4374
4318
4380
4320
4396
4380
4339
4375
4291
4399
4377
4297
583
4391
4377
4229
4269
4304
4364
4267
4348
4364
4371
4324
4379
4326
4396
4382
4336
4373
4298
4398
4375
4303
583
4391
4379
4239
4277
4311
4367
4275
4352
4367
4368
4329
4377
4331
4397
4384
4333
4371
4305
4397
4373
4309
583
4390
4382
4248
4286
4317
4370
4283
4356
4370
4365
4334
4376
4336
4397
4386
4329
4369
4311
4397
4371
4316
582
4389
4385
4257
4294
4323
4373
4290
4360
4373
4362
4339
4374
4340
4396
4388
4326
4367
4317
4395
4367
4322
581
4388
4386
4265
4300
4329
4375
4297
4364
4376
4360
4343
4372
4344
4396
4389
4323
4365
4322
4395
4365
4327
581
4387
4389
4274
4308
4334
4377
4303
4367
4378
4356
4347
4371
4348
4396
4391
4319
4362
4328
4393
4362
4332
581
4385
4391
4281
4314
4339
4379
4309
4370
4381
4354
4351
4369
4351
4395
4392
4316
4360
4332
4392
4359
4337
579
4384
4391
4288
4320
4344
4380
4316
4373
4383
4350
4355
4367
4356
4394
4393
4312
4358
4337
4391
4356
4342
579
4382
4393
4295
4326
4347
4381
4321
4375
4384
4347
4357
4365
4358
4393
4394
4308
4355
4342
4389
4354
4346
579
4381
4394
4302
4332
4352
4383
4326
4378
4386
4344
4360
4363
4361
4392
4394
4305
4353
4345
4387
4351
4350
578
4379
4395
4308
4337
4355
4384
4331
4380
4387
4341
4363
4360
4364
4391
4395
4301
4350
4349
4385
4347
4353
577
4377
4395
4314
4341
4359
4385
4335
4381
4388
4337
4365
4358
4366
4389
4395
4297
4347
4353
4383
4344
4357
577
4375
4396
4320
4347
4362
4385
4340
4383
4389
4334
4368
4356
4368
4388
4395
4293
4344
4356
4381
4341
4360
576
4373
4396
4324
4351
4365
4386
4344
4385
4389
4330
4370
4353
4370
4386
4395
4289
4341
4359
4379
4337
4363
575
4371
4396
4329
4354
4368
4386
4347
4386
4390
4327
4372
4350
4372
4385
4395
4285
4338
4362
4377
4335
4365
574
4368
4396
4334
4358
4371
4387
4351
4387
4390
4324
4373
4348
4374
4383
4394
4282
4335
4364
4374
4331
4368
574
4366
4396
4339
4362
4373
4387
4355
4388
4391
4320
4375
4345
4375
4381
4394
4278
4332
4367
4371
4328
4370
574
4364
4395
4342
4365
4375
4386
4358
4388
4391
4315
4376
4342
4376
4379
4393
4273
4329
4369
4369
4324
4372
572
4361
4394
4346
4368
4377
4385
4360
4389
4390
4311
4377
4339
4377
4377
4392
4269
4325
4370
4367
4321
4374
572
4359
4394
4350
4371
4379
4385
4362
4389
4390
4308
4378
4336
4378
4374
4391
4265
4322
4371
4364
4317
4376
572
4356
4393
4353
4373
4380
4385
4365
4389
4389
4304
4379
4333
4378
4372
4390
4261
4319
4373
4361
4313
4376
570
4353
4392
4356
4375
4381
4384
4366
4389
4388
4300
4379
4329
4378
4370
4389
4256
4315
4374
4358
4310
4378
570
4350
4391
4358
4377
4382
4383
4368
4389
4387
4296
4379
4326
4379
4367
4387
4252
4311
4376
4355
4306
4379
570
4346
4390
4361
4379
4383
4382
4370
4389
4386
4292
4380
4323
4379
4364
4385
4248
4308
4376
4352
4302
4379
569
4343
4388
4363
4380
4383
4381
4371
4388
4386
4288
4379
4320
4379
4361
4384
4244
4304
4377
4349
4298
4380
568
4340
4387
4365
4382
4384
4380
4372
4387
4384
4283
4379
4316
4378
4358
4382
4239
4300
4378
4346
4294
4381
568
4337
4385
4367
4383
4384
4378
4373
4387
4383
4279
4379
4313
4378
4356
4380
4235
4297
4378
4342
4290
4380
567
4334
4383
4369
4384
4384
4377
4375
4386
4382
4276
4378
4309
4378
4353
4378
4231
4293
4378
4339
4286
4381
566
4331
4382
4370
4384
4384
4375
4375
4384
4380
4271
4378
4306
4376
4350
4376
4226
4289
4378
4336
4282
4381
566
4327
4380
4372
4385
4384
4373
4375
4383
4378
4267
4377
4302
4376
4347
4374
4221
4285
4378
4332
4278
4380
565
4324
4377
4373
4386
4384
4371
4375
4382
4376
4263
4376
4298
4375
4343
4371
4217
4281
4377
4328
4273
4380
564
4320
4375
4373
4385
4383
4369
4376
4380
4374
4258
4375
4295
4373
4340
4369
4213
4277
4376
4324
4269
4379
564
4317
4373
4374
4385
4382
4367
4376
4378
4372
4254
4374
4291
4372
4337
4366
4208
4273
4376
4321
4265
4378
563
4313
4370
4374
4385
4382
4365
4375
4377
4370
4249
4372
4287
4372
4333
4364
4203
4269
4375
4318
4261
4378
562
4309
4368
4374
4385
4381
4362
4375
4375
4368
4245
4371
4283
4369
4330
4361
4199
4265
4374
4314
4257
4376
561
4305
4365
4375
4385
4379
4360
4375
4373
4365
4240
4369
4279
4368
4326
4358
4194
4261
4373
4309
4253
4376
561
4301
4363
4375
4384
4378
4357
4374
4371
4363
4236
4368
4275
4366
4324
4355
4189
4257
4372
4305
4248
4374
560
4298
4360
4374
4383
4377
4355
4373
4369
4361
4231
4366
4271
4364
4320
4353
4185
4252
4371
4302
4243
4373
559
4294
4357
4374
4382
4375
4352
4372
4367
4358
4227
4364
4267
4362
4315
4350
4180
4248
4369
4298
4240
4372
559
4290
4354
4374
4382
4374
4349
4371
4364
4355
4222
4362
4263
4360
4312
4347
4175
4244
4368
4294
4235
4370
558
4286
4351
4374
4380
4372
4347
4370
4362
4353
4218
4360
4259
4358
4308
4344
4171
4239
4366
4290
4230
4368
558
4282
4348
4373
4379
4370
4373
4375
4383
4378
4267
4377
4302
4376
4347
4374
4221
4285
4378
4332
4278
4380
565
4324
4377
4373
4386
4384
4371
4375
4382
4376
4263
4376
4298
4375
4343
4371
4217
4281
4377
4328
4273
4380
564
4320
4375
4373
4385
4383
4369
4376
4380
4374
4258
4375
4295
4373
4340
4369
4213
4277
4376
4324
4269
4379
564
4317
4373
4374
4385
4382
4367
4376
4378
4372
4254
4374
4291
4372
4337
4366
4208
4273
4376
4321
4265
4378
563
4313
4370
4374
4385
4382
4365
4375
4377
4370
4249
4372
4287
4372
4333
4364
4203
4269
4375
4318
4261
4378
562
4309
4368
4374
4385
4381
4362
4375
4375
4368
4245
4371
4283
4369
4330
4361
4199
4265
4374
4314
4257
4376
561
4305
4365
4375
4385
4379
4360
4375
4373
4365
4240
4369
4279
4368
4326
4358
4194
4261
4373
4309
4253
4376
561
4301
4363
4375
4384
4378
4357
4374
4371
4363
4236
4368
4275
4366
4324
4355
4189
4257
4372
4305
4248
4374
560
4298
4360
4374
4383
4377
4355
4373
4369
4361
4231
4366
4271
4364
4320
4353
4185
4252
4371
4302
4243
4373
559
4294
4357
4374
4382
4375
4352
4372
4367
4358
4227
4364
4267
4362
4315
4350
4180
4248
4369
4298
4240
4372
559
4290
4354
4374
4382
4374
4349
4371
4364
4355
4222
4362
4263
4360
4312
4347
4175
4244
4368
4294
4235
4370
558
4286
4351
4374
4380
4372
4347
4370
4362
4353
4218
4360
4259
4358
4308
4344
4171
4239
4366
4290
4230
4368
558
4282
4348
4373
4379
4370
4304
4345
4324
4311
4156
4326
4203
4323
4256
4298
4109
4181
4336
4235
4171
4337
550
4227
4303
4352
4353
4338
4302
4344
4322
4309
4154
4325
4201
4322
4254
4297
4107
4180
4335
4233
4169
4336
553
4225
4302
4351
4352
4338
4297
4338
4317
4304
4151
4319
4196
4316
4249
4291
4103
4175
4330
4228
4165
4331
553
4221
4297
4346
4347
4332
4291
4332
4310
4298
4144
4312
4189
4310
4243
4285
4096
4168
4323
4222
4158
4325
551
4214
4290
4339
4339
4325
4285
4327
4305
4293
4139
4308
4185
4305
4238
4280
4091
4163
4318
4217
4153
4319
551
4209
4285
4334
4335
4320
4279
4320
4299
4286
4133
4301
4179
4299
4232
4274
4085
4157
4312
4211
4147
