4776
4782
4804
4783
4776
4805
4786
2077
4792
4767
2626
4775
4765
2101
4779
4773
4790
4764
4815
263
2353
4868
4953
4949
4764
4770
4777
4801
4777
4770
4801
4780
1997
4788
4760
2517
4770
4758
2055
4775
4767
4786
4756
4812
314
2312
4865
4948
4943
4761
4767
4772
4795
4773
4766
4796
4777
1958
4783
4758
2440
4766
4755
2025
4770
4764
4781
4754
4805
328
2257
4857
4940
4937
4750
4756
4762
4786
4763
4756
4786
4766
1930
4774
4746
2403
4756
4744
1974
4760
4753
4771
4742
4797
366
2239
4850
4934
4930
4748
4754
4760
4783
4761
4754
4783
4764
1855
4771
4745
2279
4754
4742
1909
4758
4751
4768
4740
4793
391
2184
4845
4927
4924
4738
4744
4750
4774
4751
4744
4774
4754
1777
4761
4735
2250
4744
4733
1819
4748
4742
4759
4702
4784
209
2032
4837
4921
4917
4734
4740
4746
4769
4747
4740
4770
4750
1725
4757
4731
2171
4740
4728
1833
4744
4737
4755
4600
4780
229
1934
4832
4915
4911
4727
4733
4739
4762
4740
4733
4762
4743
1665
4750
4724
2089
4733
4721
1732
4737
4730
4747
4400
4772
223
1893
4824
4908
4904
4720
4727
4733
4756
4733
4726
4756
4736
1545
4744
4717
2057
4726
4715
1516
4730
4724
4741
4220
4766
139
1793
4819
4901
4898
4715
4721
4727
4750
4728
4721
4750
4731
1588
4738
4712
1957
4721
4709
1631
4725
4718
4735
4160
4760
307
1836
4812
4895
4891
4708
4714
4720
4743
4721
4714
4743
4724
1533
4731
4704
1893
4714
4702
1554
4718
4711
4728
4018
4754
234
1756
4805
4888
4885
4702
4708
4714
4737
4715
4708
4738
4718
1506
4725
4494
1822
4708
4696
1544
4712
4706
4723
3984
4748
231
1849
4799
4882
4878
4999
4999
4898
3038
4898
4899
4898
4851
4898
4999
30
4704
4999
4898
4999
4898
848
3677
4798
4795
4999
4999
4884
3050
4884
4884
4884
4830
4884
4999
27
4674
4999
4883
4999
4884
871
3689
4792
4788
4999
4999
4884
3034
4884
4884
4884
4834
4884
4999
24
4673
4999
4884
4999
4884
862
3667
4786
4782
4973
4973
4855
3032
4850
4852
4853
4803
4858
4986
25
4667
4995
4873
4999
4873
857
3675
4779
4776
2682
2685
2765
2070
2809
2814
2819
2897
2834
2729
14
2913
2752
2869
2770
2879
634
2448
3027
3030
56
63
50
180
8
48
249
245
287
18
19
15
136
11
209
165
116
233
141
1
211
305
28
160
382
379
499
196
115
168
116
126
119
351
448
401
125
376
126
72
181
139
140
282
277
415
95
181
226
216
328
286
182
249
429
34
202
562
556
733
102
94
427
94
299
93
95
499
108
666
578
93
237
535
97
248
34
14
105
98
96
96
470
462
674
372
258
189
393
222
616
486
189
214
434
472
33
209
704
696
935
27
59
646
59
523
183
59
615
216
874
722
184
480
662
227
459
6
31
206
35
56
56
688
679
955
673
566
209
590
245
915
713
208
527
645
289
533
3
35
231
814
803
1105
103
833
7
720
250
20
703
294
1059
837
251
689
762
448
623
43
280
3
3
888
877
1211
23
262
948
8
845
249
119
769
293
1181
917
249
816
835
588
633
9
42
277
19
10
10
944
931
1292
369
1036
934
295
254
811
346
1262
972
295
911
883
685
738
51
329
1048
1035
1424
15
532
1177
16
1079
299
413
907
352
1402
1081
300
1058
985
842
756
5
51
334
15
16
16
1089
1075
1491
634
1252
1158
330
516
938
389
1475
1123
331
1143
1022
931
832
57
368
1181
1166
1607
3
777
1377
8
1285
347
667
1021
409
1595
1217
348
1273
1109
1067
874
60
387
4
7
7
1235
1219
1686
1
888
1463
1376
366
776
1065
431
1681
1273
367
1367
1160
1168
924
62
409
1305
1288
1779
1007
1564
35
1478
388
903
1126
458
1777
1345
390
1473
1226
1279
979
67
434
1370
1352
1866
3
1125
1659
165
1577
402
1018
1182
475
1871
1410
404
1574
1286
1387
1018
1
69
450
3
2
2
1426
1409
1945
1230
1745
306
1665
424
1128
1231
501
1954
1469
426
1666
1339
1483
1071
72
474
1490
1473
2030
2
1341
1838
430
1761
439
1242
1288
519
2044
1536
441
1765
1401
1588
1110
75
491
2
2
2
1543
1525
2105
1441
1918
558
1845
457
1344
1333
540
2122
1590
459
1851
1450
1679
1156
78
511
1603
1584
2184
1544
2005
680
1934
473
1450
1384
559
2205
1650
475
1942
1506
1775
1196
81
529
1
1
1655
1636
2255
1641
2084
798
2016
489
1549
1429
578
2282
1704
491
2027
1556
1864
1237
83
547
1708
1688
2327
1735
2162
914
2095
505
1646
1475
597
2357
1758
507
2109
1605
1951
1277
86
565
1759
1739
2397
28
1828
2239
1026
2174
519
1740
1520
614
2431
1810
521
2190
1654
2036
1313
88
580
1807
1787
2463
148
1916
2311
1135
2249
534
1831
1561
632
2500
1860
536
2267
1699
2118
1351
91
597
1856
1836
2529
302
2003
2383
1240
2323
547
1919
1604
648
2569
1910
550
2343
1746
2198
1386
93
613
1902
1881
2592
423
2086
2452
1343
2394
561
2005
1644
665
2635
1957
563
2415
1789
2275
1421
95
628
1947
1927
2654
558
2167
2519
1443
2464
574
2089
1683
681
2700
2003
577
2486
1832
2350
1454
98
643
1990
1969
2712
681
2245
2584
1539
2530
586
2168
1721
696
2762
2047
590
2555
1872
2422
1486
100
657
2033
2011
2770
803
2321
2647
1633
2596
599
2247
1757
711
2822
2091
602
2621
1913
2493
1519
102
672
2074
2053
2826
922
2396
2709
1724
2659
611
2322
1793
725
2881
2133
614
2686
1951
2561
1549
104
684
2113
2091
2879
1034
2467
2768
1813
2720
622
2395
1827
739
2937
2173
626
2748
1988
2627
1579
106
698
2152
2130
2932
1148
2536
2826
1899
2779
634
2467
1861
753
2992
2212
637
2809
2025
2691
1607
109
710
2189
2168
2982
1255
2603
2881
1982
2836
644
2536
1893
765
3045
2250
648
2867
2060
2753
1635
3
110
722
2226
2203
3031
1360
2668
2935
2063
2893
655
2603
1924
778
3096
2286
659
2924
2095
2813
1662
58
112
734
2261
2239
3079
1462
2732
2989
2142
2947
666
2668
1956
792
3147
2323
670
2980
2128
2872
1689
207
114
747
2296
2273
3126
1561
2794
3040
2219
3000
676
2732
1986
804
3195
2358
681
3033
2160
2929
1714
349
116
758
2330
2307
3171
1657
2853
3090
2293
3052
686
2793
2015
816
3242
2392
691
3085
2192
2984
1739
475
118
769
2362
2340
3215
1751
2912
3139
2366
3102
696
2853
2044
829
3289
2425
701
3136
2224
3039
1764
612
122
781
2395
2372
3259
1843
2969
3188
2438
3151
707
2912
2072
841
3334
2458
712
3186
2254
3091
1788
735
124
793
2426
2404
3301
1931
3024
3234
2507
3199
717
2969
2099
853
3377
2490
721
3234
2284
3142
1812
860
127
803
2457
2434
3341
2017
3078
3279
2574
3245
727
3024
2126
865
3420
2520
732
3281
2313
3192
1835
979
130
815
2487
2464
3381
2102
3130
3322
2639
3290
737
3077
2152
876
3460
2550
742
3326
2341
3240
1857
1095
133
825
2515
2493
3419
2183
3180
3365
2703
3334
746
3129
2177
887
3500
2579
751
3370
2368
3286
1878
1208
136
835
2543
2519
3456
2261
3229
3406
2763
3375
755
3179
2201
897
3538
2607
760
3412
2393
3331
1899
1316
138
845
2569
2546
3491
2337
3275
3445
2822
3416
763
3226
2224
908
3575
2633
768
3453
2419
3374
1919
1423
141
854
2594
2572
3526
2411
3321
3483
2880
3455
771
3273
2246
917
3610
2658
776
3492
2443
3415
1938
1524
143
863
2619
2596
3559
2482
3364
3520
2935
3493
779
3318
2268
927
3645
2684
785
3530
2466
3456
1956
1623
145
872
2642
2620
3590
2551
3406
3555
2989
3530
787
3362
2289
936
3678
2708
792
3567
2489
3495
1974
1720
147
880
2666
2643
3621
2619
3448
3590
3041
3565
794
3404
2309
945
3710
2731
799
3602
2510
3533
1991
1813
149
888
2687
2665
3650
2683
3487
3623
3091
3599
801
3444
2328
952
3740
2752
806
3636
2531
3568
2007
1903
150
895
2707
2685
3678
2744
3523
3654
3139
3631
806
3482
2345
959
3769
2773
811
3668
2550
3603
2022
1990
151
902
2729
2706
3706
2806
3561
3685
3186
3663
813
3521
2364
967
3798
2794
818
3700
2570
3637
2038
2075
153
910
2749
2727
3733
2865
3596
3715
3232
3694
819
3557
2381
975
3826
2814
824
3731
2589
3670
2053
2157
154
916
2767
2745
3758
2921
3630
3743
3276
3723
824
3592
2398
982
3851
2832
830
3760
2607
3701
2066
2236
155
923
2785
2763
3782
2976
3663
3771
3318
3751
830
3626
2414
989
3877
2851
836
3789
2624
3732
2080
2313
157
929
2803
2782
3806
3030
3695
3798
3360
3779
835
3659
2429
994
3901
2868
841
3816
2640
3760
2093
2388
157
934
2820
2798
3829
3081
3726
3824
3400
3806
840
3691
2444
1001
3925
2885
845
3842
2657
3789
2105
2461
158
940
2836
2815
3851
3131
3755
3849
3439
3831
845
3721
2458
1007
3948
2902
851
3868
2672
3816
2118
2531
160
946
2852
2831
3872
3179
3784
3873
3476
3856
849
3751
2472
1013
3969
2917
856
3892
2687
3842
2129
2598
160
951
14
2868
2846
3892
3226
3811
3897
3512
3880
854
3780
2485
1018
3990
2933
860
3916
2701
3868
2140
2664
161
956
112
2881
2860
3912
3272
3838
3919
3548
3903
858
3807
2498
1023
4011
2947
864
3940
2715
3893
2151
2728
162
961
268
2895
2875
3931
3315
3863
3941
3581
3926
862
3834
2511
1029
4030
2961
868
3961
2729
3916
2162
2790
163
965
392
2910
2889
3949
3358
3889
3961
3614
3947
866
3860
2522
1034
4049
2975
872
3982
2742
3939
2172
2850
164
970
523
2922
2902
3967
3399
3912
3981
3646
3967
870
3885
2534
1038
4067
2988
876
4003
2754
3961
2182
2908
165
974
649
2935
2914
3984
3439
3936
4001
3677
3988
873
3908
2545
1043
4085
3000
880
4023
2766
3982
2191
2964
166
978
769
2947
2927
4000
3477
3958
4020
3707
4007
877
3931
2555
1047
4101
3013
884
4042
2777
4002
2200
3018
166
982
889
2959
2938
4015
3514
3979
4037
3735
4026
880
3953
2565
1052
4117
3024
887
4060
2788
4022
2209
3071
166
986
1002
2970
2950
4030
3550
3999
4055
3763
4044
884
3975
2576
1055
4133
3035
891
4077
2799
4041
2217
3122
168
990
1115
2981
2961
4045
3585
4019
4072
3790
4061
886
3995
2585
1059
4147
3045
894
4094
2809
4059
2225
3171
168
993
1222
2991
2971
4059
3619
4039
4088
3816
4077
890
4015
2594
1063
4161
3056
896
4110
2819
4076
2232
3218
168
996
1327
3001
2981
4072
3652
4057
4103
3841
4093
892
4034
2603
1067
4176
3065
900
4126
2829
4093
2239
3264
169
1000
1429
3010
2991
4084
3683
4075
4118
3865
4108
895
4053
2611
1070
4188
3075
903
4141
2838
4109
2247
3309
170
1003
1528
3020
3000
4098
3714
4092
4133
3889
4123
898
4071
2619
1073
4201
3084
905
4155
2846
4125
2253
3353
170
1006
1624
3028
3009
4109
3743
4108
4146
3911
4137
900
4087
2627
1077
4213
3093
908
4169
2855
4140
2260
3394
171
1009
1717
3036
3017
4120
3771
4123
4159
3933
4151
903
4104
2634
1080
4225
3101
910
4182
2863
4154
2266
3435
171
1012
1808
3045
3025
4132
3799
4139
4172
3954
4164
905
4120
2641
1083
4235
3109
912
4195
2871
4168
2272
3474
171
1014
1895
3052
3033
4141
3825
4154
4185
3974
4176
907
4135
2648
1086
4246
3117
914
4207
2878
4181
2277
3512
172
1017
1980
3060
3041
4151
3851
4167
4196
3994
4189
909
4149
2655
1088
4256
3123
917
4219
2885
4194
2283
3549
172
1020
2063
3067
3048
4161
3875
4181
4208
4013
4200
911
4164
2661
1091
4266
3130
919
4230
2892
4206
2288
3584
173
1022
2143
3074
3055
4169
3899
4193
4218
4031
4210
913
4177
2667
1093
4275
3137
921
4240
2898
4217
2293
3618
173
1024
2220
3080
3061
4178
3922
4205
4228
4048
4222
915
4190
2673
1096
4283
3143
923
4251
2904
4229
2298
3651
173
1027
2296
3086
3068
4186
3944
4217
4238
4066
4232
916
4202
2678
1098
4292
3149
925
4261
2910
4239
2302
3683
174
1029
2369
3092
3074
4194
3966
4228
4248
4082
4241
918
4214
2683
1100
4299
3154
926
4269
2915
4249
2306
3714
174
1030
2440
3097
3079
4201
3986
4239
4256
4097
4251
920
4225
2688
1102
4307
3160
928
4278
2921
4259
2310
3744
174
1032
2509
3102
3084
4208
4006
4249
4265
4112
4260
921
4236
2693
1104
4315
3165
929
4287
2926
4268
2314
3772
175
1034
2576
3107
3090
4215
4025
4259
4273
4126
4268
922
4246
2697
1106
4321
3170
930
4295
2931
4277
2317
3800
175
1035
2640
3112
3095
4221
4044
4269
4281
4140
4275
924
4256
2701
1108
4327
3174
932
4302
2935
4285
2321
3827
175
1036
2703
3116
3099
4227
4061
4278
4288
4154
4283
925
4265
2705
1109
4333
3179
933
4310
2940
4293
2325
3853
176
1038
2764
3120
3104
4232
4078
4286
4295
4167
4291
926
4274
2709
1111
4339
3182
935
4317
2943
4300
2328
3878
176
1040
2822
3125
3108
4238
4094
4294
4302
4179
4298
927
4282
2712
1112
4344
3186
936
4323
2947
4308
2330
3902
175
1040
2879
3128
3111
4243
4110
4301
4308
4190
4304
928
4291
2716
1114
4349
3190
937
4329
2951
4315
2333
3926
176
1042
2935
3132
3115
4247
4125
4309
4314
4202
4310
929
4299
2719
1115
4354
3193
938
4335
2954
4321
2336
3948
176
1043
2989
3135
3118
4252
4140
4315
4320
4213
4316
930
4305
2722
1116
4358
3196
939
4340
2957
4327
2337
3969
176
1044
3040
3138
3122
4256
4154
4322
4325
4223
4321
930
4313
2725
1117
4362
3199
940
4345
2961
4333
2340
3990
177
1045
3091
3141
3125
4259
4167
4328
4330
4233
4327
931
4319
2727
1118
4366
3202
941
4350
2964
4339
2342
4010
177
1046
3139
3143
3128
4263
4180
4334
4335
4243
4332
932
4326
2730
1119
4370
3204
941
4354
2966
4344
2344
4029
177
1047
3187
3146
3130
4267
4192
4340
4339
4252
4337
933
4331
2732
1120
4373
3206
942
4359
2968
4349
2346
4048
177
1048
3233
3149
3133
4270
4204
4345
4344
4260
4340
934
4337
2734
1121
4376
3209
943
4363
2971
4353
2348
4066
177
1049
3276
3150
3135
4272
4216
4350
4347
4268
4345
934
4342
2736
1122
4379
3211
943
4366
2973
4357
2349
4082
177
1049
3320
3153
3137
4275
4226
4354
4351
4277
4348
934
4347
2738
1123
4381
3213
943
4370
2974
4361
2350
4099
177
1049
3361
3154
3139
4277
4236
4358
4354
4284
4352
935
4351
2739
1123
4383
3215
944
4373
2976
4364
2352
4115
177
1050
3402
3156
3141
4279
4246
4363
4357
4291
4355
936
4356
2741
1124
4385
3216
945
4376
2978
4368
2353
4130
177
1051
3441
3158
3142
4281
4256
4366
4360
4298
4358
936
4359
2742
1124
4387
3217
945
4378
2979
4371
2354
4145
177
1051
3478
3159
3143
4282
4265
4369
4362
4304
4361
936
4364
2743
1125
4389
3218
945
4381
2980
4374
2355
4159
177
1051
3515
3159
3145
4284
4274
4373
4365
4310
4363
936
4367
2744
1125
4390
3219
946
4383
2982
4377
2355
4172
177
1052
3550
3161
3146
4286
4282
4376
4367
4316
4365
937
4370
2745
1126
4391
3220
946
4384
2982
4379
2356
4185
177
1052
3584
3162
3147
4287
4290
4378
4369
4321
4367
937
4373
2746
1126
4392
3220
946
4386
2983
4380
2357
4198
177
1052
3617
3162
3148
4288
4297
4381
4371
4326
4369
937
4375
2747
1127
4392
3221
946
4388
2984
4383
2357
4210
178
1053
3650
3163
3149
4288
4304
4383
4372
4331
4371
937
4378
2747
1127
4394
3222
947
4389
2985
4385
2358
4221
178
1053
3680
3163
3149
4289
4311
4385
4373
4336
4372
937
4380
2748
1127
4394
3222
946
4390
2985
4386
2357
4232
178
1053
3710
3164
3150
4289
4317
4386
4375
4340
4373
937
4382
2749
1127
4395
3222
947
4391
2986
4388
2358
4243
178
1053
3739
3164
3150
4290
4323
4388
4375
4344
4375
937
4384
2749
1127
4394
3222
947
4391
2986
4389
2358
4253
177
1053
3767
3164
3150
4289
4329
4389
4376
4348
4375
937
4385
2748
1127
4394
3222
946
4392
2986
4389
2358
4262
177
1053
3794
3164
3150
4289
4334
4390
4376
4351
4376
937
4387
2748
1127
4394
3222
946
4392
2986
4389
2358
4271
178
1053
3820
3163
3150
4289
4339
4391
4377
4354
4376
937
4388
2748
1127
4393
3221
947
4393
2986
4391
2358
4280
177
1053
3845
3163
3150
4288
4344
4391
4378
4357
4376
936
4389
2748
1127
4393
3220
946
4392
2985
4391
2357
4288
177
1053
3869
3163
3150
4288
4348
4392
4377
4360
4377
936
4390
2748
1127
4392
3220
946
4392
2986
4391
2357
4295
177
1053
3893
3162
3149
4287
4352
4393
4377
4362
4377
936
4391
2748
1127
4391
3219
946
4392
2985
4391
2357
4303
177
1053
3916
3162
3149
4286
4356
4393
4377
4364
4377
936
4391
2747
1127
4390
3219
946
4391
2984
4391
2357
4310
177
1052
3937
3161
3148
4285
4360
4393
4376
4366
4376
936
4391
2747
1126
4389
3218
945
4391
2984
4390
2356
4316
177
1052
3958
3160
3147
4284
4362
4392
4376
4368
4376
935
4391
2746
1127
4388
3217
945
4390
2983
4390
2355
4323
177
1052
3979
3159
3146
4282
4366
4392
4375
4370
4375
935
4391
2745
1126
4387
3216
945
4389
2983
4390
2354
4329
177
1051
3998
3158
3146
4281
4369
4392
4375
4371
4375
934
4390
2744
1125
4384
3214
944
4388
2981
4388
2354
4334
177
1051
4017
3157
3144
4279
4371
4391
4373
4372
4373
934
4390
2743
1125
4383
3213
944
4387
2980
4387
2352
4339
177
1050
4035
3156
3143
4278
4373
4390
4372
4373
4372
934
4389
2743
1125
4381
3212
944
4385
2979
4387
2352
4344
177
1050
4053
3155
3143
4277
4376
4389
4371
4374
4371
934
4389
2741
1124
4379
3210
944
4384
2978
4385
2351
4349
177
1049
4069
3153
3141
4275
4377
4388
4370
4375
4370
933
4388
2741
1124
4377
3209
943
4382
2977
4384
2350
4353
176
1049
4086
3152
3140
4272
4378
4387
4368
4375
4368
932
4386
2739
1123
4375
3208
943
4381
2976
4383
2349
4358
177
1049
4102
3151
3139
4270
4380
4385
4367
4375
4367
932
4385
2738
1123
4373
3206
942
4378
2974
4381
2347
4361
177
1048
4116
3149
3137
4268
4382
4385
4365
4375
4365
931
4384
2737
1123
4371
3204
941
4377
2973
4379
2346
4364
176
1047
4130
3147
3136
4266
4382
4383
4363
4375
4364
931
4383
2736
1122
4368
3203
941
4375
2971
4377
2345
4368
177
1047
4145
3146
3134
4264
4384
4381
4361
4375
4362
930
4382
2734
1122
4366
3200
941
4373
2970
4375
2344
4371
177
1047
4158
3144
3132
4262
4384
4380
4359
4375
4360
930
4380
2732
1121
4363
3198
940
4370
2968
4373
2343
4374
176
1046
4170
3142
3131
4259
4384
4377
4357
4374
4357
929
4378
2731
1120
4361
3197
940
4368
2967
4372
2342
4376
176
1045
4183
3140
3129
4256
4384
4375
4355
4374
4355
928
4376
2730
1120
4358
3195
939
4366
2965
4369
2341
4379
176
1045
4195
3139
3127
4253
4385
4373
4352
4373
4353
928
4374
2728
1119
4355
3192
938
4363
2963
4367
2338
4381
175
1044
4205
3137
3125
4251
4385
4371
4350
4372
4350
927
4372
2726
1118
4352
3190
938
4360
2961
4364
2337
4382
176
1043
4217
3134
3123
4248
4384
4369
4347
4371
4348
927
4370
2724
1117
4349
3188
937
4358
2959
4362
2336
4384
176
1043
4227
3132
3121
4245
4384
4366
4345
4370
4346
926
4367
2723
1117
4346
3186
937
4355
2957
4359
2334
4385
175
1042
4237
3130
3119
4242
4384
4364
4343
4369
4343
925
4365
2721
1116
4343
3183
936
4352
2955
4357
2332
4386
175
1041
4246
3128
3117
4239
4383
4361
4340
4367
4340
925
4363
2719
1115
4340
3181
935
4349
2954
4354
2330
4388
176
1041
4255
3125
3115
4236
4382
4358
4337
4365
4338
924
4360
2717
1115
4337
3179
935
4347
2951
4351
2328
4388
175
1040
4264
3123
3113
4233
4382
4356
4334
4364
4335
923
4358
2715
1114
4333
3176
934
4343
2949
4348
2327
4389
175
1038
4272
3121
3110
4229
4380
4353
4331
4362
4332
923
4355
2713
1113
4330
3174
933
4340
2947
4345
2325
4389
175
1038
4280
3118
3108
4226
4379
4350
4328
4360
4329
922
4352
2711
1112
4327
3171
932
4337
2945
4342
2324
4390
175
1038
4287
3116
3105
4223
4378
4347
4325
4358
4326
921
4349
2709
1111
4323
3169
931
4334
2942
4338
2321
4389
174
1036
4294
3113
3103
4219
4376
4344
4322
4356
4323
920
4346
2707
1110
4319
3166
931
4330
2940
4335
2319
4389
175
1036
4301
3111
3100
4216
4374
4341
4318
4354
4319
919
4343
2705
1110
4316
3164
930
4327
2938
4332
2318
4389
175
1035
4308
3108
3098
4213
4373
4337
4315
4352
4316
919
4340
2703
1109
4312
3161
929
4323
2935
4329
2316
4389
174
1034
4313
3106
3096
4209
4371
4334
4312
4349
4312
918
4337
2700
1108
4308
3158
928
4320
2933
4325
2313
4388
174
1033
4318
3103
3093
4205
4369
4330
4308
4347
4309
917
4333
2698
1107
4304
3155
927
4317
2930
4322
2312
4387
174
1032
4324
3100
3090
4201
4367
4328
4305
4344
4306
916
4330
2696
1106
4300
3152
927
4313
2927
4319
2310
4387
174
1031
4329
3098
3088
4198
4365
4324
4301
4342
4302
915
4327
2693
1104
4297
3149
926
4308
2925
4315
2307
4385
173
1030
4333
3095
3085
4194
4363
4320
4298
4339
4299
914
4323
2691
1104
4293
3147
925
4305
2923
4312
2306
4384
173
1029
4338
3092
3082
4190
4360
4317
4294
4336
4295
914
4319
2688
1103
4289
3144
924
4302
2920
4308
2304
4383
173
1029
4343
3089
3079
4187
4358
4313
4290
4333
4291
913
4316
2686
1101
4284
3140
923
4297
2917
4304
2301
4382
173
1027
4346
3087
3077
4183
4356
4309
4287
4330
4288
912
4313
2683
1101
4281
3137
922
4293
2915
4300
2299
4380
173
1026
4350
3083
3074
4179
4353
4306
4283
4327
4284
911
4309
2681
1100
4277
3135
922
4290
2912
4296
2297
4378
173
1026
4353
3081
3071
4175
4350
4302
4279
4324
4280
910
4305
2679
1099
4272
3132
921
4285
2909
4292
2294
4376
172
1024
4356
3078
3068
4171
4348
4298
4275
4321
4276
909
4302
2676
1098
4268
3128
920
4281
2907
4288
2293
4375
172
1023
4359
3074
3065
4167
4345
4294
4271
4318
4272
908
4297
2673
1097
4264
3125
919
4278
2904
4285
2290
4373
172
1022
4362
3072
3062
4162
4342
4290
4267
4315
4268
908
4294
2671
1096
4259
3122
918
4274
2901
4281
2288
4371
172
1022
4364
3069
3059
4158
4339
4287
4263
4311
4264
907
4290
2668
1094
4255
3119
917
4269
2898
4276
2286
4368
172
1020
4366
3066
3056
4154
4336
4282
4259
4308
4260
906
4286
2666
1093
4251
3116
916
4265
2895
4272
2283
4366
172
1019
4368
3062
3053
4150
4333
4278
4255
4305
4256
905
4282
2663
1092
