4837
4836
4836
4836
4837
4837
4836
4836
4836
4836
4837
4837
4836
4999
4837
4836
4837
4837
4836
4837
4751
4732
4837
4911
4907
4830
4830
4829
4829
4829
4830
4830
4829
4829
4829
4829
4830
4830
4829
4999
4830
4829
4830
4830
4829
4830
4744
4725
4829
4904
4900
4823
4824
4823
4823
4823
4823
4823
4823
4823
4823
4823
4823
4824
4823
4999
4824
4823
4824
4823
4823
4823
4738
4718
4823
4898
4894
4817
4817
4817
4817
4817
4817
4817
4817
4816
4817
4817
4817
4817
4817
4999
4817
4817
4817
4817
4817
4817
4732
4713
4817
4891
4887
4810
4811
4810
4810
4810
4810
4810
4810
4810
4810
4810
4810
4811
4810
4999
4811
4810
4811
4811
4810
4810
4725
4706
4810
4885
4880
4804
4804
4804
4804
4804
4804
4804
4804
4804
4804
4804
4804
4804
4804
4999
4804
4804
4804
4804
4804
4804
4720
4700
4804
4878
4874
4798
4798
4797
4797
4798
4798
4798
4797
4797
4797
4797
4798
4798
4797
4998
4798
4797
4798
4798
4797
4798
4713
4693
4797
4872
4868
4794
4794
4793
4794
4794
4794
4794
4793
4793
4794
4793
4794
4794
4794
4985
4794
4793
4794
4793
4793
4793
4709
4690
4793
4865
4861
4872
4872
4871
4871
4871
4871
4871
4870
4869
4877
4869
4869
4869
4875
4748
4869
4868
4869
4868
4868
4868
4815
4803
4867
4859
4855
4999
4999
4999
4999
4999
4999
4999
4999
4999
4999
4998
4999
4999
4999
4219
4999
4998
4998
4998
4998
4998
4998
4998
4998
4852
4848
4979
4979
4979
4979
4979
4979
4979
4979
4978
4979
4979
4979
4979
4978
4101
4979
4979
4979
4979
4979
4979
4976
4974
4979
4846
4842
4985
4985
4985
4984
4985
4985
4985
4984
4984
4985
4984
4985
4985
4985
4041
4985
4984
4985
4985
4984
4985
4986
4987
4984
4839
4835
31
29
28
27
25
24
22
21
19
18
17
15
14
12
9
8
6
5
3
2
1
108
109
109
110
111
112
113
113
114
115
116
117
118
118
120
121
122
122
123
124
125
126
126
139
140
92
92
93
93
93
93
94
94
94
94
94
94
95
95
95
95
95
96
96
96
96
96
97
96
96
60
60
60
60
60
60
60
60
60
60
59
59
59
59
59
59
59
59
59
59
59
59
58
56
56
8
8
8
8
8
7
7
7
7
7
7
7
7
6
6
6
6
6
6
5
5
5
3
3
7
7
7
7
7
7
7
8
8
8
8
8
8
8
8
9
9
9
9
9
9
9
10
10
16
16
16
16
16
16
16
16
16
16
16
16
16
16
16
16
16
16
16
16
16
16
16
8
8
8
8
8
8
8
8
8
8
5
8
8
8
8
8
8
4
8
8
8
7
7
1
1
1
1
1
1
1
1
1
1
1
1
1
2
2
1
2
2
2
2
2
2
2
2
2
2
2
2
2
2
1
1
1
1
1
1
1
1
1
1
1
357
396
345
365
346
345
340
338
329
379
337
334
328
373
56
326
324
327
318
319
313
318
312
321
313
341
68
61
78
70
81
79
82
82
86
68
84
86
89
77
137
93
95
95
96
99
101
99
101
101
92
93
119
119
124
121
126
124
125
124
126
119
124
124
126
122
123
127
128
127
126
128
128
127
127
128
132
123
72
79
73
73
75
73
73
72
72
75
72
71
71
76
44
72
73
73
70
72
72
71
71
73
62
72
14
23
14
16
16
14
14
13
13
18
13
13
13
19
13
14
14
11
13
12
12
11
13
8
13
5
9
7
6
10
8
8
7
9
6
7
7
8
8
19
9
10
9
8
10
9
8
8
10
6
18
25
20
19
23
21
21
19
21
21
19
19
21
23
18
21
22
22
20
22
21
20
20
22
28
19
10
19
12
12
15
12
12
11
12
15
12
12
12
16
6
12
14
13
11
13
12
11
11
13
12
2
2
11
3
3
5
3
3
1
3
7
2
2
2
8
2
4
3
1
4
2
1
1
3
21
1
2
10
3
3
6
4
4
2
4
6
3
3
3
8
4
4
5
5
2
5
3
3
3
5
29
2
7
1
3
3
3
13
4
4
8
5
5
4
5
9
5
4
5
10
3
6
6
6
4
7
6
4
4
6
3
8
2
4
5
1
1
1
26
2
12
3
3
7
4
4
3
5
9
3
3
4
9
1
4
5
5
3
5
4
3
2
5
40
2
1
10
1
1
4
2
2
1
3
7
1
1
2
7
1
2
3
3
1
3
2
1
3
1
12
2
2
5
3
3
1
3
8
2
2
2
8
2
4
4
1
4
2
1
3
1
2
13
2
2
5
3
3
2
4
8
2
3
3
9
1
3
4
4
2
4
3
1
1
3
23
1
1
12
1
1
4
2
2
1
3
8
2
2
2
8
1
3
4
4
1
4
2
1
1
3
19
1
2
14
2
3
6
4
4
2
4
10
3
3
3
10
2
4
5
5
2
5
3
2
2
4
2
2
13
2
2
5
3
3
1
3
9
2
2
2
9
1
3
3
4
1
4
3
1
1
3
1
2
14
2
3
6
3
3
2
4
9
3
3
3
10
1
4
5
5
2
5
3
2
2
4
1
2
15
2
2
6
3
3
2
4
10
3
3
3
10
1
3
5
5
2
5
3
2
1
4
53
1
2
15
2
3
6
4
4
2
4
11
3
3
3
10
1
3
5
4
2
5
3
2
1
3
24
1
3
16
2
3
7
4
4
2
4
11
3
3
3
11
2
3
4
5
2
5
3
2
1
4
1
3
16
2
3
6
4
4
2
4
11
3
3
3
11
2
4
5
5
3
5
3
2
1
4
2
3
17
2
3
7
4
4
2
5
11
3
4
3
11
2
3
5
5
2
5
3
2
1
4
37
1
3
17
2
3
7
5
4
2
4
12
3
3
3
11
2
4
5
5
2
5
3
1
1
3
4
1
3
17
2
3
7
4
4
2
5
12
4
4
4
12
2
4
5
5
3
5
3
2
1
4
2
3
18
3
3
7
4
4
3
5
13
3
4
4
12
2
4
5
5
3
6
3
2
1
4
2
3
18
3
3
7
5
5
3
5
13
3
3
3
12
2
4
5
5
3
6
3
2
1
5
46
2
3
18
2
3
7
4
4
2
5
14
4
4
4
13
2
5
6
6
3
6
4
3
2
5
12
2
3
19
2
3
7
5
5
3
5
14
4
4
4
13
2
5
6
6
3
6
4
2
2
5
2
4
19
3
3
8
5
5
3
5
14
4
4
4
13
3
5
6
6
3
6
4
2
2
5
2
4
19
2
3
7
5
4
2
6
14
4
4
4
14
3
5
6
6
3
6
4
3
2
5
39
2
4
20
2
3
7
5
5
3
6
15
4
5
4
14
3
5
6
6
4
7
4
3
2
5
63
3
4
21
3
3
8
5
5
3
6
15
4
5
4
14
3
5
6
6
4
7
4
2
2
5
3
4
21
3
4
8
5
5
3
6
16
5
5
4
14
2
5
6
6
4
7
4
3
2
5
3
5
21
3
4
8
5
5
3
6
16
5
5
5
15
3
6
7
7
4
7
5
3
2
6
30
3
5
22
3
4
9
6
5
3
7
16
5
5
5
15
3
5
7
6
4
7
4
3
2
6
69
3
5
22
3
4
9
6
5
3
7
17
5
5
5
15
3
5
6
7
4
7
5
3
2
5
17
2
5
22
3
4
9
5
5
3
7
17
5
5
5
16
3
6
7
7
4
7
5
3
2
6
3
5
23
3
4
9
6
5
3
7
18
5
6
5
16
4
6
7
7
4
7
5
3
2
6
23
3
5
23
3
4
9
6
6
3
7
18
5
5
5
16
3
6
7
7
4
7
5
3
2
6
56
2
5
23
3
4
9
6
5
4
7
18
5
5
5
17
3
6
7
7
4
8
5
3
2
6
13
3
6
24
3
4
9
7
6
4
7
19
6
6
6
17
3
6
8
8
5
8
5
4
3
6
3
6
24
3
4
9
6
6
4
7
19
6
5
5
17
3
6
7
7
5
8
5
3
2
6
23
3
6
25
3
4
9
6
6
4
7
19
6
6
6
17
4
6
7
8
5
8
5
4
2
6
76
3
6
25
3
4
10
6
6
4
8
19
6
6
6
18
4
7
8
8
5
8
5
4
3
7
10
3
6
25
3
5
10
7
6
4
8
20
6
6
5
18
4
6
8
8
5
8
5
4
2
7
3
6
26
4
5
9
7
6
4
8
20
6
6
6
18
4
7
8
8
5
8
5
4
3
7
1
3
6
26
3
5
10
7
6
4
8
20
6
6
6
19
4
7
8
8
6
8
6
4
3
7
54
4
6
26
3
5
10
7
6
4
8
21
7
6
6
18
4
7
8
8
5
8
5
4
3
7
20
3
7
27
4
5
10
7
7
5
9
21
7
7
6
19
4
7
8
9
5
9
6
4
3
7
4
7
27
4
5
10
7
6
4
8
22
7
7
6
19
4
7
9
9
6
9
6
4
3
7
3
6
28
4
5
10
7
7
4
8
22
7
7
6
19
4
7
9
9
6
9
7
4
3
8
32
4
7
28
4
5
10
7
7
5
9
23
7
7
7
19
4
7
9
9
6
9
6
5
3
7
6
4
7
28
4
5
10
8
7
5
9
23
7
7
6
20
5
7
9
9
6
9
6
4
2
7
4
7
29
4
5
10
7
7
5
9
23
7
7
6
20
5
8
9
9
6
10
6
5
3
7
4
7
29
4
5
11
7
7
5
9
23
7
7
7
20
5
8
9
9
6
10
6
5
3
7
51
4
8
30
4
5
11
7
7
5
9
24
7
7
7
20
5
7
9
9
6
10
6
4
3
7
32
4
8
30
4
5
11
7
7
5
9
24
7
8
7
21
5
8
9
10
7
10
7
5
3
7
4
8
30
4
5
11
8
7
5
9
24
8
7
7
21
5
8
9
10
6
10
7
5
3
8
4
8
31
4
6
11
8
7
5
10
25
8
8
7
21
5
8
9
9
6
9
7
5
3
7
27
4
8
31
4
6
11
8
8
5
10
25
8
7
8
21
5
8
9
10
7
10
7
4
3
8
75
4
8
31
4
6
11
8
8
5
10
25
8
7
7
22
5
8
10
10
7
10
7
5
4
8
4
9
32
4
6
12
8
8
5
10
26
8
8
7
22
5
9
9
10
6
10
7
5
3
8
4
8
32
4
6
12
8
7
5
10
26
8
8
7
22
5
9
9
10
7
10
6
5
3
8
4
8
32
4
6
12
9
8
5
10
26
8
8
8
22
6
9
10
10
7
11
7
5
3
9
36
5
9
32
4
5
12
8
8
5
10
26
9
8
8
23
6
9
10
10
7
10
7
5
3
8
26
4
9
33
4
6
12
9
8
6
10
27
8
8
8
23
5
9
10
10
7
10
7
5
4
8
4
9
33
4
6
12
9
8
6
11
27
8
9
8
23
6
9
11
11
7
11
7
5
4
8
40
5
9
33
4
6
12
9
8
5
11
27
9
9
8
23
6
9
10
11
7
11
7
5
4
8
78
5
9
34
5
6
13
9
9
6
11
27
9
8
8
24
6
9
10
11
7
11
7
5
4
9
19
5
10
34
5
6
13
9
8
6
11
28
9
9
8
24
6
9
11
11
7
11
8
5
4
9
5
9
34
5
6
13
9
8
6
11
28
9
9
8
24
6
9
11
11
7
11
8
5
4
9
21
5
10
35
5
7
13
9
9
6
11
28
9
9
8
24
6
9
10
11
7
11
8
5
3
9
68
4
10
35
5
6
13
9
8
6
12
28
9
9
9
24
6
10
11
11
7
11
8
5
4
9
36
5
10
35
5
6
13
9
8
6
12
29
9
9
9
25
7
10
11
12
8
12
8
6
4
10
5
10
36
5
6
13
9
9
6
12
29
9
9
9
25
6
9
11
11
8
11
8
5
3
9
5
10
36
5
7
13
10
9
6
12
29
9
9
9
25
6
10
11
11
8
11
8
5
3
9
42
5
10
36
5
6
13
10
8
6
12
30
10
9
9
25
7
10
11
12
8
12
8
6
3
10
12
5
10
36
5
7
13
10
9
6
12
30
10
10
9
26
7
10
12
12
8
12
8
6
4
10
5
10
37
5
7
14
10
9
6
12
30
10
10
9
26
6
10
12
12
8
12
8
6
4
9
5
11
37
5
7
14
10
9
6
12
30
10
10
9
26
7
10
12
12
8
12
8
6
4
10
22
5
10
37
5
7
14
10
9
6
12
31
10
10
9
26
7
10
12
12
8
12
8
6
4
10
18
5
11
38
5
7
14
10
9
7
13
31
10
10
9
27
7
10
12
12
8
12
8
6
4
10
5
11
38
5
7
14
10
9
7
12
31
10
10
9
27
7
10
12
12
8
12
8
6
4
10
5
11
38
5
7
14
10
9
7
12
31
10
10
9
27
7
10
12
12
9
12
9
6
4
10
14
6
11
39
5
7
14
10
9
7
13
32
10
11
10
27
7
11
12
12
8
13
8
6
4
10
9
5
11
39
5
7
14
10
10
7
13
32
10
10
9
27
7
10
12
12
8
13
8
6
4
10
5
11
39
5
7
14
10
9
7
13
32
11
11
10
28
7
10
13
13
9
13
9
7
4
10
5
11
40
5
7
15
10
10
7
13
32
11
11
10
28
7
11
12
13
9
13
9
6
4
10
10
5
12
40
5
7
15
11
10
7
13
33
11
11
10
28
7
11
12
13
9
13
9
6
4
10
51
5
11
40
5
7
15
10
10
7
13
33
11
11
10
28
7
11
13
13
9
13
9
6
5
10
13
5
12
41
6
7
15
10
10
7
14
33
11
11
10
28
8
11
13
13
9
13
9
7
5
10
5
12
41
6
8
15
11
10
7
14
34
11
11
10
28
8
11
12
13
9
13
9
7
4
10
5
12
41
6
8
15
11
10
7
14
34
11
11
10
28
8
11
12
13
9
13
9
7
4
11
36
5
12
41
6
8
15
11
10
7
14
34
11
12
10
29
8
12
13
14
9
14
9
7
5
10
4
5
12
42
5
8
15
11
10
7
14
34
11
11
10
29
7
11
13
13
9
14
9
7
4
10
5
12
42
6
8
16
11
11
8
14
34
11
11
10
29
8
11
13
14
9
14
9
7
4
11
16
5
12
42
6
7
15
11
10
7
14
34
12
11
10
29
8
12
13
14
9
14
9
7
5
11
41
6
12
42
6
8
16
11
10
7
14
34
12
11
10
29
8
12
13
14
9
14
9
7
5
11
6
6
12
43
6
8
16
12
10
8
14
35
12
11
10
30
8
12
13
14
9
14
9
7
4
11
6
12
43
6
7
16
12
11
8
14
35
12
12
10
30
8
12
13
14
10
14
10
7
5
11
6
13
43
6
8
16
12
10
8
14
35
12
12
10
30
8
12
14
14
10
14
10
7
5
11
10
6
13
43
6
8
16
12
11
8
15
36
12
12
10
30
8
12
14
14
10
14
10
7
5
11
20
5
13
44
6
8
16
12
11
8
15
36
12
12
11
30
8
12
14
14
10
14
10
7
5
11
6
13
44
6
8
16
12
10
8
15
36
12
12
11
30
8
12
14
15
10
14
10
7
5
12
5
13
44
6
8
16
12
11
8
15
36
12
12
11
31
8
12
14
14
10
14
10
7
5
11
23
5
13
45
6
8
16
12
11
8
15
36
12
12
11
31
8
12
14
14
10
14
9
7
4
11
59
5
13
45
6
8
16
12
11
8
15
36
12
13
11
31
9
12
14
15
10
15
10
8
5
12
1
6
14
45
6
8
16
12
11
8
15
37
12
12
11
31
9
13
14
15
10
15
10
8
5
12
6
14
45
6
8
17
12
11
8
16
37
12
13
11
32
9
12
14
15
10
14
10
7
5
11
54
6
14
46
6
8
17
13
11
8
16
37
13
13
12
32
9
12
14
15
10
15
10
7
5
12
85
5
14
46
7
8
17
12
11
9
16
38
13
13
12
32
9
13
15
15
10
15
11
8
5
12
21
6
14
46
7
8
17
13
11
9
16
38
13
13
11
32
9
13
14
15
10
15
10
8
5
11
1
6
14
46
6
8
17
13
11
9
16
38
13
13
12
33
9
13
15
15
10
15
10
7
5
12
50
6
14
47
6
8
17
13
12
9
16
38
13
13
12
33
9
13
15
15
11
16
11
8
5
12
47
6
14
47
6
8
17
13
11
9
16
39
13
13
12
33
9
13
15
15
11
15
10
8
5
12
6
14
47
6
9
17
13
12
9
16
39
13
13
12
33
9
13
15
15
10
15
10
8
5
12
6
15
47
6
8
17
13
12
9
16
39
13
14
12
33
10
13
15
16
11
16
11
8
5
12
21
6
15
47
6
8
18
13
11
9
16
39
14
13
12
33
9
13
15
16
11
16
11
8
5
12
56
6
15
48
7
9
18
13
12
9
17
39
14
13
12
33
9
13
15
16
10
16
11
8
5
12
6
15
48
6
9
18
13
12
9
17
39
14
14
12
34
9
14
15
16
11
16
11
8
5
12
6
15
48
7
8
18
13
12
9
17
40
14
14
12
34
10
14
16
16
11
16
11
8
5
13
8
6
15
48
7
9
18
13
12
9
17
40
13
14
12
34
10
13
15
16
11
16
11
8
5
12
43
6
15
48
7
9
18
13
12
9
17
40
14
14
12
34
10
14
15
16
11
16
11
8
5
12
14
6
16
49
7
8
18
14
12
9
17
40
14
14
13
34
10
14
16
16
11
16
11
8
6
13
6
15
49
7
9
18
14
12
9
17
41
14
14
12
34
10
14
16
17
11
16
11
8
6
13
6
6
16
49
7
9
19
14
12
9
17
41
14
14
12
35
10
14
16
16
11
17
11
8
6
12
48
6
15
49
7
9
18
14
13
9
18
41
14
14
13
35
10
14
16
17
11
17
11
9
5
13
34
6
15
49
7
9
18
14
12
9
17
41
14
14
13
34
10
14
16
17
11
16
11
8
5
13
6
16
50
7
9
19
14
13
10
18
41
14
14
13
35
10
14
16
17
12
17
11
8
6
13
6
15
50
7
9
19
14
12
9
18
42
14
14
13
35
10
14
16
17
12
17
12
9
6
13
32
6
16
50
7
9
19
14
12
9
18
41
14
14
13
36
10
14
16
17
12
17
11
9
6
13
49
6
16
50
7
9
19
14
13
10
18
42
14
15
13
35
10
14
16
17
12
16
11
8
6
13
6
16
50
7
9
19
14
12
9
18
42
15
15
13
36
10
14
16
17
12
17
11
8
6
13
6
16
51
7
9
19
14
13
9
18
42
15
15
14
36
11
15
17
18
12
17
11
9
6
14
34
7
16
52
7
10
19
14
13
10
18
42
15
15
14
36
10
14
16
17
12
17
11
9
6
14
56
6
16
52
7
9
19
14
13
10
18
43
15
15
13
36
10
14
16
17
12
17
12
9
6
13
30
6
17
51
7
9
19
14
13
10
18
43
15
15
13
36
11
