13
10
13
17
5
48
14
23
5
14
18
20
3
12
53
91
1861
15
14
1
1
18
3
4
3
26
69
1863
10
17
21
4
1
1
29
17
1865
13
1
4
2
3
6
39
1
16
1
5
10
4
8
43
9
1873
22
12
8
6
2
20
17
1885
5
21
5
4
4
28
27
1875
31
3
20
10
5
8
2
14
6
6
9
23
1
1870
31
8
15
4
4
8
3
25
9
3
7
32
1872
15
29
26
10
17
3
10
23
12
9
2
5
9
13
40
12
1861
6
17
11
13
15
8
14
25
14
10
7
5
14
26
27
1847
9
13
1
9
11
14
7
15
37
21
12
8
4
12
36
2
1849
9
27
25
8
17
5
18
20
10
14
9
6
12
31
1845
18
21
14
7
4
28
10
5
2
3
8
7
30
1853
7
22
20
7
13
5
1
1
7
4
18
1
1838
6
9
2
16
3
3
2
16
8
1836
15
1
14
12
5
20
6
1
2
1
29
1848
12
35
1
20
1
4
3
39
5
20
7
17
8
4
3
49
1854
19
12
1
4
6
6
4
35
12
6
6
2
3
5
35
9
1858
11
23
1
18
6
10
2
7
16
8
8
8
9
2
3
8
34
19
1863
7
15
35
14
7
7
5
10
24
9
7
12
4
2
7
36
1867
19
13
13
12
8
12
17
23
13
12
11
1
1
9
35
1864
12
15
11
16
22
31
8
16
3
19
5
19
3
13
41
2
1855
16
4
18
9
10
9
17
14
4
12
6
3
9
36
27
1855
3
5
2
11
10
15
22
28
17
11
11
3
11
36
6
1860
8
8
4
10
15
18
14
7
3
3
6
33
1856
14
13
8
9
11
16
14
8
7
6
9
41
1856
2
10
8
11
12
16
22
34
16
11
14
10
15
42
31
1857
9
4
9
5
11
16
18
6
4
1
5
5
11
37
16
1855
6
8
11
10
12
18
20
8
7
5
5
14
42
1858
5
5
12
9
12
19
27
13
9
9
3
14
42
1855
8
8
11
12
14
19
27
9
9
1
9
3
12
3
16
48
27
1847
26
30
13
19
13
20
22
7
14
4
14
7
16
2
9
17
54
24
1846
33
24
3
13
3
13
17
17
8
5
2
5
9
43
1842
6
7
10
11
36
4
6
9
4
5
43
1845
2
9
5
12
27
19
11
13
2
6
5
52
25
1846
17
4
8
28
21
9
10
5
3
43
24
1840
17
9
5
6
7
34
13
8
13
14
6
4
47
1837
19
4
22
19
9
8
36
21
11
16
6
12
7
63
1841
26
8
6
2
28
10
6
7
9
5
44
13
1827
9
2
3
7
5
29
20
8
7
15
7
8
50
32
1811
12
17
3
8
5
21
13
3
9
6
7
48
1813
24
20
10
14
9
14
22
2
16
14
14
7
12
48
1813
1
1
13
12
16
20
48
6
23
3
19
11
22
3
12
58
21
1808
2
25
12
4
6
11
32
7
7
5
7
45
22
1806
9
8
5
16
13
16
23
28
1
22
3
21
4
18
3
15
52
1809
4
44
28
22
28
30
39
19
45
26
33
12
33
23
32
4
14
27
59
1816
10
4
36
16
17
14
22
12
6
15
10
9
18
43
1823
7
14
10
15
24
22
12
15
6
13
1
16
48
25
1819
14
29
5
15
13
18
27
32
5
17
16
16
4
15
42
6
1831
13
11
17
12
16
17
27
27
28
21
10
21
5
15
53
1847
5
1
16
20
22
30
45
32
2
26
12
33
6
19
64
6
1847
11
8
17
13
17
14
21
32
7
14
1
16
20
5
15
51
25
1846
18
21
8
17
10
18
27
1
18
15
5
16
7
13
55
2
1841
15
21
15
6
18
7
18
36
23
15
3
17
6
12
57
1836
16
13
6
13
3
13
20
21
10
11
6
11
54
1822
13
10
5
12
1
11
44
18
9
3
13
8
13
54
16
1806
5
1
17
3
2
3
1
34
1814
11
17
14
3
3
47
1808
10
9
30
10
4
7
49
1797
5
13
9
2
6
1
39
5
1804
3
30
6
6
3
3
52
5
1809
15
6
7
3
14
12
6
4
6
48
1803
7
12
5
9
7
7
8
18
12
6
7
7
11
45
1800
3
5
7
6
7
9
29
5
5
1
13
5
9
45
11
1802
6
6
1
7
8
18
14
5
12
2
7
46
13
1804
10
6
8
4
7
11
17
3
7
5
6
10
3
10
47
1809
5
10
5
6
6
12
31
2
8
6
2
11
4
10
49
1809
18
1
13
8
8
8
14
12
8
5
1
9
5
13
47
4
1798
17
5
14
11
15
22
23
3
14
11
9
11
5
18
57
24
1791
4
7
16
14
18
25
20
7
15
14
7
19
3
20
52
1785
6
12
14
18
17
24
23
3
21
16
19
4
20
49
1781
19
9
19
12
19
14
21
17
13
17
10
7
19
45
1785
23
16
27
20
28
18
7
10
4
25
14
22
12
25
54
24
1777
15
10
11
19
16
24
27
6
24
19
7
18
10
20
50
1773
9
8
3
4
12
18
17
26
32
7
32
1
25
12
25
7
19
57
1774
5
27
13
27
20
29
35
5
26
2
32
24
33
10
23
59
1768
14
21
11
20
14
22
2
23
6
21
25
2
27
7
17
52
30
1770
15
4
5
12
16
14
21
36
1
27
1
25
4
32
3
14
61
21
1769
28
5
2
4
9
5
11
40
7
33
18
18
26
6
65
1767
14
8
11
3
9
4
32
2
20
12
4
23
3
6
57
1775
18
16
3
13
5
38
21
11
21
9
10
60
24
1771
4
13
6
10
3
6
5
47
7
1773
14
14
14
1
15
15
2
5
5
38
1778
8
5
5
3
23
21
2
2
10
4
10
48
1769
6
6
7
5
9
1
3
2
10
36
20
1765
2
16
10
13
11
18
19
9
7
8
4
9
7
15
45
39
1764
15
1
15
15
20
19
27
18
18
19
4
18
17
17
7
19
47
14
1761
25
13
19
20
25
33
11
31
16
30
9
24
22
26
7
21
58
24
1753
1
6
6
20
20
29
34
2
28
23
18
12
23
30
25
5
21
53
60
1764
9
10
21
19
29
34
17
19
19
11
24
38
22
3
21
50
66
1783
28
3
10
16
21
20
28
33
2
24
14
21
11
25
13
24
2
20
57
36
1786
47
16
2
21
17
27
31
22
9
22
8
19
2
24
18
45
1786
16
1
7
21
16
28
32
29
23
13
13
21
23
24
19
53
15
1786
4
16
16
20
22
27
26
15
18
6
18
10
19
3
20
54
11
1795
24
3
9
8
13
11
16
19
9
3
11
11
12
16
14
40
1792
45
25
2
12
15
16
18
21
12
5
10
4
13
14
14
4
16
44
1784
28
4
3
20
19
22
25
1
27
8
24
5
16
14
14
4
19
50
1775
4
13
10
18
19
22
12
12
3
14
9
15
1
13
47
3
1768
14
19
18
12
16
17
19
23
9
14
3
18
5
19
7
13
48
1758
41
1
24
9
14
10
11
18
1
10
15
4
11
6
9
41
1746
16
16
1
6
9
5
8
23
33
15
22
3
6
45
1746
1
4
1
1
2
24
13
8
8
18
2
50
4
1744
12
1
13
2
7
1
5
16
4
9
11
13
19
3
5
49
1745
45
5
3
5
11
5
14
32
4
33
17
13
27
4
11
57
1742
29
4
13
5
14
6
15
8
22
1
17
17
10
27
8
12
56
1736
14
13
3
14
4
14
18
23
19
8
26
7
12
47
17
1737
12
5
3
12
3
13
21
13
15
14
19
4
11
53
17
1739
48
12
3
14
2
13
13
12
16
20
4
11
48
1747
44
3
7
6
8
6
13
15
1
14
13
18
4
11
50
1747
13
6
3
17
15
19
22
19
10
5
12
8
17
5
19
45
11
1734
14
5
7
16
19
19
26
16
2
11
1
16
24
22
5
21
49
10
1735
37
9
8
12
14
19
26
39
27
28
1
18
15
23
6
18
57
1740
33
10
13
15
18
21
25
1
33
3
10
2
15
12
18
6
18
52
1738
22
9
23
5
9
6
11
4
2
8
35
1741
27
1
7
10
9
14
18
10
9
18
7
3
11
3
11
35
7
1736
10
16
18
24
28
39
27
23
7
20
28
24
3
17
57
1729
12
6
3
10
11
16
20
18
5
17
14
13
19
1
11
52
1739
18
1
16
17
21
25
31
25
15
25
10
23
21
30
7
18
53
24
1734
15
14
17
23
28
3
32
23
18
7
21
24
25
4
15
61
39
1734
1
7
9
13
18
23
8
16
14
12
23
2
9
54
1737
7
8
10
6
14
8
14
15
2
16
14
8
17
6
11
39
1743
9
5
9
3
7
3
4
4
4
4
10
34
8
1745
1
2
11
12
6
12
12
17
10
8
5
16
36
65
1734
27
8
3
10
14
9
14
31
6
20
14
1
18
4
15
54
76
1740
31
11
8
7
14
8
13
47
28
15
14
25
3
12
72
73
1735
18
10
12
3
13
5
10
23
17
15
14
1
9
52
113
1735
7
1
14
5
16
9
14
19
12
19
18
22
19
1
11
43
179
1729
17
14
3
6
11
11
16
34
11
26
17
24
20
9
53
169
1719
28
18
19
7
16
17
21
33
9
18
5
20
32
18
1
3
12
58
65
1728
2
3
16
17
13
20
27
29
9
33
12
20
13
25
51
23
3
6
17
60
1733
18
2
4
17
18
29
30
27
21
13
13
21
44
16
3
18
38
1730
26
17
2
31
21
26
32
34
16
17
10
17
24
51
10
7
25
29
1726
44
3
5
7
23
22
32
35
43
16
25
19
27
49
17
2
24
51
1727
21
6
9
5
20
19
28
31
35
16
18
12
22
42
18
2
20
44
1727
6
8
9
12
19
17
27
30
18
13
14
9
18
10
21
3
19
44
1720
22
13
6
23
19
31
36
37
16
28
16
28
10
34
3
22
54
1729
46
9
23
14
16
18
22
27
34
11
19
8
22
14
31
2
2
15
53
1726
26
23
32
5
18
10
11
15
18
35
9
23
6
17
12
25
5
8
63
1719
2
27
32
18
12
15
18
22
57
12
35
3
22
14
28
10
2
11
66
1707
14
19
12
3
16
12
13
16
18
54
10
25
3
17
9
25
4
12
66
1695
35
27
36
6
11
5
11
12
38
16
10
5
14
3
8
67
55
1694
16
17
19
6
4
11
8
9
10
46
25
10
12
10
59
78
1688
20
2
15
13
17
14
16
46
18
24
4
15
14
20
1
3
16
61
87
1689
3
34
44
15
11
17
10
14
49
6
25
15
12
19
9
7
16
67
89
1692
23
28
17
16
6
11
7
59
20
7
11
3
4
11
73
40
1691
25
32
30
13
4
10
5
44
26
6
8
4
5
10
61
1698
29
26
8
5
15
1
10
56
29
14
16
2
7
14
61
30
1699
32
34
30
1
19
1
14
59
28
18
13
5
11
15
67
62
1686
6
8
51
38
22
14
11
61
28
15
13
9
7
10
74
38
1683
19
8
54
32
17
17
5
15
62
30
20
20
9
7
10
77
10
1680
29
36
19
12
7
55
22
13
11
4
6
5
54
21
1672
29
27
15
12
11
55
22
14
14
3
5
7
64
54
1659
11
47
42
23
1
20
6
19
63
32
22
17
10
8
13
78
51
1658
6
4
44
31
7
10
8
60
23
10
8
5
1
6
72
1660
7
52
40
19
1
20
3
18
61
34
18
15
10
9
15
79
22
1649
8
53
44
23
9
25
11
23
73
34
22
17
11
13
22
79
65
1644
41
43
23
2
16
1
10
55
16
11
3
7
9
12
65
38
1648
3
47
39
32
2
16
5
13
60
31
14
5
10
11
10
74
10
1660
1
45
30
8
7
4
63
20
7
12
7
4
1
73
11
1672
4
48
43
24
8
65
22
7
9
11
6
79
52
1667
5
9
54
51
32
5
1
65
33
5
9
14
6
80
58
1660
38
8
52
48
14
5
3
82
31
10
16
14
2
1
82
23
1661
29
15
55
53
14
6
3
84
39
9
11
15
1
3
92
9
1667
8
60
74
23
5
62
17
15
1
1
82
39
1658
17
72
37
19
1
15
1
84
29
8
9
16
6
11
95
67
1648
5
9
59
30
23
4
18
2
77
31
8
10
15
10
15
87
31
1640
2
42
56
22
9
63
19
11
7
5
66
1632
3
53
39
31
12
64
21
12
9
5
81
34
1629
4
54
53
13
14
85
38
9
9
14
11
8
96
69
1627
3
56
57
33
27
14
93
45
24
20
18
16
15
99
59
1625
2
6
56
53
35
22
13
75
41
23
21
16
10
9
97
34
1626
1
49
59
28
17
12
81
42
24
17
15
9
6
96
58
1621
45
54
35
14
8
68
26
16
15
13
10
5
89
80
1618
47
48
13
8
8
86
34
12
15
11
6
1
98
68
1620
44
43
13
8
9
83
37
15
17
10
5
93
39
1625
44
60
34
13
11
72
30
16
16
14
11
5
92
66
1631
46
50
33
12
10
84
33
16
16
12
10
5
104
103
1635
10
53
52
33
13
1
13
83
30
18
25
13
9
7
109
99
1634
43
54
65
20
3
18
7
20
84
48
27
6
27
17
9
12
107
76
1642
16
42
50
14
5
12
6
16
86
39
18
18
11
5
10
105
84
1652
29
47
38
6
16
3
12
85
19
14
11
7
7
14
99
117
1644
24
48
21
2
10
1
9
68
34
11
13
5
4
9
93
121
1639
33
40
39
1
8
6
10
17
91
6
54
15
23
9
2
10
114
104
1643
16
39
54
37
7
20
7
16
86
39
18
23
11
9
14
109
109
1652
25
45
1
16
3
6
4
80
27
6
14
4
4
6
98
149
1648
29
43
22
3
11
3
5
83
33
9
9
14
8
10
10
109
164
1641
33
50
25
8
82
34
4
9
10
10
3
105
124
1636
4
27
42
14
76
24
10
6
8
1
103
122
1637
27
52
31
9
75
32
1
16
8
14
8
110
172
1633
19
58
45
7
63
22
2
8
14
6
94
180
1628
20
13
51
37
10
53
26
12
5
4
14
9
89
146
1632
26
17
51
5
9
82
36
4
4
2
9
9
100
136
1635
4
13
19
14
19
7
87
32
14
12
12
15
95
177
1632
21
39
25
3
30
2
23
84
50
31
8
34
7
15
23
114
209
1628
28
25
58
30
1
29
3
26
87
51
32
29
10
12
19
110
172
1627
50
18
42
36
1
30
5
28
78
40
33
29
7
11
18
106
142
1628
14
13
60
41
3
29
7
27
73
40
31
22
6
11
16
102
162
1629
15
39
18
4
22
8
25
79
47
30
27
3
8
14
101
175
1627
14
23
47
22
5
20
12
25
73
37
29
7
31
8
11
14
110
145
1621
38
18
54
33
8
25
15
28
87
39
31
9
30
10
14
16
110
109
1614
4
12
34
24
5
19
9
19
78
37
25
1
21
4
9
12
102
104
1616
10
44
25
5
15
10
16
70
32
18
8
24
5
10
11
102
115
1608
6
38
3
21
5
11
5
12
69
23
11
2
13
3
8
9
95
83
1613
22
25
61
49
9
24
12
21
72
43
27
26
13
15
15
102
38
1609
16
13
19
14
19
7
87
32
14
12
12
15
95
177
1632
21
39
25
3
30
2
23
84
50
31
8
34
7
15
23
114
209
1628
28
25
58
30
1
29
3
26
87
51
32
29
10
12
19
110
172
1627
50
18
42
36
1
30
5
28
78
40
33
29
7
11
18
106
142
1628
14
13
60
41
3
29
7
27
73
40
31
22
6
11
16
102
162
1629
15
39
18
4
22
8
25
79
47
30
27
3
8
14
101
175
1627
14
23
47
22
5
20
12
25
73
37
29
7
31
8
11
14
110
145
1621
38
18
54
33
8
25
15
28
87
39
31
9
30
10
14
16
110
109
1614
4
12
34
24
5
19
9
19
78
37
25
1
21
4
9
12
102
104
1616
10
44
25
5
15
10
16
70
32
18
8
24
5
10
11
102
115
1608
6
38
3
21
5
11
5
12
69
23
11
2
13
3
8
9
95
83
1613
22
25
61
49
9
24
12
21
72
43
27
26
13
15
15
102
38
1609
16
17
11
11
16
14
85
33
19
19
7
8
11
98
1623
9
50
24
18
1
17
70
40
20
21
9
11
13
92
1616
5
44
26
17
1
16
63
24
19
18
7
10
11
86
26
1614
23
12
46
31
1
19
7
20
63
33
27
24
9
11
15
96
1614
49
11
50
47
4
20
9
19
54
30
18
24
9
15
16
88
1610
9
11
34
15
10
5
13
58
27
12
14
5
7
9
82
1623
21
50
15
6
18
12
19
64
37
23
27
8
9
14
97
22
1621
16
15
36
32
12
23
17
22
81
32
21
3
22
9
11
17
94
8
1616
49
18
46
10
9
16
15
21
84
44
24
20
9
6
13
98
1621
17
28
57
33
8
26
16
23
81
42
26
24
14
11
17
97
1627
19
48
39
5
23
10
15
68
24
19
2
18
10
9
13
89
26
1626
2
24
54
21
5
17
9
13
65
39
22
16
11
5
10
93
6
1627
22
31
45
31
7
21
11
15
78
1
43
22
23
14
7
13
91
1628
3
30
52
25
2
15
3
9
72
26
17
17
12
5
9
85
1618
17
49
19
1
12
1
4
55
26
12
12
8
5
8
83
10
1623
18
31
14
2
11
2
68
33
9
16
5
4
9
81
13
1635
34
26
38
11
1
8
65
24
8
3
8
3
7
74
1627
25
25
41
17
7
51
19
3
2
8
5
6
79
1623
30
45
13
1
9
1
69
26
7
19
10
7
9
85
18
1612
28
46
28
13
1
5
58
3
23
12
21
12
8
9
79
29
1598
25
28
49
38
16
7
58
26
14
17
13
10
10
80
1592
10
33
49
19
16
7
61
30
15
15
12
7
11
76
1584
39
38
16
6
30
12
25
76
42
31
8
31
14
12
23
96
16
1586
29
55
42
9
30
10
23
64
38
27
10
18
12
14
24
81
26
1594
14
23
47
27
9
27
11
23
51
32
27
12
7
8
21
58
1598
24
29
33
24
12
27
17
27
60
31
27
25
9
7
21
68
1613
36
56
23
6
19
8
18
53
27
16
17
11
6
13
74
1610
45
53
25
7
23
13
23
63
34
23
19
14
11
16
73
21
1602
41
33
12
28
10
22
9
19
60
27
12
18
15
9
9
16
65
1612
37
37
47
21
8
19
7
16
47
16
4
15
11
11
8
14
57
1612
7
50
45
24
5
23
16
24
70
42
23
15
18
15
11
16
67
1603
3
36
33
9
4
8
7
13
64
33
14
9
9
5
9
65
15
1602
30
33
3
2
2
4
5
44
14
4
6
7
2
3
47
1606
12
7
36
39
21
2
10
6
9
45
25
11
9
11
5
6
56
1604
8
37
33
12
6
3
7
41
17
10
11
10
3
4
48
1592
5
31
25
12
5
3
37
11
5
3
9
3
3
39
