18
9
28
21
41
16
25
12
41
16
1
10
14
19
11
4
16
9
26
22
31
17
24
14
3
36
9
10
9
28
2
14
7
22
18
36
27
6
23
11
28
18
7
9
21
2
14
6
19
15
34
20
5
18
7
30
4
8
12
16
1
3
15
7
22
16
31
19
22
4
22
9
6
12
5
1
15
4
21
13
35
19
22
1
36
1
8
10
1
29
7
8
4
10
4
12
9
25
9
2
8
1
6
14
4
8
7
4
12
7
18
14
22
2
13
8
10
15
8
3
18
2
4
13
7
17
11
32
14
15
3
19
18
9
8
6
3
10
5
12
9
30
6
9
1
17
1
8
7
18
1
12
3
16
10
24
15
9
15
5
19
6
15
15
4
10
4
13
9
25
2
10
7
27
4
5
4
6
13
3
10
9
1
9
3
45
19
12
1
7
5
2
29
10
319
5
6
2
8
11
3
13
7
36
9
15
5
27
1
5
5
23
15
505
293
20
2
2
7
12
4
16
11
33
2
10
19
10
14
20
3
6
17
3
689
412
47
3
7
15
5
23
12
40
23
3
28
9
34
19
1
5
9
773
164
24
1
8
17
9
27
20
39
21
1
31
15
39
22
1
7
3
755
174
9
17
9
27
21
34
17
28
15
38
17
2
9
598
135
6
9
14
7
24
16
32
35
28
13
44
22
2
7
7
90
137
36
3
9
11
6
17
13
32
25
1
21
12
25
20
1
5
8
163
19
8
1
9
11
5
14
10
39
20
18
7
28
5
2
4
17
3
103
7
2
10
15
6
21
13
40
23
27
8
47
3
7
20
4
87
6
2
10
13
6
17
13
37
25
22
9
22
8
4
7
16
3
51
5
10
10
7
13
12
36
22
14
13
23
3
5
16
1
40
3
11
11
7
14
12
30
14
15
10
11
27
2
5
20
34
4
11
12
8
14
14
30
18
16
13
14
34
3
7
14
2
33
3
8
11
8
14
14
17
7
24
14
14
15
10
4
7
1
3
41
9
9
10
5
11
10
32
1
8
12
10
24
16
3
5
15
9
33
22
9
3
9
12
6
17
13
51
14
6
19
12
25
27
2
5
26
8
20
10
3
2
9
12
4
15
10
37
28
19
5
20
4
5
12
8
19
5
1
10
12
5
16
12
34
27
19
6
21
9
5
7
6
4
22
36
8
2
10
12
5
17
14
42
13
2
19
11
33
18
4
5
9
23
17
72
9
10
11
6
17
13
52
17
16
21
12
24
15
3
5
18
19
1
51
10
1
11
14
8
19
15
47
29
26
12
24
21
3
6
14
34
22
12
2
12
13
9
17
16
48
16
19
13
30
18
3
8
17
43
41
9
2
10
12
6
15
14
49
10
1
17
10
17
19
3
6
9
16
71
7
1
11
10
5
12
11
44
19
5
13
9
15
21
2
4
10
29
45
9
1
9
10
6
14
12
45
21
6
18
10
33
13
3
5
17
23
1
2
12
2
9
11
6
13
11
46
14
6
19
5
4
7
3
36
17
12
9
2
9
11
5
15
12
43
4
15
8
32
5
3
7
31
17
39
8
1
10
10
5
13
10
44
24
4
21
7
31
14
2
4
10
10
18
20
7
14
10
9
13
14
47
20
6
14
12
9
25
3
6
18
20
30
23
1
14
13
10
20
18
41
30
8
23
15
28
28
3
8
12
8
20
33
6
14
13
8
18
15
50
30
4
22
13
23
28
4
7
13
22
28
30
22
11
3
12
14
6
21
15
58
33
27
11
37
17
3
5
13
27
1
27
33
15
6
12
15
5
20
13
56
35
2
27
8
45
5
4
4
21
30
29
17
19
6
12
13
6
18
16
56
17
10
17
12
23
5
6
30
42
32
21
18
16
4
11
12
6
17
14
42
9
18
11
16
24
6
6
22
38
22
45
19
4
11
9
5
14
12
29
14
9
30
27
5
3
13
54
23
49
17
4
8
11
6
18
18
41
7
19
15
16
8
39
3
4
19
28
22
18
19
11
3
10
14
9
19
18
61
28
25
22
15
29
17
4
6
20
6
32
12
6
2
9
14
8
21
17
47
24
24
12
39
21
4
7
7
28
33
47
1
8
14
6
21
17
40
22
6
22
13
32
24
1
5
7
9
27
63
3
1
7
13
5
19
12
41
20
19
7
16
6
2
4
4
8
22
36
4
1
6
15
5
21
13
37
21
22
4
25
7
3
6
5
14
49
17
23
7
2
5
15
3
20
12
32
13
20
36
3
7
9
23
25
27
62
6
7
11
2
14
10
30
2
8
2
3
8
1
5
6
19
29
92
3
7
12
6
18
14
32
11
14
7
14
9
6
11
2
27
69
2
6
14
6
19
14
28
7
1
19
5
27
7
6
7
31
42
6
12
5
15
13
38
9
7
6
15
7
5
13
35
64
7
10
4
14
12
27
4
10
7
14
13
1
6
4
38
31
97
6
9
3
16
13
21
10
13
6
8
19
4
1
8
106
18
70
6
9
2
11
7
25
10
9
3
9
16
3
94
12
27
6
10
10
4
28
18
14
18
12
1
4
5
82
5
41
7
9
11
6
34
9
10
1
6
6
4
1
13
85
5
71
9
6
6
3
25
3
2
8
2
43
16
45
7
11
2
14
7
32
1
15
3
26
7
4
91
23
4
5
12
2
15
7
37
10
17
1
40
6
1
111
25
7
4
6
7
8
1
34
17
2
9
6
1
3
2
12
94
25
24
5
5
7
10
3
35
15
11
1
14
1
1
2
8
21
120
22
9
5
6
7
3
26
1
7
3
6
2
13
116
25
1
3
7
7
28
3
8
4
1
3
2
9
112
35
1
9
12
1
38
21
17
32
2
2
4
2
141
31
2
1
7
10
1
34
16
15
26
1
1
13
163
28
4
7
1
2
6
6
39
9
11
19
20
1
10
26
168
28
7
1
7
7
38
13
10
32
24
2
1
6
25
209
29
7
1
7
8
28
6
6
12
32
3
1
9
20
216
40
6
7
7
9
39
19
17
20
1
3
12
237
38
12
5
1
6
9
40
25
13
16
284
23
1
6
5
6
39
5
9
18
16
9
291
16
3
7
10
32
6
17
25
17
2
278
14
3
5
7
20
12
12
21
25
1
250
8
31
3
3
3
28
7
7
1
2
1
2
253
6
12
6
2
2
22
2
10
6
284
3
6
4
5
27
3
2
14
1
9
278
6
30
4
5
7
28
6
6
1
3
1
4
283
6
67
3
5
7
12
12
7
2
11
19
2
9
293
58
2
9
15
3
24
23
20
29
2
1
10
294
32
3
8
10
45
14
15
28
2
7
8
267
4
55
6
5
7
28
7
1
5
247
9
86
5
4
5
18
6
1
215
14
66
5
4
2
25
19
4
14
11
14
209
16
32
7
5
7
14
14
11
29
12
2
6
22
201
23
39
6
4
4
24
7
3
7
13
3
1
153
35
70
5
4
4
37
9
5
1
16
123
35
56
5
2
5
4
35
13
7
13
27
68
39
15
11
2
7
6
45
20
11
28
36
50
41
13
12
3
6
7
31
14
13
24
12
1
45
29
39
35
15
5
4
27
10
4
10
16
2
54
43
32
19
1
6
5
44
8
7
8
58
40
3
22
1
4
41
8
1
3
13
1
70
29
17
3
29
11
10
1
57
15
15
11
1
10
6
5
50
12
6
28
3
4
18
1
22
14
73
6
24
28
27
5
43
6
23
1
83
4
22
28
26
5
2
30
3
14
21
1
80
2
15
17
38
21
5
12
21
1
78
7
27
19
41
21
5
26
6
21
66
8
10
22
40
19
7
30
21
67
7
21
45
18
8
12
11
20
1
78
11
2
40
68
26
1
9
23
7
2
4
27
1
91
3
34
27
66
23
1
10
30
5
8
5
24
72
6
12
48
16
13
31
3
1
10
19
60
34
60
22
2
16
2
26
11
12
13
1
1
5
17
26
1
91
22
51
20
11
3
3
15
5
9
2
17
8
19
80
33
17
45
15
11
1
2
19
2
1
5
18
55
25
29
55
21
13
13
9
1
23
81
18
58
16
14
23
13
8
1
18
1
56
9
41
8
11
20
4
1
7
12
30
23
7
37
9
7
12
2
8
12
36
23
15
54
13
10
22
10
10
3
16
43
17
47
13
12
7
10
16
45
8
16
43
11
12
11
17
2
18
15
45
11
17
21
49
17
11
11
16
5
19
17
10
49
3
27
16
43
17
6
3
4
24
8
12
9
20
15
37
2
3
33
11
9
5
4
11
6
33
13
15
20
11
30
6
8
41
12
10
2
1
14
19
8
4
6
5
16
1
10
35
12
27
49
19
7
13
19
5
1
22
1
17
58
14
28
62
20
7
2
2
3
16
6
22
15
73
6
12
57
18
6
6
5
1
11
14
2
17
19
13
15
52
3
28
10
6
5
3
19
8
2
12
8
5
1
2
15
12
29
7
9
3
3
19
17
10
6
9
8
7
17
12
7
27
14
7
2
1
21
16
15
12
4
11
8
41
4
4
25
13
9
2
19
14
3
4
23
9
12
6
22
1
5
23
12
10
1
5
10
6
2
10
2
11
1
4
27
12
39
15
10
9
9
7
16
1
43
19
45
14
14
15
17
2
8
19
1
5
36
14
38
11
14
14
12
4
15
16
39
18
49
14
13
12
12
19
1
37
18
48
14
11
15
10
20
2
45
39
17
50
12
9
5
6
5
1
19
42
40
16
47
10
10
2
8
12
16
33
13
46
10
9
1
7
8
15
1
37
7
11
15
53
9
11
12
17
1
33
51
26
61
13
1
12
3
18
7
22
1
41
56
32
71
19
4
12
10
20
2
26
1
54
27
32
77
21
7
15
21
9
28
2
2
59
21
35
86
24
8
13
7
22
5
30
3
3
70
50
29
70
23
2
11
32
22
2
1
11
24
1
4
61
45
25
55
18
2
12
18
20
24
5
23
32
16
54
11
4
14
7
24
4
15
22
2
6
22
22
51
16
2
11
5
20
9
24
4
6
45
17
27
58
23
2
8
16
17
2
12
27
3
1
44
21
20
59
20
1
9
15
17
25
3
7
39
17
60
17
1
9
4
21
5
25
4
6
29
19
57
16
3
11
3
28
2
21
25
4
7
39
5
28
54
17
1
10
18
7
13
25
3
56
19
30
63
23
1
10
1
21
25
2
14
50
20
50
25
1
12
31
25
9
2
13
22
2
25
55
6
37
11
14
24
17
9
2
8
16
2
2
10
2
43
10
17
10
23
7
7
15
11
15
13
38
14
16
11
20
3
9
17
4
39
20
52
17
3
16
12
21
4
5
22
6
37
25
60
20
5
16
3
25
25
2
16
46
27
62
22
3
16
5
24
25
2
13
48
15
23
65
19
4
17
22
27
10
6
23
16
30
4
22
62
16
5
19
13
29
7
15
11
22
1
12
30
24
62
21
5
19
1
17
30
11
7
3
14
12
24
3
17
46
27
63
21
7
19
20
32
8
3
15
27
4
18
40
34
28
67
23
9
15
15
29
1
11
29
3
16
42
31
30
69
25
12
1
14
21
31
19
12
32
3
23
43
1
36
64
25
12
18
5
33
2
1
34
5
20
50
8
43
69
29
10
14
29
13
34
4
20
69
53
34
70
25
8
13
12
30
9
9
30
3
19
46
59
17
56
16
3
12
22
24
1
2
24
2
13
23
23
12
48
16
9
2
18
18
6
21
2
14
17
9
11
42
13
9
3
14
15
1
1
10
5
18
1
9
22
40
12
38
12
8
1
11
16
3
17
1
10
29
55
12
49
11
11
7
25
3
19
23
18
12
17
52
13
3
14
2
3
29
17
22
1
24
24
24
55
18
6
16
31
10
19
24
3
28
41
15
25
11
49
16
1
14
1
9
27
10
4
26
18
1
26
37
5
37
6
40
13
12
1
18
25
1
1
1
15
21
15
1
4
39
11
14
2
21
29
1
17
1
17
14
1
29
4
32
6
17
10
28
18
13
1
2
7
27
12
1
22
3
7
33
10
16
9
25
15
3
1
13
18
2
20
15
20
15
45
18
3
15
12
25
13
24
23
3
27
30
10
46
17
3
16
6
25
1
6
21
2
24
30
40
8
1
17
26
26
17
3
25
4
7
26
4
14
21
6
13
2
22
5
38
28
5
14
3
19
12
1
17
1
14
20
41
4
1
17
6
20
1
16
13
2
16
11
42
4
16
12
4
12
3
10
12
37
8
12
3
12
15
4
18
14
24
27
26
5
13
3
21
19
14
2
23
21
26
17
15
17
1
3
6
10
1
16
27
16
7
12
10
12
2
13
23
29
16
7
11
9
3
4
10
1
1
14
9
21
37
16
2
10
9
5
21
16
43
17
11
13
3
21
8
15
14
13
1
2
2
15
3
9
3
3
13
12
9
22
13
1
2
2
14
3
1
4
10
5
4
20
10
34
28
12
1
18
5
1
9
4
2
27
47
10
13
5
2
4
5
20
9
5
7
8
14
2
27
10
42
4
16
12
4
12
3
10
12
37
8
12
3
12
15
4
18
14
24
27
26
5
13
3
21
19
14
2
23
21
26
17
15
17
1
3
6
10
1
16
27
16
7
12
10
12
2
13
23
29
16
7
11
9
3
4
10
1
1
14
9
21
37
16
2
10
9
5
21
16
43
17
11
13
3
21
8
15
14
13
1
2
2
15
3
9
3
3
13
12
9
22
13
1
2
2
14
3
1
4
10
5
4
20
10
34
28
12
1
18
5
1
9
4
2
27
47
10
13
5
2
4
5
20
9
5
7
8
14
2
27
10
15
5
17
1
10
7
14
9
2
18
22
19
9
6
15
12
8
7
2
1
7
29
16
5
11
1
16
6
1
1
16
10
29
6
12
1
9
7
1
6
4
4
30
13
1
9
5
1
6
4
3
5
9
9
32
6
11
7
5
3
18
8
10
6
1
3
10
16
3
1
3
12
7
4
3
19
5
17
6
1
3
13
4
2
10
3
11
7
2
6
7
15
4
4
5
15
4
2
3
11
3
2
25
13
5
4
1
5
19
7
13
2
6
12
2
8
15
6
5
3
7
16
10
5
7
5
20
4
19
12
2
14
8
4
9
9
19
1
1
12
10
8
16
19
6
22
9
18
24
4
13
6
1
6
4
16
1
24
7
12
4
24
10
1
3
15
3
13
25
10
15
6
2
9
8
24
7
26
12
14
7
16
25
3
2
23
25
23
9
17
6
1
6
5
30
11
19
11
9
3
11
1
3
28
21
23
5
16
6
4
3
25
8
19
3
9
1
7
2
1
4
28
8
25
15
5
3
2
20
6
14
8
2
16
22
2
22
3
2
46
2
15
4
2
14
3
14
7
15
11
1
20
7
16
16
3
16
4
1
14
3
2
12
4
11
1
1
1
29
4
15
16
5
1
26
1
5
5
10
2
2
28
34
11
17
4
1
2
16
4
6
5
2
6
2
1
2
24
7
30
15
3
1
8
7
3
1
20
1
10
9
3
15
2
8
10
2
1
1
7
11
15
2
3
2
2
3
17
12
13
7
2
1
18
1
6
7
11
1
1
13
3
1
10
3
13
5
2
1
1
16
12
3
15
23
5
9
3
2
19
1
10
4
1
18
1
2
3
2
18
7
10
1
8
7
4
4
2
19
8
14
3
1
1
6
4
3
10
4
22
2
1
27
17
3
3
9
1
5
9
7
21
3
3
28
4
17
5
2
5
9
13
6
8
11
5
6
1
4
35
2
19
17
5
1
7
8
24
11
24
5
11
3
8
3
40
25
1
19
5
2
4
7
19
12
17
8
4
6
7
30
3
39
20
6
2
4
6
25
12
7
14
7
7
25
25
1
4
43
31
7
16
6
1
14
9
13
9
6
7
7
2
4
3
44
18
85
2
26
8
14
5
19
2
6
4
14
3
35
242
37
3
1
13
5
29
7
7
14
2
23
463
9
5
12
7
23
22
7
15
1
1
3
2
22
639
3
15
7
4
4
22
20
3
9
3
18
20
3
4
16
735
26
14
9
2
10
8
20
16
14
7
9
23
5
19
680
45
14
10
2
14
9
15
13
18
2
19
4
12
538
7
18
19
10
6
12
11
10
5
5
17
6
56
5
23
132
41
4
21
8
8
8
11
12
8
17
8
12
24
20
2
6
41
68
33
1
21
5
8
5
12
8
4
13
1
14
35
2
5
28
44
56
4
23
5
9
5
13
10
7
9
18
5
16
22
36
1
4
25
8
28
9
22
6
6
5
10
28
10
11
6
10
8
19
7
3
4
40
9
21
7
7
7
13
21
14
34
10
9
11
26
6
4
5
45
3
1
25
9
19
6
5
8
12
16
14
19
11
10
12
5
23
7
3
4
38
8
43
8
2
16
6
2
7
10
29
6
2
8
7
12
14
3
3
2
30
12
5
19
5
5
4
11
22
10
15
1
11
2
28
2
3
3
34
3
5
19
6
2
3
6
22
13
22
12
7
5
10
14
5
4
4
33
9
15
7
4
1
28
7
39
13
15
8
4
4
25
18
5
9
13
6
2
25
4
4
6
6
5
8
3
2
18
14
8
17
5
2
23
10
6
5
2
15
9
1
2
28
12
10
11
19
5
4
25
15
14
11
4
24
12
3
4
28
26
11
12
15
8
2
1
23
6
16
7
15
12
4
4
12
26
2
10
14
15
7
2
1
19
3
11
7
23
2
12
3
2
12
34
12
9
19
17
1
16
6
1
17
2
16
2
2
16
3
2
7
35
1
16
13
1
16
6
3
7
2
14
4
4
41
18
9
20
5
3
7
2
1
2
5
17
11
5
4
28
26
14
43
19
2
22
4
2
5
39
18
3
2
5
18
22
4
2
11
22
39
29
63
25
8
25
3
4
9
25
27
2
9
35
28
4
2
18
71
13
12
19
55
18
5
25
4
4
8
12
16
4
6
4
18
24
5
3
7
54
5
28
59
22
8
1
25
3
1
2
20
21
6
11
27
7
3
10
51
18
35
74
27
14
27
18
31
3
32
7
21
56
42
22
60
22
8
22
3
26
21
25
7
5
28
5
20
15
22
75
27
12
1
25
4
40
29
35
9
5
30
7
1
7
62
9
35
83
30
11
2
25
3
31
28
22
9
3
2
34
8
2
9
63
43
28
72
23
6
21
1
10
24
20
21
1
10
30
7
1
41
54
26
73
21
7
21
6
25
7
19
28
5
45
26
38
88
26
11
1
18
5
10
27
12
2
16
34
5
1
6
