29
24
39
45
30
19
32
33
41
52
32
7
19
31
28
2
17
22
19
34
36
49
58
25
31
33
54
36
52
54
39
7
17
30
30
42
2
14
20
36
27
36
41
52
25
13
21
21
28
46
48
26
4
16
25
25
31
1
6
1
17
32
22
33
39
50
19
24
12
29
45
54
27
4
12
20
24
27
5
1
2
20
34
24
37
42
55
25
7
27
4
32
50
56
32
7
14
23
27
43
8
5
13
15
14
25
33
44
54
32
31
38
56
35
52
61
41
11
14
23
44
4
65
20
7
1
15
20
18
23
35
44
14
9
27
45
28
43
60
37
5
11
15
33
43
22
17
8
16
17
29
39
23
16
22
26
25
39
57
36
3
9
11
34
51
3
17
14
5
8
4
16
21
18
17
30
17
22
48
21
8
4
19
54
9
6
15
26
1
3
7
1
6
8
35
3
8
7
35
1
1
27
12
32
11
9
16
19
25
32
4
18
21
57
17
9
16
10
21
58
13
7
6
15
1
11
14
11
31
8
25
31
20
14
59
17
3
11
6
19
65
20
10
24
21
29
17
36
18
22
6
23
21
31
22
56
28
12
20
28
171
22
1
4
23
21
30
18
40
23
20
10
26
12
36
23
61
29
2
14
21
31
169
20
20
19
48
29
28
45
33
31
37
14
38
34
71
25
6
19
26
24
7
179
19
1
18
24
26
20
45
34
44
12
42
36
42
32
81
33
3
14
20
39
182
17
15
18
11
19
16
37
31
25
23
28
46
35
35
68
38
1
11
14
37
175
17
4
13
15
13
16
33
30
22
26
28
35
31
35
66
36
2
9
12
28
177
11
8
16
16
12
12
29
25
27
8
29
31
31
30
63
35
2
9
10
31
169
11
3
16
18
13
13
26
25
23
16
21
23
28
31
55
28
9
10
29
166
14
19
25
14
10
20
18
8
11
9
25
22
42
15
7
9
19
148
12
19
38
23
21
30
28
25
34
16
33
32
56
32
14
19
23
155
3
18
1
27
14
36
33
42
20
47
49
38
36
75
43
1
10
19
49
151
5
25
25
9
28
24
18
23
25
26
33
26
63
22
6
15
22
126
11
23
18
27
18
28
29
23
29
24
32
29
58
20
14
21
14
122
15
20
3
24
11
20
21
8
25
26
29
27
19
45
21
11
18
29
100
20
20
19
26
23
16
17
18
33
27
7
24
17
40
9
16
20
7
73
13
9
19
19
19
11
12
14
19
21
14
16
43
7
12
16
16
50
27
16
13
21
10
14
14
17
14
25
14
15
34
11
10
15
12
47
33
17
6
20
5
14
11
21
7
24
16
17
11
41
14
10
13
15
39
29
16
20
15
2
8
1
9
16
2
12
5
40
7
8
9
11
17
23
16
3
15
9
22
22
4
14
7
39
9
4
6
21
23
20
5
8
15
18
12
24
16
28
40
21
12
52
18
2
6
7
27
1
15
27
8
3
6
18
9
17
11
21
23
14
19
7
47
8
4
8
8
16
34
12
5
16
3
14
18
20
23
26
18
9
47
19
2
8
10
24
29
4
9
8
14
2
12
24
20
24
20
18
5
49
15
5
11
10
27
28
12
27
13
22
12
5
9
25
10
21
9
11
3
39
3
6
13
10
16
5
31
6
5
7
14
14
19
12
19
5
28
23
29
19
14
42
15
6
13
14
26
17
7
9
16
21
16
10
16
2
11
14
17
7
34
7
3
11
11
14
11
10
15
20
39
22
19
24
11
14
19
13
23
17
37
7
3
14
18
11
15
5
3
22
21
26
19
31
23
25
20
13
26
23
42
21
12
18
35
10
9
14
4
22
13
34
26
16
22
24
26
25
21
44
24
8
13
17
5
13
9
18
18
27
21
40
36
23
18
29
43
32
33
49
22
3
13
20
33
8
14
13
16
32
20
19
33
31
26
20
16
26
28
44
21
1
12
14
23
7
10
16
18
22
19
39
37
31
20
33
32
34
34
50
29
1
8
13
16
18
1
16
19
16
22
17
38
36
29
32
27
17
33
31
50
21
2
7
12
38
4
15
16
16
28
15
16
31
32
21
22
9
25
30
46
19
3
8
10
15
12
12
19
6
15
13
10
28
30
17
20
27
39
25
30
44
25
2
6
8
28
10
23
11
14
13
13
8
20
22
17
25
18
26
20
40
15
3
8
8
21
24
10
13
8
8
4
13
16
3
9
9
18
15
35
4
4
5
12
1
32
12
4
6
10
2
1
14
5
9
29
7
2
12
2
34
17
16
27
18
16
19
24
46
16
36
15
19
26
43
24
2
16
20
23
11
28
13
15
22
16
13
16
21
34
28
34
16
19
22
41
18
6
17
21
34
4
32
9
22
11
10
10
15
19
20
8
9
19
31
18
14
16
24
2
19
42
9
37
9
6
4
7
6
9
3
4
10
21
7
7
19
15
7
1
9
5
13
24
11
4
4
21
15
17
4
9
18
5
3
15
13
27
9
4
14
12
2
22
37
23
24
8
6
31
15
6
6
44
12
1
22
10
8
8
25
3
22
15
5
1
40
10
6
13
5
33
15
13
14
2
8
21
18
20
14
6
1
38
11
2
9
2
23
5
12
8
10
8
5
11
7
17
3
4
31
6
5
9
32
10
5
10
20
5
21
17
2
4
32
8
2
9
29
5
20
1
14
11
6
2
9
9
14
4
8
38
10
7
34
4
12
8
11
5
10
8
15
16
21
30
14
4
40
17
6
9
2
38
4
6
10
7
18
1
14
16
1
27
24
22
30
22
9
45
21
9
5
36
7
17
9
16
14
10
3
14
3
17
2
18
6
43
13
7
5
34
27
6
18
19
20
19
31
25
16
18
28
27
29
26
55
23
12
16
31
7
28
11
19
22
40
30
34
45
42
47
29
38
28
39
40
59
30
1
20
28
45
16
30
10
5
18
45
27
37
43
44
17
13
30
21
38
43
52
31
19
28
39
11
33
4
26
9
25
27
43
43
15
9
19
51
35
41
52
37
12
22
52
32
7
18
19
27
30
35
49
50
30
19
45
39
38
47
56
39
19
30
41
9
22
12
14
16
42
31
40
47
51
30
7
38
29
38
48
52
28
2
23
32
24
9
13
8
5
21
32
26
32
36
42
23
6
25
30
30
40
40
21
17
26
42
15
10
16
29
25
33
33
42
13
14
27
28
29
44
47
26
17
25
34
11
17
20
8
25
26
31
38
11
31
23
42
29
40
45
29
13
21
40
9
17
5
19
22
26
27
30
36
15
14
22
26
26
36
44
24
16
22
34
12
14
31
16
43
20
24
20
26
1
7
7
17
28
33
10
17
19
16
10
4
3
14
24
19
18
19
25
6
7
14
25
17
29
32
22
15
16
23
7
16
4
19
13
19
24
8
40
20
33
18
30
42
28
11
14
45
10
1
18
17
15
2
8
10
10
8
11
13
25
13
11
8
21
5
7
17
13
23
5
16
16
25
6
29
24
21
19
40
25
3
16
14
38
3
1
8
17
11
25
4
17
13
36
29
38
30
23
21
53
25
8
17
14
48
7
14
11
13
4
13
8
18
5
9
4
26
11
2
10
2
30
11
5
13
8
13
8
21
4
26
12
15
3
39
13
8
10
1
33
1
21
12
12
5
1
8
14
2
11
34
6
5
5
22
23
15
3
5
16
11
8
29
12
3
32
21
5
15
2
3
3
9
2
21
14
8
34
3
2
7
25
20
10
9
17
8
1
13
4
39
14
36
28
18
13
41
11
10
13
5
38
20
13
11
22
6
4
10
2
21
13
21
6
9
10
37
16
8
11
5
42
21
21
13
13
9
4
17
7
20
21
24
29
15
12
45
22
9
12
9
38
26
21
12
22
11
11
20
13
36
30
36
25
20
16
46
22
11
16
14
40
23
21
12
32
7
15
15
13
25
21
21
11
20
39
21
8
14
12
35
19
1
15
27
15
20
25
23
32
34
29
34
25
26
56
25
6
15
17
51
19
19
27
12
16
18
14
12
17
15
14
18
17
47
13
1
11
13
43
18
12
16
29
18
22
24
22
23
26
25
22
26
41
28
14
19
29
20
1
10
15
19
18
20
23
21
14
18
28
19
21
26
41
20
12
18
37
14
9
23
10
21
15
22
15
19
15
23
35
25
22
34
16
10
16
33
16
21
17
31
24
32
25
42
39
38
35
38
31
47
31
5
16
24
49
1
21
9
17
30
20
16
17
13
1
13
8
20
22
29
15
12
16
22
14
1
15
17
27
16
27
18
34
21
37
43
33
23
54
31
2
15
20
39
18
5
18
20
18
8
13
6
2
1
13
8
18
11
33
11
10
11
20
16
21
20
41
18
16
11
11
5
13
18
18
4
12
15
8
6
10
16
20
30
23
28
29
47
22
42
34
34
33
56
31
3
18
26
41
5
16
26
9
23
23
25
29
35
46
33
27
53
34
11
19
38
18
18
18
26
12
19
17
25
2
29
21
30
22
49
23
14
19
22
26
16
13
18
4
13
11
11
2
21
8
18
14
41
15
11
13
21
29
3
8
14
4
17
13
9
24
30
28
8
18
10
41
17
12
12
34
3
3
25
14
27
12
1
5
3
22
21
9
7
37
9
1
14
10
19
6
3
12
21
14
2
10
9
26
2
24
15
14
14
39
16
12
10
28
7
8
15
10
5
19
25
17
24
12
40
13
4
1
22
4
19
10
6
1
19
23
11
14
40
12
7
3
30
14
9
15
1
14
12
39
32
40
3
22
11
45
20
3
13
10
40
3
10
2
5
1
14
19
2
10
2
28
11
3
8
2
22
16
11
14
3
1
23
20
11
9
5
27
4
6
10
3
22
12
11
23
4
1
1
7
14
4
7
7
29
12
1
10
3
21
2
13
23
7
2
5
3
9
15
1
14
11
31
9
10
5
5
6
16
1
14
2
11
7
36
17
28
19
24
13
43
12
4
10
7
22
6
21
13
6
3
3
10
19
18
3
34
8
6
3
19
11
20
13
16
2
8
1
5
14
1
18
7
32
8
8
16
14
4
14
20
19
8
15
7
17
20
25
10
26
15
33
9
3
13
13
25
5
7
21
24
26
12
20
12
13
1
24
19
30
20
41
14
3
15
18
28
3
8
19
18
27
14
22
15
16
1
26
22
27
23
46
16
2
14
18
21
2
6
20
17
26
9
20
12
17
6
20
16
27
17
45
16
12
15
15
9
22
4
29
12
24
19
31
1
27
30
28
25
46
21
1
14
19
30
19
16
22
21
11
15
14
10
14
9
17
19
34
13
1
13
16
7
5
3
18
17
23
11
16
15
23
10
21
16
20
19
44
17
1
12
16
23
14
9
15
15
19
9
11
13
16
9
17
16
13
18
26
16
1
11
14
26
8
2
5
14
23
11
6
2
7
1
4
3
3
11
22
5
11
10
9
4
6
16
15
3
5
10
22
6
19
21
9
15
31
14
4
10
11
20
1
9
16
9
18
8
9
13
23
8
21
16
14
19
32
17
6
13
14
23
10
12
3
16
12
12
3
5
12
14
11
6
9
29
9
3
12
9
15
16
5
11
12
20
10
2
4
4
23
25
6
8
24
12
7
14
10
22
12
5
14
13
9
2
21
14
8
4
24
12
5
12
7
24
11
2
16
10
4
3
16
23
19
24
13
10
28
20
4
9
7
23
7
5
2
13
19
16
6
10
6
25
10
30
11
23
14
30
18
5
14
12
20
5
5
19
11
5
15
15
14
16
26
7
6
4
16
24
5
17
7
10
4
14
3
16
9
29
2
7
5
5
103
2
16
16
13
1
9
3
16
22
16
5
33
8
3
10
9
5
193
1
15
13
18
7
18
11
31
31
14
26
14
42
17
2
10
13
23
204
5
16
16
22
17
8
18
9
16
26
22
13
43
11
1
10
12
20
193
3
18
6
19
5
22
13
30
32
24
29
17
51
10
2
9
12
25
240
5
20
3
23
10
27
20
44
7
40
20
35
24
62
12
1
9
15
21
4
160
2
4
20
7
24
7
29
18
30
12
34
10
37
18
71
12
7
12
19
22
4
18
26
6
32
21
43
4
39
22
42
18
79
12
3
9
14
19
4
51
10
18
11
24
7
27
22
29
30
5
35
21
66
9
1
9
13
9
68
6
17
11
22
3
24
19
15
25
29
15
56
3
6
9
3
71
12
4
16
12
21
4
20
19
14
24
23
15
43
3
8
10
1
70
20
17
18
33
25
13
24
27
24
28
25
23
45
7
5
15
17
1
58
11
18
5
22
7
21
21
20
12
23
20
21
21
45
16
8
13
17
44
9
4
19
25
9
25
26
33
17
25
22
21
26
35
25
1
7
15
35
23
15
16
9
24
8
27
28
28
24
22
22
23
45
22
3
10
16
23
15
5
14
16
17
17
11
5
16
12
14
16
42
21
1
4
7
21
21
3
14
14
23
9
23
23
37
8
30
18
21
22
38
23
5
13
16
27
18
13
28
16
4
16
12
30
9
25
3
12
11
34
15
3
14
12
21
6
6
13
9
11
12
7
29
26
6
9
9
36
15
7
11
7
17
5
8
13
3
6
1
21
16
5
6
29
6
3
7
16
2
14
4
21
12
19
6
4
32
9
2
7
17
5
4
17
5
12
5
33
4
31
22
12
7
45
23
4
14
8
26
5
21
1
15
13
27
8
2
24
25
3
8
4
35
14
2
15
7
17
9
16
14
21
10
5
4
1
32
31
10
14
11
47
13
1
15
10
18
20
19
18
14
10
10
9
30
11
29
25
22
19
52
19
14
12
22
34
5
19
4
11
5
7
6
13
14
21
22
21
18
43
21
7
7
27
38
22
11
17
12
15
14
32
11
32
30
28
28
47
29
10
12
24
40
9
19
34
24
25
26
25
43
14
44
26
38
39
56
27
2
17
21
26
6
43
22
31
25
24
26
20
19
3
32
12
36
37
53
29
15
20
26
38
11
22
24
29
20
30
21
26
4
32
6
38
33
53
37
13
21
29
47
4
22
16
32
16
36
23
34
8
37
21
45
29
57
33
13
21
28
48
25
30
32
20
35
23
23
30
28
40
31
52
22
14
22
11
36
23
15
36
24
44
39
27
7
32
31
43
44
62
32
15
26
28
1
51
8
22
1
29
19
40
40
11
5
25
30
36
39
55
25
9
21
13
48
2
24
19
33
24
41
41
22
36
11
39
37
58
35
13
26
23
44
6
25
21
42
32
29
41
42
47
36
3
39
34
57
33
1
19
28
21
3
42
20
5
23
19
35
39
18
16
16
37
29
34
48
25
8
17
15
44
4
9
20
15
29
29
46
54
44
22
37
35
40
46
56
40
2
15
25
43
12
52
8
7
3
20
17
32
21
24
37
44
32
28
11
27
33
49
27
3
13
19
10
45
4
6
15
6
19
19
34
41
22
18
26
30
23
34
50
36
6
14
32
62
16
7
7
14
24
19
20
32
35
36
30
24
23
29
53
38
3
13
16
24
4
52
17
18
15
10
21
17
33
37
33
19
37
34
24
32
57
35
3
12
18
26
66
19
7
15
6
21
14
29
33
31
18
31
31
22
30
50
33
4
11
16
41
64
20
4
17
12
16
14
6
18
17
15
18
9
14
15
47
16
2
10
10
14
43
19
6
16
21
15
5
13
10
12
19
5
15
12
42
15
10
9
18
45
26
20
24
15
11
10
10
22
3
15
7
12
22
36
17
11
11
11
41
27
11
12
5
16
11
19
10
16
12
37
13
32
38
21
24
48
30
7
14
13
28
11
59
19
14
4
2
17
6
17
2
11
3
24
7
26
30
19
11
39
23
4
10
8
21
63
17
7
20
26
16
10
8
4
30
23
4
21
15
39
11
11
10
16
63
18
18
11
20
37
18
11
8
3
26
25
2
22
13
41
10
1
14
12
8
57
11
19
4
17
11
19
10
11
4
29
12
29
19
22
14
52
23
4
12
13
25
72
2
22
3
16
1
25
15
20
15
41
24
38
36
34
26
57
29
5
12
18
34
10
87
20
10
19
32
23
19
20
14
21
24
12
30
26
47
22
1
12
19
13
78
2
21
1
25
14
25
17
23
28
22
24
34
24
56
28
2
7
17
24
99
7
1
21
20
31
23
36
28
33
33
35
20
43
35
66
33
2
12
23
22
121
7
2
21
21
31
21
37
26
35
42
36
46
34
70
33
3
11
20
30
7
121
2
17
22
7
31
16
39
30
29
18
38
38
48
39
70
38
1
9
17
30
132
15
5
12
21
32
33
24
45
38
39
13
44
20
53
43
77
47
5
14
21
35
151
4
7
20
17
26
24
16
36
29
28
35
10
45
33
72
40
4
9
13
20
3
155
7
17
22
48
24
23
37
36
25
30
47
37
76
25
12
16
13
155
9
24
12
23
19
37
37
35
33
32
46
40
70
34
6
13
16
7
157
6
13
14
16
11
36
41
32
37
37
57
35
40
66
54
2
9
38
2
176
3
16
26
17
26
35
45
36
6
36
23
32
43
51
42
2
12
18
30
9
173
14
33
14
28
33
47
48
9
36
23
28
44
53
39
4
14
20
25
20
183
6
15
19
10
43
9
26
26
41
29
22
13
23
36
54
27
5
14
17
17
15
180
5
2
12
10
12
20
26
38
34
11
30
37
25
36
55
36
2
9
15
24
190
10
12
16
29
36
40
36
37
38
25
34
68
43
8
13
37
201
15
12
14
12
12
23
25
28
3
26
16
20
21
54
28
5
12
12
15
3
189
2
1
9
15
14
10
24
23
34
26
30
26
22
22
56
32
3
12
12
29
200
1
5
12
21
32
33
24
45
38
39
13
44
20
53
43
77
47
5
14
21
35
151
4
7
20
17
26
24
16
36
29
28
35
10
45
33
72
40
4
9
13
20
3
155
7
17
22
48
24
23
37
36
25
30
47
37
76
25
12
16
13
155
9
24
12
23
19
37
37
35
33
32
46
40
70
34
6
13
16
7
157
6
13
14
16
11
36
41
32
37
37
57
35
40
66
54
2
9
38
2
176
3
16
26
17
26
35
45
36
6
36
23
32
43
51
42
2
12
18
30
9
173
14
33
14
28
33
47
48
9
36
23
28
44
53
39
4
14
20
25
20
183
6
15
19
10
43
9
26
26
41
29
22
13
23
36
54
27
5
14
17
17
15
180
5
2
12
10
12
20
26
38
34
11
30
37
25
36
55
36
2
9
15
24
190
10
12
16
29
36
40
36
37
38
25
34
68
