120
63
21
15
11
14
56
18
12
41
25
7
126
11
122
122
67
23
17
11
14
61
23
6
45
27
5
133
7
118
124
65
28
15
15
13
55
13
10
46
28
5
125
118
128
66
30
16
16
12
54
1
15
20
48
29
4
124
106
108
62
22
17
13
15
41
16
4
12
6
43
29
3
109
4
105
113
61
28
15
15
14
40
14
2
22
5
45
28
3
103
5
3
134
149
71
46
15
21
15
72
40
23
15
8
38
21
58
30
3
142
9
128
135
66
39
12
20
16
59
21
17
7
10
28
12
53
28
5
130
105
115
55
31
8
20
15
1
37
5
10
2
6
22
5
43
24
7
99
9
108
122
56
37
7
25
16
5
40
21
10
8
7
5
23
16
47
24
9
102
15
112
127
57
41
5
28
4
17
8
39
30
10
10
10
9
25
19
50
24
10
103
5
108
121
54
37
3
28
6
17
10
33
30
6
20
11
10
10
8
46
23
12
98
3
95
117
61
42
21
27
22
1
4
48
10
23
13
7
16
14
50
29
8
1
58
6
104
123
67
46
24
28
25
5
13
50
16
25
18
10
20
22
54
31
8
70
11
9
102
121
67
43
25
28
29
8
12
50
17
27
24
14
24
22
53
30
9
1
67
9
2
92
113
63
39
24
25
28
8
3
37
17
21
25
11
16
17
50
31
8
52
99
113
66
37
25
23
25
6
15
33
20
16
23
5
15
8
50
30
8
67
107
116
68
35
25
19
26
5
23
26
21
10
26
1
6
50
29
10
83
86
95
58
23
20
12
27
6
7
4
14
2
25
10
40
27
12
60
15
98
112
58
29
18
14
26
8
25
31
20
11
27
2
31
43
25
13
77
104
120
58
31
16
15
27
10
25
37
16
11
30
3
21
8
43
22
16
83
98
107
54
26
14
16
27
12
14
28
9
12
32
6
7
11
38
20
18
77
1
92
109
51
28
12
19
4
26
14
9
39
15
12
32
10
8
37
20
18
68
24
72
92
43
20
10
18
6
28
16
19
12
6
32
11
31
19
19
37
76
96
44
25
10
21
9
32
20
24
9
20
32
16
17
15
33
19
20
41
100
112
56
32
13
24
10
35
22
29
36
25
19
34
18
36
25
41
21
19
80
116
127
62
38
12
25
9
36
19
46
46
29
22
35
16
26
23
47
22
17
6
102
71
27
109
123
57
38
9
26
6
34
15
34
45
22
22
31
14
32
19
47
22
15
1
89
159
104
112
56
32
9
23
4
32
14
37
32
18
15
27
12
25
11
44
22
14
90
214
95
108
53
29
9
19
3
30
13
27
25
14
13
23
9
30
19
40
21
14
81
293
88
100
49
25
8
18
2
27
10
27
17
13
6
20
4
30
5
36
20
13
72
340
33
88
104
46
26
5
18
24
7
32
26
9
9
14
2
23
8
35
19
12
76
291
2
103
119
49
32
4
21
22
7
42
45
9
15
9
3
22
19
41
20
12
10
94
195
101
118
48
33
4
22
21
8
37
36
6
13
8
3
12
3
40
21
11
4
91
59
23
87
102
42
27
4
18
21
7
18
24
5
6
5
17
3
35
21
11
71
31
27
87
103
43
29
3
19
18
5
16
28
5
20
13
37
23
10
63
34
15
90
109
46
34
4
19
14
2
23
29
7
17
6
41
25
8
66
16
95
111
48
34
4
19
13
29
31
3
8
17
14
43
25
7
77
3
94
115
48
35
3
19
12
1
27
35
9
23
11
43
26
6
75
4
18
94
110
47
32
2
18
10
28
30
2
7
14
8
42
26
5
75
19
97
113
48
33
2
20
8
3
29
35
5
11
18
12
43
25
5
77
96
116
48
34
3
24
12
11
28
39
3
19
9
19
19
43
24
8
3
75
106
120
54
35
6
26
2
17
16
37
39
3
24
14
30
31
47
25
9
10
90
1
112
127
58
40
9
28
2
18
16
44
46
15
27
3
15
37
26
51
26
6
7
95
11
3
10
101
122
56
41
9
28
17
13
35
45
23
27
8
15
41
31
50
27
4
10
77
20
103
121
58
43
10
29
18
12
34
45
23
28
13
14
44
27
51
28
3
9
81
19
111
124
62
44
12
29
25
14
39
45
25
29
25
16
47
26
54
29
4
5
91
14
4
102
122
62
45
13
31
3
30
16
38
46
28
30
30
18
39
36
53
29
6
10
83
15
8
9
106
124
64
47
14
34
5
33
18
44
48
33
31
36
21
41
40
56
29
7
13
87
20
3
108
126
64
46
14
34
8
36
18
41
47
36
32
40
22
58
38
55
29
9
8
88
23
8
88
111
57
39
12
31
9
37
18
23
35
32
35
41
21
47
24
47
26
11
64
15
19
74
93
50
28
11
28
10
38
18
6
19
23
22
39
20
31
18
38
22
14
47
7
22
8
82
93
50
25
11
25
8
38
14
19
19
24
18
40
16
25
13
37
21
15
64
6
13
98
106
57
30
15
24
8
37
12
46
27
32
20
39
15
23
12
41
22
17
93
7
2
88
97
53
24
16
22
5
8
40
12
38
13
22
12
39
13
32
19
36
20
19
83
5
77
88
51
20
17
20
7
5
41
11
34
2
20
10
37
11
27
6
33
21
19
76
2
1
23
68
78
48
17
18
18
7
3
40
9
30
20
5
36
9
17
30
21
17
66
2
82
89
56
24
21
19
7
40
7
51
3
24
9
39
8
21
4
38
24
16
90
12
101
107
65
32
24
20
5
35
3
72
10
29
10
36
5
24
12
46
26
11
119
6
74
80
55
20
21
16
3
33
2
47
20
34
2
20
1
36
25
10
88
5
21
81
85
58
22
21
14
30
65
26
30
34
38
25
10
105
12
17
86
92
58
21
18
15
26
74
22
27
22
39
24
10
115
6
64
70
49
10
16
12
24
4
55
13
22
7
28
21
13
92
69
71
49
7
14
9
20
3
65
15
14
21
26
19
12
104
7
6
62
65
43
11
5
20
3
57
10
14
16
21
17
12
93
10
19
55
54
40
11
2
21
5
57
11
13
14
17
16
13
90
9
65
62
45
12
3
25
8
65
17
18
22
21
17
13
104
15
78
78
51
6
14
4
27
10
71
21
19
21
28
19
13
111
21
19
83
80
54
9
13
6
26
9
83
25
17
28
2
31
21
12
121
33
41
82
80
52
9
10
7
27
10
82
26
18
31
1
31
21
9
118
28
90
90
57
16
10
11
28
11
85
26
17
34
10
38
23
8
127
39
95
95
61
20
10
15
28
12
90
29
2
19
1
41
18
41
25
6
135
57
99
99
63
22
10
17
25
11
93
32
5
17
3
38
13
43
26
2
136
55
32
102
102
65
24
12
18
22
8
94
33
7
16
3
38
10
45
27
139
62
103
102
64
24
13
17
22
6
96
34
8
18
1
40
24
45
27
141
66
96
88
60
16
13
14
19
4
83
30
12
43
21
40
25
1
130
62
83
80
52
14
12
16
19
3
65
22
12
31
11
34
23
3
109
65
11
35
81
89
50
18
13
16
20
2
67
21
7
16
1
31
13
33
22
5
109
66
8
78
80
44
12
12
14
20
1
56
17
4
14
29
9
28
20
7
102
69
65
70
39
8
11
13
22
1
42
13
1
16
15
3
22
20
9
84
72
101
103
54
23
16
16
24
2
82
10
20
9
21
1
40
11
36
22
9
133
84
3
38
89
92
48
18
15
13
27
3
64
8
23
37
2
32
21
10
113
85
52
57
34
4
10
9
28
5
27
22
16
3
20
19
13
64
74
75
82
42
14
10
14
27
6
48
8
22
12
27
19
14
97
91
3
65
78
35
13
7
14
26
7
32
7
21
1
3
22
16
16
79
90
15
21
57
63
33
5
7
12
25
8
27
4
18
1
9
17
14
18
70
87
13
33
62
64
35
5
6
15
3
23
8
41
5
19
3
8
17
14
19
82
106
54
62
31
4
6
17
8
25
10
26
1
21
5
3
14
13
21
63
109
3
54
58
33
3
8
15
9
23
8
20
15
3
10
14
13
21
61
103
13
37
40
47
30
7
14
8
22
6
9
14
11
14
20
43
106
40
39
53
31
2
7
14
7
21
5
5
12
14
16
20
36
106
61
62
41
6
10
14
6
19
1
28
1
11
7
22
17
18
68
108
4
58
59
41
4
10
12
5
16
26
7
1
21
17
15
64
122
7
16
45
53
37
2
9
11
3
15
12
8
19
18
13
44
120
3
30
52
58
41
6
9
14
1
13
12
7
24
20
11
49
118
56
60
46
8
10
15
9
10
4
28
22
8
47
124
58
59
49
9
10
15
8
19
3
30
24
5
56
121
23
65
67
51
15
8
17
6
27
3
34
26
3
66
137
57
71
73
54
20
8
20
6
30
4
38
27
2
69
140
16
75
79
57
24
10
21
8
32
6
10
42
28
2
72
137
74
78
59
24
15
19
11
34
12
4
8
42
28
2
73
140
9
81
82
59
25
17
18
12
44
20
9
13
43
28
2
83
140
43
79
85
58
24
18
15
14
40
23
4
13
34
42
27
2
76
143
4
83
90
60
27
20
17
16
49
4
27
7
19
23
4
43
27
3
85
142
88
94
62
30
21
17
22
3
59
9
34
13
26
45
13
45
27
4
94
131
81
88
58
25
21
15
28
9
60
8
36
14
29
1
51
16
40
26
6
87
134
23
98
101
65
30
21
16
29
11
79
18
41
17
28
1
56
41
46
25
7
2
110
124
104
105
67
30
20
15
35
16
82
15
46
19
35
3
62
32
46
24
9
1
116
110
79
82
53
20
18
13
41
21
72
5
49
13
37
5
66
37
35
21
10
97
105
89
88
58
24
17
15
42
22
94
16
54
21
37
7
71
50
40
22
9
8
115
97
15
21
104
100
65
28
18
16
41
21
110
21
57
30
35
6
68
50
45
23
7
16
132
86
16
18
108
106
64
29
16
17
41
20
108
23
51
26
30
10
72
53
45
23
7
14
140
69
12
97
93
60
23
15
18
42
22
108
16
47
27
29
14
78
49
40
21
8
11
132
63
18
101
95
62
24
15
21
40
23
118
17
47
30
28
15
83
52
40
22
7
20
139
60
29
3
104
97
61
22
14
21
37
22
107
8
42
27
27
13
71
42
40
22
8
6
137
34
33
15
77
74
51
12
13
19
1
35
18
93
47
19
27
12
58
39
30
21
9
111
18
14
81
78
52
14
15
19
1
33
14
103
2
48
21
30
11
58
44
31
20
8
123
10
16
70
65
49
7
14
16
1
30
11
82
37
14
26
7
56
23
26
20
8
103
29
59
57
45
4
13
16
28
8
73
34
5
23
5
46
12
23
20
9
85
20
15
63
59
47
6
14
16
25
3
77
31
6
25
2
33
14
24
20
7
90
8
51
47
46
2
14
17
20
62
25
3
22
38
4
20
21
7
77
9
50
42
50
14
15
16
54
23
19
28
21
22
5
73
21
51
44
48
15
14
13
59
22
17
25
21
24
3
77
33
32
49
44
44
17
15
10
57
23
14
19
21
25
4
75
29
43
36
48
19
10
10
47
18
14
20
19
25
4
64
24
40
31
43
22
7
15
45
16
20
17
14
23
6
63
30
35
28
39
22
6
16
43
16
19
7
11
21
7
59
23
19
27
22
37
21
4
16
39
11
18
2
9
21
8
48
15
23
17
33
19
4
18
40
10
18
12
5
20
11
43
16
15
12
34
18
6
1
21
28
7
17
11
2
18
14
37
22
11
12
27
14
7
19
20
2
13
1
16
15
31
30
9
10
11
21
9
4
15
30
1
4
13
15
31
21
9
1
27
8
1
12
17
13
15
25
10
2
3
12
5
10
19
11
15
26
16
5
6
17
5
8
26
11
13
28
13
7
19
7
7
13
11
13
23
3
3
20
10
5
15
11
12
22
11
5
21
9
8
30
11
12
34
15
15
20
7
12
38
7
9
12
12
38
14
11
27
10
11
35
3
13
12
10
34
20
18
24
8
12
45
7
17
1
12
8
42
25
23
29
7
4
11
46
4
15
4
13
7
48
25
22
27
6
5
17
43
10
7
23
3
13
8
48
30
29
28
6
5
25
5
53
17
16
33
8
5
14
9
53
41
37
36
6
11
28
9
63
21
9
22
37
18
11
16
9
65
49
47
41
1
10
14
34
15
70
32
10
31
6
54
24
17
18
9
76
58
58
48
9
11
18
36
17
80
37
20
36
10
61
22
24
21
8
86
4
67
66
56
16
12
20
36
18
84
3
40
27
34
9
54
35
31
23
7
1
92
5
16
74
72
58
20
16
21
37
21
92
3
36
28
35
15
62
39
36
25
7
1
103
10
72
72
52
21
12
25
4
37
23
89
6
36
30
32
18
60
32
34
23
7
1
103
3
67
68
55
15
15
25
5
40
23
76
38
24
32
15
51
27
31
23
9
92
71
61
60
13
17
25
4
37
18
77
40
18
27
13
57
35
30
23
8
94
5
23
67
61
57
15
19
25
3
35
16
76
37
20
21
13
46
33
30
23
9
91
1
60
64
46
15
17
25
4
38
16
77
43
21
28
13
51
30
28
22
11
91
62
59
52
13
16
24
4
35
13
74
36
11
26
9
57
28
27
21
10
89
59
50
49
8
17
18
34
10
65
29
3
27
4
41
16
25
21
10
86
23
49
46
48
5
16
14
35
9
51
32
1
30
2
38
12
24
21
11
62
2
32
40
42
5
16
15
35
7
32
21
29
37
4
21
21
12
39
42
41
41
5
18
14
33
4
48
25
30
40
10
22
21
12
64
77
68
61
13
22
13
26
75
28
24
31
5
33
22
9
103
46
74
67
55
12
20
11
16
71
23
16
26
33
23
6
104
29
41
32
41
16
6
12
38
13
11
17
20
22
6
58
35
31
42
19
6
9
28
6
8
2
18
23
5
49
48
50
44
5
19
8
7
39
9
7
5
23
22
4
67
1
29
33
31
37
16
4
5
22
4
3
1
15
21
4
44
2
32
30
31
35
16
4
1
23
16
22
4
41
36
45
37
5
15
6
3
19
21
21
4
42
38
45
41
5
15
6
9
15
22
23
5
43
27
51
50
48
10
17
7
9
32
5
1
28
25
4
60
8
59
55
53
49
12
17
6
11
42
14
6
4
30
27
1
68
3
5
46
46
45
7
15
3
11
29
5
4
26
26
1
54
42
51
42
8
14
5
13
18
8
8
16
23
24
2
47
9
13
51
55
41
8
12
6
12
29
13
6
23
22
22
4
59
22
47
43
41
37
11
6
14
26
3
4
21
17
19
7
48
13
61
65
44
9
13
9
16
39
3
8
3
8
19
23
19
9
69
17
58
63
42
8
14
10
19
1
30
1
1
2
10
16
20
17
10
63
28
29
41
25
8
10
24
5
7
10
14
19
1
9
14
13
28
41
32
44
47
31
2
8
10
26
5
25
25
7
17
1
18
1
12
13
14
46
39
60
60
37
6
12
12
2
28
6
47
2
29
14
20
4
35
8
18
13
15
71
26
57
61
36
5
11
13
4
26
6
38
23
8
16
5
28
7
17
13
15
65
30
56
57
36
5
11
13
4
25
5
36
22
11
19
6
27
12
17
13
14
66
30
37
76
80
45
18
12
18
4
23
4
58
23
30
19
22
9
45
17
27
16
13
2
91
22
8
70
71
42
14
11
17
5
24
6
49
13
30
17
25
11
48
14
26
16
13
77
18
48
51
32
6
10
18
7
26
9
30
25
15
30
13
42
23
18
15
14
48
16
68
78
44
21
13
26
9
24
9
39
26
27
26
30
18
47
30
28
17
12
11
70
27
1
92
96
51
32
16
29
10
28
13
60
44
34
35
34
21
48
27
39
19
12
23
95
16
88
94
52
33
16
29
9
30
14
60
41
39
37
39
22
49
34
40
20
12
22
89
9
72
86
44
29
15
29
8
32
15
41
45
37
36
41
21
57
35
35
19
11
23
67
29
66
77
44
26
17
27
7
32
17
36
32
34
32
39
19
53
19
32
19
11
13
59
41
77
82
51
27
17
25
3
31
16
49
34
44
30
39
16
41
30
37
21
10
17
72
36
72
80
46
27
15
24
34
17
50
29
40
27
43
13
50
35
36
21
9
13
66
27
76
89
50
33
16
26
33
17
48
42
40
33
44
13
70
31
40
24
7
27
71
31
56
57
36
5
11
13
4
25
5
36
22
11
19
6
27
12
17
13
14
66
30
37
76
80
45
18
12
18
4
23
4
58
23
30
19
22
9
45
17
27
16
13
2
91
22
8
70
71
42
14
11
17
5
24
6
49
13
30
17
25
11
48
14
26
16
13
77
18
48
51
32
6
10
18
7
26
9
30
25
15
30
13
42
23
18
15
14
48
16
68
78
44
21
13
26
9
24
9
39
26
27
26
30
18
47
30
28
17
12
11
70
27
1
92
96
51
32
16
29
10
28
13
60
44
34
35
34
21
48
27
39
19
12
23
95
16
88
94
52
33
16
29
9
30
14
60
41
39
37
39
22
49
34
40
20
12
22
89
9
72
86
44
29
15
29
8
32
15
41
45
37
36
41
21
57
35
35
19
11
23
67
29
66
77
44
26
17
27
7
32
17
36
32
34
32
39
19
53
19
32
19
11
13
59
41
77
82
51
27
17
25
3
31
16
49
34
44
30
39
16
41
30
37
21
10
17
72
36
72
80
46
27
15
24
34
17
50
29
40
27
43
13
50
35
36
21
9
13
66
27
76
89
50
33
16
26
33
17
48
42
40
33
44
13
70
31
40
24
7
27
71
31
49
62
37
22
17
23
1
25
9
25
31
33
28
25
14
46
23
26
20
6
14
37
13
47
59
38
19
16
21
1
24
9
19
25
28
25
20
12
44
17
24
19
5
10
33
12
13
43
56
36
17
17
23
2
24
9
23
24
24
26
21
14
43
25
23
20
5
13
26
3
40
55
30
17
14
22
3
25
9
27
21
21
25
23
14
42
25
21
20
7
11
30
42
58
33
18
12
21
3
21
8
19
20
22
22
19
12
35
15
22
20
7
8
26
3
39
47
33
16
14
22
2
22
8
19
21
14
23
21
13
28
19
20
19
7
6
25
9
30
41
50
36
16
15
20
1
21
7
21
21
17
23
19
12
39
20
23
20
6
5
26
20
36
51
34
16
14
20
20
7
15
19
16
20
18
12
33
13
22
21
6
8
17
36
48
34
17
15
21
21
6
14
20
15
19
20
9
26
16
21
21
7
