4999
4795
4999
4999
4795
4999
4795
4990
4999
4999
4795
4965
4795
4999
4999
4700
4869
4865
4999
4999
4788
4999
4999
4788
4999
4824
4999
4999
4999
4789
4997
4788
4999
4987
4693
4862
4858
4957
4878
4847
4999
4915
4838
4893
4949
4901
4999
4999
4847
4997
4842
4885
4838
1181
4856
4852
2238
1660
4931
4445
4987
4997
4573
441
988
4982
4479
4995
4490
4996
4997
4988
4996
4985
4465
738
29
4382
1948
3549
4849
4845
2627
1930
4895
4232
4981
4990
4405
496
1140
4982
4285
4984
4295
4970
4968
4982
4989
4982
4239
845
7
4122
2305
4881
4843
4839
1773
1302
4705
4185
4984
4983
4398
330
765
4983
4270
4987
4275
4869
4860
4984
4983
4985
4188
566
4125
1542
4876
4836
4832
2353
1732
4574
4009
4977
4968
4278
448
1026
4977
4125
4973
4129
4702
4692
4977
4976
4977
4011
761
11
3961
2069
4931
4830
4826
1885
1382
4438
3912
4968
4879
4220
349
812
4967
4054
4972
4054
4566
4556
4968
4970
4968
3909
601
3875
1654
4939
4824
4820
2039
1500
4298
3783
4965
4711
4139
384
886
4965
3953
4962
3952
4426
4413
4966
4963
4966
3777
656
5
3773
1797
4997
4817
4813
1905
1397
4176
3669
4954
4566
4066
353
822
4954
3865
4956
3861
4288
4276
4955
4942
4955
3660
607
3664
1681
4996
4811
4807
1814
1331
4040
3562
4951
4425
4003
338
785
4951
3785
4950
3779
4159
4145
4951
4833
4952
3551
579
3582
1604
4999
4804
4800
1841
1350
3925
3446
4942
4283
3927
342
796
4942
3693
4929
3685
4029
4014
4943
4662
4943
3433
587
3475
1633
4999
4798
4794
60
747
56
56
742
7
867
3
3
8
952
10
11
1007
1119
16
16
1164
1260
7
7
1318
1392
1460
2
2
1520
1588
2
2
1645
1706
1
1
1762
1818
1871
1922
1974
2022
2069
2114
2158
2200
2242
2283
2322
2361
2399
2434
2469
2503
2535
2566
2596
2626
2655
2682
2708
2733
2757
2781
2803
2824
2846
2866
2885
2904
2922
2939
2956
2973
2989
3003
3018
3032
3045
3058
3070
3081
3091
3102
3113
3122
3132
3141
3150
3158
3166
3173
3180
3188
3194
3200
3206
3212
3217
3222
3227
3231
3235
3240
3243
3247
3251
3254
3257
3259
3262
3264
3266
3268
3269
3270
3272
3274
3274
3275
3276
3277
3276
3277
3278
3277
3277
3278
3276
3276
3276
3275
3274
3273
3272
3271
3270
3269
3267
3266
3265
3262
3261
3260
3258
3256
3254
3252
3250
3248
3246
3243
3241
3238
3236
3233
3231
3229
3226
3223
3220
3218
3215
3212
3209
3206
3203
3200
3197
3194
3192
3188
3185
3182
3179
3175
3171
3169
3165
3162
3159
3155
3152
3149
3146
3143
3139
3135
3132
3128
3125
3121
3118
3114
3111
3107
3103
3100
3097
3093
3090
3086
3082
3079
3075
3071
3068
3064
3060
3056
3053
3049
3045
3086
3082
3079
3075
3071
3068
3064
3060
3056
3053
3049
3045
3000
2997
2993
2989
2985
2981
2977
2973
2970
2966
2962
2086
42
32
91
79
248
111
44
7
16
332
50
189
49
74
71
250
141
310
54
9
44
22
316
343
68
54
155
138
115
159
84
15
32
86
108
136
111
173
173
119
157
99
150
27
1
136
72
94
94
211
67
51
149
132
139
154
79
14
30
126
99
144
101
155
154
137
150
128
130
24
1
116
61
139
125
102
26
21
56
50
70
60
30
5
11
72
36
64
37
57
56
68
62
70
46
9
1
40
21
34
73
22
8
13
7
11
6
1
14
10
10
22
21
17
24
13
3
5
9
16
19
16
26
26
14
22
9
21
5
1
19
10
7
25
10
9
22
20
24
23
13
3
5
21
15
23
16
25
24
22
24
21
20
5
1
17
9
32
20
15
14
3
5
7
8
14
9
6
2
3
12
5
11
5
9
9
11
11
12
7
3
6
3
12
1
1
1
1
1
1
1
2
1
4
1
1
2
1
2
1
2
1
1
2
11
2
2
4
3
4
7
5
5
2
3
4
3
5
4
6
6
5
6
4
5
3
1
4
2
76
2
1
1
1
1
1
1
4
13
2
4
3
4
8
5
4
2
2
5
3
6
3
6
5
6
7
6
4
3
2
3
2
4
3
3
2
2
1
1
2
1
2
43
1
3
2
6
3
3
1
2
3
1
3
2
3
3
4
4
4
2
2
1
1
99
3
1
3
1
4
1
2
2
2
1
1
2
1
3
2
2
3
2
1
2
2
1
1
1
72
1
1
3
5
1
3
2
2
2
1
2
1
2
1
2
2
2
1
2
1
1
23
1
1
4
1
2
6
3
3
1
2
3
2
3
2
4
3
3
3
3
2
2
1
1
1
61
2
1
3
1
5
1
2
2
2
2
1
2
1
3
2
3
3
2
1
3
2
1
1
79
1
2
4
1
6
2
3
2
2
3
2
3
2
4
3
3
4
3
2
3
2
2
1
67
2
2
4
1
5
2
2
2
3
3
2
3
2
3
2
3
3
2
1
2
2
1
1
34
1
1
4
1
6
2
2
2
3
3
2
3
2
4
3
3
3
3
2
3
2
1
1
1
24
2
2
4
1
6
2
2
2
3
3
2
3
2
3
3
3
3
3
2
3
2
2
1
1
88
2
2
5
1
6
2
3
2
3
3
2
3
2
4
3
4
3
3
1
2
1
1
1
91
2
2
5
2
6
3
3
2
3
3
2
3
3
4
3
4
4
3
2
3
2
1
1
1
35
2
2
5
1
6
3
3
2
4
4
2
4
2
4
3
4
4
3
2
4
2
1
1
1
37
2
2
5
2
6
3
3
2
3
3
2
3
2
4
3
4
4
3
2
3
2
1
1
1
101
2
2
5
1
6
3
3
2
3
3
2
3
2
4
3
4
4
3
2
3
2
1
1
1
125
2
2
5
1
7
3
3
2
4
4
3
4
2
4
3
4
5
4
2
3
3
1
1
1
50
3
3
5
1
7
3
3
2
4
3
3
4
3
4
3
4
4
4
2
3
2
2
1
1
49
2
3
5
1
1
7
3
3
2
3
4
3
4
3
4
3
4
4
4
2
3
2
1
1
99
2
3
6
2
7
3
3
2
4
3
3
4
3
5
4
5
5
4
2
3
2
2
1
2
103
2
3
6
1
7
3
3
3
4
3
3
4
3
5
3
4
5
4
3
4
2
2
1
1
70
3
3
6
1
7
3
4
2
4
4
3
4
2
4
3
4
5
4
3
4
2
1
1
1
49
2
3
6
1
7
3
4
2
4
4
3
4
3
5
4
5
5
4
3
4
2
1
1
1
97
2
3
6
1
7
3
4
3
4
4
3
4
3
5
4
5
5
5
3
4
3
2
1
2
106
3
3
6
1
7
3
4
3
5
4
3
5
3
5
4
5
5
4
2
4
2
1
1
1
68
2
3
6
2
7
3
4
3
4
4
3
4
3
5
4
5
5
4
3
4
3
1
1
1
26
2
3
6
1
8
4
4
3
5
4
3
5
3
5
4
5
6
5
3
5
3
2
1
2
59
2
3
6
1
1
8
4
4
3
5
4
4
5
3
6
4
5
6
5
3
5
3
2
1
2
88
3
4
7
1
2
8
4
4
3
5
5
4
5
3
5
4
5
5
5
3
4
3
2
1
2
56
2
4
7
1
2
8
4
4
3
5
4
4
5
3
6
4
5
6
5
3
5
3
2
1
2
49
2
3
7
1
2
8
4
4
3
5
4
4
5
4
6
5
5
6
5
3
5
3
2
1
2
56
3
4
7
1
2
8
4
5
3
5
5
4
5
4
5
5
5
6
5
3
5
3
2
1
2
101
3
4
7
1
2
9
4
5
4
6
5
4
5
4
6
5
6
6
5
4
5
3
2
1
2
77
3
4
7
1
2
8
4
5
3
5
5
4
5
4
6
5
6
6
6
4
5
4
2
2
2
20
3
4
7
1
2
8
4
5
4
6
5
4
5
4
6
5
5
6
6
3
5
3
2
1
2
49
2
5
7
1
2
9
5
5
4
6
5
5
5
4
6
5
6
6
6
4
5
3
2
1
2
81
3
4
8
1
2
9
4
5
3
6
5
4
5
4
6
5
6
7
6
4
5
4
2
1
2
62
3
5
8
1
2
9
5
5
4
6
5
5
6
4
6
5
6
7
6
4
6
3
2
2
2
20
3
5
8
1
2
9
5
5
4
7
5
5
6
4
6
5
6
6
6
4
6
4
2
1
2
35
3
5
8
1
2
9
4
5
3
6
5
5
6
4
7
5
6
6
6
4
6
4
3
1
2
72
3
5
8
1
2
9
5
5
3
6
5
5
6
5
7
5
6
7
6
4
6
3
2
1
3
49
3
5
9
1
3
10
5
5
4
7
6
5
6
4
7
5
7
7
7
4
6
4
3
1
3
3
5
8
1
2
9
5
5
4
7
6
5
6
5
7
6
6
7
6
4
6
4
3
1
3
3
5
8
1
2
10
5
5
4
7
5
5
6
5
7
6
6
7
7
4
6
4
3
1
3
32
3
5
9
1
2
10
5
6
4
7
6
5
6
5
7
5
7
7
7
4
6
4
3
1
2
57
3
6
9
1
2
10
5
5
4
7
6
5
7
5
7
5
7
7
7
4
7
4
3
1
3
3
5
9
1
2
10
5
5
4
7
6
5
7
5
7
6
7
7
7
4
7
5
3
2
3
3
5
9
1
2
10
5
6
4
7
6
5
6
5
8
6
7
7
7
5
7
4
3
2
3
16
3
5
9
1
3
10
6
6
4
7
6
5
7
4
7
6
7
7
7
5
6
4
2
1
2
56
3
5
9
1
2
10
6
6
4
7
6
6
7
5
7
6
7
8
8
4
7
5
3
2
3
6
3
6
9
1
2
10
5
6
4
8
6
6
7
5
7
6
7
8
7
5
7
5
3
2
3
3
6
10
2
3
10
6
6
4
8
6
5
7
5
7
6
7
8
8
5
7
4
3
1
2
3
6
9
2
2
10
6
6
4
8
7
6
7
5
8
6
7
8
7
5
7
5
3
2
3
13
3
6
9
1
2
10
6
6
4
8
7
6
7
5
8
6
8
8
8
5
7
5
3
2
3
3
6
10
1
2
11
6
6
4
8
7
6
7
5
8
6
7
8
8
5
7
5
3
1
3
3
6
10
1
3
11
6
6
5
8
7
6
7
5
8
6
7
8
8
5
6
5
3
1
3
3
6
10
2
3
10
6
6
5
8
7
6
7
5
8
7
8
9
8
5
7
5
3
2
3
34
3
6
10
2
3
11
6
6
4
9
7
7
7
5
8
6
8
8
7
5
7
5
3
2
3
9
3
7
10
2
3
11
7
6
4
8
7
7
8
6
9
7
8
8
8
5
7
5
3
2
3
3
7
10
1
3
11
6
6
5
8
7
7
8
6
9
7
8
9
8
6
7
5
4
2
3
3
7
10
1
3
11
7
7
5
9
7
7
8
6
9
7
8
9
9
6
8
5
3
2
3
23
4
7
11
2
3
11
7
6
5
9
7
7
8
6
9
7
8
9
8
5
7
5
3
1
4
34
3
7
11
1
3
11
6
6
5
9
7
7
8
6
9
7
8
9
8
5
7
5
3
1
3
3
7
11
1
3
11
6
7
5
9
7
7
8
6
9
7
8
9
9
6
8
5
4
2
4
4
7
11
2
3
11
6
7
5
9
7
7
8
6
9
7
8
9
8
5
8
5
3
1
4
50
4
7
11
2
3
12
7
7
5
9
7
7
8
6
9
7
8
9
9
5
8
5
3
2
3
53
3
8
12
2
3
12
7
7
5
9
8
7
8
6
9
7
9
9
9
6
9
5
4
2
4
4
8
12
2
3
12
7
7
5
10
7
7
8
7
9
7
9
9
9
6
9
5
3
2
4
3
8
12
2
3
12
7
7
5
10
8
8
9
6
9
7
8
9
9
6
8
6
4
2
3
38
3
7
11
2
3
12
7
7
5
10
8
8
8
6
9
7
9
10
9
7
9
6
4
2
4
59
4
7
11
2
3
12
7
7
5
10
7
7
8
7
9
8
9
10
9
6
8
5
3
2
4
6
4
8
12
2
3
12
7
7
5
10
8
8
9
7
10
7
9
10
9
6
8
5
4
2
3
21
3
8
12
2
3
13
7
7
5
10
7
8
9
7
9
7
9
10
9
6
9
6
4
2
4
90
3
8
12
2
3
13
7
7
5
10
7
8
9
7
9
8
9
10
9
6
9
6
4
3
4
110
4
8
12
2
3
12
7
8
5
10
8
8
9
7
9
8
9
10
10
6
9
6
4
2
3
57
4
8
12
2
3
13
7
8
5
10
9
8
9
7
10
8
9
10
10
7
9
6
3
2
4
16
3
8
12
2
3
13
7
7
5
10
8
8
9
7
10
8
9
11
10
7
9
6
4
3
4
66
3
9
12
2
3
13
8
8
5
11
8
8
9
7
10
8
9
10
9
7
9
6
4
2
4
113
3
9
13
2
3
13
8
8
6
11
9
8
9
7
10
8
9
10
10
6
9
6
4
2
4
79
4
8
12
2
3
13
8
8
6
11
8
8
9
7
10
8
10
10
10
7
9
6
4
2
4
50
4
8
12
3
3
13
8
8
5
11
8
8
9
7
10
8
10
11
10
7
9
6
4
2
4
91
3
9
13
3
3
13
8
8
6
11
8
9
10
7
10
8
9
10
10
7
9
6
4
3
4
149
4
9
13
2
3
13
8
8
6
11
9
8
9
7
10
9
9
10
10
7
10
6
4
2
4
137
3
9
13
3
3
14
8
8
6
11
9
9
10
7
11
9
10
11
10
7
10
7
5
3
5
51
4
9
13
2
3
14
8
8
6
11
9
9
10
7
10
8
10
11
10
7
10
6
4
2
4
69
3
9
13
2
3
14
8
8
5
12
9
9
10
7
10
9
9
11
10
7
9
6
4
2
4
133
3
9
13
3
3
14
8
8
6
12
9
9
10
8
11
9
10
11
10
7
10
7
5
3
5
98
4
10
14
3
3
14
9
8
6
12
9
9
10
8
11
9
10
11
11
7
10
7
4
3
5
58
4
9
14
3
3
15
9
8
5
12
9
9
10
8
11
9
10
11
11
7
10
7
5
2
4
55
4
9
14
2
3
14
9
8
5
12
9
9
10
8
12
9
10
11
11
8
10
7
5
3
5
101
4
10
14
3
3
14
9
9
6
12
9
9
10
8
11
9
10
12
11
7
10
7
4
3
5
78
4
10
14
3
3
14
8
8
6
12
9
9
10
8
11
9
10
11
10
7
10
7
4
3
5
19
3
9
14
2
3
14
9
8
6
12
9
9
10
8
11
9
10
11
11
7
10
7
5
3
4
25
3
9
14
2
4
15
9
9
6
12
9
10
10
9
12
10
11
12
11
8
11
7
5
3
5
47
4
10
14
2
4
14
9
9
6
13
9
10
10
9
11
9
11
12
11
8
10
6
4
3
5
62
3
10
14
3
4
15
9
9
6
12
9
10
10
8
11
9
11
12
11
8
10
7
5
3
5
28
4
10
14
3
3
15
9
9
6
12
9
10
11
8
12
10
11
12
11
8
10
8
5
3
5
4
10
14
3
3
15
9
9
6
13
10
10
10
8
12
10
11
12
11
8
10
7
5
3
5
43
3
10
15
3
4
15
9
9
6
13
9
10
11
9
12
10
11
12
11
7
10
7
5
3
5
62
4
10
14
3
3
15
9
9
6
13
10
10
11
9
12
10
11
12
11
8
11
7
5
3
5
4
4
11
14
3
3
15
9
9
6
13
10
10
11
8
12
10
11
12
12
8
11
8
5
3
5
4
11
15
3
4
16
10
9
7
13
10
10
11
9
12
10
11
12
12
8
11
8
4
3
5
4
11
15
3
4
16
9
9
6
13
9
10
11
9
12
10
11
12
12
8
11
7
5
3
5
40
4
11
15
3
3
16
9
9
7
13
10
10
11
9
12
10
11
12
12
8
11
8
5
3
5
7
4
11
15
3
4
16
10
9
7
13
10
10
11
9
12
10
11
12
12
8
11
8
5
3
5
3
11
16
3
4
16
10
9
7
14
10
10
11
9
12
10
11
12
12
8
11
8
5
3
5
16
4
11
15
3
3
16
10
9
7
14
10
11
11
9
12
10
12
12
12
9
12
8
5
3
5
30
4
11
15
3
4
15
10
9
7
14
10
11
11
9
13
10
12
12
12
8
12
8
5
3
5
3
11
16
3
4
16
10
10
7
14
10
10
11
9
13
10
11
13
12
8
11
8
5
3
5
4
11
15
3
4
16
10
10
7
14
10
11
12
9
13
10
12
13
13
9
12
8
5
3
5
4
11
15
3
4
16
10
10
7
14
10
11
12
9
13
10
12
13
13
9
12
8
5
3
6
14
4
12
16
3
4
17
10
9
7
14
10
11
12
9
13
10
11
12
12
8
11
8
5
3
6
4
12
16
3
4
16
10
10
7
14
11
11
12
10
13
11
12
13
12
9
12
8
5
3
6
3
11
16
3
4
16
10
10
7
14
10
11
12
9
13
11
12
13
13
9
12
8
5
3
6
4
12
16
3
4
16
10
10
7
14
11
11
12
9
13
11
12
13
13
9
12
8
5
3
5
13
3
12
16
3
4
16
10
10
7
14
11
11
12
9
13
11
12
13
13
9
12
8
5
3
5
29
3
12
16
3
4
16
10
9
7
15
11
11
12
10
13
11
12
13
13
9
12
9
6
3
6
4
12
16
3
4
17
11
10
7
15
11
11
12
10
13
11
12
13
13
9
12
8
5
3
6
4
12
16
3
5
17
11
10
7
15
10
11
12
10
13
11
12
14
13
9
12
8
5
3
5
1
4
12
17
3
4
17
11
10
7
15
11
11
13
10
14
11
12
14
13
9
12
8
5
3
6
15
4
12
17
3
4
17
10
10
7
15
11
11
12
10
13
11
13
14
13
9
12
9
6
4
6
3
12
17
4
4
17
11
10
7
15
11
11
13
10
13
11
12
13
13
9
12
8
5
3
6
3
12
17
3
4
17
11
10
8
16
12
11
13
9
14
11
12
14
13
9
12
9
6
3
6
3
4
12
17
3
4
17
11
10
7
15
11
12
12
10
14
11
13
14
14
9
12
9
6
3
6
2
4
12
17
3
4
17
11
10
7
16
11
12
13
10
14
11
13
14
14
9
13
9
5
3
6
3
13
17
3
4
18
11
11
8
16
11
12
13
10
14
11
13
14
14
9
13
9
6
3
6
3
13
17
3
4
18
11
10
7
16
12
12
13
10
14
12
12
14
14
9
13
9
6
3
6
4
13
17
3
4
17
11
11
8
16
11
12
13
10
14
11
12
14
14
9
13
9
6
3
6
22
3
13
17
3
4
18
11
11
8
16
12
12
13
10
14
11
12
14
14
10
13
9
6
3
6
3
13
17
3
4
17
11
10
8
16
12
12
13
10
14
12
13
15
14
10
13
9
6
3
6
3
12
17
4
4
17
11
11
7
16
11
12
13
10
14
12
13
14
14
10
13
9
6
3
6
3
13
18
4
4
18
11
11
8
16
12
12
13
10
14
12
13
14
14
9
