13
1
2
12
1
2
3
1
22
3
9
4
3
1
12
7
13
7
10
1
3
1
16
3
1
12
5
9
8
8
2
10
3
12
4
12
2
6
4
7
30
7
10
5
9
10
9
7
13
7
12
5
10
32
7
12
29
8
5
8
9
7
23
7
14
3
10
13
7
3
19
4
8
9
13
11
28
20
19
14
19
16
9
31
1
10
5
14
9
22
25
20
9
19
2
8
11
33
1
8
9
1
23
15
20
1
10
1
4
7
30
2
7
9
6
29
20
1
19
1
19
1
2
1
9
33
3
8
12
8
11
2
8
3
36
8
23
17
14
1
10
1
11
6
11
22
33
14
7
8
12
7
14
7
4
1
29
9
19
10
17
5
24
13
7
1
8
16
37
10
11
7
17
4
18
7
4
8
5
20
12
11
14
15
10
8
15
14
7
4
12
18
37
19
11
7
16
1
19
5
6
7
6
21
13
17
12
9
29
15
13
5
4
18
14
31
16
14
6
13
3
18
7
8
14
7
21
12
21
18
8
15
7
12
4
5
16
13
34
16
2
1
7
17
2
10
8
10
19
7
14
21
11
10
5
3
5
3
5
6
10
32
18
10
9
2
9
33
32
4
6
6
7
11
5
15
29
4
6
2
5
6
4
19
10
10
2
4
21
6
6
1
6
8
18
6
3
9
4
27
4
3
5
5
7
28
12
11
3
5
23
5
5
5
5
23
11
8
1
14
1
3
24
4
4
2
12
9
3
12
1
1
3
25
5
4
13
3
8
7
1
2
22
2
3
4
3
22
15
4
1
2
2
8
32
2
7
3
7
9
9
12
4
33
9
1
19
1
27
4
3
4
9
19
36
6
12
11
8
12
12
12
3
16
8
32
13
6
20
6
21
13
9
3
7
26
21
42
1
8
7
6
19
9
8
14
8
20
8
17
19
10
26
19
7
3
8
20
41
15
7
1
16
8
9
12
9
39
5
27
2
19
9
19
7
1
2
7
3
37
10
3
3
7
6
3
7
5
25
13
11
10
2
2
5
7
23
4
3
4
5
3
7
5
21
1
8
4
10
3
4
1
4
10
28
10
4
6
5
8
6
24
14
13
3
14
5
2
29
1
2
4
3
4
4
12
3
1
8
5
19
2
1
4
4
3
7
3
7
6
5
15
2
2
3
5
5
13
7
5
2
4
21
6
3
8
6
16
9
12
3
4
11
5
16
5
8
10
2
16
2
1
12
4
2
23
6
4
9
1
13
11
4
27
17
10
19
4
5
10
28
6
3
11
5
20
18
16
4
27
7
6
21
16
14
5
3
5
18
14
39
4
11
1
10
1
17
20
8
33
23
7
25
26
26
6
5
5
19
16
51
17
14
10
3
15
21
10
48
6
24
13
25
3
16
14
5
4
5
8
24
50
16
4
8
4
12
17
7
36
9
18
12
21
4
2
3
3
5
11
3
49
16
2
1
12
9
5
14
9
34
7
31
22
6
18
2
2
6
11
41
16
9
2
2
16
6
6
10
6
49
17
33
2
18
3
4
5
3
5
11
24
39
13
10
5
7
8
5
31
22
16
19
6
7
8
2
5
6
11
33
9
11
5
8
9
9
18
1
14
10
17
11
23
16
1
6
11
2
34
12
3
11
1
6
4
6
34
17
10
6
7
3
2
4
8
11
33
8
7
2
3
5
5
17
12
5
12
4
9
16
1
4
12
5
26
3
5
4
1
7
2
12
3
12
1
3
7
6
22
1
3
5
6
1
17
6
12
3
3
23
3
4
4
2
30
17
10
4
30
3
1
5
4
25
7
9
8
2
22
6
6
22
7
8
1
3
19
1
3
7
1
26
12
11
2
21
5
8
5
14
23
15
2
3
1
28
11
2
7
8
3
22
9
8
4
11
32
9
4
6
10
9
4
20
8
13
2
1
3
10
27
8
3
5
9
7
2
18
5
9
11
7
2
3
7
5
31
4
12
2
10
4
6
1
41
9
5
13
19
6
5
2
1
19
36
5
11
5
9
8
7
7
4
33
6
16
17
4
15
3
7
6
2
23
19
37
20
7
7
7
6
3
9
8
43
3
30
15
17
10
28
19
3
4
15
14
38
20
5
6
10
7
3
7
7
48
13
31
7
20
10
12
13
2
3
3
8
46
18
2
16
4
5
3
3
33
9
17
13
5
13
8
2
3
19
1
43
21
9
5
2
1
1
36
14
16
11
2
1
1
2
4
7
31
12
5
6
3
9
6
29
22
7
16
1
3
8
9
28
7
1
6
10
10
2
5
1
28
3
24
16
2
1
4
14
34
12
5
9
9
10
2
1
29
9
7
16
15
15
1
2
4
8
5
39
10
15
4
14
12
11
3
6
2
43
11
16
13
15
6
2
5
3
5
19
13
41
18
12
5
12
18
11
6
8
7
42
7
39
4
20
1
17
21
6
3
6
24
10
48
24
15
4
14
16
12
4
8
4
38
19
5
23
1
9
7
7
3
6
13
12
42
20
13
8
10
12
7
4
6
6
32
7
25
20
16
6
3
6
3
6
37
13
42
21
1
3
7
13
5
5
6
8
26
12
29
5
20
8
23
1
2
5
16
1
44
15
6
14
6
5
5
5
50
7
28
15
18
6
7
3
2
5
43
19
1
1
14
3
3
41
12
14
11
10
1
1
1
3
18
7
33
18
11
4
3
2
12
1
3
10
4
4
3
24
12
4
3
20
12
10
2
31
6
1
3
4
4
27
12
11
2
1
4
28
1
4
4
17
5
7
1
2
26
10
3
2
3
29
5
8
1
12
25
4
1
2
6
13
13
9
2
28
19
6
3
1
8
1
12
20
5
12
3
5
2
7
3
27
2
7
5
10
2
2
27
33
8
18
2
11
17
3
30
7
4
12
5
1
28
10
12
2
2
28
16
10
2
29
16
12
1
11
3
1
11
2
32
12
6
7
3
10
38
7
26
22
8
3
18
5
6
15
5
39
25
11
11
3
15
1
38
13
8
14
9
8
10
7
22
16
36
29
13
5
4
12
39
12
8
7
13
1
4
8
7
10
14
34
11
10
6
3
12
36
5
15
11
7
6
6
19
14
37
16
2
1
12
3
25
3
8
18
13
3
1
10
33
12
14
6
2
1
15
1
1
14
16
8
3
3
7
30
9
14
6
6
1
6
20
15
11
6
14
4
7
24
15
1
14
8
7
3
7
22
19
16
14
1
3
5
5
28
15
2
15
7
9
5
12
18
2
22
5
14
7
18
21
6
13
31
18
12
5
9
5
11
23
12
18
9
13
12
6
6
8
27
19
13
2
6
5
32
9
19
11
7
12
4
16
30
24
8
1
4
1
7
28
1
17
6
10
7
5
5
4
14
28
15
6
1
3
3
7
19
13
7
11
4
3
4
8
23
10
3
3
28
6
11
15
2
2
17
29
13
2
2
21
12
9
2
1
11
28
10
6
1
2
21
1
6
1
23
3
6
28
12
8
1
6
28
13
12
16
3
12
33
11
8
9
2
21
31
5
19
3
4
29
34
16
2
9
8
1
2
29
2
18
1
16
2
13
4
1
34
36
23
8
1
6
4
48
1
14
6
12
1
11
2
2
31
8
3
6
6
1
4
9
28
6
16
16
14
8
12
22
2
3
8
36
25
7
8
7
4
7
12
24
22
19
11
12
13
2
4
27
40
27
5
11
11
9
4
9
12
46
5
34
16
22
8
7
8
2
4
9
45
19
1
9
16
8
6
10
14
23
1
20
18
21
13
19
10
2
4
27
39
28
4
10
10
6
5
6
13
25
9
10
16
13
4
2
3
14
36
18
3
2
10
21
3
16
9
9
8
37
2
1
28
34
24
5
3
8
7
5
1
7
20
4
58
25
15
8
3
29
1
26
3
9
1
1
5
6
86
28
17
11
2
5
9
37
15
27
13
14
7
13
5
1
193
31
22
11
1
4
7
10
35
6
18
9
18
6
16
3
5
2
18
224
37
20
2
2
10
3
6
7
12
40
6
20
7
20
10
36
9
4
4
9
247
34
22
3
3
10
4
4
7
12
30
14
9
19
6
16
3
4
6
2
275
29
14
7
6
6
5
6
10
45
18
20
1
8
2
3
10
12
201
32
2
9
4
2
8
11
28
28
20
1
28
8
1
5
2
1
94
33
8
9
4
3
8
12
13
6
19
4
39
24
2
5
1
1
1
28
12
3
3
1
5
6
11
31
7
21
13
22
10
15
10
2
4
12
5
27
15
3
3
6
12
25
20
6
18
10
8
11
1
4
8
21
16
4
1
4
10
25
15
9
5
4
11
3
5
18
10
2
1
3
9
6
2
6
4
5
6
1
4
14
13
17
2
5
2
2
5
16
18
3
2
1
4
9
22
11
1
5
11
5
4
7
9
26
2
8
14
9
1
3
4
14
31
15
2
5
9
4
4
6
12
30
6
16
11
12
10
8
5
4
17
26
25
7
7
2
1
6
36
13
5
6
3
4
5
2
12
28
22
1
6
1
5
22
13
3
9
2
3
1
7
23
7
1
3
22
6
9
1
33
1
1
10
20
5
1
13
15
9
12
1
11
23
7
14
9
7
6
2
14
19
7
6
2
19
1
4
9
17
2
1
13
23
12
5
3
14
4
2
3
8
1
15
18
14
1
4
32
11
18
7
1
1
18
1
8
23
14
9
4
7
31
21
2
1
6
1
3
3
24
17
9
6
10
23
10
5
9
4
4
26
27
20
3
10
3
5
1
11
35
6
19
14
10
9
3
10
1
4
21
11
29
22
7
6
10
4
6
11
34
8
18
17
10
12
2
2
3
4
18
13
25
22
33
3
21
7
6
1
5
43
5
11
1
7
5
1
10
5
1
21
65
30
17
67
35
30
9
7
7
51
16
13
6
19
7
6
90
26
13
97
65
32
15
4
7
40
16
25
7
1
99
18
6
124
95
44
26
9
7
60
31
34
9
121
16
9
148
129
49
36
4
6
63
37
10
42
10
146
17
4
176
157
54
46
3
6
60
50
50
12
162
17
2
177
168
55
51
7
6
59
62
52
14
162
10
5
186
178
55
51
5
5
56
52
54
13
168
7
195
184
59
51
9
3
62
51
55
13
175
8
190
175
56
47
7
3
63
47
52
12
177
7
184
180
50
49
1
11
52
56
52
12
164
177
188
50
48
2
11
51
62
53
12
160
3
2
191
189
62
51
10
9
65
59
15
5
58
14
178
17
11
219
212
75
65
16
19
86
76
12
3
4
2
70
16
2
202
38
14
216
216
76
67
18
20
88
78
8
10
4
72
16
200
30
16
197
200
69
64
17
19
74
74
11
1
1
66
16
187
23
10
196
204
66
65
13
19
68
79
5
65
16
187
20
10
175
180
59
54
10
14
60
61
2
2
56
14
162
9
2
160
167
54
46
9
10
65
51
51
12
152
11
153
160
46
42
6
6
56
51
49
10
148
7
127
145
41
37
5
4
48
47
44
10
125
3
113
131
37
29
7
52
31
39
9
110
13
92
113
25
22
2
30
30
31
6
90
9
88
121
28
28
3
5
38
48
33
7
88
10
15
81
108
25
28
9
40
38
8
32
6
82
13
8
78
98
30
31
9
44
41
18
4
34
8
81
12
6
85
105
39
39
4
11
62
57
2
9
8
41
10
90
20
21
66
94
29
34
15
39
39
13
2
37
9
75
22
19
53
82
26
32
15
32
37
1
15
33
9
59
14
12
38
69
21
31
1
17
31
47
1
30
9
32
3
1
21
42
67
21
23
2
13
31
27
8
29
8
49
19
16
18
36
58
26
18
9
5
1
38
21
8
7
11
4
3
27
8
45
64
17
12
33
66
29
24
12
5
1
36
36
12
3
5
5
10
32
10
14
41
92
20
27
46
69
36
27
18
3
3
47
35
11
12
10
9
37
12
19
52
106
32
25
40
60
29
24
18
3
7
39
28
15
8
16
15
4
33
11
39
115
23
16
21
54
20
22
11
8
4
31
25
10
1
7
7
28
10
7
32
124
18
18
13
39
17
16
8
11
29
23
8
6
22
7
4
27
134
18
15
7
30
11
13
1
14
28
16
2
3
18
7
21
147
7
5
25
5
15
16
22
12
3
15
6
6
161
3
3
26
3
12
17
14
14
13
5
1
5
184
10
24
8
10
23
10
12
3
9
4
1
9
198
9
6
20
4
7
3
6
17
10
21
3
1
1
7
2
4
1
8
215
18
9
17
3
2
8
6
14
23
10
10
9
10
8
2
4
3
234
11
13
2
21
9
2
3
1
10
25
1
10
10
9
6
7
11
3
3
9
238
23
7
7
22
10
3
4
16
3
5
5
10
1
13
4
16
18
241
19
13
1
6
3
17
4
3
10
10
4
1
1
9
234
12
8
3
10
4
5
3
32
6
5
1
13
5
1
6
235
14
6
6
4
9
29
9
9
7
10
5
1
231
6
13
3
5
6
6
2
21
10
25
14
8
10
4
2
3
2
221
14
14
14
7
9
2
2
4
25
23
10
11
9
11
4
2
7
9
217
13
22
9
4
5
6
1
23
9
10
4
9
5
1
172
4
10
18
1
9
10
28
11
5
3
3
12
7
3
6
139
11
9
13
5
6
2
4
3
29
13
3
21
12
1
4
1
11
7
8
6
119
19
21
8
5
3
4
5
4
23
4
15
4
10
2
17
9
6
10
2
91
19
18
5
6
3
6
1
6
25
10
9
1
7
8
5
1
7
5
57
16
13
5
3
5
1
7
12
1
3
3
11
2
1
5
3
2
10
29
8
10
7
2
7
7
5
3
2
2
2
8
6
2
10
5
1
3
12
14
4
3
6
6
7
4
1
4
7
16
6
1
4
2
14
12
6
9
9
10
10
15
5
1
5
6
9
22
5
2
1
12
19
5
8
7
8
5
1
4
2
9
13
6
10
13
7
1
11
9
7
1
2
3
4
7
9
5
7
7
13
11
13
12
8
3
8
1
3
3
2
8
7
17
2
3
4
8
6
23
2
9
2
4
7
5
1
3
15
14
8
5
6
2
7
5
27
9
7
8
4
8
9
6
16
2
21
19
5
6
4
3
3
26
13
15
21
7
2
8
5
11
21
21
5
8
2
4
2
2
24
7
4
4
5
18
8
5
14
4
21
18
2
6
2
3
2
22
7
9
7
8
35
7
5
18
17
18
1
5
1
5
1
13
5
9
3
5
1
8
5
18
13
16
6
2
8
4
20
8
1
5
3
4
4
8
4
14
6
14
17
8
2
2
11
23
7
9
14
16
10
11
2
3
2
11
21
7
12
1
5
3
17
22
17
25
18
16
18
9
11
6
3
3
17
23
32
7
1
7
1
12
3
3
8
14
26
23
5
27
19
14
4
13
6
5
3
17
19
36
10
1
5
1
11
3
2
7
13
22
14
5
7
19
12
18
10
8
5
3
19
1
18
23
13
6
8
2
4
3
5
12
31
16
25
18
16
10
12
22
9
5
3
15
13
21
26
12
6
6
3
7
3
4
12
28
18
13
21
13
10
9
9
5
3
13
8
18
28
1
14
5
7
1
11
1
3
1
12
25
16
2
10
7
10
3
15
9
5
3
17
15
18
22
12
5
6
11
3
13
23
19
10
18
7
13
1
12
10
6
2
18
10
13
26
12
20
14
10
14
3
9
36
14
13
14
6
13
17
7
1
19
23
18
25
17
28
23
16
4
13
1
5
38
19
22
4
8
10
23
9
1
24
29
22
27
14
19
16
11
2
13
1
6
19
13
20
2
9
3
9
19
9
33
15
16
24
10
4
4
8
1
25
4
15
3
6
4
10
9
11
7
7
8
20
22
3
3
5
1
22
8
15
5
9
3
4
5
1
17
17
2
1
3
28
10
17
22
9
3
12
3
1
12
9
20
5
1
1
1
30
10
18
3
12
1
19
2
4
10
1
24
20
2
1
5
1
21
9
9
18
1
2
2
7
6
21
11
2
1
6
2
26
9
15
14
16
2
5
13
1
3
12
4
16
20
1
4
5
2
4
21
5
17
3
17
4
3
12
2
3
8
5
14
14
2
6
2
3
5
24
7
12
6
18
4
3
3
13
5
14
18
2
8
6
1
9
1
5
25
13
8
10
13
5
9
3
6
5
2
19
12
22
24
1
8
10
4
13
5
1
9
18
11
1
14
11
10
2
10
10
6
3
19
9
20
20
23
15
10
20
8
11
23
8
5
13
9
15
7
8
15
6
2
41
12
21
30
6
16
19
10
4
17
7
12
34
17
18
25
13
12
10
19
16
6
3
43
19
29
41
8
6
1
13
2
8
4
16
29
32
21
33
16
16
2
41
6
3
5
12
21
38
5
17
2
9
2
15
35
23
17
21
14
22
2
29
4
3
5
15
14
34
5
11
3
5
14
39
22
16
27
12
17
5
23
3
4
4
13
7
31
36
2
2
7
2
4
1
13
24
18
10
25
11
11
4
3
1
3
5
15
18
26
2
3
4
2
9
28
13
8
19
15
7
9
3
3
18
2
19
22
4
3
18
12
2
12
3
19
1
4
2
9
12
20
2
3
1
21
2
7
3
11
1
3
5
2
7
2
8
13
8
1
3
5
1
1
9
32
14
14
15
6
6
7
6
2
11
1
16
18
2
9
1
1
7
5
12
28
9
3
12
9
8
24
9
6
3
17
3
14
19
13
15
3
8
5
9
26
1
7
5
8
20
14
7
2
28
14
15
19
3
11
5
12
3
3
8
9
1
1
2
6
7
12
7
1
22
9
24
11
3
4
1
5
17
8
14
7
8
21
4
3
2
14
17
1
7
5
3
2
5
28
7
8
16
14
8
17
3
4
12
23
5
2
8
1
5
7
24
14
25
24
22
9
7
7
3
5
1
21
25
4
4
7
2
6
8
30
4
13
19
21
7
3
10
3
5
19
20
17
3
3
1
2
7
22
11
9
13
16
6
1
14
2
4
11
16
19
3
1
1
2
8
22
12
16
15
7
6
3
4
17
14
20
9
5
3
4
2
27
20
7
15
11
3
6
6
6
17
1
16
23
7
7
2
2
22
8
7
17
10
3
9
8
9
9
17
19
14
11
8
2
6
1
20
15
12
11
13
14
9
23
5
15
20
27
13
12
4
10
4
20
13
16
20
13
1
16
17
8
1
31
2
17
23
6
15
7
8
13
3
5
10
28
14
9
25
12
11
6
35
14
7
4
24
11
16
30
11
6
8
11
7
7
4
12
34
17
5
15
15
12
9
