4689
4762
4777
4855
4855
4999
4854
4854
1300
886
4721
4855
4698
4999
4709
4854
4855
4855
4855
4855
4855
4998
4855
4930
4924
4850
4689
4759
4774
4850
4850
4999
4849
4849
1260
861
4719
4850
4697
4999
4708
4850
4850
4850
4850
4850
4850
4998
4850
4924
4918
4842
4678
4749
4765
4842
4842
4999
4842
4841
1228
837
4709
4842
4687
4999
4697
4842
4842
4842
4842
4842
4842
4999
4842
4917
4911
4837
4675
4745
4760
4837
4837
4999
4836
4836
1179
800
4705
4837
4683
4999
4694
4836
4837
4837
4836
4837
4837
4999
4836
4911
4905
4830
4667
4738
4754
4830
4830
4999
4829
4829
1138
777
4698
4830
4676
4999
4686
4829
4830
4830
4829
4830
4830
4999
4829
4904
4898
4823
4661
4732
4747
4824
4823
4999
4823
4823
1101
747
4692
4824
4670
4999
4680
4823
4823
4823
4823
4824
4823
4999
4823
4898
4892
4817
4655
4725
4741
4817
4817
4999
4817
4816
1057
717
4686
4817
4664
4999
4674
4817
4817
4817
4817
4838
4817
4999
4817
4891
4885
4811
4648
4719
4734
4811
4810
4999
4810
4810
1003
687
4679
4811
4657
4999
4663
4810
4811
4811
4810
4938
4810
4999
4810
4885
4879
4804
4643
4713
4729
4804
4804
4999
4804
4804
966
666
4673
4804
4652
4999
4593
4804
4804
4804
4804
4999
4804
4999
4804
4878
4872
4798
4636
4706
4722
4798
4797
4999
4797
4797
932
648
4667
4798
4643
4999
4428
4797
4798
4798
4797
4995
4798
4999
4797
4871
4866
4792
4615
4687
4702
4792
4791
4999
4791
4791
897
629
4651
4792
4587
4999
4283
4791
4792
4792
4791
4999
4792
4999
4791
4865
4859
4847
2848
1560
2923
4846
4846
4857
4846
4857
299
213
2551
4857
1474
4819
1380
4850
4850
4850
4855
4999
4849
4832
4849
4859
4853
4891
3726
4854
3390
4894
4895
3369
4898
4480
4827
4398
4993
2969
4998
4916
4917
4917
4912
3669
4917
3102
4917
4776
4770
2771
2414
2796
2255
2792
2798
2211
2807
2694
2879
2688
2744
2021
2756
2854
2859
2864
2883
2380
2878
2112
2889
3025
3026
52
37
32
21
26
24
22
99
71
245
236
8
7
5
1
108
163
113
180
111
112
6
113
129
414
407
121
122
122
125
126
139
140
142
99
305
293
92
98
93
101
93
93
94
77
51
94
601
587
95
96
96
18
97
96
96
154
106
514
497
60
41
59
34
60
60
60
149
102
56
755
735
59
59
59
58
56
56
174
119
750
727
8
7
8
8
7
205
140
4
879
853
6
6
6
5
3
3
7
17
7
20
7
7
7
207
141
9
962
934
8
9
9
9
10
10
243
166
1020
989
16
16
16
16
16
16
16
247
169
16
1131
1098
16
16
16
16
16
16
273
187
1177
1141
8
5
11
4
8
8
286
196
8
1273
1235
8
8
8
5
7
7
52
302
206
1331
1291
209
319
219
1405
1361
1
3
358
3
1
1
331
226
2
1473
1426
1
1
1
2
2
483
348
237
1533
1484
2
2
628
2
2
2
359
245
2
1600
1550
2
2
2
2
2
749
374
255
1656
1603
1
881
1
1
386
263
1
1717
1662
1
1
1
1
1
1000
398
272
1771
1715
1118
411
281
1827
1767
1
1235
422
288
1880
1819
37
1344
434
296
1931
1868
179
1454
9
445
305
1982
1917
340
1557
95
456
312
2029
1962
471
1659
261
466
318
14
2077
2007
614
1754
394
474
323
115
2119
2048
743
1847
529
482
329
285
2161
2088
876
1941
666
492
336
421
2204
2129
1002
2028
792
501
342
562
2244
2167
1122
2115
920
509
348
701
2284
2206
1242
2199
1039
517
353
830
2322
2241
1355
2279
1158
525
359
960
2358
2276
1467
2358
1272
534
364
1080
2394
2310
1575
2435
1383
542
370
1203
2429
2344
1680
2509
1492
550
377
1319
2463
2376
1781
2581
1595
558
382
1432
2496
2407
1878
2650
1697
565
387
1542
2527
2438
1973
2718
1795
572
392
1646
2557
2466
2064
2783
1889
579
397
1749
2587
2494
2153
2845
1981
586
402
1848
2616
2521
2239
2907
2070
592
406
1943
2643
2547
2322
2966
2156
599
411
2036
2669
2572
2403
3022
2239
604
416
2126
2695
2596
2481
3079
2321
611
420
2214
2720
2620
2557
3133
2399
616
424
2297
2744
2643
2628
3183
2474
621
428
2378
2766
2664
2698
3232
2547
625
430
2455
2787
2684
2765
3280
2617
629
433
2531
2808
2703
2830
3326
2685
634
436
2604
2828
2722
2893
3371
2751
638
439
2675
2847
2740
2955
3414
2815
642
442
2743
2866
2757
3013
3455
2876
646
444
2809
2884
2775
3070
3496
2936
649
447
2872
2901
2791
3126
3535
2994
653
449
2934
2917
2806
3179
3572
3050
656
452
2994
2933
2821
3230
3609
3103
659
454
3051
2949
2836
3279
3644
3156
662
457
3107
2964
2850
3327
3677
3206
665
458
3161
2978
2863
3374
3710
3255
668
460
3213
2991
2875
3419
3741
3302
671
462
3263
3004
2888
3462
3772
3348
673
464
3312
3017
2899
3504
3801
3392
676
466
3359
3029
2911
3543
3830
3434
678
467
3404
3041
2921
3583
3857
3476
681
469
3448
3052
2931
3621
3883
3515
683
470
3490
3062
2941
3656
3908
3554
684
472
3530
3073
2951
3691
3933
3591
686
473
3570
3082
2960
3725
3957
3627
689
475
3608
3092
2968
3757
3979
3661
690
476
3644
3100
2976
3789
4001
3694
692
477
3680
3108
2984
3819
4022
3727
694
478
3713
3117
2992
3848
4042
3758
696
479
3746
3124
2999
3876
4062
3788
697
480
3778
3132
3006
3903
4081
3817
698
482
3809
3139
3012
3929
4099
3845
700
482
3838
3145
3018
3954
4116
3872
701
483
3867
3152
3024
3978
4132
3898
702
484
3894
3158
3029
4001
4148
3922
703
485
3920
3164
3035
4023
4163
3946
704
485
3945
3169
3040
4044
4178
3970
705
486
3970
3174
3044
4065
4192
3992
706
487
3993
3179
3049
4085
4206
4013
707
488
4015
3184
3053
4104
4218
4034
708
489
4037
3188
3057
4122
4231
4055
709
489
4058
3192
3060
4140
4243
4073
709
490
4078
3196
3064
4156
4254
4091
710
490
4097
3199
3067
4172
4265
4109
710
490
4115
3203
3070
4188
4275
4126
711
491
4133
3205
3072
4203
4285
4142
712
491
4150
3209
3075
4217
4294
4158
712
492
4166
3211
3078
4230
4303
4173
712
492
4182
3214
3079
4243
4312
4187
713
492
4197
3216
3081
4255
4319
4201
713
493
4211
3218
3083
4267
4328
4214
713
492
4225
3220
3085
4279
4335
4226
714
493
4238
3221
3086
4289
4341
4239
714
493
4251
3223
3087
4300
4347
4250
714
493
4262
3224
3088
4309
4354
4261
715
494
4273
3225
3089
4319
4359
4272
714
494
4284
3227
3090
4328
4364
4281
715
494
4295
3227
3091
4336
4370
4291
715
494
4305
3227
3091
4344
4375
4300
715
493
4314
3229
3091
4351
4379
4309
715
494
4323
3229
3092
4358
4383
4317
715
494
4331
3229
3091
4365
4387
4325
714
494
4340
3229
3091
4371
4390
4332
715
494
4347
3229
3091
4377
4394
4339
715
494
4355
3229
3091
4383
4397
4346
715
494
4362
3229
3090
4388
4400
4352
714
493
4368
3229
3090
4393
4402
4358
714
494
4374
3228
3089
4398
4404
4363
714
493
4380
3227
3088
4402
4406
4368
714
493
4385
3227
3088
4406
4408
4373
713
493
4390
3226
3087
4410
4409
4378
713
493
4394
3225
3086
4413
4411
4382
713
493
4399
3224
3085
4416
4412
4386
713
493
4403
3223
3084
4418
4413
4390
712
492
4407
3222
3083
4421
4414
4393
712
492
4410
3220
3081
4423
4414
4396
711
492
4413
3219
3079
4425
4414
4399
711
492
4416
3218
3078
4427
4415
4402
711
491
4418
3216
3076
4429
4414
4403
710
491
4420
3215
3074
4430
4414
4405
709
491
4423
3213
3073
4432
4414
4408
709
491
4425
3211
3071
4432
4414
4410
709
490
4426
3209
3069
4433
4413
4411
708
490
4428
3207
3067
4434
4412
4412
708
490
4429
3205
3065
4434
4411
4413
708
489
4430
3203
3063
4434
4410
4413
707
489
4430
3201
3061
4434
4408
4414
707
489
4431
3199
3059
4434
4407
4414
706
488
4431
3197
3056
4433
4406
4415
705
488
4432
3194
3055
4433
4404
4415
704
487
4432
3192
3052
4432
4403
4415
704
487
4432
3190
3049
4432
4401
4415
704
487
4431
3187
3047
4430
4398
4414
703
486
4430
3185
3045
4429
4396
4413
702
486
4430
3182
3042
4428
4394
4413
702
485
4429
3179
3039
4427
4392
4412
701
485
4428
3177
3037
4425
4390
4411
701
485
4427
3174
3034
4423
4387
4409
701
484
4426
3171
3032
4421
4385
4408
699
484
4424
3169
3029
4419
4382
4407
699
484
4423
3166
3026
4418
4379
4405
698
483
4421
3163
3023
4416
4376
4403
697
482
4419
3160
3020
4413
4373
4401
697
482
4418
3157
3018
4411
4370
4400
696
482
4416
3154
3015
4408
4368
4398
696
481
4413
3151
3012
4405
4364
4395
695
481
4411
3149
3009
4403
4361
4393
694
480
4409
3145
3006
4400
4358
4391
694
479
4406
3142
3003
4397
4354
4388
693
479
4404
3139
3000
4394
4351
4385
692
479
4401
3136
2997
4392
4348
4383
691
478
4398
3133
2994
4388
4344
4380
691
478
4396
3130
2991
4385
4340
4377
690
477
4392
3126
2987
4382
4337
4374
690
476
4389
3124
2985
4379
4333
4371
688
476
4386
3120
2981
4375
4329
4368
688
476
4384
3117
2978
4372
4325
4365
687
476
4380
3114
2975
4369
4322
4362
686
475
4377
3110
2972
4365
4317
4358
685
474
4374
3107
2969
4361
4313
4355
684
474
4370
3103
2965
4358
4309
4352
684
473
4366
3100
2962
4354
4306
4348
683
472
4363
3097
2959
4350
4301
4344
682
472
4359
3093
2955
4346
4297
4341
681
471
4356
3090
2952
4342
4293
4338
681
471
4352
3087
2949
4338
4288
4334
680
471
4348
3083
2946
4334
4284
4330
679
470
4344
3080
2942
4330
4281
4326
679
469
4340
3076
2939
4326
4276
4322
678
469
4336
3073
2935
4322
4271
4318
677
468
4332
3069
2932
4318
4267
4315
676
468
4328
3066
2929
4314
4263
4310
675
467
4324
3062
2925
4309
4258
4306
675
467
4320
3059
2922
4305
4254
4302
673
466
4316
3055
2919
4301
4249
4298
673
466
4312
3051
2915
4296
4244
4294
672
465
4308
3048
2911
4291
4240
4289
671
465
4303
3044
2908
4287
4235
4286
671
464
4299
3041
2904
4283
4231
4281
670
463
4295
3038
2901
4278
4226
4276
668
463
4290
3034
2898
4274
4221
4272
668
462
4285
3030
2894
4269
4217
4268
667
462
4281
3027
2891
4264
4212
4263
666
462
4277
3023
2887
4260
4207
4259
666
461
4272
3019
2884
4255
4203
4254
665
460
4267
3016
2880
4251
4198
4250
664
460
4263
3012
2877
4246
4193
4245
663
459
4258
3008
2873
4241
4188
4241
663
458
4253
3005
2869
4236
4184
4236
662
458
4249
3001
2866
4231
4178
4232
660
457
4244
2997
2863
4227
4174
4227
660
457
4239
2993
2859
4222
4169
4223
659
457
4235
2990
2856
4217
4164
4218
658
456
4230
2986
2852
4212
4159
4213
657
455
4225
2983
2849
4207
4155
4208
657
455
4221
2979
2845
4203
4149
4204
656
454
4216
2975
2842
4255
4203
4254
665
460
4267
3016
2880
4251
4198
4250
664
460
4263
3012
2877
4246
4193
4245
663
459
4258
3008
2873
4241
4188
4241
663
458
4253
3005
2869
4236
4184
4236
662
458
4249
3001
2866
4231
4178
4232
660
457
4244
2997
2863
4227
4174
4227
660
457
4239
2993
2859
4222
4169
4223
659
457
4235
2990
2856
4217
4164
4218
658
456
4230
2986
2852
4212
4159
4213
657
455
4225
2983
2849
4207
4155
4208
657
455
4221
2979
2845
4203
4149
4204
656
454
4216
2975
2842
4141
4087
4142
650
452
4154
2931
2799
4136
4082
4137
650
451
4149
2928
2796
4131
4076
4132
649
450
4143
2923
2792
4125
4071
4126
648
450
4138
2920
2789
4120
4066
4120
647
450
4133
2916
2785
4115
4061
4115
647
449
4128
2912
2781
4109
4055
4109
646
449
4122
2908
2778
4104
4049
4104
645
448
4117
2905
2774
4082
4028
4083
644
448
4104
2901
2771
2585
2562
2593
464
323
2631
2030
1970
375
341
372
54
350
231
210
58
335
346
332
285
83
302
45
307
352
342
65
79
69
105
79
119
130
142
91
87
92
110
176
105
148
104
56
94
4141
4087
4142
650
452
4154
2931
2799
4136
4082
4137
650
451
4149
2928
2796
4131
4076
4132
649
450
4143
2923
2792
4125
4071
4126
648
450
4138
2920
2789
4120
4066
4120
647
450
4133
2916
2785
4115
4061
4115
647
449
4128
2912
2781
4109
4055
4109
646
449
4122
2908
2778
4104
4049
4104
645
448
4117
2905
2774
4082
4028
4083
644
448
4104
2901
2771
2585
2562
2593
464
323
2631
2030
1970
375
341
372
54
350
231
210
58
335
346
332
285
83
302
45
307
352
342
65
79
69
105
79
119
130
142
91
87
92
110
176
105
148
104
56
94
152
154
152
54
39
158
208
215
120
124
120
99
122
138
141
126
126
123
125
132
155
128
125
127
80
123
97
96
95
25
19
98
102
104
74
72
74
36
73
66
65
46
73
73
72
70
57
70
44
70
65
73
47
44
46
4
4
47
22
20
16
13
16
14
4
2
3
2
5
9
14
14
13
9
10
10
14
5
7
5
15
6
15
16
21
9
7
7
11
25
9
21
9
7
16
14
14
7
6
16
25
27
20
20
19
14
19
21
22
20
21
19
20
21
24
20
19
19
19
18
15
15
4
4
18
15
16
12
12
12
4
11
10
10
7
13
12
11
12
8
10
6
10
31
11
8
6
6
1
8
2
2
3
3
3
2
1
1
2
2
3
3
3
2
2
1
1
2
3
1
4
3
3
2
4
1
4
5
4
3
2
4
5
3
5
2
2
5
2
2
2
3
5
5
5
5
5
4
2
4
5
1
5
5
6
5
4
5
4
4
4
3
3
5
1
2
1
3
5
3
4
1
4
1
3
4
1
3
3
2
1
3
2
5
3
2
4
1
1
1
2
2
2
3
1
1
2
2
3
1
1
2
2
3
1
2
1
1
2
3
2
2
1
2
1
3
2
2
1
2
2
4
2
2
3
1
1
1
1
1
3
3
3
3
1
2
3
3
2
2
2
1
4
2
2
3
2
1
2
1
1
2
3
2
2
1
2
1
3
3
2
2
1
2
3
1
1
2
3
3
3
3
1
2
3
1
3
2
3
1
3
2
4
3
2
4
2
2
1
1
4
2
2
3
2
2
1
2
1
3
3
2
2
2
2
3
2
1
3
1
1
1
3
3
3
3
1
2
3
1
3
2
3
1
2
2
4
3
2
3
1
1
1
1
3
3
3
2
1
1
3
1
3
2
2
1
3
2
4
2
2
3
2
1
1
1
1
3
3
3
2
1
1
3
1
3
3
2
2
3
2
4
3
2
3
1
1
1
1
1
3
4
3
3
1
2
3
1
3
3
3
1
2
2
4
3
2
3
2
1
1
7
1
3
4
3
3
1
2
3
1
3
3
3
2
3
2
4
3
2
3
2
1
1
1
1
3
3
3
3
1
2
3
1
3
3
3
2
3
3
4
4
2
3
2
2
1
1
1
3
4
4
3
1
2
3
1
3
3
2
2
2
3
4
3
2
3
1
1
1
1
1
4
4
4
3
1
2
4
2
3
3
3
2
3
2
4
3
2
4
2
1
1
1
1
4
4
4
3
1
2
4
2
4
3
3
2
3
3
5
4
3
4
3
1
1
1
1
4
4
4
3
1
2
4
2
4
3
3
2
3
3
5
3
3
4
2
2
1
1
1
4
4
4
4
2
2
4
2
4
3
3
3
3
3
4
3
2
4
2
1
1
1
3
1
4
5
4
3
1
2
4
2
4
4
3
2
3
3
5
4
3
5
2
1
1
1
11
1
4
4
4
4
2
2
4
2
4
4
3
3
3
3
5
4
3
5
2
2
1
2
1
5
5
5
4
2
2
5
2
4
4
3
3
3
3
5
4
3
4
2
2
1
1
1
5
5
4
3
2
2
5
2
5
3
3
3
3
3
5
4
3
5
2
2
1
2
2
4
5
4
4
2
2
5
2
4
4
3
3
4
4
6
4
3
5
3
2
1
2
2
4
5
1
5
4
2
3
5
2
4
4
3
3
4
3
5
4
3
5
2
2
1
2
1
5
5
5
4
2
3
5
3
4
4
3
3
3
3
5
4
3
5
2
2
1
2
2
5
5
5
4
2
2
5
2
5
4
4
3
4
4
6
5
3
5
3
2
1
2
2
5
5
5
4
2
2
5
3
5
4
4
3
4
4
6
5
3
5
2
2
1
2
2
5
6
5
4
2
3
5
3
5
4
4
3
4
4
5
5
3
5
2
1
1
2
1
5
6
5
4
2
3
6
2
5
4
4
3
4
3
6
5
3
5
3
2
1
2
2
5
6
5
4
3
3
5
3
5
5
4
3
5
4
6
5
4
5
3
2
1
3
1
6
6
6
5
3
3
6
3
5
4
4
4
4
4
6
5
4
5
3
2
1
2
1
5
6
5
4
2
3
6
3
5
4
4
4
4
4
6
5
3
6
3
2
1
2
2
5
6
5
5
2
3
6
3
5
5
4
4
5
4
6
5
4
5
3
2
1
2
2
5
6
6
5
2
3
6
3
5
5
4
3
4
4
6
6
3
5
3
2
1
2
1
6
7
6
5
2
3
6
3
5
5
5
3
5
4
6
5
3
6
3
2
1
2
2
6
7
1
6
5
3
3
6
3
5
5
5
4
5
5
7
6
4
6
3
3
1
2
5
2
6
7
1
6
5
3
3
6
4
5
5
5
4
5
5
7
6
4
6
3
3
1
2
2
6
7
6
5
3
3
7
3
5
5
5
4
5
5
7
6
4
6
3
2
1
2
1
6
6
6
5
3
3
7
3
5
5
5
4
5
5
7
6
4
6
4
2
1
3
2
6
7
1
6
5
3
3
7
4
6
5
5
5
5
5
7
6
4
6
4
2
1
3
1
6
7
1
1
7
5
3
4
7
4
6
5
4
4
5
5
7
6
4
6
3
2
1
2
2
6
7
1
7
5
3
4
7
4
6
5
5
4
5
5
7
6
4
7
4
3
1
3
2
7
8
7
5
3
4
7
3
6
6
5
5
5
5
8
7
5
7
4
3
2
3
2
7
8
1
7
6
3
4
7
3
6
5
5
5
5
5
7
6
4
6
3
2
1
2
8
2
7
7
1
7
6
3
4
7
4
6
5
5
5
5
5
7
6
4
6
4
2
1
3
2
7
8
7
5
3
3
8
4
6
5
5
5
6
5
7
7
5
7
4
3
1
3
2
7
8
1
7
6
3
4
7
4
6
6
5
5
5
5
7
7
5
7
4
3
1
3
2
7
8
1
1
7
6
3
4
7
4
6
6
5
5
5
5
7
7
4
7
4
3
1
3
39
1
7
8
1
7
6
4
4
8
4
7
6
5
5
6
5
8
7
4
7
4
3
1
3
19
2
7
8
1
7
6
4
4
8
5
7
6
5
5
6
6
8
7
5
7
4
3
2
3
2
7
8
1
1
8
6
4
4
8
5
7
6
5
5
6
5
8
7
5
6
4
3
1
3
2
7
8
1
8
6
4
4
8
4
7
6
6
5
6
5
8
7
5
7
4
3
1
3
2
7
8
1
7
6
4
4
8
4
7
7
6
5
6
6
8
7
5
7
4
3
2
3
2
7
9
1
1
8
7
4
4
8
5
7
7
6
5
6
6
8
7
5
7
4
3
1
3
2
7
9
1
1
8
6
4
4
9
5
7
7
6
6
6
6
8
7
5
7
5
3
1
3
2
8
9
1
1
8
6
4
4
9
5
7
7
6
6
6
6
9
7
5
8
5
3
2
3
17
2
8
9
1
1
8
6
4
4
9
5
7
7
6
6
7
6
9
7
5
7
4
3
1
3
21
2
8
9
1
1
8
6
5
4
9
5
7
6
6
6
6
6
8
7
5
8
4
3
1
3
2
8
9
1
1
8
6
4
4
9
5
7
7
6
6
6
6
9
8
5
8
5
3
2
4
2
8
9
1
1
8
6
4
4
9
5
7
7
6
6
7
6
9
8
6
8
5
3
2
3
2
8
10
2
1
9
7
5
5
10
5
7
7
6
6
7
6
9
8
6
8
5
3
1
3
2
8
9
1
1
8
7
4
5
9
5
8
7
6
6
7
6
9
8
6
8
5
3
1
4
2
8
9
1
8
7
4
4
9
5
8
7
6
7
7
6
9
8
6
8
5
3
2
4
2
9
10
1
1
9
7
5
5
9
5
8
7
6
6
7
6
9
8
6
8
5
3
1
4
2
9
10
1
1
9
7
5
5
9
5
8
7
6
6
7
6
9
8
6
8
5
3
1
3
2
8
9
1
1
9
