18
17
26
23
24
12
22
29
22
29
36
22
23
21
11
20
29
30
22
11
46
6
20
16
11
24
25
21
16
19
27
18
31
33
25
17
25
6
20
25
25
19
7
46
9
25
20
13
26
27
22
18
19
29
17
36
35
28
18
28
6
26
27
25
21
8
49
12
13
35
31
21
31
28
24
18
24
35
26
45
46
33
27
34
16
35
38
32
23
12
60
19
3
41
37
30
35
27
27
21
29
39
32
52
56
37
37
38
24
41
47
38
23
14
69
28
38
33
30
33
25
28
21
30
37
30
53
56
37
40
37
24
39
49
38
20
12
68
29
4
27
21
26
26
23
25
15
27
30
22
46
48
32
35
31
19
32
43
35
19
10
58
21
5
19
16
23
23
25
25
11
26
27
20
39
45
29
34
27
18
29
41
32
23
11
54
10
6
10
8
16
20
22
26
9
26
27
23
32
40
26
33
26
18
26
39
26
23
10
48
2
2
1
9
16
19
25
10
24
23
19
27
32
25
26
24
13
21
30
17
20
7
40
3
5
11
17
23
23
13
22
22
15
30
33
30
25
27
11
24
30
17
20
7
42
10
13
16
19
30
22
16
23
27
19
38
37
36
25
34
12
33
34
21
21
11
49
1
44
41
32
33
32
25
20
21
34
20
56
57
39
37
36
14
43
47
41
28
8
76
27
41
41
30
33
32
25
23
21
34
20
53
54
39
32
37
12
41
41
42
26
8
72
25
34
35
26
29
30
21
23
17
28
15
48
46
36
25
34
6
36
40
38
24
4
65
21
1
2
33
33
27
30
33
21
20
15
26
12
46
43
35
22
30
4
33
36
39
25
3
62
18
4
30
30
28
29
36
22
17
16
27
15
45
41
35
21
28
5
31
32
39
28
6
56
14
15
22
22
24
24
37
21
18
13
26
13
41
38
35
19
27
3
26
29
33
28
4
52
9
16
18
15
21
19
36
17
21
11
27
11
41
36
36
19
29
2
26
28
28
25
3
49
8
13
16
10
19
15
36
15
24
12
33
15
41
36
38
23
35
5
32
33
24
25
5
49
8
10
10
18
8
19
13
40
17
24
15
37
19
42
39
39
30
38
9
36
38
22
28
9
52
8
14
10
17
3
17
7
39
18
27
20
40
23
44
39
40
32
41
13
39
39
16
25
12
52
8
15
12
12
3
34
20
28
23
40
26
43
38
39
32
40
15
38
35
12
19
12
52
9
3
13
1
14
7
28
22
23
27
39
28
46
43
40
37
39
18
41
44
13
16
12
57
12
11
19
5
20
14
26
27
17
29
38
30
49
49
40
43
36
22
45
56
20
19
14
62
16
5
10
17
7
19
18
24
28
14
27
33
27
44
51
33
44
31
20
39
52
23
20
12
62
13
1
7
2
9
15
21
24
14
21
27
20
32
43
23
36
24
11
28
46
19
20
7
56
4
7
2
6
12
19
23
15
23
27
18
28
38
19
33
23
11
25
43
19
21
7
52
2
2
19
11
13
16
21
27
18
28
32
23
33
42
22
38
28
18
31
47
25
20
11
58
7
4
19
11
13
17
25
28
18
26
30
20
30
41
21
35
27
17
29
44
23
21
12
57
7
10
3
10
8
25
23
16
19
23
11
24
30
17
23
20
7
18
30
16
21
7
45
1
3
8
2
23
16
13
11
17
5
17
16
12
9
14
9
16
12
22
3
30
7
14
9
26
17
13
11
21
8
20
18
16
7
17
14
10
19
25
5
29
12
7
19
19
27
21
13
16
25
14
25
25
22
13
21
18
18
29
27
9
35
13
9
14
19
25
21
16
16
22
13
28
27
26
14
23
21
22
31
25
8
37
21
14
18
16
29
19
22
18
26
15
41
30
37
19
32
4
31
23
30
21
8
43
11
30
18
21
16
35
21
27
23
32
22
53
36
47
27
40
12
42
33
30
22
10
52
22
35
21
26
17
38
24
24
24
35
24
59
41
48
33
41
14
45
42
29
26
11
57
27
32
18
27
15
37
22
21
21
30
19
59
40
46
31
37
11
40
39
25
24
8
56
28
25
14
22
13
33
17
19
16
24
13
52
35
40
23
31
5
32
29
21
21
4
50
23
23
14
22
16
30
17
14
14
21
10
42
35
29
21
22
1
22
26
24
24
4
47
16
20
14
21
20
27
22
5
16
17
11
31
34
20
21
15
2
16
25
30
28
5
46
6
17
14
17
20
22
25
5
20
19
14
26
35
15
22
13
5
14
26
30
26
7
46
2
16
12
12
19
19
26
10
25
22
19
25
37
15
27
16
11
17
32
26
21
9
48
5
18
11
12
18
21
27
13
28
28
25
29
39
20
31
22
16
24
37
22
17
12
51
10
21
12
15
18
24
28
15
30
33
28
34
42
23
34
26
19
29
39
21
18
14
55
9
15
5
10
15
21
29
15
29
31
27
29
37
19
30
24
17
26
32
16
19
14
49
5
5
6
9
14
27
12
25
25
23
23
30
12
23
18
11
18
29
10
19
9
41
3
7
12
22
10
21
21
18
19
27
8
18
13
5
13
28
8
20
8
38
6
8
18
21
11
21
24
21
20
27
9
17
13
6
13
22
10
21
12
37
5
13
9
22
23
12
24
25
24
28
30
16
20
15
9
19
26
16
19
15
41
7
1
14
10
22
22
11
23
22
22
31
30
19
19
14
7
18
23
17
17
13
40
5
7
1
11
11
20
22
9
20
20
19
29
27
16
16
10
3
14
20
16
17
11
38
4
10
4
11
15
18
25
7
23
22
22
28
32
15
21
11
7
18
26
18
18
14
42
5
14
9
15
19
19
26
10
25
25
27
33
38
20
27
17
12
23
32
22
20
16
48
8
11
6
15
16
24
21
13
23
23
23
33
35
24
25
22
9
25
30
20
19
14
46
9
8
11
10
26
17
17
19
24
17
29
27
24
18
25
4
22
22
18
16
11
39
7
14
3
15
12
27
20
17
20
25
15
30
28
23
18
25
5
22
22
24
18
12
38
7
20
8
18
17
27
27
13
25
24
18
33
32
24
22
24
9
24
26
31
22
13
42
11
16
2
13
11
22
24
11
24
21
18
29
24
22
16
21
6
19
23
27
21
10
36
9
12
10
5
18
19
10
19
17
17
26
18
19
10
16
3
16
14
23
19
8
29
7
16
14
6
18
20
6
21
21
25
29
22
20
14
15
6
19
21
25
21
9
34
10
21
3
18
8
20
21
6
24
27
34
31
25
22
17
17
10
24
31
25
22
12
40
12
23
8
20
11
21
21
11
25
33
39
35
29
25
19
22
12
27
28
25
20
14
44
16
5
20
7
15
10
17
22
12
26
33
39
34
27
23
19
21
13
25
29
21
17
14
42
17
13
13
1
9
6
19
22
12
26
35
41
29
24
20
18
18
14
22
27
13
17
15
37
11
14
8
8
3
23
23
13
25
40
46
26
24
17
18
18
16
21
26
9
20
19
35
5
5
4
7
3
18
23
10
25
37
46
24
24
13
20
15
17
19
29
8
19
18
35
3
8
2
8
22
8
26
34
44
18
24
7
19
10
17
13
26
3
14
16
32
19
5
20
5
26
34
41
9
21
16
7
13
8
21
14
17
27
4
8
19
2
25
34
36
8
20
14
6
10
7
19
17
18
27
11
21
7
24
35
33
10
18
1
12
9
7
8
16
16
18
27
3
11
22
12
26
35
32
14
19
5
14
15
9
12
18
14
19
29
15
4
11
23
12
26
32
28
19
21
9
16
17
8
15
22
3
15
18
30
6
3
11
3
14
23
9
24
30
24
22
23
12
17
15
7
17
21
9
19
18
33
2
11
1
17
18
8
20
27
19
19
19
10
11
14
1
14
16
11
22
16
29
3
17
11
10
12
23
10
12
9
5
1
11
7
5
5
21
12
20
6
16
13
11
11
24
7
17
14
10
5
14
11
7
9
19
11
25
11
15
9
20
19
13
15
28
9
29
27
20
18
21
22
22
17
20
15
34
8
15
15
15
21
22
14
17
28
11
31
31
21
22
22
25
27
20
20
16
39
11
11
10
14
19
20
15
16
27
9
29
29
21
19
23
23
23
18
18
14
39
10
8
7
10
16
17
15
15
25
7
27
27
20
19
23
23
23
17
16
12
36
7
12
12
10
16
20
11
19
25
11
30
29
20
22
24
1
25
27
22
20
14
39
9
17
1
19
11
21
22
9
20
27
14
33
30
22
23
23
3
26
29
28
24
16
42
10
16
20
9
19
19
8
17
22
10
31
27
21
18
19
22
23
29
24
13
40
10
12
15
4
19
14
9
12
19
4
29
20
21
12
19
19
18
24
23
10
33
8
10
10
2
19
15
9
11
21
3
27
19
19
10
20
19
14
18
21
10
31
7
11
10
7
20
20
10
16
24
9
27
21
18
12
20
18
16
18
22
14
33
7
13
11
9
18
22
12
18
24
10
30
22
19
15
21
18
23
19
21
13
35
9
12
11
7
11
20
10
18
21
8
32
21
18
14
20
1
18
20
15
18
11
34
13
7
9
1
10
19
7
20
22
10
30
19
18
13
18
3
16
17
10
16
14
29
10
3
8
15
18
5
20
22
11
25
18
17
11
16
1
13
12
6
18
16
25
2
9
19
17
5
15
19
7
23
16
14
7
13
9
9
6
21
14
24
2
13
19
15
7
9
18
1
25
16
16
5
14
10
13
10
22
9
25
5
12
20
8
22
16
8
9
20
3
32
21
20
10
18
17
16
18
23
10
32
13
17
2
22
16
24
20
6
14
21
8
34
30
20
19
18
19
26
24
23
14
40
14
13
3
14
20
21
22
6
17
22
9
29
32
15
21
16
15
26
23
23
15
39
10
5
6
16
12
23
5
16
17
5
20
25
7
17
10
8
20
17
20
12
32
4
3
4
15
8
23
1
17
13
3
19
24
5
17
6
7
20
17
20
10
30
4
7
7
16
13
23
19
17
9
23
27
8
18
7
8
19
19
22
13
35
5
7
9
14
17
20
1
19
21
14
25
26
11
17
7
9
21
18
22
15
35
5
4
8
10
18
18
3
17
19
12
26
23
13
14
7
8
21
14
21
13
30
6
3
8
7
18
17
4
15
19
9
26
22
13
13
9
8
18
11
19
12
29
6
7
10
9
18
19
4
15
21
9
27
25
13
16
9
11
22
14
20
14
33
6
9
11
11
18
22
3
16
19
8
27
27
10
19
8
12
24
17
23
14
37
6
8
12
7
18
20
2
14
16
4
26
24
9
15
8
10
21
16
23
10
36
8
7
13
5
18
18
3
12
14
1
28
21
13
12
9
12
16
16
21
7
33
10
13
19
8
18
24
2
18
17
6
33
27
19
17
13
17
18
21
21
10
37
13
18
24
12
20
27
4
21
20
10
36
28
22
20
16
3
20
27
24
23
14
39
16
18
21
12
23
22
10
16
22
7
35
25
24
14
21
19
22
23
20
12
35
18
15
16
11
25
16
13
11
21
2
33
21
27
9
23
19
16
19
19
10
32
16
15
16
11
29
15
13
10
21
2
34
22
27
8
24
23
16
18
22
11
31
15
9
19
3
19
15
29
18
11
14
24
10
37
26
29
11
25
30
19
22
26
13
35
18
58
18
3
16
16
26
17
10
15
22
11
34
28
26
14
23
27
20
23
24
14
35
17
99
14
3
12
16
19
17
7
16
20
10
32
28
22
15
20
24
18
22
21
14
36
16
119
16
4
14
17
18
19
8
19
26
14
35
29
25
20
23
4
32
28
22
20
16
37
18
122
16
2
14
17
25
21
13
20
33
18
36
29
30
22
31
8
39
31
21
21
20
36
18
137
16
2
13
16
26
19
16
20
35
19
37
26
32
18
36
7
46
23
20
20
19
32
20
213
14
12
12
21
16
14
16
30
14
37
18
30
10
34
49
14
18
19
15
22
20
298
10
12
8
21
15
9
12
25
9
33
11
26
1
29
49
2
17
23
13
13
15
344
12
15
8
21
18
3
12
24
9
30
11
23
23
48
20
26
13
12
12
339
16
1
18
13
18
20
2
16
27
15
31
20
20
8
19
40
11
24
26
14
21
14
137
12
2
13
12
17
18
6
18
28
19
27
23
18
11
17
3
31
17
20
20
14
26
12
7
3
4
5
18
14
8
15
29
17
19
19
14
8
15
23
12
11
17
15
22
3
14
2
5
5
25
15
11
14
33
18
19
18
17
9
18
23
14
10
20
18
26
12
6
9
9
25
17
13
13
34
16
24
20
19
9
21
25
19
15
22
17
27
4
1
10
13
10
19
18
13
15
31
14
29
22
20
11
20
24
19
19
20
16
28
10
12
15
11
15
18
10
17
28
13
32
23
22
13
18
1
25
22
20
19
14
31
15
11
12
8
16
20
7
18
29
14
30
21
21
13
16
2
23
21
19
21
16
27
12
10
11
5
20
19
8
16
28
12
28
16
21
9
17
21
18
17
21
17
23
9
16
16
8
22
17
10
14
27
10
34
18
23
8
19
21
16
20
19
15
24
18
20
21
10
25
18
14
16
29
12
37
19
26
12
23
24
16
22
18
16
25
23
4
20
21
12
28
18
14
19
32
19
37
21
26
16
25
2
26
23
23
18
19
29
21
1
16
17
13
26
20
9
19
30
17
32
23
21
16
22
4
21
25
21
21
18
28
15
10
10
8
21
18
4
15
22
9
25
17
15
13
16
15
19
16
22
12
23
11
15
10
12
16
21
14
17
5
26
20
14
15
12
15
20
20
22
8
27
17
22
4
13
19
15
26
2
20
22
11
30
27
16
21
14
7
19
27
25
23
12
34
19
18
3
10
14
16
24
3
22
25
17
28
24
15
18
16
9
20
23
21
21
16
32
14
5
10
6
6
14
19
5
20
26
18
25
18
13
11
16
6
16
19
15
18
15
28
10
3
10
8
8
3
13
14
7
17
24
16
27
16
16
9
15
3
17
21
15
18
12
25
12
8
3
16
1
18
10
16
14
5
16
23
18
35
22
23
13
17
4
24
24
23
22
12
31
18
26
10
28
20
24
17
7
19
30
23
45
32
31
21
23
10
33
31
32
27
16
41
25
12
28
11
27
20
28
16
12
18
33
25
46
35
35
23
27
9
36
32
30
25
16
44
30
21
28
10
20
16
25
14
16
14
34
22
45
33
34
19
30
5
35
29
23
21
15
45
32
16
30
12
19
15
23
16
13
13
34
23
43
32
31
18
28
5
36
33
23
21
16
44
32
29
3
29
11
17
17
20
22
8
17
34
25
37
32
25
20
22
9
32
32
23
22
17
41
25
18
23
8
13
16
17
25
7
18
31
25
31
31
19
21
18
11
26
31
21
21
17
39
19
10
18
5
13
18
14
26
7
18
26
20
29
29
17
20
16
9
24
29
22
20
15
34
19
21
19
8
20
24
13
28
6
20
26
18
32
33
20
23
17
10
25
29
27
21
14
35
19
19
22
11
27
28
20
27
7
22
29
20
35
38
25
28
20
13
28
32
31
23
18
40
20
15
19
7
28
22
24
23
9
21
30
20
36
33
27
25
20
10
27
34
28
24
19
37
19
20
12
16
11
20
16
12
18
29
18
33
27
24
19
20
6
25
30
17
21
19
34
15
18
2
14
11
12
19
31
19
27
21
19
15
19
6
24
27
5
16
19
32
8
14
2
14
13
8
19
31
22
24
19
17
14
17
8
25
28
6
18
21
32
4
20
1
5
7
13
18
1
20
24
20
22
21
14
12
12
8
21
23
12
21
19
29
5
21
1
8
18
18
16
14
17
10
7
4
5
3
12
14
10
17
13
19
1
8
1
1
7
17
16
15
11
17
5
7
4
8
7
13
16
12
10
2
5
16
16
7
12
19
3
17
24
15
27
12
16
4
12
16
15
26
19
15
16
13
10
30
3
29
13
19
20
9
19
32
21
37
17
25
10
20
4
23
21
36
22
19
25
25
17
29
1
30
11
21
19
14
20
34
23
40
16
27
10
23
4
25
19
29
19
21
26
28
26
24
25
3
22
16
18
21
37
24
39
15
27
9
25
5
25
20
17
16
22
27
26
34
22
22
25
14
19
22
40
28
39
18
28
10
26
9
29
22
10
17
25
32
25
35
21
19
25
14
16
22
38
28
39
20
28
12
26
11
34
26
9
21
25
35
24
34
3
14
13
21
13
10
18
29
21
34
16
26
9
22
7
29
22
6
20
20
29
19
38
11
7
8
20
10
8
14
22
15
31
11
26
6
20
3
27
16
4
18
15
22
15
38
7
11
12
24
10
8
14
23
16
38
18
34
13
25
5
34
22
11
18
16
25
19
46
20
20
12
26
16
8
18
27
20
47
29
39
22
29
9
39
34
22
21
19
33
25
57
21
3
21
19
22
20
8
19
27
19
45
31
35
23
26
7
35
32
28
21
19
34
26
55
22
5
19
20
14
20
7
17
26
16
40
28
27
17
20
3
29
24
27
18
17
32
25
57
26
8
19
21
12
20
7
19
28
16
38
27
22
15
19
3
26
23
27
18
19
32
26
65
26
6
18
18
17
21
10
22
34
22
36
25
23
15
22
7
29
22
21
18
23
34
24
71
19
12
7
18
20
14
24
35
23
32
20
22
14
23
9
28
23
9
16
25
31
19
71
4
3
14
16
14
22
31
18
24
12
17
9
20
4
21
19
12
22
22
12
72
12
13
11
18
27
14
15
5
13
4
16
1
16
13
12
21
13
78
8
15
15
6
17
22
10
12
6
10
5
12
13
12
18
20
10
74
8
3
19
17
5
13
19
6
16
8
13
5
12
12
11
5
23
17
9
81
2
8
20
15
10
11
19
4
24
10
20
4
17
17
11
12
22
15
11
8
105
2
14
14
9
20
15
15
13
23
8
34
19
27
9
22
1
25
16
20
19
17
21
19
113
8
24
3
18
16
22
18
14
19
27
15
41
23
30
13
24
9
31
21
25
19
21
28
25
127
11
28
7
19
16
21
21
11
25
28
20
44
22
29
14
23
16
33
24
24
18
22
31
28
141
25
6
17
11
15
22
7
27
25
21
43
19
27
13
20
16
31
28
19
15
20
31
28
160
22
2
16
7
16
16
8
25
26
22
40
16
27
12
20
15
33
26
17
14
19
26
27
179
23
19
4
19
14
8
24
29
25
39
14
27
12
20
15
34
21
19
17
22
25
24
181
23
21
1
20
16
7
24
27
23
35
13
25
14
18
12
29
22
18
19
23
