4837
1597
4837
4837
4707
2014
4999
2725
194
4999
4837
986
4837
4982
4724
4730
4702
2459
4999
4999
4913
4909
4830
4830
1550
4830
4830
4700
1956
4999
2637
186
4999
4830
953
4830
4996
4717
4722
4695
2384
4999
4999
4906
4902
4824
4824
1488
4823
4823
4694
1880
4999
2540
168
4999
4823
915
4823
4999
4711
4717
4689
2291
4999
4999
4900
4895
4817
4818
1443
4817
4817
4688
1823
4999
2459
160
4999
4817
885
4817
4999
4705
4710
4683
2218
4999
4999
4893
4889
4811
4811
1387
4810
4811
4681
1757
4999
2368
145
4999
4811
849
4811
4999
4698
4704
4676
2135
4999
4999
4887
4882
4804
4805
1351
4804
4804
4675
1711
4999
2300
147
4999
4804
827
4804
4999
4692
4698
4671
2073
4999
4999
4880
4876
4798
4798
1320
4798
4798
4669
1673
4999
2236
156
4999
4798
812
4798
4999
4686
4691
4664
2021
4999
4999
4874
4869
4792
4792
1272
4792
4792
4663
1618
4999
2161
146
4999
4792
781
4792
4999
4680
4685
4658
1953
4999
4999
4867
4863
4847
4842
602
4847
4841
3162
781
4887
986
66
4886
4845
364
4845
4876
1134
1178
824
908
4877
4864
4861
4857
4987
4983
4986
4982
2946
4530
4524
4985
4985
2053
4569
142
3442
3616
3511
4496
4456
2117
4854
4850
4982
4982
4981
4982
2588
4343
4335
4982
4982
2387
4397
136
4690
4801
4628
4308
4272
2468
4848
4844
4984
4983
4984
4983
2856
4301
4287
4984
4984
1573
4290
57
4536
4798
4488
4262
4230
1624
4841
4837
59
68
92
7
31
67
27
125
23
155
219
18
81
230
54
47
207
109
112
211
21
12
12
402
380
410
22
25
18
140
140
172
209
295
24
105
283
275
280
266
92
84
93
105
103
147
8
46
575
608
622
133
96
96
177
214
305
22
105
481
563
575
273
60
169
60
21
206
294
21
100
717
826
831
266
56
56
195
6
236
337
24
114
706
867
879
301
8
232
8
282
402
30
138
830
1018
1020
364
3
3
7
231
7
26
280
401
29
135
910
1140
1147
360
10
11
274
332
474
35
162
964
1225
1227
427
16
277
16
337
480
35
164
1072
1367
1370
433
16
16
307
373
531
40
182
1114
1443
1445
479
8
322
1
392
558
42
191
1208
1566
1565
504
7
7
340
1
413
588
44
202
1263
1654
1654
531
361
438
625
47
214
1334
1753
1751
563
1
375
4
455
648
49
222
1400
1848
1846
584
2
2
395
480
683
52
235
1459
1934
1931
616
409
2
498
707
54
244
1526
2027
2024
638
2
2
427
518
737
57
254
1580
2107
2103
665
442
537
763
59
263
1640
2192
2187
688
1
1
456
555
788
61
273
1694
2271
2265
711
472
573
814
63
282
1748
2348
2342
735
485
590
837
65
290
1799
2423
2416
755
499
607
861
67
298
1850
2495
2487
777
511
623
882
69
306
1899
2565
2558
797
525
639
904
71
314
1945
2633
2624
817
537
653
925
72
321
1992
2698
2690
836
549
668
946
74
328
2036
2762
2753
854
560
682
966
75
336
2079
2823
2814
872
571
695
984
77
343
2121
2882
2873
888
582
709
1003
78
349
2162
2940
2930
906
592
722
1021
80
355
2200
2996
2986
922
602
735
1038
81
361
2238
3050
3040
937
612
747
1055
82
367
2275
3103
3092
953
622
759
1071
84
373
2310
3153
3142
968
631
770
1087
85
379
2344
3202
3190
981
641
782
1103
87
385
2379
3250
3239
996
650
793
1118
89
391
2412
3296
3286
1010
659
805
1133
91
397
2444
3341
3330
1023
668
815
1148
93
403
2475
3386
3374
1037
677
3
826
1163
95
409
2505
3428
3416
1050
686
58
836
1176
97
414
2534
3468
3457
1062
694
207
846
1189
99
419
2562
3508
3496
1074
701
346
856
1202
101
425
2590
3546
3535
1086
709
471
865
1214
103
429
2615
3583
3571
1097
717
606
875
1226
104
434
2641
3618
3607
1107
723
727
883
1238
106
439
2666
3653
3641
1118
730
850
891
1248
107
443
2689
3686
3675
1128
737
966
899
1259
108
447
2712
3718
3706
1137
743
1081
907
1269
110
452
2734
3749
3737
1147
749
1191
914
1279
111
456
2756
3779
3768
1156
754
1297
921
1288
112
459
2775
3807
3795
1164
760
1402
927
1297
113
462
2795
3835
3823
1172
764
1502
933
1306
113
465
2814
3861
3850
1179
770
1600
940
1313
114
468
2832
3887
3875
1187
774
1695
946
1322
115
471
2849
3911
3900
1194
779
1786
951
1329
116
474
2866
3935
3923
1201
783
1876
957
1336
116
477
2882
3957
3947
1207
787
1962
962
1343
117
479
2898
3979
3969
1213
791
2046
967
1350
117
482
2912
4000
3990
1220
795
2127
972
1357
118
485
2928
4021
4011
1226
799
2207
977
1363
119
487
2942
4040
4030
1231
803
2283
981
1369
119
489
2955
4059
4049
1236
805
2357
986
1375
120
491
2968
4078
4067
1242
809
2429
989
1380
120
493
2980
4095
4085
1247
812
2499
994
1386
121
495
2992
4112
4101
1251
815
2566
998
1391
121
497
3003
4128
4118
1257
818
2632
1001
1396
121
499
3015
4143
4133
1261
821
2696
1006
1400
122
501
3025
4158
4148
1265
824
2757
1008
1405
123
502
3035
4172
4162
1269
826
2817
1011
1409
123
504
3046
4186
4176
1273
829
2875
1015
1413
123
505
3055
4199
4189
1276
831
2931
1018
1417
123
507
3064
4211
4202
1280
833
2985
1021
1421
124
509
3073
4223
4214
1284
836
3038
1024
1424
124
510
3081
4235
4226
1287
838
3089
1027
1428
124
511
3088
4245
4236
1290
839
3138
1029
1431
124
513
3096
4256
4247
1293
841
3186
1031
1434
125
514
3103
4266
4257
1295
843
3233
1034
1438
125
515
3110
4275
4266
1298
845
3278
1036
1440
125
516
3117
4285
4276
1301
846
3321
1038
1442
126
517
3123
4294
4285
1304
848
3363
1040
1445
126
518
3129
4301
4293
1306
850
3404
1042
1448
126
519
3135
4309
4301
1307
851
3443
1044
1450
126
520
3140
4317
4309
1309
852
3481
1046
1452
126
520
3145
4324
4316
1312
854
3518
1047
1454
127
521
3150
4330
4322
1313
854
3554
1049
1456
126
522
3155
4337
4329
1315
855
3589
1050
1458
127
523
3159
4343
4335
1317
857
3622
1052
1460
127
524
3163
4348
4340
1318
858
3654
1053
1461
127
525
3167
4353
4346
1320
858
3685
1054
1463
127
525
3170
4358
4351
1321
859
3715
1055
1464
127
525
3174
4362
4356
1322
860
3745
1056
1466
128
526
3177
4367
4360
1323
861
3773
1058
1467
128
527
3180
4371
4364
1325
862
3800
1059
1468
128
527
3183
4375
4368
1326
863
3826
1060
1469
127
527
3185
4378
4372
1326
863
3852
1060
1470
127
528
3187
4382
4375
1327
864
3876
1061
1471
128
528
3190
4384
4378
1328
865
3900
1062
1472
128
529
3191
4387
4380
1329
865
3922
1062
1472
128
529
3193
4390
4384
1330
864
3944
1063
1472
128
530
3195
4392
4386
1330
865
3966
1063
1473
128
529
3196
4394
4387
1330
866
3986
1064
1474
128
530
3198
4395
4389
1331
866
4006
1064
1474
128
530
3199
4397
4391
1332
866
4025
1064
1474
128
530
3200
4398
4393
1331
867
4043
1065
1475
128
530
3200
4399
4393
1331
867
4061
1065
1475
128
530
3202
4400
4394
1332
867
4078
1065
1475
128
531
3202
4401
4396
1332
867
4094
1066
1475
128
531
3202
4401
4396
1332
867
4110
1066
1475
128
531
3203
4401
4397
1332
866
4125
1066
1475
128
531
3203
4402
4397
1332
867
4139
1066
1475
128
531
3203
4402
4397
1332
867
4153
1066
1475
128
531
3203
4402
4397
1332
866
4166
1066
1474
128
531
3203
4401
4397
1332
866
4179
1066
1474
128
531
3202
4401
4396
1331
866
4192
1066
1474
128
530
3201
4400
4396
1331
866
4203
1065
1473
128
530
3201
4399
4395
1331
865
4215
1065
1473
128
530
3201
4399
4394
1331
865
4226
1065
1473
128
530
3200
4397
4393
1330
865
4236
1065
1472
128
530
3199
4396
4392
1329
865
4246
1065
1472
128
530
3199
4395
4391
1329
865
4255
1065
1472
128
530
3197
4393
4389
1328
864
4265
1064
1471
128
529
3196
4391
4387
1328
864
4273
1063
1470
128
529
3195
4389
4386
1327
864
4281
1063
1470
128
529
3194
4388
4384
1326
863
4289
1063
1469
128
529
3192
4385
4382
1325
863
4296
1062
1468
127
529
3191
4384
4380
1325
863
4303
1062
1467
127
528
3190
4382
4378
1324
862
4310
1061
1466
127
528
3188
4379
4376
1324
861
4316
1061
1465
127
528
3186
4377
4374
1324
861
4322
1060
1464
127
528
3185
4375
4372
1323
860
4328
1059
1463
127
528
3183
4372
4369
1322
860
4333
1059
1463
127
527
3181
4369
4366
1321
859
4338
1058
1462
126
527
3179
4367
4364
1320
859
4343
1058
1461
127
526
3177
4363
4361
1319
858
4347
1057
1460
126
526
3175
4361
4358
1318
857
4351
1056
1458
126
526
3173
4358
4355
1317
857
4355
1055
1457
126
526
3171
4355
4352
1316
856
4358
1055
1456
126
525
3168
4352
4349
1315
856
4362
1054
1455
126
525
3166
4348
4346
1314
855
4365
1053
1454
126
525
3164
4346
4343
1314
854
4368
1053
1453
126
524
3161
4342
4340
1312
854
4370
1052
1452
126
524
3159
4338
4337
1311
853
4372
1051
1451
126
523
3157
4335
4333
1310
852
4374
1051
1450
126
523
3154
4332
4330
1309
852
4376
1049
1448
126
522
3151
4328
4325
1307
851
4378
1048
1447
125
522
3149
4324
4322
1306
850
4380
1048
1446
125
522
3147
4321
4319
1306
849
4381
1047
1445
125
521
3144
4317
4315
1304
849
4382
1046
1443
125
520
3141
4313
4311
1303
848
4383
1045
1442
125
520
3138
4310
4308
1302
847
4383
1044
1441
125
520
3135
4305
4304
1301
846
4384
1043
1439
124
519
3133
4301
4299
1299
845
4384
1042
1438
124
519
3130
4298
4296
1299
844
4384
1041
1436
124
518
3127
4293
4292
1298
844
4384
1041
1435
124
517
3124
4290
4288
1296
843
4384
1039
1434
124
517
3121
4286
4284
1295
842
4384
1038
1432
124
517
3118
4281
4280
1294
841
4384
1037
1431
124
516
3115
4277
4275
1292
841
4383
1036
1429
124
516
3112
4273
4271
1291
839
4382
1035
1428
124
515
3109
4268
4267
1290
839
4381
1034
1426
124
515
3106
4264
4263
1288
838
4380
1034
1425
124
515
3103
4259
4258
1287
837
4379
1032
1424
123
514
3100
4256
4254
1286
836
4378
1031
1422
123
513
3097
4251
4250
1284
836
4376
1030
1421
123
513
3093
4246
4245
1283
835
4375
1029
1419
123
512
3090
4242
4241
1282
834
4373
1028
1417
123
512
3087
4237
4237
1280
833
4371
1027
1416
123
511
3083
4233
4232
1278
832
4369
1026
1414
122
511
3080
4228
4228
1277
831
4367
1025
1413
122
510
3077
4224
4224
1276
830
4365
1024
1411
122
509
3074
4219
4219
1274
830
4363
1023
1410
122
509
3070
4215
4214
1273
828
4361
1021
1408
122
509
3067
4210
4210
1272
828
4358
1020
1406
122
508
3064
4206
4205
1270
826
4356
1020
1405
122
507
3060
4201
4200
1269
825
4353
1018
1403
121
507
3057
4196
4196
1267
825
4350
1017
1401
122
506
3054
4192
4191
1266
824
4348
1016
1400
121
506
3050
4186
4186
1264
823
4345
1015
1399
121
505
3047
4182
4181
1263
822
4342
1014
1397
121
505
3044
4178
4176
1262
821
4339
1013
1395
121
504
3039
4172
4172
1260
820
4336
1012
1394
121
503
3036
4167
4167
1259
819
4333
1010
1392
120
503
3033
4163
4162
1257
818
4330
1009
1390
121
502
3029
4158
4158
1256
817
4327
1009
1389
120
502
3026
4153
4152
1254
816
4323
1007
1387
120
501
3023
4148
4148
1253
815
4320
1006
1386
120
500
3019
4143
4143
1251
814
4317
1005
1384
120
500
3016
4138
4138
1250
813
4313
1003
1382
120
499
3012
4134
4133
1248
812
4309
1002
1381
120
499
3009
4129
4128
1247
811
4306
1001
1379
119
498
3005
4124
4123
1245
810
4302
1000
1377
119
498
3001
4119
4118
1244
809
4299
998
1376
119
497
2998
4114
4114
1243
808
4295
998
1374
119
496
2995
4109
4109
1241
807
4291
997
1372
119
496
2990
4104
4103
1239
807
4287
995
1371
119
495
2987
4099
4099
1238
805
4283
994
1369
119
494
2984
4094
4094
1236
805
4280
993
1367
119
494
2979
4089
4089
1234
803
4275
991
1366
119
494
2976
4084
4084
1233
802
4271
990
1364
118
493
2973
4079
4079
1232
802
4268
989
1362
118
492
2969
4074
4074
1230
800
4263
988
1361
118
492
2966
4069
4069
1228
811
4306
1001
1379
119
498
3005
4124
4123
1245
810
4302
1000
1377
119
498
3001
4119
4118
1244
809
4299
998
1376
119
497
2998
4114
4114
1243
808
4295
998
1374
119
496
2995
4109
4109
1241
807
4291
997
1372
119
496
2990
4104
4103
1239
807
4287
995
1371
119
495
2987
4099
4099
1238
805
4283
994
1369
119
494
2984
4094
4094
1236
805
4280
993
1367
119
494
2979
4089
4089
1234
803
4275
991
1366
119
494
2976
4084
4084
1233
802
4271
990
1364
118
493
2973
4079
4079
1232
802
4268
989
1362
118
492
2969
4074
4074
1230
800
4263
988
1361
118
492
2966
4069
4069
1228
792
4202
976
1343
121
489
2921
4006
4006
1213
791
4197
974
1342
121
488
2917
4001
4002
1212
790
4191
973
1340
121
487
2914
3996
3996
1210
789
4186
972
1338
121
487
2910
3990
3991
1208
788
4180
971
1336
120
486
2906
3985
3985
1207
787
4160
970
1334
120
486
2902
3980
3981
1206
562
2638
696
960
87
351
2041
2592
2596
879
309
356
333
342
53
52
218
283
30
64
2
41
38
22
369
347
86
71
80
77
103
112
126
106
72
158
5
124
121
77
82
94
66
149
80
112
9
42
212
168
169
105
127
121
124
122
96
102
139
131
64
140
4
106
103
65
131
124
33
95
38
54
4
21
104
99
100
48
69
72
70
71
36
37
65
69
24
52
2
39
37
23
89
74
7
46
6
9
4
23
43
43
7
10
14
4
12
12
3
5
1
3
9
7
6
24
15
8
5
7
5
16
16
15
11
11
25
1
19
19
11
42
8
9
13
9
14
7
27
18
18
14
10
19
19
19
18
15
14
21
21
11
23
1
17
17
10
48
20
6
15
5
7
5
1
17
17
18
8
27
10
11
10
10
5
5
9
11
4
9
1
7
7
3
58
12
2
6
2
1
2
1
3
6
7
1
1
2
54
1
2
1
2
1
1
1
3
1
2
57
2
2
1
1
1
3
2
3
1
4
4
7
1
5
5
3
77
3
3
2
1
2
3
1
6
4
5
3
117
3
3
3
2
4
2
3
1
5
3
6
1
5
5
2
111
5
2
2
1
2
1
1
1
4
4
5
2
1
1
67
1
2
1
1
1
2
1
2
3
2
4
1
1
1
3
3
1
67
3
1
1
1
2
1
2
3
1
1
2
3
2
3
2
1
84
1
1
1
1
2
2
2
3
2
3
1
2
1
3
3
67
2
1
1
1
1
1
2
2
3
4
1
2
1
2
1
3
3
1
14
2
2
1
1
2
1
2
2
2
2
2
3
2
2
2
1
1
1
1
1
1
1
1
1
3
2
3
4
2
2
1
2
2
3
3
1
3
1
1
1
3
1
2
3
2
3
2
3
2
3
2
1
2
1
1
2
1
1
1
2
2
3
3
2
2
1
2
2
3
3
1
14
2
1
1
1
1
3
2
3
4
2
2
1
3
2
2
3
1
11
2
1
1
1
1
3
2
3
3
1
2
2
3
2
3
3
1
50
2
1
1
2
1
2
1
3
2
3
4
1
2
1
3
2
3
3
1
83
2
1
1
2
2
1
3
2
3
4
2
2
2
3
2
2
3
1
63
2
1
2
2
1
1
3
2
3
4
2
3
2
3
2
3
3
1
32
2
1
1
2
1
2
1
1
3
2
3
4
2
2
1
3
2
3
3
1
33
2
1
1
2
1
1
2
1
1
3
2
3
4
2
2
1
3
2
3
3
1
68
2
1
1
1
2
1
1
3
2
3
4
2
3
1
3
3
3
3
2
52
2
1
1
2
1
1
2
1
3
2
3
4
2
3
2
3
2
3
3
2
7
3
1
1
2
1
1
2
1
3
2
3
4
2
2
2
3
2
3
3
1
32
2
1
1
2
1
1
2
1
1
3
2
3
5
2
3
1
3
2
3
4
2
50
3
1
1
2
1
1
2
1
1
3
3
4
5
3
3
2
4
2
3
4
2
33
3
1
1
2
1
1
2
1
1
3
3
3
5
2
2
2
4
2
3
3
2
30
2
1
1
2
1
1
1
2
1
1
4
2
3
5
2
2
2
4
2
3
4
2
36
2
1
1
2
1
2
1
3
2
3
4
1
2
1
3
2
3
3
1
83
2
1
1
2
2
1
3
2
3
4
2
2
2
3
2
2
3
1
63
2
1
2
2
1
1
3
2
3
4
2
3
2
3
2
3
3
1
32
2
1
1
2
1
2
1
1
3
2
3
4
2
2
1
3
2
3
3
1
33
2
1
1
2
1
1
2
1
1
3
2
3
4
2
2
1
3
2
3
3
1
68
2
1
1
1
2
1
1
3
2
3
4
2
3
1
3
3
3
3
2
52
2
1
1
2
1
1
2
1
3
2
3
4
2
3
2
3
2
3
3
2
7
3
1
1
2
1
1
2
1
3
2
3
4
2
2
2
3
2
3
3
1
32
2
1
1
2
1
1
2
1
1
3
2
3
5
2
3
1
3
2
3
4
2
50
3
1
1
2
1
1
2
1
1
3
3
4
5
3
3
2
4
2
3
4
2
33
3
1
1
2
1
1
2
1
1
3
3
3
5
2
2
2
4
2
3
3
2
30
2
1
1
2
1
1
1
2
1
1
4
2
3
5
2
2
2
4
2
3
4
2
36
2
2
2
3
1
1
2
2
2
2
4
3
4
5
3
3
2
4
3
3
3
2
83
2
2
2
3
1
1
2
3
2
2
5
3
4
5
3
3
2
5
4
4
4
3
104
3
2
1
3
1
1
2
2
2
2
5
3
4
6
3
3
3
5
4
4
4
3
70
3
2
1
3
2
1
3
2
3
2
5
3
4
6
3
3
2
4
4
3
4
3
43
2
2
2
3
2
1
3
3
3
2
5
4
4
6
4
4
3
5
4
3
4
3
77
3
2
2
3
1
1
3
2
2
2
5
3
5
6
3
4
3
5
4
4
4
3
77
3
2
1
3
2
1
3
3
2
2
1
5
3
5
6
4
3
2
5
4
4
4
3
72
3
2
2
3
2
1
3
3
3
2
1
5
3
5
6
4
3
3
5
4
4
5
3
59
3
2
2
3
2
2
3
2
3
2
5
4
5
6
3
4
3
5
4
4
5
3
70
3
2
2
3
2
1
3
2
3
2
1
5
4
5
6
4
4
3
5
5
4
5
3
85
3
2
2
4
2
2
3
3
3
1
2
1
5
4
5
6
3
3
3
5
4
4
5
3
78
3
2
2
3
2
2
3
3
3
1
2
1
5
4
5
6
3
3
3
6
5
4
5
4
36
3
2
2
3
1
1
2
2
2
2
4
3
4
5
3
3
2
4
3
3
3
2
83
2
2
2
3
1
1
2
3
2
2
5
3
4
5
3
3
2
5
4
4
4
3
104
3
2
1
3
1
1
2
2
2
2
5
3
4
6
3
3
3
5
4
4
4
3
70
3
2
1
3
2
1
3
2
3
2
5
3
4
6
3
3
2
4
4
3
4
3
43
2
2
2
3
2
1
3
3
3
2
5
4
4
6
4
4
3
5
4
3
4
3
77
3
2
2
3
1
1
3
2
2
2
5
3
5
6
3
4
3
5
4
4
4
3
77
3
2
1
3
2
1
3
3
2
2
1
5
3
5
6
4
3
2
5
4
4
4
3
72
3
2
2
3
2
1
3
3
3
2
1
5
3
5
6
4
3
3
5
4
4
5
3
59
3
2
2
3
2
2
3
2
3
2
5
4
5
6
3
4
3
5
4
4
5
3
70
3
2
2
3
2
1
3
2
3
2
1
5
4
5
6
4
4
3
5
5
4
5
3
85
3
2
2
4
2
2
3
3
3
1
2
1
5
4
5
6
3
3
3
5
4
4
5
3
78
3
2
2
3
2
2
3
3
3
1
2
1
5
4
5
6
3
3
3
6
5
4
5
4
36
3
2
2
3
2
1
3
2
3
2
1
5
4
5
6
4
4
3
6
5
4
5
4
6
3
3
2
3
2
2
3
3
3
2
1
5
4
5
7
4
4
3
5
5
4
5
3
27
3
3
2
3
2
2
3
3
3
1
3
1
6
4
5
7
4
4
3
6
5
4
5
4
3
2
2
3
2
2
4
3
3
1
2
1
5
4
5
7
4
4
3
6
