4801
4751
4801
4999
4999
4801
4804
390
4999
4984
4801
4999
1554
4801
4999
579
4801
4801
4788
4801
4993
4801
4877
4873
4795
4795
4745
4795
4989
4999
4795
4857
377
4999
4995
4795
4999
1507
4795
4999
558
4795
4795
4782
4795
4999
4795
4871
4867
4803
4803
2313
4804
4776
4860
4808
4982
318
4882
4921
4806
4901
1271
4806
4970
474
4813
4803
2159
4803
4999
4803
4864
4860
4930
4927
3400
4934
4565
4738
4945
4993
4759
4859
4940
4802
4939
4824
702
4953
4930
3770
4930
4880
4929
4858
4854
4993
4994
4749
4992
4174
4489
4991
4992
4546
4724
4992
4632
4992
4741
2471
4991
4993
4987
4993
4931
4993
4851
4847
4979
4979
4215
4979
4177
4492
4981
4987
4545
4723
4980
4635
4980
4637
1532
4981
4979
4923
4978
4802
4979
4845
4841
4984
4984
4207
4984
4039
4407
4984
4957
4468
4677
4984
4574
4984
4475
1805
4983
4984
4979
4984
4630
4984
4839
4834
4968
4969
4409
4968
3930
4339
4969
4856
4405
4638
4969
4525
4969
4361
1754
4969
4968
4967
4968
4520
4969
4832
4828
4968
4968
4176
4968
3842
4283
4953
4694
4355
4607
4968
4486
4968
4229
1581
4969
4968
4971
4968
4377
4968
4826
4821
4958
4959
4362
4958
3719
4205
4842
4568
4282
4561
4958
4428
4959
4101
1704
4937
4958
4954
4958
4250
4958
4819
4815
4952
4953
4221
4952
3638
4151
4684
4429
4233
4528
4953
4389
4953
3981
1482
4820
4952
4956
4952
4122
4952
4813
4809
4947
4947
4290
4946
3526
4080
4557
4299
4167
4487
4939
4337
4939
3859
1570
4656
4947
4944
4946
3998
4947
4806
4802
60
60
44
49
214
77
58
59
59
58
56
56
56
243
88
8
8
67
289
105
6
5
3
3
7
7
14
66
289
104
9
9
10
10
78
340
123
16
16
15
79
347
125
16
16
16
16
87
381
138
6
5
91
401
145
8
7
7
95
424
152
102
449
161
2
106
466
168
1
2
2
111
490
177
2
115
508
183
2
2
2
119
529
190
124
547
197
1
1
1
128
565
204
131
584
210
135
600
216
1
140
617
223
47
143
632
228
188
146
648
234
335
150
664
240
460
153
678
244
597
156
692
250
720
159
706
255
845
162
718
260
963
165
731
264
1078
167
744
269
1191
171
756
273
1299
173
768
277
1405
177
779
282
1508
180
791
287
1609
182
802
291
1706
186
813
296
1799
190
824
301
1891
193
835
306
1980
196
845
310
2067
199
855
315
2149
202
864
319
2230
204
873
321
2308
208
882
326
2384
210
890
330
2457
212
898
333
2527
214
906
336
2596
216
913
339
2663
218
920
342
2727
220
926
344
2789
221
934
347
2849
222
940
349
2907
224
945
351
2963
225
951
354
3018
227
956
356
3071
227
961
358
3122
229
966
360
3171
230
971
362
3218
230
976
363
3265
232
980
364
27
3310
233
985
366
152
3354
234
989
368
309
3397
235
992
370
435
3437
235
997
371
574
3476
236
1001
372
700
3514
237
1004
373
825
3550
239
1007
375
947
3586
239
1011
377
1063
3620
239
1013
378
1179
3653
240
1016
378
1288
3685
240
1019
380
1396
3716
242
1022
381
1500
3746
242
1024
382
1600
3775
242
1026
383
1698
3802
242
1029
383
1793
3829
243
1031
384
1884
3855
244
1033
386
1972
3880
244
1035
386
2059
3904
245
1037
387
2142
3928
245
1039
388
2223
3950
246
1041
388
2301
3971
246
1042
389
2377
3993
246
1043
389
2450
4012
247
1045
390
2522
4031
247
1047
390
2591
4050
248
1048
392
2657
4068
248
1049
392
2722
4085
248
1050
392
2785
4102
248
1051
393
2845
4118
248
1053
393
2904
4133
249
1053
393
2960
4148
249
1054
394
3016
4162
249
1054
394
3069
4175
249
1056
394
3121
4188
249
1057
395
3171
4201
249
1057
395
3219
4212
250
1058
395
3265
4224
250
1058
396
3311
4235
250
1058
395
3354
4245
250
1059
395
3396
4254
249
1059
396
3437
4264
250
1059
396
3476
4274
250
1059
396
3515
4282
249
1060
396
3552
4290
249
1060
396
3588
4298
251
1060
396
3621
4305
250
1060
397
3655
4312
250
1060
397
3687
4318
250
1060
396
3718
4325
250
1059
396
3748
4331
249
1059
396
3777
4337
250
1059
397
3805
4342
249
1059
396
3832
4347
249
1060
396
3859
4351
250
1059
396
3883
4356
250
1058
396
3907
4360
250
1058
396
3930
4363
249
1058
396
3953
4367
250
1057
396
3974
4370
249
1057
395
3995
4372
249
1057
395
4015
4375
249
1056
395
4034
4379
249
1055
395
4052
4381
249
1055
395
4070
4382
248
1054
395
4088
4384
248
1054
394
4104
4385
248
1053
394
4119
4387
248
1052
395
4135
4388
248
1052
394
4149
4389
247
1051
393
4163
4390
248
1051
393
4177
4390
247
1050
393
4190
4390
247
1049
393
4202
4391
247
1048
393
4214
4392
246
1047
393
4225
4391
246
1047
392
4236
4390
246
1047
391
4247
4390
246
1046
392
4256
4390
247
1044
392
4265
4389
246
1044
391
4274
4388
245
1043
391
4282
4386
245
1042
390
4291
4385
245
1041
390
4298
4384
245
1040
390
4305
4384
245
1039
390
4313
4382
244
1038
389
4319
4379
244
1038
388
4325
4378
244
1037
388
4331
4376
244
1035
388
4336
4374
244
1034
388
4341
4372
243
1034
387
4347
4370
243
1032
387
4351
4367
243
1031
386
4355
4364
243
1031
386
4358
4363
242
1029
386
4363
4361
242
1028
385
4366
4357
242
1028
385
4369
4354
241
1027
384
4373
4352
241
1026
384
4375
4349
242
1024
384
4377
4346
242
1024
384
4379
4343
241
1022
384
4381
4340
241
1021
383
4383
4337
241
1020
383
4384
4333
240
1019
382
4385
4330
240
1017
381
4386
4327
239
1016
381
4387
4323
239
1016
381
4389
4319
239
1015
380
4388
4315
239
1013
380
4388
4312
239
1012
380
4389
4309
238
1011
379
4389
4305
238
1010
378
4389
4300
238
1009
378
4388
4297
237
1008
378
4387
4293
237
1006
377
4387
4290
236
1005
377
4387
4285
236
1005
376
4386
4281
237
1004
376
4384
4277
236
1002
376
4383
4273
235
1000
375
4382
4269
235
1000
375
4380
4264
235
998
374
4378
4261
235
997
374
4376
4257
234
996
374
4375
4252
234
995
373
4373
4248
234
994
372
4371
4243
234
993
372
4369
4239
234
991
372
4366
4235
234
990
371
4364
4230
233
989
371
4361
4226
232
988
370
4359
4221
232
986
369
4356
4217
232
985
369
4353
4212
232
984
369
4350
4261
235
997
374
4376
4257
234
996
374
4375
4252
234
995
373
4373
4248
234
994
372
4371
4243
234
993
372
4369
4239
234
991
372
4366
4235
234
990
371
4364
4230
233
989
371
4361
4226
232
988
370
4359
4221
232
986
369
4356
4217
232
985
369
4353
4212
232
984
369
4350
4156
233
975
368
4311
4149
232
972
367
4303
4144
233
970
368
4298
4138
232
970
367
4292
4132
232
968
366
4286
4127
232
967
366
4281
4121
231
965
365
4274
4116
231
964
365
4269
4111
231
963
364
4264
4105
230
962
364
4258
4099
230
961
364
4252
4077
230
960
363
4246
2587
166
694
264
2735
352
352
340
70
43
155
119
34
20
201
26
192
66
25
142
312
308
56
308
368
347
72
72
80
125
80
144
156
70
42
131
58
136
168
64
155
101
102
182
103
131
93
153
18
82
32
157
122
122
124
119
75
148
153
65
38
141
52
143
149
57
148
128
128
155
129
109
123
97
8
39
15
97
73
72
73
46
29
61
60
24
14
64
20
64
53
21
61
71
70
53
71
97
74
47
7
3
46
14
13
13
5
2
12
11
11
12
15
6
6
8
20
13
20
22
10
6
16
10
18
25
9
20
9
9
26
9
31
7
15
2
10
5
13
42
19
19
20
20
11
22
22
10
6
21
9
22
23
9
22
21
20
23
21
44
20
2587
166
694
264
2735
352
352
340
70
43
155
119
34
20
201
26
192
66
25
142
312
308
56
308
368
347
72
72
80
125
80
144
156
70
42
131
58
136
168
64
155
101
102
182
103
131
93
153
18
82
32
157
122
122
124
119
75
148
153
65
38
141
52
143
149
57
148
128
128
155
129
109
123
97
8
39
15
97
73
72
73
46
29
61
60
24
14
64
20
64
53
21
61
71
70
53
71
97
74
47
7
3
46
14
13
13
5
2
12
11
11
12
15
6
6
8
20
13
20
22
10
6
16
10
18
25
9
20
9
9
26
9
31
7
15
2
10
5
13
42
19
19
20
20
11
22
22
10
6
21
9
22
23
9
22
21
20
23
21
44
20
2
1
1
2
2
2
1
1
3
1
2
1
2
2
2
1
1
2
39
1
2
1
3
3
2
1
1
1
1
1
3
1
3
2
2
2
2
4
2
1
3
22
2
1
1
1
3
3
2
1
1
1
2
1
2
1
1
2
1
2
1
1
2
41
1
2
1
3
4
2
1
1
1
1
1
3
2
3
2
2
1
1
3
2
2
2
47
1
2
2
2
3
2
1
1
1
1
3
2
3
3
1
2
2
3
3
2
3
20
2
2
2
2
3
2
1
1
1
1
1
1
3
1
3
2
2
2
1
2
1
2
2
9
2
2
2
3
3
2
1
1
1
1
3
1
3
2
2
2
1
3
1
2
2
34
1
2
2
1
3
3
2
1
1
2
1
3
1
2
3
1
2
2
3
2
2
2
36
2
2
2
4
4
3
1
1
1
1
2
1
4
2
3
3
2
2
1
4
2
2
3
1
1
3
2
3
4
3
1
2
1
1
1
1
3
2
3
2
2
2
1
3
2
2
3
1
1
3
2
3
3
3
2
1
2
1
1
3
1
3
3
2
2
2
3
2
2
3
33
2
3
2
1
3
4
3
1
1
1
2
1
3
1
3
3
2
3
3
4
2
2
3
34
2
2
1
1
2
2
2
1
1
3
1
2
1
2
2
2
1
1
2
39
1
2
1
3
3
2
1
1
1
1
1
3
1
3
2
2
2
2
4
2
1
3
22
2
1
1
1
3
3
2
1
1
1
2
1
2
1
1
2
1
2
1
1
2
41
1
2
1
3
4
2
1
1
1
1
1
3
2
3
2
2
1
1
3
2
2
2
47
1
2
2
2
3
2
1
1
1
1
3
2
3
3
1
2
2
3
3
2
3
20
2
2
2
2
3
2
1
1
1
1
1
1
3
1
3
2
2
2
1
2
1
2
2
9
2
2
2
3
3
2
1
1
1
1
3
1
3
2
2
2
1
3
1
2
2
34
1
2
2
1
3
3
2
1
1
2
1
3
1
2
3
1
2
2
3
2
2
2
36
2
2
2
4
4
3
1
1
1
1
2
1
4
2
3
3
2
2
1
4
2
2
3
1
1
3
2
3
4
3
1
2
1
1
1
1
3
2
3
2
2
2
1
3
2
2
3
1
1
3
2
3
3
3
2
1
2
1
1
3
1
3
3
2
2
2
3
2
2
3
33
2
3
2
1
3
4
3
1
1
1
2
1
3
1
3
3
2
3
3
4
2
2
3
34
2
3
3
4
4
4
1
2
2
1
2
2
4
2
4
5
3
3
3
4
3
3
4
8
2
4
4
5
5
4
1
3
2
2
3
2
5
3
4
5
3
3
2
5
3
3
5
2
4
4
1
5
5
4
1
2
2
1
3
2
5
3
4
4
3
3
2
5
3
3
4
1
4
4
5
5
5
1
2
2
2
3
2
5
3
5
5
3
3
3
5
4
3
4
16
2
4
4
5
5
5
1
3
2
1
3
2
5
3
5
5
3
3
3
5
4
4
5
31
2
5
4
5
5
4
1
3
2
2
3
1
5
3
5
5
3
3
2
5
3
3
5
18
2
5
4
1
5
5
4
1
3
2
2
3
1
5
2
5
5
4
3
3
5
4
3
5
2
4
4
1
5
5
4
1
3
2
1
3
2
5
3
5
5
3
3
3
5
3
3
5
9
2
4
4
5
6
5
2
3
2
2
3
2
5
3
5
5
3
3
3
6
4
3
4
16
2
5
4
5
5
5
2
3
2
2
2
2
5
3
5
6
3
3
3
5
4
4
4
1
4
4
4
5
4
2
3
3
2
2
2
5
3
5
6
4
4
3
5
4
4
5
2
5
5
5
5
4
1
3
3
2
3
2
5
3
5
5
4
4
3
5
4
4
5
2
3
3
4
4
4
1
2
2
1
2
2
4
2
4
5
3
3
3
4
3
3
4
8
2
4
4
5
5
4
1
3
2
2
3
2
5
3
4
5
3
3
2
5
3
3
5
2
4
4
1
5
5
4
1
2
2
1
3
2
5
3
4
4
3
3
2
5
3
3
4
1
4
4
5
5
5
1
2
2
2
3
2
5
3
5
5
3
3
3
5
4
3
4
16
2
4
4
5
5
5
1
3
2
1
3
2
5
3
5
5
3
3
3
5
4
4
5
31
2
5
4
5
5
4
1
3
2
2
3
1
5
3
5
5
3
3
2
5
3
3
5
18
2
5
4
1
5
5
4
1
3
2
2
3
1
5
2
5
5
4
3
3
5
4
3
5
2
4
4
1
5
5
4
1
3
2
1
3
2
5
3
5
5
3
3
3
5
3
3
5
9
2
4
4
5
6
5
2
3
2
2
3
2
5
3
5
5
3
3
3
6
4
3
4
16
2
5
4
5
5
5
2
3
2
2
2
2
5
3
5
6
3
3
3
5
4
4
4
1
4
4
4
5
4
2
3
3
2
2
2
5
3
5
6
4
4
3
5
4
4
5
2
5
5
5
5
4
1
3
3
2
3
2
5
3
5
5
4
4
3
5
4
4
5
2
5
5
1
6
6
5
1
3
2
2
3
2
6
3
5
5
3
3
3
6
4
3
4
8
2
4
4
6
5
5
1
3
2
1
3
2
6
3
5
5
3
4
3
7
5
4
5
1
5
4
5
6
5
1
4
2
2
3
2
6
4
6
5
4
3
3
6
5
4
6
2
6
5
6
6
5
2
4
3
2
3
2
6
3
6
6
4
3
3
6
4
4
5
2
5
5
1
6
6
5
1
3
3
2
3
2
6
3
6
6
4
4
4
6
5
4
5
2
5
5
1
6
6
5
1
3
3
2
3
3
6
4
6
5
4
4
4
6
5
4
5
2
5
5
6
7
5
2
3
3
2
3
2
6
4
5
6
4
3
3
7
4
5
5
1
5
4
6
6
5
2
4
3
2
3
2
6
3
6
6
4
3
3
6
4
5
6
1
5
5
6
6
5
2
4
3
2
3
2
6
4
6
6
4
4
4
6
5
5
6
31
2
5
5
1
6
6
5
2
4
3
2
4
2
5
4
6
6
4
4
4
7
4
5
6
5
1
5
5
1
7
6
5
2
4
3
2
4
2
5
4
5
6
4
4
3
7
4
4
5
1
5
5
7
6
6
1
4
3
2
4
3
6
4
6
7
4
4
4
7
5
5
6
2
7
6
1
7
7
6
2
4
4
3
4
3
7
5
7
7
5
5
5
8
6
5
6
2
7
6
7
7
7
2
5
4
3
5
3
7
5
7
8
5
5
5
8
6
7
7
9
2
7
6
7
7
7
3
5
5
3
4
3
7
5
7
8
5
5
5
7
6
7
7
9
1
7
7
1
7
7
6
2
5
5
3
5
3
7
5
8
8
5
5
5
8
6
6
7
2
7
6
8
7
7
2
4
4
3
5
3
8
5
7
8
5
5
5
9
6
7
7
2
7
6
8
7
7
3
5
4
3
4
3
8
5
8
8
5
5
5
9
7
6
7
1
7
6
8
7
7
3
6
4
3
5
3
8
5
8
8
5
5
4
8
6
6
7
1
8
6
8
7
7
2
5
4
3
5
3
8
5
8
8
6
5
5
8
6
7
8
2
7
6
1
8
7
7
2
5
4
4
5
3
7
5
8
8
5
5
5
9
6
6
8
2
7
7
1
8
8
7
3
5
4
3
5
4
7
5
8
7
5
4
5
8
6
5
7
9
1
7
6
8
8
7
3
5
4
3
5
4
8
6
7
8
5
5
5
9
6
7
7
10
1
7
6
8
8
7
3
5
5
3
5
3
8
5
8
9
5
5
5
9
6
7
8
2
7
6
1
7
7
6
2
4
4
3
4
3
7
5
7
7
5
5
5
8
6
5
6
2
7
6
7
7
7
2
5
4
3
5
3
7
5
7
8
5
5
5
8
6
7
7
9
2
7
6
7
7
7
3
5
5
3
4
3
7
5
7
8
5
5
5
7
6
7
7
9
1
7
7
1
7
7
6
2
5
5
3
5
3
7
5
8
8
5
5
5
8
6
6
7
2
7
6
8
7
7
2
4
4
3
5
3
8
5
7
8
5
5
5
9
6
7
7
2
7
6
8
7
7
3
5
4
3
4
3
8
5
8
8
5
5
5
9
7
6
7
1
7
6
8
7
7
3
6
4
3
5
3
8
5
8
8
5
5
4
8
6
6
7
1
8
6
8
7
7
2
5
4
3
5
3
8
5
8
8
6
5
5
8
6
7
8
2
7
6
1
8
7
7
2
5
4
4
5
3
7
5
8
8
5
5
5
9
6
6
8
2
7
7
1
8
8
7
3
5
4
3
5
4
7
5
8
7
5
4
5
8
6
5
7
9
1
7
6
8
8
7
3
5
4
3
5
4
8
6
7
8
5
5
5
9
6
7
7
10
1
7
6
8
8
7
3
5
5
3
5
3
8
5
8
9
5
5
5
9
6
7
8
2
8
7
1
8
8
7
2
5
5
3
5
4
7
5
8
9
5
5
5
9
6
6
8
1
8
8
1
9
8
7
3
6
5
3
6
4
7
5
8
9
5
6
5
9
6
6
7
4
2
7
7
9
7
7
3
5
5
3
6
3
8
5
8
9
6
5
5
9
7
7
7
12
2
7
7
1
9
8
8
3
5
5
3
5
4
8
5
8
9
5
5
5
9
7
7
7
1
7
7
9
9
8
3
5
5
3
5
4
8
5
9
9
5
5
5
9
7
6
8
1
8
7
8
8
8
2
6
4
3
5
3
8
5
9
9
6
6
4
9
7
7
8
1
9
7
8
8
7
3
6
5
4
5
3
8
5
9
9
7
6
5
9
7
7
9
2
9
7
1
9
8
8
2
6
5
4
6
4
8
5
8
8
6
5
5
9
6
7
8
2
8
7
1
9
8
8
2
6
5
4
5
4
8
5
9
8
6
5
5
9
7
7
8
1
8
7
9
9
8
3
6
5
3
5
4
8
6
9
9
6
5
5
10
7
7
8
1
9
7
9
9
8
3
6
5
3
5
4
8
6
8
9
6
5
5
9
7
8
8
1
9
8
1
8
9
8
3
6
6
4
5
4
8
6
9
9
6
6
5
9
7
7
9
1
8
8
9
9
7
3
6
6
3
6
4
9
6
9
9
7
6
6
10
7
7
9
2
8
8
1
9
8
9
2
6
5
3
6
4
9
6
9
9
6
6
6
10
7
7
8
1
9
8
1
9
9
9
3
6
5
3
6
4
9
6
9
9
6
6
5
10
8
7
8
1
9
8
9
9
8
3
7
5
4
6
4
8
6
10
10
7
6
5
10
7
8
9
1
9
8
1
9
8
8
2
7
6
4
6
4
9
6
9
10
7
5
6
9
7
7
9
2
9
8
1
9
9
8
3
6
6
4
5
4
9
6
9
9
6
5
6
10
7
7
9
1
9
8
1
9
9
8
3
6
5
4
6
4
9
6
9
10
6
6
6
10
7
7
9
26
1
9
7
9
9
8
3
6
5
4
6
4
9
7
10
10
7
6
5
10
8
8
9
