4999
4998
4999
4999
4963
4999
216
4996
4712
4996
4999
4999
4648
4994
4999
4997
4999
4999
4648
4992
4723
4719
4651
4999
4993
4999
4999
4998
4999
200
4993
4846
4999
4999
4983
4643
4993
4999
4998
4999
4999
4643
4986
4717
4712
4799
4999
4999
159
4999
4999
4996
4999
119
4887
4967
4901
4999
4992
4766
4889
4999
4875
4999
4999
4764
4899
4710
4706
4999
4996
4996
2590
4996
4995
4997
4995
780
2451
4521
4998
4584
4996
4997
4994
4544
4996
4503
4996
4996
4993
4583
4704
4700
4974
4989
4988
2582
4988
4989
4987
4989
760
2461
4360
4984
4413
4989
4988
4973
4404
4988
4351
4989
4988
4973
4432
4698
4694
4988
4982
4982
2034
4982
4982
4982
4982
591
1930
4318
4984
4330
4982
4982
4988
4367
4982
4303
4982
4982
4988
4392
4692
4687
4972
4976
4974
2441
4975
4976
4975
4976
721
2323
4175
4975
4171
4976
4976
4972
4234
4975
4157
4976
4975
4972
4257
4685
4681
4969
4969
4931
2036
4969
4969
4968
4969
589
1938
4098
4968
4065
4969
4968
4968
4166
4969
4077
4969
4969
4968
4185
4679
4675
4964
4963
4794
2185
4962
4962
4963
4962
640
2079
3990
4963
3935
4962
4963
4964
4067
4962
3966
4963
4962
4964
4084
4673
4669
4953
4956
4643
2018
4955
4956
4955
4956
584
1923
3899
4954
3821
4956
4955
4952
3985
4955
3873
4956
4956
4952
3998
4667
4663
4951
4949
4517
1972
4949
4949
4949
4944
572
1879
3811
4950
3710
4949
4949
4951
3905
4949
3782
4949
4949
4951
3916
4660
4656
4940
4943
4380
1954
4942
4943
4942
4874
565
1863
3717
4942
3596
4943
4942
4940
3819
4942
3686
4943
4942
4940
3827
4654
4650
151
8
8
8
8
178
7
7
6
6
6
5
1
1
7
7
7
7
178
8
8
8
9
9
9
12
12
210
16
16
16
16
213
16
16
16
16
16
16
16
236
8
8
3
8
247
8
8
8
8
8
7
7
260
276
1
1
285
1
1
1
1
2
2
2
301
2
2
311
2
2
2
2
2
2
324
1
1
336
1
1
1
1
1
1
347
359
369
380
390
400
410
420
430
438
447
455
462
469
477
484
491
497
503
509
515
520
526
531
536
540
545
550
554
558
562
566
570
573
577
580
583
586
590
592
595
598
600
602
605
607
609
611
614
616
617
619
621
623
624
625
627
628
629
631
632
633
634
635
636
636
637
638
639
639
640
641
641
642
642
642
643
643
644
644
644
644
645
645
645
645
645
645
645
645
645
645
645
644
645
644
644
644
644
644
644
644
643
643
643
642
642
641
641
641
640
640
639
639
639
638
638
637
637
636
636
635
635
634
634
633
633
632
631
631
630
630
629
628
627
627
627
626
626
625
624
624
623
623
621
621
620
620
619
618
617
617
616
615
615
614
613
613
612
612
611
610
610
609
608
611
612
610
610
609
609
608
607
606
606
605
605
604
612
610
610
609
609
608
607
606
606
605
605
604
4
12
13
10
5
12
12
12
10
1
5
7
13
8
12
11
13
7
11
8
10
13
11
6
11
1
1
1
1
1
3
3
3
2
3
1
4
3
1
3
1
3
2
47
2
3
3
5
3
3
2
3
4
2
4
5
5
5
3
2
4
5
2
6
3
4
2
5
233
2
1
363
4
4
4
3
5
4
4
4
1
3
4
6
4
5
4
6
5
3
6
4
6
4
5
345
3
2
1
1
1
1
146
3
4
2
2
4
3
3
2
1
1
2
2
5
2
4
3
4
3
2
4
3
4
3
3
3
2
1
2
1
1
1
1
1
1
1
1
2
1
3
2
1
1
2
2
3
1
3
1
2
2
2
1
1
2
2
2
1
1
1
2
1
3
1
2
2
3
2
1
3
1
3
1
2
7
2
3
2
2
2
2
2
2
1
1
2
2
4
3
3
2
3
3
1
4
2
3
1
3
101
1
1
1
1
1
1
1
1
1
2
1
2
2
3
1
2
1
3
2
1
3
1
3
1
2
148
3
3
2
2
3
2
2
2
2
2
3
3
4
3
4
3
3
3
2
4
2
4
2
3
232
1
2
2
1
2
2
1
1
1
2
2
2
2
3
2
3
1
3
3
1
3
1
3
1
2
314
3
3
2
2
3
2
2
2
2
2
3
2
4
3
3
2
3
3
2
4
2
4
2
3
203
1
2
2
1
3
3
2
2
1
2
2
3
2
4
2
3
2
3
3
1
4
2
3
2
3
32
1
3
3
2
2
3
2
2
2
3
2
3
2
4
2
3
2
3
3
1
4
2
3
2
3
3
3
2
3
3
2
2
2
2
2
3
3
5
3
3
3
3
3
1
5
3
4
2
4
1
2
2
2
2
2
1
1
2
2
2
3
2
5
3
3
2
3
3
1
4
2
4
2
3
1
3
3
2
3
3
2
2
2
2
3
3
3
5
3
3
3
4
3
1
4
2
4
2
3
37
1
3
3
2
3
3
2
2
3
3
2
3
3
5
3
3
3
3
3
2
5
3
4
2
4
187
1
3
3
2
3
3
2
2
3
3
2
4
2
5
3
4
3
4
3
2
5
3
4
3
4
332
1
3
3
2
3
3
2
2
2
3
2
4
3
5
3
4
3
4
3
2
5
3
4
3
4
384
4
3
2
3
3
2
2
3
3
3
3
3
5
3
4
3
4
4
2
5
3
4
3
4
301
3
3
2
3
3
2
2
3
3
3
4
3
5
3
4
3
4
4
2
5
3
5
3
4
186
1
3
3
2
3
4
2
2
3
3
3
4
3
5
4
4
4
4
4
2
5
3
4
3
4
75
1
4
4
2
3
4
3
2
3
4
3
4
3
5
4
4
3
4
4
2
5
3
4
3
4
4
4
3
3
4
3
2
3
3
3
4
3
6
4
4
4
4
4
2
5
3
4
3
5
1
4
3
3
4
4
3
2
3
4
3
5
4
6
4
5
4
5
5
3
6
4
5
3
5
1
4
4
3
4
4
3
2
3
4
3
4
3
5
4
5
4
5
5
3
6
4
5
3
5
3
1
4
4
3
4
4
3
2
3
4
3
5
3
6
4
5
4
5
4
2
6
4
5
3
5
127
1
4
4
2
4
4
3
2
3
4
3
5
4
6
5
5
4
5
5
3
6
4
5
4
5
175
1
4
4
3
4
4
3
3
3
4
3
5
3
6
5
5
4
5
5
3
6
4
5
3
5
162
1
4
4
3
4
4
3
2
3
4
3
5
3
6
4
5
4
5
5
2
5
4
5
3
5
187
1
4
4
3
4
5
3
2
3
4
3
5
4
6
5
5
5
5
5
3
6
5
5
4
6
165
1
4
5
3
5
5
3
2
4
5
3
5
4
6
5
6
5
5
6
3
7
5
5
4
6
97
1
4
5
3
5
4
3
2
4
5
3
5
4
6
5
6
5
5
5
2
6
4
5
4
5
67
1
5
5
3
4
5
3
2
4
5
4
6
4
7
5
6
5
5
5
3
7
5
5
4
6
61
1
5
4
3
4
5
3
2
4
5
4
6
4
7
5
6
5
5
6
3
7
5
6
4
6
59
1
5
5
3
5
5
4
2
4
5
4
6
4
7
5
6
5
5
5
3
7
5
5
4
6
64
5
5
3
5
5
3
2
4
5
4
6
5
7
5
6
5
5
5
3
6
5
6
4
6
86
5
5
3
5
5
3
2
4
5
4
6
5
7
5
6
5
5
6
3
7
5
6
5
6
123
1
5
5
3
5
5
4
2
4
5
4
6
5
7
6
6
5
5
6
3
7
5
6
4
6
128
1
5
5
3
5
5
4
3
4
6
5
6
4
7
6
6
5
5
5
3
7
5
6
4
6
114
1
5
5
3
5
5
4
2
4
6
4
6
5
7
5
6
5
6
6
3
7
6
6
5
6
76
5
5
3
5
5
4
3
5
6
4
6
5
7
5
7
6
6
6
4
8
6
6
5
6
28
1
6
5
4
5
6
4
3
5
6
5
6
5
7
6
7
6
6
6
3
7
5
6
5
7
36
1
5
5
4
5
6
4
3
5
7
5
6
5
7
6
7
6
6
6
4
8
6
6
5
7
41
5
5
4
5
5
4
3
5
6
4
6
5
7
6
7
6
6
6
4
8
6
6
5
7
45
1
6
5
4
6
6
5
3
5
7
5
7
5
8
7
7
6
6
6
4
8
6
7
5
7
52
1
6
6
4
6
6
4
3
5
7
5
7
5
7
6
7
6
6
6
4
8
6
6
5
7
113
1
6
6
3
6
6
4
2
5
7
5
6
5
8
6
7
6
6
7
4
9
7
7
5
7
153
1
6
6
4
6
6
4
3
5
7
5
7
5
8
7
8
6
7
7
4
8
6
7
5
7
133
1
6
6
4
6
7
5
3
5
7
5
7
5
8
7
8
6
6
7
4
8
6
6
5
7
117
1
5
6
4
6
6
4
3
5
7
5
7
5
8
7
8
7
7
7
4
9
7
7
5
7
106
1
6
6
4
6
6
4
3
5
7
5
7
5
9
7
8
7
7
7
4
9
7
7
6
8
106
1
6
6
4
7
6
5
3
5
7
5
7
6
9
7
7
7
6
7
4
9
7
6
5
7
81
1
6
6
4
7
6
5
3
5
7
5
7
6
8
7
7
7
7
7
4
9
7
7
5
8
44
1
6
6
4
7
6
5
2
5
8
5
7
6
9
7
8
7
7
7
5
9
7
7
6
8
65
1
6
6
4
7
7
5
3
5
8
5
7
6
8
8
8
7
7
7
4
9
7
7
5
8
94
7
7
5
7
7
5
3
6
8
6
8
6
9
7
8
7
7
7
5
9
7
7
5
8
107
6
6
4
7
7
5
3
6
8
6
8
6
9
7
8
7
7
8
5
10
8
7
6
8
116
1
7
6
4
7
7
5
3
6
8
6
8
6
9
8
8
8
7
8
5
9
8
7
6
9
105
1
7
7
4
7
7
5
3
6
8
6
8
6
9
8
8
7
7
8
5
10
7
7
6
8
131
7
7
4
7
7
5
3
6
8
6
8
6
9
8
9
8
7
8
5
10
8
8
6
9
131
7
7
4
7
7
5
3
6
8
6
8
6
9
8
9
8
7
8
5
10
8
8
6
9
89
1
7
7
4
7
7
5
3
7
8
6
8
6
9
8
9
8
7
8
5
10
8
7
6
9
88
7
7
5
7
7
5
3
6
9
6
9
6
9
8
9
8
7
8
5
10
8
8
7
9
118
6
7
5
7
7
5
3
7
9
6
9
6
10
8
9
8
8
8
5
10
8
8
6
9
131
1
7
7
5
8
7
5
3
6
9
6
8
6
9
8
9
8
8
8
5
10
8
7
6
9
127
7
7
5
8
7
5
3
7
9
7
9
7
9
9
9
8
7
8
5
10
8
8
6
9
117
6
6
4
7
7
5
3
5
8
5
7
6
8
8
8
7
7
7
4
9
7
7
5
8
94
7
7
5
7
7
5
3
6
8
6
8
6
9
7
8
7
7
7
5
9
7
7
5
8
107
6
6
4
7
7
5
3
6
8
6
8
6
9
7
8
7
7
8
5
10
8
7
6
8
116
1
7
6
4
7
7
5
3
6
8
6
8
6
9
8
8
8
7
8
5
9
8
7
6
9
105
1
7
7
4
7
7
5
3
6
8
6
8
6
9
8
8
7
7
8
5
10
7
7
6
8
131
7
7
4
7
7
5
3
6
8
6
8
6
9
8
9
8
7
8
5
10
8
8
6
9
131
7
7
4
7
7
5
3
6
8
6
8
6
9
8
9
8
7
8
5
10
8
8
6
9
89
1
7
7
4
7
7
5
3
7
8
6
8
6
9
8
9
8
7
8
5
10
8
7
6
9
88
7
7
5
7
7
5
3
6
9
6
9
6
9
8
9
8
7
8
5
10
8
8
7
9
118
6
7
5
7
7
5
3
7
9
6
9
6
10
8
9
8
8
8
5
10
8
8
6
9
131
1
7
7
5
8
7
5
3
6
9
6
8
6
9
8
9
8
8
8
5
10
8
7
6
9
127
7
7
5
8
7
5
3
7
9
7
9
7
9
9
9
8
7
8
5
10
8
8
6
9
117
7
7
5
8
8
5
3
7
9
6
9
7
10
9
9
9
8
9
5
10
9
8
7
10
97
1
7
7
5
8
8
6
3
6
9
6
9
6
9
9
9
8
8
8
5
10
8
8
7
9
71
7
7
5
8
8
6
4
7
9
7
9
7
9
9
9
8
7
8
5
10
8
8
6
9
57
8
7
5
8
8
5
3
7
9
6
9
7
10
9
9
9
8
9
5
11
9
8
7
10
26
1
7
8
5
8
8
6
3
7
9
7
9
7
10
9
9
9
8
9
6
11
9
9
7
10
42
8
8
5
9
8
6
4
7
9
7
9
7
10
9
9
9
8
9
6
11
9
8
6
10
93
7
7
5
9
8
6
3
7
9
7
9
7
10
9
9
9
8
9
5
10
9
8
7
10
109
7
7
5
9
8
6
3
7
9
7
9
7
10
9
10
9
8
9
6
11
9
8
7
10
97
8
8
5
9
8
6
3
7
10
7
9
7
10
9
10
9
8
9
6
11
9
8
7
10
111
8
8
5
9
9
6
3
8
10
7
10
7
10
9
9
9
8
9
6
11
9
9
7
10
132
8
8
5
9
9
6
3
7
10
7
10
7
11
9
10
9
9
10
6
12
10
9
7
11
115
1
8
8
5
9
9
6
3
7
10
8
10
8
11
10
10
10
9
10
6
11
10
9
8
11
63
1
8
9
6
10
9
6
4
9
11
8
11
8
11
11
11
11
9
10
7
13
11
9
8
12
98
9
9
6
10
9
7
4
9
11
9
11
8
11
11
11
10
9
10
7
12
11
9
8
12
121
9
9
6
10
10
7
3
9
12
8
11
8
11
11
11
11
9
11
7
13
11
10
8
12
110
9
9
6
10
10
7
4
9
12
9
11
9
12
11
11
11
9
11
7
13
12
10
9
13
74
9
9
6
11
9
7
4
9
12
9
12
8
12
11
11
11
9
11
7
13
11
10
8
12
70
9
9
6
11
10
7
4
9
12
9
12
9
12
11
12
11
9
11
7
13
11
9
8
12
87
9
9
6
10
10
8
4
9
12
8
12
9
12
11
12
12
9
11
7
13
12
10
9
13
77
9
9
6
10
10
7
4
9
12
9
12
9
12
12
12
11
9
11
7
13
12
10
8
13
99
10
9
6
11
10
7
4
9
13
9
12
9
12
11
12
11
9
11
7
13
11
10
8
12
116
9
9
6
11
10
8
4
9
13
9
12
9
12
11
12
12
9
11
7
14
12
10
9
13
132
9
9
6
11
10
7
4
9
13
9
12
9
12
12
12
12
10
11
7
14
12
10
9
13
161
9
9
6
11
10
7
4
9
13
9
12
9
12
11
12
11
9
11
7
13
12
10
9
12
171
8
9
6
10
9
6
4
9
11
8
11
8
11
11
11
11
9
10
7
13
11
9
8
12
98
9
9
6
10
9
7
4
9
11
9
11
8
11
11
11
10
9
10
7
12
11
9
8
12
121
9
9
6
10
10
7
3
9
12
8
11
8
11
11
11
11
9
11
7
13
11
10
8
12
110
9
9
6
10
10
7
4
9
12
9
11
9
12
11
11
11
9
11
7
13
12
10
9
13
74
9
9
6
11
9
7
4
9
12
9
12
8
12
11
11
11
9
11
7
13
11
10
8
12
70
9
9
6
11
10
7
4
9
12
9
12
9
12
11
12
11
9
11
7
13
11
9
8
12
87
9
9
6
10
10
8
4
9
12
8
12
9
12
11
12
12
9
11
7
13
12
10
9
13
77
9
9
6
10
10
7
4
9
12
9
12
9
12
12
12
11
9
11
7
13
12
10
8
13
99
10
9
6
11
10
7
4
9
13
9
12
9
12
11
12
11
9
11
7
13
11
10
8
12
116
9
9
6
11
10
8
4
9
13
9
12
9
12
11
12
12
9
11
7
14
12
10
9
13
132
9
9
6
11
10
7
4
9
13
9
12
9
12
12
12
12
10
11
7
14
12
10
9
13
161
9
9
6
11
10
7
4
9
13
9
12
9
12
11
12
11
9
11
7
13
12
10
9
12
171
9
10
6
11
10
7
4
9
13
9
12
9
12
11
12
12
9
12
8
14
12
10
9
13
151
9
10
6
11
10
7
4
9
13
9
12
9
12
12
13
12
10
12
8
14
12
10
9
13
153
10
10
7
11
10
8
4
10
13
9
12
9
13
12
12
12
10
12
7
14
12
10
9
13
192
10
10
7
11
11
8
4
10
13
10
13
9
12
12
12
12
10
12
7
14
12
10
9
13
176
10
10
7
11
10
7
4
9
13
10
12
9
12
12
12
12
10
12
8
14
12
10
9
13
156
10
10
7
11
10
8
4
9
14
10
12
9
12
12
12
12
10
12
8
14
12
10
9
13
173
10
10
7
11
10
8
4
10
14
9
12
9
12
12
13
12
10
12
7
14
12
10
9
13
169
10
10
7
11
11
8
4
9
14
9
13
10
12
12
13
12
10
12
7
14
13
11
9
14
151
10
10
6
11
10
8
4
10
14
10
13
9
13
13
13
12
10
12
8
15
13
11
9
13
143
10
10
7
12
11
8
4
10
14
10
13
10
13
12
13
12
10
12
8
14
13
10
9
13
123
10
10
7
12
11
8
4
10
14
10
13
10
13
12
13
12
10
12
8
14
13
10
9
14
124
10
10
7
12
11
8
4
10
14
10
13
9
13
13
13
12
10
12
8
15
13
10
9
14
140
10
10
7
12
11
9
4
10
14
10
13
10
13
13
13
12
10
12
8
15
13
11
9
14
110
10
10
7
12
11
8
4
10
14
10
13
10
13
12
13
12
10
12
8
15
13
10
9
14
98
10
10
7
12
11
8
4
10
14
10
13
10
13
13
13
13
10
13
8
15
14
11
10
14
113
10
10
7
12
11
8
4
10
14
10
13
10
13
13
14
13
10
12
8
15
13
11
10
14
136
10
11
7
12
11
8
4
10
14
10
13
10
13
13
14
13
10
12
8
15
13
11
10
14
132
10
10
7
12
11
8
4
10
14
10
14
10
14
13
14
13
10
13
8
15
14
12
10
14
105
10
10
7
12
11
8
4
10
14
10
14
10
14
13
14
13
11
13
8
16
14
11
10
14
126
11
11
7
13
12
8
5
11
15
11
14
10
13
13
14
13
11
13
8
15
13
11
10
14
143
11
11
7
13
11
9
5
10
15
11
14
10
14
13
14
14
11
13
8
16
14
11
10
14
120
11
11
7
13
11
8
4
11
15
10
14
10
14
13
14
13
11
13
9
16
14
11
10
15
85
11
11
7
13
12
9
4
11
15
11
14
10
14
14
14
13
10
13
8
16
13
11
9
15
101
11
11
7
13
12
9
