4
10
6
9
1
7
4
5
7
1
2
1
4
7
9
4
2
10
7
10
5
14
4
8
4
5
4
2
5
7
1
143
3
9
9
3
4
9
4
7
1
17
2
8
3
2
3
4
4
13
139
11
14
10
8
8
5
8
3
19
12
5
3
9
5
3
11
1
14
9
9
9
7
7
11
8
21
3
13
4
7
11
6
4
15
5
11
18
11
13
8
2
9
17
5
19
10
13
7
9
9
5
6
16
102
9
17
8
10
3
2
9
16
9
4
3
9
180
7
3
5
7
13
2
2
1
1
6
7
4
5
4
8
3
4
2
4
4
2
12
3
4
2
53
6
4
5
3
7
3
194
5
4
3
3
4
3
1
8
7
3
13
3
2
1
15
7
5
5
10
5
6
7
7
1
8
6
4
1
9
3
3
2
2
186
14
3
3
6
9
2
2
6
2
1
3
52
8
1
1
2
1
6
4
1
4
4
2
4
11
2
1
4
8
2
3
3
2
14
5
1
7
9
1
229
1
1
2
7
6
6
16
3
10
10
3
127
1
1
9
5
8
18
3
14
14
4
1
1
1
12
7
12
20
1
6
8
19
18
2
3
5
11
3
4
16
8
17
23
9
3
10
20
18
8
5
6
230
15
5
3
3
17
5
19
25
5
6
6
20
12
7
4
5
167
21
1
4
6
19
9
23
27
7
5
10
21
18
10
7
7
13
4
4
6
18
7
22
26
2
7
6
9
21
15
8
5
7
2
4
3
3
5
16
5
16
21
9
7
15
9
3
3
5
200
8
3
6
4
3
18
3
17
20
4
10
9
15
7
5
5
6
5
190
9
3
4
1
1
6
18
2
17
21
9
6
7
15
6
3
6
5
4
2
4
4
1
5
14
15
17
14
3
8
12
5
2
6
3
6
2
6
8
1
5
12
13
17
1
13
8
8
11
2
2
5
4
6
116
6
6
6
1
4
7
5
10
8
7
3
5
3
3
180
6
6
3
4
6
3
8
1
12
1
6
4
3
3
6
11
6
3
3
3
10
3
1
13
5
7
1
3
53
15
5
6
2
8
6
3
197
10
2
7
20
11
7
1
2
5
1
2
14
6
7
9
2
1
7
8
5
7
7
1
196
5
4
1
39
2
1
1
1
1
1
1
1
1
2
85
153
1
3
230
32
2
6
277
2
9
235
1
4
3
9
1
6
216
172
9
6
6
13
5
20
165
117
9
12
18
12
31
1
110
12
16
20
15
31
3
12
1
16
24
14
8
19
4
146
1
12
1
13
23
8
8
6
3
133
12
11
20
8
7
3
1
12
10
18
2
9
6
2
11
12
19
1
3
9
6
1
106
11
11
18
6
3
176
3
4
1
3
10
11
18
7
7
2
7
5
1
1
3
5
8
2
1
7
14
4
17
24
4
12
17
7
15
9
2
7
1
6
4
5
6
4
6
14
2
16
24
1
14
2
8
11
7
1
8
6
8
35
3
3
1
3
6
14
2
16
25
13
6
9
12
8
6
5
8
156
4
5
3
3
13
15
22
10
5
11
3
2
5
4
4
1
3
2
7
7
12
11
1
7
1
5
3
7
3
5
1
2
1
6
7
3
190
4
4
2
4
53
8
15
3
9
7
1
10
16
5
3
12
8
4
9
14
6
6
9
7
4
211
7
13
8
5
8
6
98
3
4
6
1
1
1
8
2
5
1
7
1
7
167
3
1
1
8
1
3
1
7
111
4
4
1
2
3
2
2
1
1
4
1
4
1
147
7
2
132
9
4
3
4
7
2
3
2
2
3
9
3
6
1
39
4
6
8
5
10
5
1
1
2
90
14
1
3
7
6
1
4
3
4
2
8
10
4
6
1
8
1
3
8
6
10
3
2
3
14
17
7
4
7
3
4
11
1
10
2
1
2
22
25
7
5
5
1
2
3
8
3
17
128
12
8
15
1
9
6
6
5
19
12
9
9
2
5
3
7
23
10
14
10
7
3
2
4
5
7
15
13
5
9
6
9
10
5
39
9
16
24
12
6
1
6
1
21
11
7
6
1
8
11
14
5
42
132
8
14
19
10
8
4
1
16
6
6
11
9
2
40
3
14
17
13
13
2
12
4
24
7
15
4
5
3
13
12
16
3
52
11
15
7
12
1
13
17
11
4
8
9
9
52
2
8
14
7
14
5
14
16
10
5
4
7
3
6
47
159
6
6
11
7
14
5
11
14
7
2
7
2
6
53
44
5
4
7
4
11
2
6
9
3
6
1
51
6
7
7
8
11
3
7
2
8
50
7
6
8
2
6
2
6
52
122
17
3
3
54
48
19
2
2
57
11
1
64
8
72
71
12
1
80
73
14
1
3
89
4
5
2
4
101
2
9
4
6
115
71
12
12
2
7
6
124
141
10
14
4
8
1
4
137
10
15
8
10
7
4
163
11
14
8
11
1
9
2
174
8
11
11
1
2
2
180
139
12
11
3
3
3
197
9
12
3
5
7
211
3
7
2
223
8
2
3
8
3
5
3
7
249
180
10
5
2
8
3
5
1
6
1
257
35
9
8
5
2
7
7
11
5
8
3
268
2
12
11
1
2
6
9
11
17
8
13
5
5
13
4
10
6
3
5
5
290
2
12
13
2
5
5
9
18
1
12
9
8
8
6
11
7
4
2
2
291
131
3
14
13
3
3
1
6
18
3
10
7
3
3
9
6
4
2
4
289
14
9
6
13
2
12
1
6
2
3
2
6
5
5
282
10
4
3
11
8
5
1
1
5
1
276
11
6
5
10
4
1
5
3
270
58
8
4
7
3
14
5
2
1
2
4
259
11
8
13
8
5
13
5
3
1
4
246
9
10
7
4
9
7
3
218
7
5
7
4
9
5
1
1
198
72
10
10
6
1
6
4
1
174
73
11
8
5
1
6
6
1
1
144
15
12
5
5
2
6
3
7
116
14
13
2
5
3
10
3
2
99
19
11
10
5
8
3
3
77
103
12
10
4
4
2
43
9
2
5
3
30
8
1
1
3
9
57
8
10
2
201
9
8
4
3
4
4
1
26
14
12
1
9
2
9
5
2
2
18
16
1
5
1
17
3
15
22
6
12
18
12
15
9
9
8
4
7
7
3
23
21
1
5
3
18
3
16
22
14
22
20
12
18
7
11
7
1
6
12
15
182
16
14
1
11
6
13
11
3
4
7
4
5
14
14
9
8
3
11
1
11
1
5
6
1
2
5
3
14
11
4
1
10
1
9
1
2
5
2
10
7
1
9
4
2
165
13
7
2
11
8
3
2
3
1
1
53
15
11
4
2
15
14
6
6
1
7
5
6
4
11
14
1
8
12
5
4
3
6
10
8
1
5
5
4
128
2
11
12
1
4
9
6
6
47
12
13
4
5
7
5
12
8
7
1
9
9
2
4
1
1
13
10
6
2
14
10
6
3
70
8
16
11
1
2
9
6
1
5
83
7
14
10
3
9
9
2
4
2
1
10
11
2
5
5
2
6
3
1
2
88
3
7
3
2
161
6
7
8
2
9
8
6
3
13
13
6
3
2
69
15
12
9
5
10
10
2
2
210
14
15
15
1
2
6
13
10
15
4
2
3
1
31
10
10
9
4
11
6
1
5
3
2
7
41
1
3
1
2
231
8
6
3
5
7
62
5
9
5
6
11
5
1
1
7
10
5
16
4
3
3
11
12
1
15
5
12
24
5
1
5
9
5
10
160
2
10
12
14
4
10
23
8
6
6
4
10
21
11
13
12
12
4
11
25
8
5
7
7
9
7
14
12
7
4
6
24
6
4
1
6
8
7
13
12
2
17
8
3
4
134
12
14
12
15
6
7
3
2
87
2
15
13
2
12
8
1
4
1
17
18
8
11
2
4
1
3
14
11
1
4
157
5
12
10
2
3
146
5
10
8
3
4
9
4
4
13
9
8
4
111
8
17
15
3
5
7
2
1
179
14
13
7
5
1
13
7
5
5
13
10
5
6
1
98
12
7
1
8
5
233
8
4
8
36
11
7
7
1
15
12
2
16
8
5
3
1
4
1
3
19
18
2
2
18
6
3
4
6
7
178
20
24
1
1
2
20
12
10
1
7
3
5
3
21
24
24
1
5
7
5
9
26
3
19
3
14
12
13
3
10
6
8
9
27
25
3
4
4
5
23
18
1
13
6
10
6
5
7
12
1
28
28
3
5
3
5
5
23
20
5
15
7
12
3
8
6
9
10
185
4
26
23
1
3
2
4
3
23
13
11
5
10
7
5
5
11
75
24
21
4
5
2
24
17
12
3
12
7
6
7
8
24
21
1
6
1
6
2
23
17
4
11
5
12
6
7
1
3
9
5
28
23
2
7
1
7
2
22
3
17
2
13
6
12
1
11
9
3
7
14
138
7
32
29
7
10
1
8
1
23
3
23
1
14
6
13
3
12
11
3
15
17
54
3
33
27
4
10
7
21
4
20
13
5
9
4
9
10
2
12
15
2
31
26
6
10
1
6
1
20
5
24
3
16
7
10
6
12
11
2
12
11
29
21
3
8
1
17
18
9
14
4
5
1
11
9
8
15
91
26
21
5
5
11
16
10
6
7
7
12
104
24
26
1
5
13
18
10
6
7
8
8
25
23
2
7
12
20
11
8
9
11
10
23
20
7
6
8
18
9
1
8
6
7
126
22
21
3
6
12
3
7
1
6
202
24
27
3
2
3
13
1
9
4
2
23
21
3
3
2
9
9
4
20
17
1
2
7
7
2
63
18
17
4
6
197
16
13
5
12
13
9
3
16
12
1
3
4
21
13
9
1
3
4
202
16
8
7
42
8
19
18
1
13
10
2
3
10
23
24
10
6
1
5
4
7
24
20
7
4
6
5
158
8
25
23
4
5
14
12
4
7
8
29
25
25
2
4
2
18
17
3
7
3
2
8
1
7
27
24
4
7
1
5
22
15
10
9
3
8
2
1
10
26
20
7
4
7
2
26
17
11
12
2
4
4
5
12
126
2
22
18
4
6
8
3
28
13
8
3
12
3
6
4
81
19
15
5
8
12
9
33
12
11
7
18
3
3
9
1
22
14
5
6
10
7
31
15
1
11
9
16
5
3
7
1
6
21
14
3
3
5
2
27
10
3
8
4
2
6
145
3
21
16
21
5
1
3
10
128
21
16
18
6
4
6
19
11
15
4
4
8
18
16
12
2
5
6
62
19
15
14
4
6
5
3
133
19
10
12
2
5
3
6
17
13
9
3
2
1
15
10
7
2
1
1
28
2
14
8
9
3
155
15
12
9
4
1
15
11
11
1
3
1
13
5
9
2
15
15
4
1
5
138
4
19
18
8
4
5
5
19
13
7
4
5
3
17
15
5
3
4
1
16
8
6
2
1
3
191
17
6
1
9
4
2
1
93
21
18
2
1
13
9
4
1
9
22
22
5
1
2
15
7
3
5
1
8
21
16
4
1
2
16
5
2
4
2
7
187
1
25
18
4
3
4
1
21
1
12
1
7
1
4
5
2
13
115
2
27
21
6
5
3
4
4
25
2
16
5
14
5
10
9
8
2
3
14
26
18
5
6
6
7
27
4
16
12
5
13
1
9
7
3
5
13
23
23
6
4
6
6
28
12
2
11
3
14
5
7
2
11
169
5
22
21
1
4
2
2
2
24
8
5
9
1
7
6
176
2
20
15
1
6
2
2
21
3
2
7
5
1
7
20
16
9
2
6
23
10
5
8
5
8
1
3
3
5
1
18
11
10
1
4
20
7
2
4
4
1
4
7
147
15
15
8
10
1
17
1
3
5
193
19
16
7
6
12
2
11
15
9
3
6
3
5
14
12
4
7
4
54
15
11
5
6
193
11
4
1
4
12
3
12
9
1
5
3
15
13
8
3
1
17
16
8
10
2
4
220
14
13
3
3
1
16
3
3
5
67
15
14
4
5
3
19
7
1
5
8
14
11
1
5
2
1
22
5
1
1
6
2
14
14
4
2
1
15
4
4
5
188
19
13
2
11
2
7
1
5
66
22
18
5
16
6
5
9
1
5
22
19
3
13
7
8
8
2
22
15
2
2
15
8
3
7
8
184
7
23
15
5
1
20
10
3
1
5
11
122
4
23
24
6
5
2
3
25
2
14
4
7
2
3
4
1
3
14
2
25
24
7
3
10
9
5
9
29
9
19
17
14
11
7
1
5
4
3
5
17
3
28
22
2
10
7
6
7
27
8
18
8
13
7
7
2
7
3
2
6
18
154
4
29
27
4
1
8
7
4
7
27
7
20
8
14
8
7
5
9
4
1
8
17
153
27
24
5
7
4
1
5
26
6
19
5
13
7
4
4
12
4
5
17
27
22
2
18
3
16
1
8
2
8
4
3
15
27
20
14
10
3
2
3
4
10
80
30
22
14
6
9
3
3
5
3
21
134
28
25
17
7
13
3
4
7
21
21
11
9
4
4
9
18
15
1
7
1
4
3
76
20
23
5
12
7
3
3
4
236
128
19
14
11
16
1
2
1
6
261
15
12
14
2
8
21
6
4
2
201
11
5
16
12
20
11
9
5
2
183
3
1
18
16
20
15
16
5
142
152
1
2
20
23
27
3
21
30
6
100
8
1
1
21
3
25
30
24
33
9
12
5
16
7
18
29
14
14
10
8
14
9
3
13
9
10
27
5
2
1
2
10
170
16
19
17
3
13
9
12
5
23
4
2
6
1
10
2
48
12
21
19
4
10
8
9
2
21
6
2
8
1
7
6
4
21
18
5
11
6
7
16
5
8
2
4
4
5
19
12
6
1
1
8
1
8
2
137
3
20
18
2
2
5
2
8
6
71
21
22
1
3
5
2
7
6
25
23
5
9
8
8
9
27
25
1
5
11
12
8
9
137
4
27
22
4
1
5
10
10
10
130
33
27
6
3
11
13
16
32
28
11
12
14
35
29
1
12
13
16
97
1
35
30
5
11
11
14
158
35
29
5
1
16
8
3
16
1
36
30
3
1
7
15
3
8
1
23
5
31
28
8
5
14
16
28
20
3
6
10
148
22
16
1
6
3
17
11
4
19
13
4
4
19
15
1
1
11
4
2
146
19
11
3
2
5
14
3
3
4
2
1
19
16
2
6
6
14
1
3
3
6
3
22
17
9
8
12
22
3
5
9
3
11
4
6
24
18
9
9
14
4
27
7
7
12
6
12
7
134
7
24
17
2
9
9
14
2
25
7
4
13
7
10
7
14
25
16
9
16
9
19
8
31
12
9
1
19
2
10
3
12
23
24
6
14
6
16
7
28
10
8
14
10
1
9
1
3
26
28
5
10
2
12
1
25
10
6
10
8
4
6
96
12
27
24
7
9
8
20
11
5
7
8
3
22
28
25
8
13
10
1
23
2
12
6
9
3
9
12
3
32
28
11
13
7
21
14
6
4
2
9
1
15
10
34
31
8
8
2
17
15
7
9
5
14
9
22
36
34
13
11
2
16
3
19
7
1
10
7
18
8
15
12
36
32
10
11
15
2
19
6
10
5
16
19
39
35
10
5
13
2
17
7
2
11
9
20
24
43
39
18
9
13
9
19
11
7
3
13
13
25
33
41
31
7
8
13
9
17
3
3
2
1
11
7
24
32
72
1
45
39
2
12
4
17
10
27
10
10
5
7
13
14
25
42
1
45
45
2
13
2
17
11
25
7
12
2
6
13
18
26
50
41
36
4
6
9
8
16
2
10
7
25
34
10
36
32
7
10
5
17
8
3
15
41
162
33
29
9
9
7
13
42
35
28
5
10
10
8
17
50
30
24
10
8
6
7
7
55
30
26
1
5
5
6
10
55
169
8
27
18
11
10
2
2
6
69
14
23
13
2
8
5
5
2
66
24
23
7
10
3
8
7
1
10
2
1
2
77
18
18
3
2
1
7
77
167
14
12
1
5
70
51
6
12
10
1
4
2
1
91
9
11
8
4
4
2
108
11
9
4
1
109
105
11
10
7
1
1
124
25
10
17
12
6
1
3
4
3
150
4
15
9
1
1
2
170
14
17
12
4
4
5
2
184
55
23
21
17
5
3
6
1
1
3
201
64
11
24
15
5
7
5
9
1
5
3
212
16
27
22
2
8
1
7
13
3
2
8
3
224
16
23
19
8
4
240
42
14
23
13
7
2
4
244
111
11
21
16
10
1
258
4
19
14
10
1
262
3
25
20
13
6
1
267
27
22
15
6
6
286
107
28
22
12
7
7
281
27
22
9
10
264
9
27
19
3
11
4
257
1
28
17
10
4
251
127
6
23
13
8
231
10
23
21
9
213
6
19
17
5
192
12
19
12
2
160
159
12
23
20
9
6
143
50
4
16
11
12
3
118
6
18
16
13
4
1
88
3
17
14
12
3
1
64
196
12
10
11
2
32
141
1
13
10
3
4
14
6
2
11
3
13
5
3
9
5
1
1
13
8
4
8
6
1
152
3
14
13
1
6
7
124
9
17
16
2
10
8
7
19
18
4
7
17
1
2
6
5
22
23
4
6
1
8
17
2
2
3
6
54
11
23
21
2
7
3
9
3
23
10
6
1
8
5
120
9
25
20
3
7
5
8
24
11
4
6
10
8
4
7
4
4
9
27
22
3
4
19
5
2
5
3
2
6
9
7
23
17
14
4
3
3
8
12
23
21
2
2
3
20
9
2
3
1
1
5
1
157
6
23
23
3
5
1
19
11
7
1
3
8
1
5
25
20
6
3
16
15
8
2
9
4
28
25
5
3
15
14
8
1
2
10
3
8
15
25
27
14
12
4
1
6
6
221
6
28
27
10
5
3
2
17
15
7
2
4
7
3
9
69
4
28
25
2
4
2
3
21
17
10
3
2
3
6
6
8
30
23
2
1
17
19
13
10
1
2
5
5
13
34
32
8
3
3
2
21
6
20
10
11
3
5
3
8
8
16
193
4
35
34
7
4
21
16
10
2
9
6
12
52
34
27
8
3
14
17
10
11
4
11
34
33
9
2
16
24
10
12
8
10
32
30
6
4
14
16
7
10
3
12
123
28
21
16
12
7
7
9
67
4
28
20
1
2
19
14
6
7
1
5
3
28
20
2
2
19
11
5
1
1
7
5
11
33
35
6
5
8
30
20
16
11
10
10
7
12
134
8
39
37
11
5
5
25
1
19
14
9
4
13
5
17
132
36
30
3
1
14
12
6
1
12
15
9
32
27
2
17
13
5
3
11
9
10
24
18
13
3
7
2
100
7
23
23
1
15
1
2
7
4
166
1
21
20
1
12
6
