25
30
34
33
45
36
51
43
52
28
32
36
46
44
49
32
37
30
51
47
33
26
62
25
28
14
19
22
37
26
35
32
38
36
37
22
24
26
37
37
40
39
36
19
25
35
24
18
49
22
24
15
19
19
13
26
22
33
28
36
31
24
39
22
32
36
31
44
43
13
11
29
30
20
51
24
35
23
26
29
39
35
34
37
39
43
45
29
32
33
48
45
43
37
47
29
37
40
41
27
59
27
38
21
24
24
26
26
31
28
40
38
47
26
36
37
45
38
44
32
46
26
41
39
37
23
48
25
38
23
25
27
25
30
34
34
38
39
44
26
39
32
40
39
41
31
42
27
30
37
25
25
38
23
35
36
40
41
51
41
50
47
46
46
45
36
43
35
52
41
49
44
50
41
36
45
40
37
52
33
41
59
63
55
65
57
65
61
67
63
65
55
66
41
75
55
69
57
69
64
65
66
68
56
90
48
63
53
57
47
64
46
57
46
61
54
62
48
55
44
71
50
62
45
63
61
69
59
54
49
73
41
55
49
55
43
54
40
55
43
58
53
59
43
54
42
62
44
61
45
53
53
53
56
52
47
66
38
50
54
61
47
61
45
60
51
62
60
61
46
59
33
64
49
64
56
61
52
44
58
62
51
67
43
54
41
55
30
64
30
43
32
41
37
40
33
32
32
44
32
44
41
49
45
37
39
46
38
56
30
38
57
69
41
90
46
61
46
58
51
57
48
56
47
65
45
59
48
58
66
70
57
59
50
68
41
51
63
60
49
61
47
54
49
60
60
68
53
93
45
74
51
71
54
73
55
57
60
73
57
77
48
76
68
79
57
82
51
65
57
66
71
74
54
78
47
83
56
79
51
86
64
52
65
77
60
92
47
77
75
84
64
76
59
79
64
76
79
84
64
96
49
90
64
84
56
86
74
70
74
92
67
109
55
86
66
70
58
78
53
70
54
69
66
75
57
73
42
75
55
77
48
67
70
77
66
71
59
128
49
66
55
57
48
57
47
56
48
59
60
66
49
58
32
66
50
67
42
67
54
59
57
61
50
128
37
59
50
51
44
39
40
52
44
55
59
63
45
72
44
61
47
66
49
65
43
37
51
63
48
119
40
61
46
48
45
63
37
64
38
51
45
47
40
34
37
48
37
54
43
44
47
44
44
37
44
96
36
27
50
48
43
47
40
39
35
39
41
46
44
44
28
44
37
46
45
56
46
48
38
54
48
86
39
47
51
51
42
49
35
28
30
34
38
45
46
55
48
45
36
42
50
48
45
41
33
54
50
81
40
52
58
56
53
50
46
68
45
54
51
56
52
47
44
50
44
57
47
47
53
49
47
48
60
66
43
39
58
57
50
50
45
44
42
39
48
47
50
58
42
45
43
46
45
55
50
35
37
53
58
50
40
45
47
48
41
47
37
17
30
23
33
33
42
43
33
37
33
30
39
39
43
32
24
44
45
5
33
37
46
45
39
31
38
28
31
30
36
38
44
48
28
27
36
34
38
36
41
38
30
42
47
35
35
30
29
25
39
21
18
17
17
23
24
28
19
32
18
23
21
33
14
27
12
16
20
32
20
15
47
42
44
54
47
42
46
41
50
49
45
28
32
47
45
47
42
31
43
30
40
37
49
34
30
62
52
59
46
57
46
54
51
61
58
55
71
53
63
58
55
46
55
54
52
53
56
60
3
47
54
33
25
36
37
32
31
29
34
34
35
30
25
50
39
37
32
35
23
35
43
35
21
33
25
20
33
22
36
32
38
34
38
37
39
36
33
24
33
35
39
36
41
26
32
32
37
19
35
28
19
32
24
35
28
38
34
41
35
43
36
30
31
39
38
40
38
36
36
28
24
37
26
35
25
28
22
18
17
19
24
28
26
27
31
29
19
15
33
24
31
26
25
22
21
27
28
18
23
14
14
32
27
23
31
28
23
27
30
33
30
30
24
37
28
35
27
33
30
30
37
32
23
29
24
21
48
46
47
58
44
51
45
50
50
49
45
39
50
46
47
49
44
47
45
47
47
40
47
4
37
34
47
45
42
39
38
40
41
39
48
44
43
52
45
47
45
46
45
56
35
25
38
50
49
14
36
45
39
39
34
41
32
35
32
35
41
39
36
39
32
42
39
41
36
44
34
30
33
40
38
20
29
32
43
44
39
53
35
45
32
39
36
38
38
30
38
39
36
38
36
27
44
52
36
39
40
25
31
24
52
53
45
49
42
36
38
34
38
37
48
59
55
45
41
36
40
47
47
42
36
51
52
31
40
44
42
49
40
65
40
45
41
40
44
43
40
47
39
40
42
42
43
50
45
32
37
42
45
24
35
36
42
48
35
44
40
34
39
34
44
45
40
56
28
41
41
44
48
48
41
32
35
56
44
25
36
52
45
55
44
63
45
55
42
44
45
42
41
46
39
45
43
40
34
51
55
60
44
45
43
25
34
36
45
50
41
54
39
43
38
41
47
47
36
36
43
46
39
41
35
41
46
47
40
40
39
18
30
35
47
51
42
34
39
26
37
33
51
48
40
54
41
48
41
44
44
49
38
20
34
56
46
22
36
55
45
43
41
48
39
53
39
45
55
52
37
61
47
45
43
47
37
50
43
38
42
54
43
24
30
42
39
37
33
38
37
50
34
40
46
44
33
31
33
37
38
37
28
45
43
52
39
42
34
5
23
36
47
50
40
43
43
32
38
42
54
51
43
55
45
48
46
45
37
49
47
45
43
45
46
22
33
43
54
53
51
56
50
42
50
50
67
64
48
66
47
50
55
55
45
47
51
39
51
53
53
33
41
46
44
45
45
49
43
47
45
43
57
52
37
29
36
39
48
42
38
40
44
36
45
41
41
13
30
33
45
42
41
32
43
35
41
41
55
52
39
53
44
31
49
39
40
40
41
44
45
47
44
27
32
37
40
36
40
56
43
54
41
46
50
43
36
16
37
16
47
32
32
23
48
59
47
23
39
20
28
8
30
22
34
25
35
30
38
34
46
40
30
16
35
20
43
29
36
24
27
25
38
19
33
55
23
12
36
27
39
16
39
22
42
31
45
39
36
36
38
27
41
32
43
31
26
16
36
29
40
155
30
28
34
26
41
36
44
44
44
42
39
33
37
17
28
21
41
30
33
19
38
44
44
13
39
215
27
6
37
27
42
22
48
35
44
36
41
33
45
28
36
17
45
21
39
28
38
49
44
30
47
399
37
22
25
17
28
28
33
29
30
22
23
12
33
7
37
9
30
6
37
25
25
28
7
36
602
29
1
8
3
23
32
19
6
19
8
11
3
19
36
22
36
8
12
16
494
15
10
3
25
1
19
16
1
10
25
31
24
39
8
3
9
18
139
22
23
13
30
28
9
25
18
21
17
30
25
33
15
31
8
32
5
18
23
23
11
29
24
9
30
27
39
45
39
27
40
34
38
37
34
22
37
24
40
31
34
24
33
30
37
23
33
25
19
32
34
38
36
37
39
40
39
43
42
35
37
49
39
45
44
34
33
32
24
39
33
35
27
28
39
40
40
58
39
39
39
40
41
43
37
44
46
40
43
45
33
41
41
35
40
35
39
26
31
42
42
39
45
41
48
40
47
39
43
39
43
43
47
44
45
29
41
47
55
45
40
43
28
37
31
29
26
9
28
32
27
32
23
28
30
41
39
41
30
34
29
31
28
30
29
29
33
23
27
25
24
27
34
23
13
23
15
15
18
25
19
29
21
21
24
34
26
21
4
15
19
28
19
20
37
40
34
34
32
31
31
30
28
33
34
46
37
43
33
41
34
41
33
25
28
39
37
27
38
57
61
50
57
47
47
42
47
40
48
53
61
49
54
44
54
46
60
56
57
46
64
55
2
46
58
52
57
47
52
44
44
40
43
34
40
48
67
37
54
37
48
39
58
48
48
41
58
52
43
42
55
50
57
43
53
45
48
44
43
37
37
46
68
34
61
39
49
46
62
44
34
39
66
51
89
42
57
34
46
26
48
28
29
28
23
25
26
33
26
41
37
28
34
45
47
30
20
23
44
37
89
33
39
31
41
26
30
25
42
23
31
20
31
30
30
34
34
25
37
31
43
28
40
28
34
30
69
27
25
32
24
31
24
27
35
24
31
25
34
36
34
30
34
28
39
41
48
24
36
30
44
35
88
35
34
26
30
24
17
21
20
10
22
23
30
45
35
41
25
31
42
49
13
14
44
31
95
30
41
36
37
32
39
31
36
32
27
32
35
36
40
35
40
32
40
43
48
29
22
27
42
37
95
33
34
32
25
23
30
23
19
19
11
17
20
30
18
27
25
23
19
36
42
25
27
16
38
31
84
28
31
36
40
27
29
27
14
20
14
17
20
34
44
38
31
24
24
30
46
30
29
18
46
36
86
28
35
41
39
35
34
34
28
31
23
26
30
37
39
29
32
27
34
41
44
34
26
24
41
40
88
31
34
47
50
41
47
38
31
36
25
30
29
39
50
33
41
29
33
47
48
42
24
27
50
45
95
34
45
57
59
49
84
42
54
37
40
38
41
46
58
44
38
37
42
37
49
63
57
41
55
53
97
38
38
54
55
45
82
44
53
38
40
35
39
45
29
34
37
34
37
37
41
63
65
42
41
50
94
33
30
50
48
41
21
41
36
36
32
30
31
42
54
34
41
30
34
38
47
43
34
34
50
49
101
32
47
46
44
43
35
36
41
33
31
28
26
37
59
27
37
28
34
37
45
41
25
30
49
47
77
27
42
34
35
27
41
25
35
21
22
13
12
22
21
9
20
17
16
27
23
39
31
22
24
31
58
12
15
24
27
18
14
15
7
10
14
8
13
19
39
30
17
14
14
19
20
27
24
15
25
22
53
8
23
32
38
28
41
29
35
28
33
27
30
27
41
29
30
28
31
23
25
41
36
33
33
32
65
16
29
49
52
41
60
49
61
52
53
50
48
42
47
39
48
46
50
42
43
56
46
53
46
49
86
33
39
54
56
49
66
48
57
50
56
51
51
48
58
49
58
47
55
39
53
59
53
55
52
52
86
37
48
54
55
51
57
47
56
47
56
48
54
47
58
35
53
45
54
38
50
60
64
57
54
51
91
35
48
47
44
46
56
42
58
44
53
44
49
42
33
40
44
41
48
39
41
52
56
52
40
47
75
33
33
39
42
42
42
38
41
42
38
41
36
38
45
43
49
39
40
36
45
40
28
40
40
44
65
31
40
45
47
48
39
44
41
45
43
44
40
47
55
43
63
42
46
44
50
45
36
44
49
51
83
39
46
43
40
41
38
39
33
36
35
33
32
44
46
42
34
36
32
36
44
44
46
39
39
44
70
35
38
33
30
32
39
31
31
30
28
26
26
34
24
33
25
29
22
35
25
36
37
32
21
34
52
30
20
45
36
47
44
45
49
47
45
44
38
49
28
38
43
42
38
47
26
41
35
46
30
50
70
43
24
39
34
41
30
41
30
44
31
38
28
42
35
37
27
38
28
44
32
35
26
37
35
46
69
36
32
32
31
34
34
36
28
37
32
35
33
38
31
35
32
35
31
37
34
35
40
38
35
37
64
31
31
40
37
37
39
38
40
39
43
46
44
46
35
48
36
45
42
38
37
39
49
48
37
45
80
40
31
25
28
30
37
32
29
36
30
36
31
32
13
27
24
36
31
39
28
26
22
34
21
33
64
30
16
21
25
25
47
30
41
34
30
35
28
29
5
28
18
34
26
38
28
27
25
33
20
28
57
28
12
26
19
25
50
26
32
28
30
36
32
29
17
47
22
37
28
31
31
29
37
34
25
28
75
29
17
18
11
25
20
20
16
24
23
26
30
27
24
30
22
32
32
7
15
23
28
22
59
25
30
23
19
28
6
26
25
30
25
29
23
30
25
38
16
32
22
39
24
16
18
30
25
28
65
28
19
24
19
30
32
29
29
35
28
34
28
25
20
34
16
34
28
36
22
24
18
32
17
27
55
23
13
21
18
26
12
27
27
29
27
27
26
23
16
29
14
32
25
29
18
25
31
31
18
23
41
21
13
16
15
21
31
23
20
23
21
21
21
19
12
27
13
26
16
23
12
26
36
28
12
18
50
16
7
12
8
16
8
19
17
24
19
20
14
12
16
16
17
24
13
24
22
14
16
23
11
12
34
10
15
30
28
33
30
34
39
40
38
37
30
30
25
25
28
37
33
41
33
29
25
40
30
31
52
27
30
32
37
34
34
36
35
40
35
38
35
29
46
35
35
40
33
37
29
34
37
41
35
34
57
27
36
27
30
26
36
34
45
36
39
29
28
21
29
29
32
34
25
26
29
37
52
42
27
25
44
18
29
29
32
29
44
34
49
38
44
36
35
26
34
31
37
36
32
36
27
37
44
45
30
27
47
23
28
11
13
14
24
16
16
23
19
19
17
8
21
23
20
21
17
29
10
13
7
22
9
10
18
8
13
13
17
15
22
20
24
25
25
23
23
11
16
20
18
25
22
26
14
19
23
28
13
13
31
10
17
38
49
34
62
46
59
50
56
49
49
37
52
36
50
49
46
39
40
53
69
58
43
38
65
32
42
51
60
52
76
60
76
66
73
62
64
45
65
40
65
60
64
39
61
63
77
74
56
49
73
37
52
26
24
33
23
31
44
41
43
36
32
25
25
36
39
37
37
33
32
25
30
43
30
26
38
22
31
25
25
27
33
29
37
36
39
31
27
27
25
37
40
34
35
39
34
26
31
40
33
27
47
26
31
30
34
33
45
36
39
39
45
37
40
30
50
42
42
40
39
32
34
36
50
48
39
31
56
26
39
26
28
31
43
36
52
40
48
35
37
29
30
44
35
37
38
32
27
36
53
48
32
29
44
24
28
30
32
34
38
38
54
44
50
39
40
30
31
40
44
38
45
35
42
32
38
48
34
32
54
25
29
38
41
34
49
38
45
42
47
39
43
30
50
38
43
38
48
32
44
37
36
46
38
34
47
25
40
43
42
41
51
45
52
45
53
41
46
38
41
42
48
42
49
33
50
47
59
53
43
41
56
32
42
32
33
33
37
35
37
36
40
35
40
29
34
35
45
35
38
29
39
35
45
43
40
33
55
23
43
25
28
30
34
32
41
38
43
35
38
24
34
32
45
34
45
28
32
28
28
41
31
25
50
19
31
27
27
32
29
35
47
41
46
36
38
27
40
30
41
35
46
30
35
30
31
44
30
26
43
22
27
36
36
38
57
42
50
42
40
31
34
33
46
34
31
34
32
28
32
46
54
44
38
34
41
26
37
49
47
52
61
54
65
54
57
49
51
49
44
54
54
51
48
39
50
55
70
61
49
50
66
39
47
35
33
32
35
38
31
42
42
43
46
35
39
39
46
43
45
36
45
31
28
45
36
36
59
29
37
20
18
19
16
28
27
34
29
31
31
22
32
27
28
32
31
31
31
18
15
32
24
21
47
20
27
22
20
32
26
33
41
36
39
36
39
29
20
35
31
37
37
36
34
27
39
42
27
27
48
26
27
14
15
23
21
23
20
26
26
24
24
22
24
35
24
31
23
26
23
20
32
31
23
18
39
19
19
12
12
18
20
20
23
25
21
17
14
17
13
25
16
22
14
28
17
13
17
24
14
16
30
15
14
14
17
22
27
28
27
34
24
25
23
18
13
14
25
23
32
12
16
12
27
5
18
20
18
6
9
5
13
11
15
14
18
17
19
18
14
25
35
12
24
17
21
12
9
14
21
12
12
29
13
13
15
9
22
18
21
25
22
27
24
29
21
25
39
22
29
24
27
21
20
35
32
13
22
44
18
17
30
28
38
40
41
45
43
41
35
37
34
27
39
30
38
35
36
30
36
43
45
21
35
49
30
22
45
37
49
57
48
62
53
52
47
45
46
32
57
40
46
46
47
39
44
44
53
35
43
59
41
28
28
22
32
28
34
24
36
27
30
28
31
23
37
23
35
26
33
22
25
25
32
21
30
35
27
21
18
10
25
14
25
14
24
18
17
10
24
27
35
15
28
9
27
16
18
30
25
20
21
39
20
15
25
19
30
23
32
34
32
30
24
20
29
17
36
20
32
18
33
14
25
35
34
12
27
50
22
7
23
18
27
19
28
18
31
21
24
20
26
19
26
13
29
18
30
12
19
10
25
10
27
32
20
13
34
26
35
25
39
34
41
34
35
30
36
21
40
24
39
29
37
29
30
31
39
27
37
50
30
19
36
30
35
36
43
39
41
38
32
34
38
29
42
26
38
30
30
26
38
49
43
22
38
66
29
19
41
34
41
43
43
41
42
40
33
33
40
36
38
26
38
31
37
25
41
46
44
26
42
71
32
19
34
34
39
47
35
30
37
27
30
23
33
21
43
17
36
21
34
21
33
22
32
22
37
82
27
16
23
21
29
21
26
17
27
16
22
16
25
20
29
16
26
13
25
12
21
12
21
19
25
77
18
13
33
24
37
29
35
42
35
35
31
28
34
23
37
22
35
26
28
25
36
48
39
27
34
84
26
16
49
46
50
54
48
49
48
49
47
47
47
44
48
39
49
42
38
40
51
57
53
43
49
91
39
36
45
45
47
42
45
40
47
44
45
45
44
50
44
40
43
43
42
34
39
31
47
41
46
69
36
34
34
29
38
40
35
33
37
28
28
21
34
25
37
16
31
21
36
22
34
24
32
28
39
56
28
19
39
38
43
60
42
39
41
38
36
34
41
31
36
32
37
31
32
26
49
48
42
32
43
47
30
23
34
29
38
16
39
30
37
35
34
36
38
31
33
28
32
29
33
24
37
42
39
28
37
16
28
27
37
32
36
28
34
35
35
33
34
32
33
33
24
23
31
29
38
28
34
27
35
31
37
27
22
37
34
37
37
37
38
39
36
41
40
34
24
23
29
36
36
33
29
34
23
37
27
38
26
17
42
38
42
27
41
38
41
41
47
50
42
41
57
35
41
42
35
34
41
41
44
34
44
34
30
39
40
38
56
41
58
39
46
39
40
37
26
41
31
38
34
30
20
48
59
46
27
39
30
12
25
20
24
18
28
34
28
30
25
24
28
9
30
23
25
24
30
17
24
24
29
13
27
22
7
34
29
29
30
33
16
34
29
38
37
36
34
42
33
33
35
39
34
28
9
31
28
37
31
27
26
22
32
30
29
18
26
21
25
25
27
15
28
17
27
20
28
13
26
20
24
18
27
21
9
41
34
47
25
42
35
40
41
42
45
43
42
41
37
40
38
36
32
39
47
43
38
43
3
35
32
47
44
51
51
52
50
52
55
54
