9
7
9
2
3
5
3
10
9
7
5
2
1
6
6
13
13
41
6
2
5
7
1
1
1
8
14
13
5
4
3
8
5
9
7
14
1
9
8
36
17
9
7
8
2
4
9
5
4
10
3
6
4
2
6
10
16
3
2
49
22
5
9
7
2
3
1
9
3
3
1
2
1
1
8
8
54
5
6
5
6
6
6
9
14
12
2
2
3
4
9
10
7
8
3
6
41
3
19
4
6
3
3
8
4
3
5
6
2
6
4
4
5
2
9
14
43
15
12
6
4
4
10
8
5
12
8
2
7
6
6
2
3
7
5
17
57
6
2
2
4
6
10
11
7
2
5
4
10
8
8
3
4
2
17
63
3
1
2
7
3
6
12
9
6
6
7
5
11
8
7
2
5
54
3
2
6
3
6
13
13
8
4
2
7
10
14
11
10
8
5
8
16
42
10
5
3
6
12
11
6
6
7
10
12
15
12
13
11
5
5
1
29
29
17
14
8
5
1
2
10
4
2
4
1
6
12
9
9
7
7
3
6
4
20
14
8
6
6
5
2
9
2
7
9
4
9
8
12
4
1
12
38
18
13
7
6
4
7
2
7
6
8
6
10
11
14
5
4
29
9
8
6
5
3
8
5
8
7
5
6
11
11
13
2
3
4
28
9
7
4
13
7
10
9
7
10
11
14
16
9
5
22
39
3
6
3
1
4
12
7
3
6
5
10
12
12
13
3
1
25
41
3
1
5
5
9
11
13
4
7
8
9
17
8
14
4
2
12
32
7
2
7
10
11
16
13
6
13
12
16
17
14
20
7
7
23
27
9
5
3
2
10
12
13
16
14
3
1
8
14
16
19
15
19
1
10
6
19
31
10
4
3
13
18
18
24
23
7
6
13
19
21
25
15
23
3
14
11
2
36
2
12
18
17
21
20
3
3
14
16
21
23
11
19
4
15
6
3
26
13
7
8
14
18
13
16
4
6
17
13
21
5
17
4
14
4
17
4
5
4
8
12
17
12
14
2
4
15
12
18
2
11
3
14
20
9
9
13
8
12
10
7
13
4
2
12
18
2
5
12
2
5
3
12
4
8
8
3
10
4
4
5
4
5
2
2
16
5
23
1
2
21
10
4
12
14
2
1
1
16
23
16
4
3
1
2
11
31
5
5
3
2
4
1
4
1
2
7
37
3
6
2
7
1
1
4
7
8
5
3
7
1
5
1
13
6
32
2
3
2
4
2
3
7
3
2
8
1
16
5
35
10
2
3
3
51
1
3
3
7
45
1
1
1
7
30
4
5
4
3
4
5
24
3
2
3
3
4
9
37
4
3
2
7
37
1
7
8
3
5
2
7
8
2
5
2
4
17
22
1
1
7
7
3
4
7
6
2
3
3
5
1
24
2
1
8
3
2
3
2
5
5
4
4
6
5
31
4
4
7
6
3
1
5
6
8
5
4
5
3
8
38
2
1
4
2
1
2
2
6
32
1
1
1
1
4
21
1
2
4
1
2
1
3
30
9
3
36
1
4
20
3
13
4
16
1
17
7
1
5
1
17
3
19
9
5
31
5
9
5
7
4
38
1
14
5
3
6
12
2
8
3
5
1
8
6
10
39
11
13
8
1
9
11
2
10
6
9
3
14
12
7
5
31
15
12
8
5
2
7
1
15
9
9
13
8
13
12
22
11
8
23
22
12
9
5
2
9
2
13
9
13
14
12
16
18
25
17
14
26
21
16
11
8
1
3
11
2
17
10
17
15
18
16
26
29
15
18
5
22
19
7
12
6
3
2
6
10
5
17
9
16
16
19
22
24
30
15
16
9
17
16
9
9
3
3
9
13
24
17
16
2
19
17
26
28
27
32
4
5
11
2
18
7
13
9
5
5
11
15
27
20
15
6
19
20
28
29
32
34
7
12
4
7
25
8
17
9
7
4
11
16
27
22
11
14
17
20
25
30
25
32
8
16
25
12
15
5
10
9
18
22
22
13
9
15
18
21
29
23
29
9
15
1
16
26
4
10
6
1
8
16
20
19
15
12
14
18
20
25
24
27
8
17
16
11
20
5
12
3
1
5
13
13
16
14
5
12
12
14
19
14
19
6
4
16
16
17
5
10
3
3
6
13
10
14
15
4
13
11
12
16
13
15
7
9
11
17
9
8
10
2
6
6
10
7
9
13
3
9
6
9
10
8
8
7
6
8
10
12
3
4
6
2
8
4
3
2
1
1
4
1
7
7
18
2
5
1
4
5
8
8
3
1
1
1
2
1
2
1
4
11
1
21
2
1
20
1
10
2
5
3
20
14
5
13
4
5
1
1
39
9
11
1
5
4
1
2
1
1
22
16
5
8
5
4
2
11
8
5
3
3
3
7
5
5
6
1
13
1
12
2
4
4
2
1
2
1
13
4
3
1
24
16
15
1
3
2
49
18
24
2
6
9
1
3
2
7
37
9
21
10
1
6
1
10
4
6
1
2
6
38
1
13
6
5
2
14
3
6
13
6
2
7
36
15
4
5
2
16
4
8
8
1
17
9
3
10
36
22
6
5
4
3
17
8
13
10
2
19
12
2
10
52
18
5
11
1
2
4
16
12
17
1
9
3
21
1
12
1
10
50
16
2
4
3
14
12
17
8
3
17
1
12
1
10
50
8
5
3
11
12
16
6
12
9
1
8
22
11
9
1
2
6
5
11
6
5
16
3
2
5
4
5
1
3
15
3
5
11
5
1
2
19
5
6
7
2
4
3
1
1
6
1
3
5
5
2
2
2
2
3
3
1
1
2
2
2
8
5
6
3
3
4
2
3
1
7
2
3
3
5
10
1
3
8
1
1
1
5
3
7
6
3
1
5
9
3
2
8
3
8
3
4
4
7
9
1
3
5
6
8
4
9
3
9
4
9
8
1
2
3
7
5
3
10
11
4
1
1
3
7
8
3
3
8
2
9
3
8
1
4
3
6
3
6
3
7
3
18
4
1
4
3
4
3
6
55
10
4
4
2
5
3
4
127
2
1
3
3
182
9
2
1
258
4
3
1
360
3
2
513
11
6
2
702
22
12
806
9
10
2
14
733
1
4
2
8
616
27
1
2
1
2
364
16
36
5
3
2
42
25
1
34
25
2
1
18
36
3
2
3
3
2
8
44
1
6
5
5
4
40
1
1
8
2
6
7
30
2
1
9
5
6
7
26
2
6
3
12
1
2
4
9
5
8
44
6
3
10
1
1
3
8
3
6
42
2
7
5
7
2
8
2
4
22
2
9
5
4
2
4
1
3
20
1
2
2
3
30
2
3
2
3
1
4
25
6
2
12
5
1
10
4
1
15
2
5
1
2
13
2
14
4
1
14
13
12
19
4
9
1
1
2
3
5
1
1
4
1
3
2
11
2
2
1
3
3
1
1
10
9
4
2
3
7
5
2
5
1
1
3
1
3
12
1
1
7
1
2
7
14
6
4
5
3
1
1
1
4
3
2
3
5
5
1
4
1
3
1
7
14
14
16
16
4
6
4
3
13
12
14
11
9
13
4
5
4
5
31
5
2
1
1
8
24
1
1
1
11
10
1
2
3
3
10
20
2
3
3
3
25
3
3
3
8
9
1
2
1
3
6
7
2
6
3
7
3
1
5
4
2
1
26
9
3
7
7
2
2
3
3
18
9
6
9
10
4
2
1
5
1
2
3
6
5
4
10
20
16
6
2
2
1
15
11
5
29
18
9
1
10
3
23
1
2
28
19
7
3
5
10
2
1
5
6
3
23
3
17
17
6
3
7
9
5
10
4
5
8
11
1
5
3
18
8
21
3
1
4
6
2
3
4
6
2
6
6
14
25
1
1
3
4
2
4
1
9
17
13
5
4
2
15
24
17
6
1
2
18
18
8
8
2
5
17
19
14
9
8
2
1
6
12
18
19
7
2
7
13
19
26
6
6
10
12
24
22
8
6
17
12
18
25
10
12
3
20
35
3
28
19
7
3
5
10
2
1
5
6
3
23
3
17
17
6
3
7
9
5
10
4
5
8
11
1
5
3
18
8
21
3
1
4
6
2
3
4
6
2
6
6
14
25
1
1
3
4
2
4
1
9
17
13
5
4
2
15
24
17
6
1
2
18
18
8
8
2
5
17
19
14
9
8
2
1
6
12
18
19
7
2
7
13
19
26
6
6
10
12
24
22
8
6
17
12
18
25
10
12
3
20
35
3
35
23
12
6
4
1
11
4
9
5
27
16
21
33
10
8
2
3
2
9
1
6
2
18
9
8
16
30
9
6
9
3
2
12
12
15
5
10
1
7
1
2
14
21
6
14
4
10
6
1
9
9
26
13
13
17
6
1
21
12
29
19
15
19
6
4
25
19
7
30
37
14
15
3
23
9
29
31
13
1
15
2
3
23
29
6
19
24
12
1
13
1
18
25
7
18
15
11
1
14
4
3
1
16
6
15
26
8
11
8
1
19
27
12
19
21
13
2
10
2
19
11
11
23
27
10
6
1
15
3
6
17
23
9
27
23
12
5
12
2
20
11
5
35
26
15
2
17
4
6
26
3
41
32
15
2
16
1
2
30
9
24
26
13
2
9
1
22
16
24
11
3
11
1
5
17
13
1
20
23
13
8
16
5
2
2
20
21
18
14
2
15
4
3
6
20
22
22
13
2
12
4
3
5
14
21
19
13
9
13
6
4
4
14
32
20
13
8
9
2
1
20
5
33
17
14
1
11
1
1
1
28
18
18
11
3
10
2
2
2
2
2
18
8
9
24
7
5
2
6
3
8
2
6
6
15
5
15
8
2
2
4
1
9
1
3
3
5
9
5
12
4
15
12
9
2
4
2
11
3
4
5
10
4
8
8
23
14
11
3
7
14
10
9
3
4
9
14
6
9
2
15
20
15
10
5
1
9
17
13
10
6
7
11
14
12
13
5
14
24
18
10
6
1
10
10
16
15
6
5
8
5
15
9
13
8
18
16
20
8
4
6
7
9
7
2
6
2
2
7
14
8
28
4
4
4
6
9
4
3
7
4
7
9
5
3
1
8
1
2
6
1
3
2
7
7
14
3
2
1
7
9
1
4
2
1
10
4
14
8
1
8
1
11
4
3
1
4
6
3
7
3
8
3
3
1
9
4
1
3
5
4
4
3
5
2
2
4
5
2
8
3
2
5
3
9
11
10
8
2
2
14
6
2
8
9
10
12
14
7
9
1
4
15
6
3
10
10
4
11
11
12
10
2
3
18
1
8
3
3
11
14
5
11
6
2
11
8
3
7
15
4
12
4
10
18
16
14
3
21
12
12
10
3
7
18
5
15
5
12
22
16
11
5
37
18
10
14
4
3
21
3
13
6
9
18
17
7
15
20
8
14
13
11
1
18
4
12
5
8
16
15
7
13
9
10
14
9
19
11
5
6
13
12
5
17
27
8
14
3
7
15
10
8
11
3
16
16
5
14
29
5
17
10
4
7
13
5
11
6
11
5
17
14
2
3
61
4
14
6
2
1
4
7
2
6
5
8
6
12
11
1
55
3
2
2
5
6
4
3
3
7
6
9
7
22
6
5
4
1
7
5
9
5
7
6
9
3
1
3
33
9
12
2
1
5
10
10
5
5
5
10
8
11
5
3
7
34
13
16
4
2
3
4
9
7
2
6
3
7
3
8
3
7
5
54
16
1
2
2
7
3
1
2
3
3
1
6
51
22
2
4
1
6
2
3
6
41
19
4
3
7
3
1
1
2
5
1
55
27
19
5
7
3
3
3
4
50
29
9
17
7
4
2
5
49
22
16
9
4
5
44
31
11
7
14
3
45
32
21
6
37
34
1
1
25
30
9
10
3
3
4
24
26
8
12
3
3
19
29
19
5
5
10
1
24
20
8
7
1
7
24
14
14
5
1
5
1
2
5
27
12
17
6
1
4
5
3
5
1
1
6
24
11
2
5
3
2
3
4
7
5
19
17
7
4
2
5
49
22
16
9
4
5
44
31
11
7
14
3
45
32
21
6
37
34
1
1
25
30
9
10
3
3
4
24
26
8
12
3
3
19
29
19
5
5
10
1
24
20
8
7
1
7
24
14
14
5
1
5
1
2
5
27
12
17
6
1
4
5
3
5
1
1
6
24
11
2
5
3
2
3
4
7
5
19
9
3
4
3
7
5
6
9
5
6
17
6
14
2
1
1
2
2
3
23
6
3
4
1
3
4
21
5
9
3
4
1
5
5
1
27
6
10
4
7
7
3
1
1
24
11
1
9
3
1
7
3
1
3
13
8
15
5
1
11
1
2
8
3
1
4
19
11
10
2
10
3
14
7
7
6
1
3
5
5
12
3
8
2
8
10
9
8
2
3
2
10
2
2
1
2
5
1
1
2
6
3
8
5
5
1
1
3
1
4
3
5
5
3
14
3
6
3
70
7
149
5
198
244
1
346
520
6
14
718
7
6
5
20
1
775
5
18
8
4
13
2
28
6
675
1
5
3
20
10
12
6
23
7
593
4
9
16
10
1
8
10
12
8
2
8
255
10
7
14
24
16
2
7
14
18
14
21
4
11
42
1
10
8
3
4
4
11
12
3
5
29
1
5
10
8
2
5
1
12
9
2
3
14
3
4
10
5
3
3
11
8
2
3
2
9
3
5
3
12
10
1
2
7
6
3
4
11
1
8
1
3
1
1
5
4
4
4
4
7
5
2
1
1
1
2
1
4
8
4
1
11
6
3
3
2
2
4
12
3
1
3
15
2
11
2
9
2
2
1
8
2
1
1
3
7
4
4
4
1
3
10
13
2
2
6
9
8
3
6
8
1
2
5
7
1
7
9
19
15
4
3
12
13
6
5
6
11
5
9
8
23
18
6
5
3
15
14
11
9
7
7
5
1
11
8
25
20
7
2
2
14
16
13
10
8
4
11
5
5
15
9
27
24
5
8
1
17
17
12
11
9
3
14
1
5
8
17
10
25
24
5
11
3
18
16
13
14
10
2
5
2
8
16
14
23
23
7
9
6
15
18
12
14
12
2
7
2
5
11
12
16
18
6
9
4
11
14
9
9
11
1
4
7
10
9
11
8
7
3
6
8
6
8
9
2
1
1
4
1
4
2
5
3
3
1
1
2
1
2
6
1
2
14
3
5
4
3
6
3
3
2
3
5
3
5
1
1
1
3
4
4
3
2
2
1
4
1
2
12
4
5
5
2
6
2
4
1
3
1
2
2
1
2
6
6
6
5
1
5
1
3
3
4
3
6
1
6
16
1
3
11
8
1
6
6
10
2
3
11
6
7
10
8
12
4
8
16
5
7
1
3
12
7
14
5
11
2
6
15
4
7
3
1
14
1
5
13
3
10
1
3
6
13
5
8
1
2
5
12
3
4
11
4
5
17
4
9
15
11
17
3
2
7
18
4
7
4
13
19
4
21
3
7
14
4
13
2
4
4
16
2
7
3
11
16
23
6
7
10
7
10
1
2
7
10
9
14
12
17
9
13
21
6
6
8
12
16
4
8
7
15
6
15
7
9
6
11
3
2
3
1
3
6
5
3
4
3
8
3
5
12
29
2
5
3
1
2
4
2
6
4
6
9
1
1
6
19
21
2
7
1
2
1
6
3
1
9
2
12
24
1
1
1
2
7
16
25
2
6
20
6
6
5
1
9
6
18
2
1
1
8
4
2
3
1
1
10
2
1
4
1
4
6
22
4
8
29
5
1
32
5
2
7
1
14
21
8
5
8
1
1
2
22
2
1
7
1
1
2
8
27
3
5
2
1
4
8
4
3
5
6
3
1
7
9
3
10
9
5
1
9
4
4
5
3
10
4
2
2
1
6
1
4
14
10
3
13
9
9
1
3
9
7
13
3
4
4
6
12
3
5
2
4
3
9
6
8
5
8
3
10
4
2
7
10
17
3
1
8
3
2
5
8
3
2
4
18
5
5
2
4
1
3
10
3
2
2
2
17
21
1
2
2
3
24
1
20
2
6
3
3
4
4
18
10
4
7
23
16
12
4
3
3
8
12
5
2
1
1
3
18
28
7
6
1
3
5
1
18
25
13
2
4
3
2
4
7
18
16
11
5
3
1
4
5
18
13
14
6
3
1
1
5
19
16
16
1
4
3
2
3
3
4
10
19
21
1
8
3
1
2
3
12
15
9
3
1
12
1
1
1
5
3
1
19
2
4
4
5
4
1
32
1
8
10
3
7
8
6
2
18
24
6
13
8
12
6
3
2
12
10
3
2
2
7
8
23
4
3
4
13
11
9
7
1
6
10
13
5
5
3
10
37
5
3
11
10
10
8
4
9
12
2
3
1
10
40
7
5
6
7
5
4
2
5
8
1
7
32
10
8
3
2
9
5
20
8
11
4
7
18
1
1
7
27
1
7
41
3
11
39
10
6
34
16
11
42
1
25
55
7
3
1
3
6
18
56
7
5
2
4
3
1
2
20
51
4
2
2
1
2
12
64
8
12
2
1
3
2
1
4
1
2
20
9
69
11
5
2
4
3
4
1
10
56
15
1
6
6
6
7
1
8
6
5
6
10
3
51
8
10
4
13
9
1
9
4
9
13
7
14
13
1
53
5
10
6
11
8
9
6
7
11
5
7
18
1
59
9
10
9
3
13
1
12
3
10
7
12
8
13
18
9
7
22
52
4
11
7
4
10
7
1
5
7
7
7
7
16
3
4
28
39
12
6
7
5
7
1
7
2
3
7
3
8
3
12
2
5
8
2
42
16
7
3
10
2
5
3
8
3
7
7
13
5
11
2
55
9
7
1
1
4
5
5
8
8
9
3
8
4
13
46
2
2
3
4
3
4
1
10
9
12
7
3
6
12
2
14
4
13
3
2
7
6
8
28
6
5
4
7
3
15
9
16
2
3
3
13
1
16
13
5
7
5
16
25
3
2
4
4
2
5
3
14
7
15
6
2
2
11
14
2
9
5
8
3
12
25
6
4
2
9
8
13
6
1
2
5
7
3
7
3
6
3
5
5
23
10
8
2
1
1
2
2
12
12
14
5
1
5
17
12
6
5
4
6
9
36
16
9
5
5
21
33
6
11
5
2
19
16
4
3
19
22
1
2
2
20
37
1
20
33
21
26
2
19
19
2
1
3
6
15
28
2
14
1
5
3
1
10
7
33
8
13
9
2
12
4
3
3
11
11
23
21
24
9
12
15
3
3
2
4
15
20
24
14
34
14
14
1
12
5
2
6
7
11
26
22
2
20
12
11
11
6
15
5
9
3
5
12
12
15
19
26
30
5
8
5
3
4
9
7
7
6
