1
21
5
3
4
19
5
2
12
5
6
5
6
2
3
10
4
16
14
9
12
17
5
8
24
4
3
10
6
5
4
7
1
8
7
17
2
14
12
12
3
24
9
7
7
26
9
2
6
13
1
8
6
2
7
8
2
5
11
13
24
25
10
9
10
21
13
4
10
26
13
2
8
7
2
5
10
3
4
8
15
17
13
25
3
7
12
10
10
10
25
10
1
4
2
6
18
16
7
20
8
15
3
3
12
26
9
5
2
5
19
18
13
14
2
2
6
15
3
10
24
9
3
2
3
1
4
20
18
8
6
11
2
7
4
22
2
2
19
14
2
7
17
17
8
3
11
3
20
2
18
10
1
16
5
24
4
1
16
14
9
15
5
25
4
1
14
14
11
16
7
25
2
1
16
14
7
13
3
22
15
11
2
15
5
25
3
1
18
14
8
16
7
26
3
1
21
15
7
10
6
26
1
21
14
4
9
5
23
8
2
3
23
14
8
2
11
1
14
2
20
7
6
11
2
10
1
20
1
3
12
3
16
3
8
3
6
14
9
17
8
4
10
2
14
12
1
22
1
3
4
7
4
9
3
1
11
15
6
8
26
6
4
10
13
10
15
1
3
7
1
12
8
6
20
13
19
17
25
13
5
13
22
18
1
7
22
8
6
11
2
16
6
11
2
15
17
8
26
19
23
14
19
12
16
20
31
23
7
12
25
9
8
21
7
20
13
19
4
16
22
3
34
21
17
15
28
12
11
16
34
22
10
14
25
9
13
21
13
21
20
20
6
17
23
18
34
27
25
15
21
14
4
19
36
24
16
18
31
12
18
24
20
23
22
18
8
21
26
19
36
7
30
21
8
21
2
15
8
36
16
12
13
23
9
15
15
15
14
14
3
17
20
1
30
15
20
11
8
19
10
35
9
12
10
21
16
7
17
10
15
10
1
15
16
27
12
21
12
5
17
10
31
1
8
6
19
11
3
13
3
8
3
13
12
22
15
1
20
7
21
8
2
4
9
4
11
38
5
17
3
19
2
11
3
1
8
5
9
135
5
5
6
20
5
1
3
10
1
6
7
13
264
3
9
18
9
1
25
12
7
9
12
4
1
5
6
2
2
7
12
17
338
10
15
29
12
5
32
19
16
17
19
11
6
14
12
11
3
7
17
23
372
15
16
19
2
13
5
37
25
21
21
21
14
8
19
18
19
7
6
21
25
321
19
2
25
4
15
15
43
33
26
26
21
19
13
25
24
26
7
9
27
23
206
19
23
3
18
15
23
46
41
31
33
24
20
21
28
31
31
17
16
33
27
20
49
24
1
24
1
13
27
43
39
28
30
20
16
15
25
28
30
11
18
32
21
57
21
22
5
13
11
42
35
27
28
16
15
15
25
25
27
1
17
31
18
49
14
1
17
11
12
40
31
23
26
12
12
16
23
24
21
17
30
13
47
7
20
11
16
35
24
13
18
7
11
13
18
20
14
15
24
11
27
5
15
9
3
29
15
2
6
7
9
9
11
11
4
11
16
11
1
15
7
20
3
2
2
6
6
4
12
8
17
2
1
2
1
124
19
4
18
10
9
2
9
132
28
3
8
17
1
13
12
12
109
14
6
24
7
15
4
18
4
14
13
5
13
104
6
18
7
31
13
4
12
17
10
25
21
6
1
6
2
26
88
16
14
7
23
17
2
18
14
9
25
2
18
10
6
2
5
4
32
79
14
19
10
19
12
7
13
17
10
26
6
17
16
3
1
11
5
10
1
32
67
21
20
8
29
15
1
11
14
7
28
5
16
15
4
2
11
7
14
33
41
20
10
25
5
3
9
14
3
24
12
17
6
4
10
5
5
16
25
55
18
11
30
5
2
6
15
3
2
23
2
13
21
11
10
13
13
7
14
2
28
50
23
16
14
23
10
4
12
18
5
12
3
27
17
19
27
18
18
23
16
7
10
1
12
37
53
32
14
4
24
10
7
13
22
8
23
14
34
21
24
34
27
28
30
25
7
8
21
34
72
35
1
18
6
6
9
21
2
22
15
29
10
22
33
26
28
29
29
2
2
19
26
61
29
13
10
8
23
3
26
19
29
12
26
36
29
31
31
30
9
23
74
3
32
17
5
14
13
29
8
31
26
29
10
31
35
33
36
34
31
3
10
19
62
18
33
22
9
19
15
36
12
34
30
34
8
37
36
37
38
40
36
8
11
20
67
22
37
26
21
8
37
13
33
31
38
5
39
34
37
37
39
34
11
5
21
72
21
37
18
3
21
23
41
18
31
29
33
40
26
36
34
38
26
8
18
2
18
62
17
32
18
3
20
27
47
26
30
30
31
38
23
35
34
32
23
21
28
14
76
17
28
16
18
6
44
24
22
23
20
28
9
27
27
21
11
26
30
3
57
19
18
10
4
12
18
40
25
16
16
10
19
1
20
19
13
3
31
31
41
10
6
6
7
14
34
26
11
13
2
8
5
12
16
1
1
2
30
28
39
10
3
8
2
8
26
21
3
7
1
4
10
6
27
22
18
25
6
7
10
16
16
1
5
7
19
14
22
18
7
6
13
18
2
6
11
11
31
9
13
9
12
15
5
7
9
1
17
19
14
2
12
12
2
7
4
4
4
7
6
26
29
2
21
4
16
12
3
7
10
6
3
1
7
12
39
30
7
28
8
12
5
22
13
1
8
13
14
5
11
8
17
51
22
5
16
1
22
7
14
1
27
12
7
12
21
10
17
12
16
4
9
29
57
17
8
19
6
30
3
8
27
7
9
15
32
21
13
18
17
13
1
8
36
62
20
20
12
4
34
18
29
8
14
23
21
3
19
14
10
4
31
59
32
13
9
31
14
30
9
14
30
29
1
20
14
9
4
35
61
31
17
26
14
30
9
12
28
28
20
12
13
1
5
31
56
27
21
24
15
28
4
7
21
25
16
7
9
4
3
23
51
24
15
23
10
26
3
3
26
27
14
6
9
1
10
4
21
68
21
16
14
8
19
18
17
8
5
5
14
1
18
59
27
11
12
4
1
12
11
6
8
17
7
69
38
4
10
10
7
4
7
15
1
62
42
3
11
12
7
3
7
15
7
67
40
3
10
4
5
11
8
7
14
9
74
37
5
9
2
7
13
9
2
6
13
1
9
86
31
6
9
10
3
16
12
2
1
8
14
3
13
94
33
9
16
4
14
10
4
12
1
14
91
42
7
15
4
18
2
15
5
6
3
2
12
4
14
106
42
10
1
16
3
9
24
10
20
14
14
9
4
10
7
17
110
30
16
22
10
28
17
5
20
19
21
12
6
8
18
119
35
15
22
2
12
30
21
10
24
24
25
14
3
8
10
18
130
35
20
21
3
14
31
2
21
12
23
28
2
27
18
3
8
10
13
137
38
24
18
11
1
29
5
19
10
24
29
2
26
2
18
1
8
7
16
140
47
22
19
8
27
3
15
5
25
27
21
15
7
2
19
140
40
20
16
11
28
5
14
5
22
28
20
16
9
3
20
159
33
22
19
11
28
9
15
7
25
27
20
14
7
5
23
166
31
21
22
16
2
29
12
16
9
22
23
19
15
5
7
17
176
29
21
1
24
5
5
9
30
20
22
14
34
31
23
7
22
4
8
12
29
199
25
29
20
7
3
10
29
22
21
14
34
31
5
21
10
20
1
7
14
26
204
19
30
24
13
12
14
31
23
19
14
28
25
12
17
12
18
1
9
14
14
214
22
28
23
17
4
19
27
24
15
14
28
21
15
11
13
13
5
10
12
20
222
17
25
13
20
8
20
25
22
10
11
24
1
15
18
6
14
11
1
5
10
9
18
228
7
21
1
17
26
8
20
28
25
12
15
29
6
17
23
8
19
15
11
11
12
12
6
26
240
5
27
15
24
26
8
22
27
25
13
17
29
8
16
27
8
22
16
15
13
10
13
4
31
244
12
30
12
3
25
12
10
20
27
24
14
19
31
14
16
36
7
25
18
19
8
9
14
4
29
262
14
33
9
9
23
15
7
18
24
15
10
16
28
7
13
29
3
21
16
15
8
9
13
7
27
263
12
29
9
19
6
4
23
17
10
4
10
18
2
19
14
7
12
7
9
10
24
256
8
16
4
18
3
12
6
1
6
15
12
9
4
5
5
10
7
20
251
10
16
19
6
10
3
3
16
1
8
5
6
8
10
7
18
237
21
18
18
2
6
8
1
11
1
3
5
10
4
16
225
28
11
14
9
9
1
1
3
7
1
13
219
28
11
16
1
11
1
12
5
5
3
4
1
13
209
32
12
3
2
11
4
3
16
5
8
3
16
10
8
11
4
4
6
24
195
36
15
4
17
2
2
18
9
12
7
12
9
10
10
2
4
11
18
185
31
12
19
4
2
21
12
15
9
11
6
11
10
6
16
9
154
39
9
23
6
26
16
19
11
14
8
16
3
10
8
18
12
124
50
12
5
19
2
9
3
27
17
22
15
16
11
18
6
9
2
8
17
19
119
43
13
16
3
11
4
30
20
25
18
18
15
21
10
11
1
10
22
25
102
36
16
19
6
10
9
35
23
30
21
22
19
6
26
14
20
1
14
27
20
88
40
22
13
9
15
9
39
23
31
21
24
19
9
27
15
21
2
14
29
21
60
56
23
25
16
16
11
37
23
31
22
25
2
19
14
26
19
18
6
3
13
28
23
56
63
26
21
18
19
11
31
18
26
17
21
14
12
20
15
14
3
2
9
22
18
32
47
21
6
22
1
5
5
25
13
22
14
25
19
16
19
14
17
9
1
6
17
25
13
41
24
13
1
26
5
6
4
25
10
20
11
32
2
21
16
19
14
22
16
4
6
14
7
34
22
43
30
10
23
12
13
8
25
5
15
4
29
19
10
16
8
20
7
4
6
12
32
3
46
30
11
3
31
15
8
4
23
1
14
32
1
21
10
15
6
19
5
4
10
2
31
42
32
9
7
24
11
12
4
24
3
13
31
1
20
3
14
4
18
10
1
3
10
2
27
27
32
11
25
4
12
9
24
5
9
28
19
5
13
16
4
5
13
2
28
29
29
14
3
28
11
14
17
26
9
8
29
19
5
13
16
2
3
8
18
6
32
32
27
2
23
4
11
12
26
12
7
26
19
13
15
2
2
9
19
5
24
25
27
8
23
5
9
25
6
5
22
16
9
12
1
7
16
8
26
16
24
10
22
2
9
6
24
5
6
1
18
10
5
9
6
14
27
15
22
4
3
19
10
26
9
11
7
24
13
8
12
7
16
1
25
15
25
20
2
11
4
26
10
14
10
23
12
10
10
7
17
20
17
20
23
10
1
25
7
15
11
17
11
9
8
5
15
12
21
19
1
17
1
14
29
9
21
17
23
16
14
5
17
6
4
15
7
18
16
24
7
24
11
16
5
33
13
26
24
24
19
2
19
11
21
10
6
17
3
23
3
29
12
1
29
10
17
13
36
23
34
35
29
11
22
16
24
25
26
22
11
22
21
27
35
11
1
23
5
15
14
34
23
34
35
27
8
19
17
23
27
25
21
1
10
19
15
28
2
30
2
1
25
10
13
12
32
21
33
34
28
4
21
19
22
27
28
30
4
10
16
18
28
6
36
3
29
3
11
8
24
14
28
27
26
4
15
14
17
21
23
18
4
5
8
19
28
12
31
11
23
15
9
12
21
14
31
28
26
2
16
13
19
22
22
9
6
4
5
17
26
23
31
13
6
29
17
10
14
22
17
36
35
31
9
19
23
24
32
29
29
5
5
6
19
30
23
36
11
5
31
13
11
6
20
15
35
35
29
19
19
19
23
32
29
30
2
3
5
25
28
25
35
18
9
25
26
14
18
23
16
38
38
35
21
23
26
26
35
33
38
6
7
8
33
30
27
43
14
7
28
18
17
14
23
11
36
35
32
16
18
32
25
31
32
34
5
7
8
24
33
23
39
12
6
25
18
5
9
19
10
34
34
31
20
20
22
24
28
31
28
5
7
8
28
35
17
38
19
10
27
14
4
7
17
7
31
31
31
14
20
17
21
25
31
26
4
5
7
22
34
12
40
17
11
29
6
10
2
18
8
27
27
30
3
17
10
17
21
27
15
2
2
6
17
32
12
39
16
3
28
2
4
12
13
11
20
23
31
4
13
6
12
19
20
15
2
1
5
18
34
26
32
17
28
6
7
2
13
11
14
18
26
9
4
7
16
14
13
3
2
6
15
32
28
27
15
30
16
6
2
16
18
17
21
26
8
16
9
9
18
18
15
7
9
13
18
29
33
32
14
9
25
19
8
21
19
24
17
21
27
11
15
13
11
19
20
11
7
11
17
22
28
33
30
20
15
23
28
10
14
21
25
14
20
26
13
16
16
12
21
20
13
10
10
18
22
30
23
33
23
16
19
29
11
19
23
25
13
19
31
19
21
19
15
23
23
17
9
9
18
27
33
14
37
21
11
23
16
13
17
21
21
5
12
28
13
18
18
11
19
21
14
6
7
16
28
31
5
32
13
9
31
14
11
14
20
19
7
27
11
20
16
7
16
19
15
8
9
16
16
28
5
30
4
7
24
12
9
10
17
13
16
2
12
9
3
8
14
9
7
10
13
8
19
5
18
4
1
24
4
7
4
12
7
10
5
3
6
3
3
10
9
3
12
6
14
2
22
6
5
6
14
9
13
8
2
8
2
3
12
11
14
1
17
9
9
18
15
9
15
25
21
7
3
22
8
18
15
14
13
25
19
7
17
21
23
23
27
15
18
27
23
11
20
27
23
14
12
29
10
24
24
20
22
31
27
9
14
22
29
28
4
36
19
14
33
21
12
16
26
24
20
19
26
12
23
27
22
28
32
27
7
8
19
23
30
6
39
26
16
28
22
11
20
25
28
23
24
31
21
25
25
22
30
35
25
10
8
18
31
34
4
39
20
12
25
21
9
14
21
22
20
21
28
11
22
19
19
24
31
18
10
5
15
30
32
18
35
12
14
24
20
6
10
16
19
16
18
16
7
15
11
13
19
20
14
8
4
11
20
19
18
25
11
15
17
23
3
17
15
20
13
18
19
11
13
10
11
20
14
18
9
7
10
22
21
29
24
2
17
18
9
13
13
17
8
11
12
7
5
13
7
16
10
14
3
5
8
19
12
31
18
1
27
16
6
10
13
14
8
12
14
12
8
19
7
18
11
16
3
7
11
10
28
15
27
10
1
16
18
19
18
23
27
16
23
24
17
28
24
21
6
12
24
18
27
31
7
18
16
15
20
25
26
26
31
31
12
24
28
25
35
32
29
9
18
25
24
36
40
14
6
28
13
13
8
27
32
32
40
34
23
28
38
29
43
35
35
9
22
36
30
2
49
41
4
2
26
9
12
16
27
32
34
40
31
23
25
39
27
43
32
35
1
11
23
45
26
42
38
8
1
12
16
11
20
23
28
33
36
28
18
21
36
25
40
30
38
4
12
22
31
26
44
37
9
6
16
14
8
11
18
21
27
30
21
18
17
30
21
34
24
27
2
9
17
25
18
47
28
5
22
16
5
14
11
14
18
22
17
12
10
24
13
27
20
19
3
9
12
25
12
39
22
2
21
12
2
9
4
6
12
14
14
12
7
19
8
19
16
13
3
7
7
18
11
50
22
4
7
23
12
5
9
5
4
12
12
12
11
7
15
7
16
12
15
3
8
8
21
10
47
18
6
4
17
10
7
9
13
9
21
21
25
17
18
22
16
23
24
28
5
12
17
25
18
40
31
6
1
19
13
10
8
12
3
16
14
23
14
15
19
11
16
20
19
3
12
17
25
17
41
28
1
19
13
9
7
11
5
12
11
16
9
12
14
7
12
18
16
1
11
17
19
14
31
23
3
21
9
7
1
10
1
7
4
15
4
9
7
1
4
13
6
10
14
11
11
31
19
20
12
6
3
8
2
15
1
6
5
5
3
10
11
6
13
27
13
16
2
2
7
9
3
3
2
3
5
9
8
1
6
23
9
14
10
3
7
9
5
28
10
14
7
7
12
13
9
26
8
14
2
7
9
4
1
15
19
12
1
31
12
17
3
8
9
9
8
6
3
13
22
14
3
29
7
17
19
5
11
12
15
12
12
6
2
3
10
18
14
22
11
1
18
1
12
11
19
18
6
2
18
1
22
15
11
10
16
7
10
14
8
10
20
19
19
7
15
11
23
18
10
8
22
4
28
18
17
15
21
2
6
6
13
12
9
21
24
13
8
13
15
17
13
4
3
17
23
11
12
10
10
2
2
6
2
21
17
19
1
9
14
10
7
9
12
9
5
7
1
2
15
8
19
5
12
8
1
4
11
8
1
1
19
1
19
9
1
10
6
9
14
5
14
2
6
3
2
10
5
5
20
14
14
15
13
11
16
18
10
23
27
19
31
17
19
11
6
1
13
8
11
21
8
19
20
11
14
21
20
21
25
23
17
27
30
28
38
26
23
12
5
6
20
14
25
29
13
29
21
11
12
23
21
26
29
28
13
34
32
34
41
37
33
10
2
10
25
17
24
37
19
17
28
22
15
6
26
21
32
35
32
19
40
38
41
44
46
38
10
13
30
21
21
44
23
14
27
10
20
7
28
24
36
37
40
20
44
35
46
45
50
37
9
14
37
29
27
49
23
15
29
5
17
5
27
24
36
36
40
16
46
33
46
44
49
42
8
15
33
28
21
49
18
13
26
5
19
11
30
26
39
37
39
14
50
34
48
42
49
40
8
2
17
34
26
23
48
12
29
20
13
31
26
38
34
36
19
49
31
47
36
45
26
4
2
16
30
24
37
45
6
24
21
19
31
27
35
33
36
15
46
30
44
35
39
22
4
5
17
29
20
35
43
3
5
19
16
20
29
33
32
37
35
28
16
43
35
44
38
36
29
4
10
22
35
11
24
37
1
21
22
21
30
36
32
39
36
29
21
44
40
47
40
38
28
3
11
26
35
15
11
38
6
3
19
13
23
32
40
34
43
41
38
29
47
45
51
45
47
38
4
10
28
36
20
5
49
13
9
20
23
22
27
38
32
41
40
31
31
41
41
47
46
42
41
6
5
25
38
20
8
42
12
10
24
23
17
19
32
26
34
35
32
30
32
32
39
42
38
35
6
3
20
34
21
15
38
3
8
20
12
11
10
22
16
19
20
22
20
19
26
25
28
26
21
6
1
13
27
15
13
29
5
14
11
6
2
14
8
6
8
8
13
5
20
9
15
11
8
8
3
7
24
8
7
15
1
19
10
1
10
4
1
6
9
12
9
5
7
9
7
6
20
1
8
13
2
