21
2
11
28
9
7
6
13
3
7
3
16
9
19
9
30
2
9
4
10
14
2
6
9
19
8
31
4
12
4
1
12
3
8
5
1
17
9
18
3
6
31
4
10
1
10
9
6
2
16
5
14
7
30
2
7
1
4
14
7
7
21
12
29
5
7
11
3
9
5
19
9
30
5
3
2
16
8
4
2
15
7
28
3
17
7
18
12
5
25
9
5
20
13
3
20
9
3
19
9
20
3
5
3
16
2
21
3
2
12
17
25
6
9
28
6
2
5
9
7
9
7
13
46
13
23
4
10
30
1
11
7
9
7
7
14
14
23
5
11
31
1
1
7
7
9
7
17
16
25
10
11
33
2
6
1
9
8
8
9
9
3
23
20
17
26
10
11
36
3
4
1
6
9
9
13
23
19
14
24
7
11
35
2
4
1
5
7
7
7
24
13
24
6
9
33
2
2
14
5
7
23
8
17
2
3
32
1
3
6
1
5
30
7
14
2
30
2
1
3
10
32
7
15
2
27
1
3
4
33
3
10
25
2
33
3
12
1
26
3
1
3
34
11
26
2
3
43
20
1
13
1
26
2
46
7
12
27
2
49
1
11
27
2
2
47
4
16
26
3
1
37
24
5
16
28
7
2
36
27
6
18
25
26
2
1
3
5
36
11
24
1
23
27
3
5
8
3
14
4
7
5
37
5
16
28
5
13
31
3
3
6
15
8
10
10
22
50
17
31
6
25
30
3
13
11
9
11
12
65
17
33
7
16
31
3
14
4
7
10
11
10
32
19
36
8
20
33
1
5
11
4
6
23
10
11
12
2
20
21
33
10
15
30
10
10
1
7
29
9
9
19
6
58
19
35
9
17
28
10
16
5
2
11
8
18
8
8
2
15
8
69
21
38
6
20
26
3
10
2
19
6
7
8
3
4
28
9
7
7
17
12
43
23
36
10
18
26
3
2
8
2
1
17
7
6
5
4
27
9
8
7
18
14
10
21
35
12
19
28
2
3
8
2
3
15
9
6
10
2
5
21
9
8
3
11
11
37
21
36
12
18
28
1
3
3
16
8
4
1
7
27
10
9
1
9
9
2
48
16
30
9
16
29
10
5
21
7
7
18
9
4
8
13
29
5
13
28
1
6
10
6
5
16
20
7
26
3
8
29
2
9
2
5
10
21
7
16
2
29
13
2
7
15
29
4
14
27
1
1
18
15
9
27
9
6
27
3
8
2
4
5
28
1
37
6
27
19
4
28
1
4
28
1
9
26
2
1
27
11
27
1
20
8
29
1
10
30
1
3
2
14
3
33
2
4
29
6
18
4
8
34
3
8
2
9
28
10
23
8
14
35
1
1
1
9
10
6
18
17
29
14
18
36
2
5
14
13
14
14
14
19
32
14
20
36
3
8
3
15
15
16
16
8
12
22
37
17
24
35
4
13
7
18
16
21
1
22
20
34
16
23
33
4
9
19
17
15
18
16
33
14
21
32
4
7
6
14
15
8
15
33
10
21
34
4
9
12
13
12
4
15
28
11
17
33
1
5
14
10
11
14
18
11
28
11
18
32
9
1
12
9
10
7
11
26
7
15
33
6
2
11
7
9
8
10
23
4
12
32
1
3
9
3
7
8
11
1
2
19
9
30
2
2
4
1
16
31
11
3
29
1
2
6
7
10
1
27
1
1
15
5
27
2
2
21
5
27
4
20
6
6
25
3
11
6
2
24
3
38
5
25
6
70
4
2
25
7
1
99
9
36
20
25
4
121
7
41
2
25
3
111
4
7
6
5
27
4
1
70
9
2
12
4
29
6
3
2
23
49
11
4
29
4
3
3
30
61
15
10
31
4
6
23
20
6
22
10
32
7
4
8
11
15
8
8
25
5
16
34
3
7
6
9
4
6
51
13
27
8
16
35
1
2
1
5
9
10
12
72
13
29
6
18
35
3
1
4
14
9
10
10
39
14
27
6
18
35
3
3
1
19
9
11
8
12
18
30
13
19
36
3
5
3
12
11
12
16
43
16
32
11
20
33
2
3
1
18
11
11
12
70
11
26
6
15
30
15
7
8
7
40
5
22
2
12
29
9
2
5
2
1
2
3
19
9
27
1
9
4
6
32
1
16
6
27
4
3
3
47
17
7
25
3
2
2
36
10
5
23
1
3
1
9
9
3
25
3
10
23
5
15
1
29
5
3
8
64
1
9
30
2
7
48
28
1
17
2
28
4
5
42
16
3
29
3
11
8
91
2
14
3
30
4
1
3
87
12
1
30
2
1
2
56
1
16
1
31
2
3
66
1
14
2
32
4
4
3
6
92
2
12
1
33
1
6
2
3
11
5
90
9
33
2
1
7
5
63
4
34
1
6
5
1
63
5
35
1
3
1
5
103
2
34
1
13
106
3
23
34
3
3
24
81
11
2
35
2
5
22
59
3
14
12
34
2
9
5
2
20
83
16
9
31
4
2
2
4
9
3
3
28
97
2
18
1
9
31
3
2
3
5
3
4
27
64
7
21
1
13
31
4
2
4
1
18
3
9
31
38
8
20
2
8
30
7
1
4
2
18
3
9
32
62
4
20
2
10
29
7
5
9
3
6
36
86
3
18
5
30
4
5
12
2
6
33
63
2
17
6
31
5
2
6
2
6
34
35
15
4
31
7
1
1
2
1
32
59
10
32
6
2
32
89
6
33
2
1
4
5
9
43
83
7
33
3
4
3
9
44
51
7
34
4
2
3
6
8
14
50
48
4
36
3
1
1
8
1
5
51
79
33
1
45
57
1
30
1
45
10
6
30
2
1
51
11
6
30
5
6
1
46
39
11
3
29
5
1
2
46
35
16
7
31
1
5
3
3
3
62
2
22
12
33
2
6
1
5
1
68
4
23
13
36
1
6
4
2
2
6
4
81
7
6
24
3
13
37
4
4
11
3
6
3
81
11
9
28
7
15
40
1
4
18
5
6
5
81
11
29
8
15
41
2
3
13
5
7
13
90
14
30
8
14
41
1
2
2
7
14
5
6
16
99
16
31
8
15
40
1
2
5
11
17
5
6
19
114
2
4
14
32
13
3
38
1
3
6
1
10
10
5
4
18
126
12
31
12
39
3
4
6
1
5
5
14
16
3
4
18
138
18
30
10
25
39
2
8
4
1
5
6
14
8
19
2
4
20
139
14
26
10
25
38
8
3
2
11
9
1
3
17
142
28
11
24
7
5
38
5
2
8
6
1
3
14
142
28
10
24
6
13
39
5
1
11
3
13
137
8
7
20
4
2
40
6
7
5
10
137
29
2
15
1
40
4
8
4
2
140
6
61
1
12
38
3
3
9
2
3
140
2
47
12
37
3
2
7
3
134
9
20
9
37
6
3
6
133
25
30
8
36
8
7
12
124
29
73
2
35
5
1
9
121
26
75
35
3
115
25
52
35
6
1
104
27
54
35
7
2
1
1
99
25
81
38
3
1
2
2
92
32
77
1
40
2
1
2
84
29
38
3
43
3
5
2
1
9
5
3
73
25
36
1
11
44
5
6
7
4
13
4
11
3
5
69
23
77
7
18
1
2
45
5
6
9
2
7
15
14
2
10
74
28
70
13
25
8
7
46
7
3
6
2
1
12
15
1
24
1
3
16
71
48
21
33
15
12
46
7
6
7
3
8
2
13
17
3
11
28
5
3
26
67
57
24
38
11
16
43
4
9
9
4
3
8
7
16
3
24
5
5
28
62
36
20
36
10
17
42
2
7
5
1
1
7
4
11
4
9
20
5
6
22
51
35
5
18
36
9
18
40
5
1
8
4
4
5
8
13
6
7
18
37
39
17
15
37
6
18
38
4
9
1
12
5
7
14
32
43
9
25
1
12
38
8
2
2
20
7
8
22
38
4
23
8
35
10
4
8
5
4
3
84
19
6
33
8
1
13
5
2
86
14
3
32
9
6
4
64
17
4
33
10
1
4
74
14
1
34
10
5
4
78
12
1
36
8
5
4
84
15
5
39
5
5
4
56
17
4
40
8
1
5
41
1
17
3
41
9
1
1
6
1
76
3
16
4
43
6
3
6
3
75
5
19
4
5
44
5
1
6
9
38
7
19
3
5
45
6
1
2
7
11
20
10
20
4
6
46
7
2
9
14
49
11
22
10
9
47
5
5
2
10
12
46
7
19
7
7
47
5
8
1
9
10
5
12
25
9
9
47
8
1
10
1
7
19
13
25
7
9
46
10
1
4
2
5
7
18
28
11
25
3
9
43
1
10
1
1
4
5
18
6
14
40
9
27
4
10
42
2
2
9
5
2
5
21
4
13
13
9
27
2
9
42
2
4
12
5
3
7
5
13
3
14
10
29
1
11
41
2
4
14
3
1
9
4
15
8
25
4
13
12
12
30
3
14
42
2
5
10
4
1
14
4
14
3
19
5
14
1
30
14
32
6
18
41
4
2
9
5
2
16
4
7
3
20
1
6
18
7
10
29
4
17
38
4
3
10
6
3
17
8
11
5
24
5
13
5
14
33
5
19
41
3
1
10
6
2
20
6
11
2
24
7
15
9
2
12
31
8
16
42
2
10
3
2
17
5
5
2
13
7
14
7
12
8
27
5
14
42
8
4
3
13
5
7
13
7
10
10
16
33
8
16
44
1
6
12
2
12
4
9
18
5
14
33
11
16
45
1
7
12
1
7
4
11
17
1
16
33
10
14
46
1
6
10
15
5
11
18
4
19
33
12
13
47
4
6
9
6
11
21
15
29
8
10
48
4
5
1
5
4
10
19
18
32
10
11
49
1
7
7
12
5
10
23
1
20
33
15
11
49
7
4
6
5
5
10
23
5
14
32
6
18
41
4
2
9
5
2
16
4
7
3
20
1
6
18
7
10
29
4
17
38
4
3
10
6
3
17
8
11
5
24
5
13
5
14
33
5
19
41
3
1
10
6
2
20
6
11
2
24
7
15
9
2
12
31
8
16
42
2
10
3
2
17
5
5
2
13
7
14
7
12
8
27
5
14
42
8
4
3
13
5
7
13
7
10
10
16
33
8
16
44
1
6
12
2
12
4
9
18
5
14
33
11
16
45
1
7
12
1
7
4
11
17
1
16
33
10
14
46
1
6
10
15
5
11
18
4
19
33
12
13
47
4
6
9
6
11
21
15
29
8
10
48
4
5
1
5
4
10
19
18
32
10
11
49
1
7
7
12
5
10
23
1
20
33
15
11
49
7
4
6
5
5
10
23
5
16
28
11
9
47
1
3
10
2
1
2
4
3
9
4
22
4
18
12
12
23
9
7
48
3
8
1
4
7
2
11
5
20
5
17
11
16
35
12
18
48
4
3
11
4
3
21
5
10
9
9
21
4
7
22
6
18
24
53
13
31
47
8
1
14
4
4
45
17
12
13
2
29
11
9
12
19
8
29
20
46
12
26
48
6
2
12
4
4
34
1
11
13
9
20
9
9
2
14
11
34
19
37
12
19
49
2
1
9
1
3
23
2
10
6
5
20
7
7
21
1
27
21
39
14
19
49
1
8
16
4
4
3
24
8
8
22
14
17
33
13
16
49
9
8
2
2
11
5
8
19
3
14
29
9
13
47
8
5
5
1
3
8
15
11
13
30
7
15
48
6
5
3
2
4
8
10
14
21
36
14
18
48
1
6
9
1
15
9
10
22
11
24
41
16
20
50
1
8
1
11
5
6
13
10
10
23
17
23
37
15
19
50
1
1
8
11
5
6
10
9
10
23
22
22
38
15
19
50
1
6
1
10
4
2
7
10
10
24
27
20
35
10
17
49
1
5
7
1
11
7
10
22
24
20
36
7
17
47
2
8
9
2
7
11
7
10
20
23
21
35
12
16
47
1
8
2
9
4
6
3
5
10
24
19
21
36
12
18
47
3
6
3
12
3
1
16
7
10
26
13
22
41
13
22
47
6
7
4
18
10
1
15
10
11
23
16
21
37
16
19
47
6
10
7
15
2
7
3
15
8
10
28
20
18
33
10
17
46
4
10
1
14
5
10
4
10
22
19
17
32
8
17
47
4
8
14
5
4
2
8
19
19
15
32
8
17
47
3
7
2
14
3
13
2
7
20
5
16
34
9
17
48
3
8
1
15
2
11
3
8
18
13
33
7
16
47
3
11
15
2
7
9
1
7
15
12
32
5
16
48
3
9
15
3
2
7
14
17
36
6
20
51
5
7
17
8
1
16
6
9
20
17
37
10
21
50
5
9
19
9
2
3
28
6
9
19
8
22
41
17
23
52
5
11
2
21
4
4
7
1
7
8
10
21
8
21
38
13
20
50
5
12
1
1
2
20
6
3
1
3
20
6
9
22
8
14
16
36
11
18
49
4
10
3
3
18
6
8
5
22
5
9
17
6
11
18
40
11
6
49
4
10
2
16
9
4
7
15
5
8
18
16
37
9
48
4
1
14
5
4
15
5
10
6
19
2
8
18
11
30
5
32
47
1
5
15
8
6
10
1
18
5
12
6
13
33
9
28
4
26
48
1
5
12
3
4
8
8
3
11
5
11
7
8
28
4
12
50
1
5
11
4
4
6
11
14
5
10
11
30
5
21
51
4
11
5
3
5
1
8
7
5
12
7
10
30
4
13
49
1
12
2
2
8
1
9
1
8
6
11
13
27
10
30
2
17
48
2
10
9
3
5
1
12
6
12
13
30
11
31
5
16
49
3
8
7
7
1
7
13
4
11
32
5
16
49
4
11
9
2
2
3
7
8
14
12
31
6
18
50
5
13
10
4
4
1
1
9
15
34
13
32
7
17
50
4
10
12
2
4
18
2
8
12
36
11
34
7
17
50
3
9
11
1
2
2
3
19
1
6
13
9
10
29
3
16
51
1
10
10
1
4
3
7
14
4
2
15
34
7
19
53
1
10
1
15
2
6
16
3
8
18
5
37
16
35
12
20
53
1
9
4
15
2
3
3
17
4
8
20
46
16
37
10
19
52
2
7
16
1
3
15
5
8
22
8
14
35
9
18
52
2
9
17
2
11
3
7
16
19
35
8
18
53
3
11
1
1
16
2
2
7
1
16
3
9
18
24
22
41
11
23
53
5
11
1
20
3
6
3
4
26
7
10
26
49
19
37
12
22
53
4
10
2
16
4
4
1
5
16
7
8
21
1
35
19
40
11
21
53
4
9
14
1
1
3
15
7
9
20
10
18
38
11
20
52
4
10
15
1
15
6
10
18
14
22
16
35
9
18
51
3
11
13
3
2
6
12
4
9
18
16
40
13
35
6
19
51
3
8
14
1
3
1
9
4
8
14
11
22
13
34
4
19
50
2
1
10
1
13
5
4
2
20
3
7
13
17
15
34
5
18
51
1
3
12
2
1
11
5
5
5
3
20
3
8
17
29
2
15
35
3
18
50
1
1
12
3
11
1
10
1
14
4
8
13
41
28
15
35
4
19
50
1
8
2
10
1
7
12
6
8
15
38
15
13
33
8
17
52
1
1
6
5
15
5
8
13
27
8
30
1
14
50
8
4
12
14
2
8
6
32
11
31
3
15
50
1
9
2
6
9
13
3
9
11
30
9
11
30
5
16
51
1
6
7
3
1
12
5
9
11
26
6
15
35
6
19
51
2
6
11
2
3
1
16
7
10
15
20
20
39
11
22
53
3
8
11
1
2
15
10
12
21
16
18
42
10
24
53
3
9
15
1
4
16
10
12
21
25
38
15
36
9
21
53
3
10
14
2
14
8
10
17
21
28
13
34
8
19
54
1
8
13
7
10
14
12
15
37
7
20
53
1
10
14
5
6
4
21
7
10
18
11
13
30
7
15
55
11
2
7
9
26
5
9
16
16
38
10
32
10
15
55
7
1
6
1
8
6
6
10
15
22
50
9
29
4
14
53
5
3
5
7
4
9
11
21
25
12
27
6
14
52
5
1
1
7
4
10
14
17
13
10
29
5
15
52
1
9
4
11
4
10
16
9
53
7
27
2
15
51
2
9
6
12
3
8
10
14
76
3
25
3
13
49
2
8
2
1
2
8
3
8
7
14
47
23
12
48
1
10
5
7
4
9
22
7
24
2
12
48
1
13
1
2
4
7
9
13
49
8
27
5
11
49
11
2
17
2
7
13
15
69
6
27
1
51
7
9
1
7
10
14
41
4
26
2
49
8
6
3
20
3
8
28
5
34
51
9
3
15
2
8
10
26
14
9
28
2
21
52
9
2
10
2
7
12
33
36
2
22
1
12
52
6
5
6
4
15
18
3
24
19
52
1
5
4
12
6
8
8
22
9
49
1
9
1
4
5
3
30
1
23
14
48
9
1
3
6
4
30
5
4
25
12
49
5
4
6
6
26
1
22
12
49
4
9
6
2
24
23
11
50
4
9
7
1
27
4
26
12
52
6
1
7
8
24
6
26
13
52
6
1
7
9
17
5
1
22
2
10
52
3
6
4
13
4
24
1
12
53
4
9
6
8
16
5
25
1
11
51
9
2
13
6
10
24
5
2
22
2
10
50
6
2
7
5
28
4
2
23
3
12
52
3
4
1
8
8
23
11
26
3
13
51
5
1
6
1
8
12
28
10
28
4
13
51
7
3
1
7
11
1
23
7
7
28
4
13
51
9
3
12
2
6
11
16
32
9
29
3
14
51
1
8
5
13
4
5
11
2
8
22
7
28
4
14
51
1
8
4
10
3
5
12
7
5
23
3
11
51
1
10
1
6
6
14
2
12
2
22
9
50
1
9
6
6
28
3
21
1
5
49
1
6
1
6
5
3
21
49
1
5
7
4
4
21
6
52
5
9
3
1
1
8
24
6
36
54
5
5
10
9
2
30
8
27
6
12
56
6
9
11
16
6
22
6
17
57
15
4
8
10
2
13
31
5
19
55
3
5
1
4
7
9
15
7
4
12
29
5
14
56
4
1
1
4
5
9
12
7
13
11
27
9
16
56
1
1
8
5
9
13
16
11
12
31
8
13
56
1
1
6
10
14
12
9
27
6
12
56
3
5
4
10
11
10
12
31
10
14
56
5
7
11
16
5
4
8
28
4
15
55
4
8
4
8
10
2
7
24
4
12
55
4
9
2
7
11
8
26
5
11
53
8
5
1
5
14
2
23
1
9
53
1
12
4
3
10
3
21
8
51
2
11
2
3
5
20
4
4
23
1
11
49
3
8
1
1
12
4
7
21
12
26
6
15
49
4
10
5
9
2
6
13
21
11
30
6
17
49
5
11
8
1
11
4
7
15
28
4
11
30
8
16
52
3
8
6
10
4
7
15
30
