4
20
11
17
13
10
8
17
16
15
13
16
16
15
7
11
17
14
11
9
2
21
7
18
13
12
8
13
17
14
14
16
17
17
6
10
18
18
9
3
20
6
17
10
13
8
15
16
15
14
16
16
15
3
9
17
15
7
8
19
6
17
11
14
10
9
10
12
16
16
17
14
14
4
10
18
21
3
8
9
19
6
18
12
14
12
9
8
12
16
15
19
14
17
6
10
18
19
7
10
11
17
5
17
12
13
12
14
11
13
19
13
18
14
19
7
10
18
26
9
11
14
6
14
11
10
9
12
11
11
21
12
16
14
18
9
10
17
25
24
11
9
14
7
13
11
9
7
16
12
11
18
10
14
16
14
9
10
15
19
81
30
10
7
14
9
14
14
11
10
16
3
12
15
12
13
16
13
6
10
18
27
167
22
13
8
14
13
16
17
14
12
22
10
19
18
14
14
26
14
7
9
20
28
1
280
10
7
12
13
14
17
14
13
22
14
20
19
15
14
34
14
5
7
19
25
449
2
8
7
12
14
14
17
14
13
23
1
19
19
16
16
33
13
5
7
18
24
563
42
10
8
15
16
16
17
16
14
25
9
21
19
17
19
36
16
6
8
18
23
4
611
22
7
5
17
15
17
17
18
14
20
6
22
19
19
19
38
16
1
8
18
21
578
8
4
18
14
17
18
18
14
21
5
21
21
19
22
36
19
1
5
19
16
472
8
4
18
13
18
19
20
16
19
9
18
22
21
24
33
21
3
5
19
22
418
30
7
5
19
12
20
18
22
16
16
6
19
20
23
22
33
19
2
6
20
21
347
18
25
7
5
19
12
21
18
21
19
16
7
19
19
22
23
27
22
1
7
21
19
171
18
4
5
16
9
17
14
15
14
13
5
12
17
16
20
14
19
7
18
20
22
3
3
15
7
16
11
13
9
17
7
12
17
16
16
15
16
8
16
25
48
19
6
1
17
7
19
10
17
10
23
4
18
16
21
16
25
17
9
16
25
1
53
41
10
11
16
9
18
11
15
9
22
12
19
18
19
16
23
19
5
9
18
27
2
9
35
4
11
11
14
10
16
12
15
8
24
14
19
9
18
14
22
18
8
9
18
32
3
8
8
8
11
10
12
12
12
6
20
7
15
8
16
12
20
13
7
8
15
20
30
23
6
7
12
11
12
12
10
5
17
6
14
19
14
13
21
13
1
10
15
13
22
28
39
10
4
16
9
13
11
10
6
21
1
17
14
14
14
21
14
2
10
15
21
21
30
19
10
5
18
8
14
11
11
7
21
7
17
17
15
16
21
17
4
9
16
22
6
3
9
5
18
8
16
11
13
8
17
7
16
21
17
18
21
19
2
9
17
21
23
12
6
20
9
18
12
16
11
24
5
20
21
20
21
23
22
6
9
17
28
3
18
52
1
13
11
20
9
19
14
20
17
28
17
25
25
23
24
26
26
7
8
20
35
7
18
34
11
7
19
8
19
15
21
18
28
14
26
27
24
24
29
29
3
7
20
30
5
13
8
3
18
7
18
14
18
15
25
7
22
23
20
20
25
24
1
6
18
23
1
34
8
5
17
9
17
14
17
14
21
7
17
19
18
17
20
18
1
7
18
21
23
49
9
7
16
13
16
15
16
14
22
11
15
22
16
17
19
19
2
8
18
21
1
25
27
7
9
16
14
15
16
16
12
19
11
14
21
15
15
20
16
1
8
19
24
3
5
5
15
13
14
15
13
9
17
3
11
16
13
12
14
13
7
18
18
24
2
6
15
14
13
14
11
5
12
4
7
15
12
10
9
10
9
16
12
15
68
2
4
19
14
17
13
14
7
15
5
12
15
17
12
19
12
10
17
16
26
47
6
3
20
13
17
14
15
10
19
9
17
15
18
15
20
16
1
10
17
16
12
5
4
17
11
16
12
15
10
17
5
18
15
19
17
23
18
8
16
18
19
5
3
16
10
16
11
14
8
17
2
16
15
19
18
24
19
1
7
16
24
12
56
7
8
18
13
16
11
12
7
16
2
16
14
17
17
22
16
3
10
15
18
28
56
7
7
20
10
17
11
11
8
17
18
14
16
17
22
17
1
10
16
18
10
5
5
8
19
10
15
12
10
7
12
5
13
15
13
16
16
15
1
10
17
16
7
8
17
11
13
14
11
8
12
7
10
17
12
17
15
18
4
10
14
22
5
14
12
11
16
12
11
13
9
8
12
5
7
14
7
15
9
12
7
12
14
18
26
13
11
9
14
11
11
15
10
9
9
4
6
11
6
14
8
10
5
12
16
18
1
8
5
13
9
12
15
10
10
13
2
10
12
8
14
12
14
2
9
16
22
5
3
14
8
13
13
11
8
12
3
8
12
7
12
11
9
1
9
15
12
5
2
18
8
16
13
15
11
10
7
10
11
14
11
10
9
16
15
13
21
8
8
20
11
17
14
17
13
13
4
11
16
13
17
11
13
2
10
17
16
9
6
19
10
19
15
19
16
16
6
18
18
17
19
18
18
1
8
18
16
5
11
6
16
11
16
16
19
15
18
4
19
18
19
19
21
18
5
8
17
19
9
10
8
15
15
13
16
17
13
16
9
16
18
17
18
20
15
6
11
16
17
5
10
30
10
8
16
17
12
15
14
12
14
4
16
16
15
17
20
15
13
14
16
12
12
7
15
12
16
18
11
15
12
10
17
8
16
17
12
16
19
18
7
13
15
19
11
12
8
14
16
10
13
10
8
13
4
13
14
11
14
18
14
7
12
14
14
9
28
9
3
14
12
12
11
12
6
15
14
2
14
10
24
10
3
10
13
11
18
42
9
6
15
11
15
11
12
6
15
14
11
14
13
19
12
3
10
15
15
18
3
37
5
4
13
10
14
11
10
5
9
10
21
9
14
9
14
9
16
19
17
13
3
2
11
8
11
11
8
5
10
9
14
8
13
12
13
9
14
11
20
22
7
9
9
10
8
5
6
1
4
16
6
15
8
12
8
13
10
23
36
3
10
9
11
12
10
8
12
1
10
16
9
18
15
17
7
15
16
36
11
20
6
8
10
13
12
15
10
10
17
13
11
22
9
20
13
19
8
17
24
35
5
4
9
12
12
16
13
13
15
8
10
22
11
22
16
21
5
17
22
42
6
5
2
12
10
14
15
15
13
16
12
17
15
20
19
19
1
6
17
12
55
36
7
7
15
13
15
16
15
13
19
11
16
22
16
22
21
20
2
9
17
21
54
14
29
8
9
17
12
17
15
18
15
19
11
19
23
19
23
23
23
3
9
18
20
57
7
7
14
10
15
13
16
13
16
8
17
20
17
21
22
21
3
8
17
16
63
5
5
12
8
14
11
15
11
16
4
15
18
16
19
21
18
2
7
17
15
67
11
35
3
3
10
7
14
11
16
12
13
12
15
14
17
18
15
6
18
17
71
22
38
4
3
10
8
14
12
15
12
13
2
13
15
13
17
20
16
6
18
14
73
10
3
3
12
5
13
11
13
9
11
1
11
13
13
13
19
13
5
17
13
71
2
11
3
14
10
12
7
12
10
9
13
11
16
10
4
16
10
79
34
4
1
13
8
15
10
10
5
14
2
10
11
12
11
13
10
6
15
12
85
11
63
6
2
14
10
14
11
10
6
12
9
12
11
13
15
13
7
16
16
80
10
16
7
6
11
12
13
12
10
6
11
7
13
9
13
12
13
2
8
16
11
78
7
7
9
13
11
13
10
7
10
3
5
14
9
14
11
12
3
9
14
12
81
13
10
2
11
13
11
14
12
9
16
2
9
15
11
15
16
13
4
11
13
21
84
2
34
15
12
15
16
12
14
14
10
16
13
11
18
13
15
16
13
9
13
15
23
85
12
14
9
15
14
11
11
14
9
16
2
13
16
15
12
19
14
8
12
15
9
82
12
5
12
11
10
10
15
8
20
2
15
14
16
10
21
11
6
11
16
12
84
9
7
10
11
10
12
14
10
16
4
12
14
14
12
21
10
5
8
16
11
79
1
18
9
4
11
10
10
11
11
8
14
12
10
12
9
18
5
4
8
17
5
60
6
3
12
9
11
11
9
7
10
9
9
8
8
9
5
2
7
18
7
56
9
5
10
10
7
5
7
1
6
4
7
7
10
5
5
16
4
58
9
5
10
10
4
2
6
2
5
5
7
1
5
15
5
50
1
10
9
11
12
5
4
5
1
7
5
11
5
4
6
15
7
45
10
1
11
8
13
14
7
5
7
4
15
7
12
9
8
6
16
8
44
1
11
7
13
12
8
3
11
5
9
9
12
10
11
7
15
7
44
6
4
11
10
12
10
8
13
1
6
16
10
13
12
13
4
10
12
18
35
3
2
13
12
13
14
11
10
10
3
19
3
11
19
14
16
19
18
11
13
12
21
2
32
2
18
1
16
18
14
18
11
14
13
9
22
15
14
25
15
21
21
24
13
14
14
24
2
24
2
16
19
12
18
10
17
16
13
24
24
17
27
16
24
24
27
14
12
15
31
4
23
4
14
16
8
19
7
18
16
12
26
19
16
26
15
23
26
25
13
10
14
27
7
23
30
1
12
14
7
19
7
18
14
12
23
16
14
26
12
22
22
22
10
10
14
26
4
8
43
8
5
8
15
9
18
12
11
17
9
13
19
10
19
19
20
4
9
17
21
1
5
5
5
7
13
7
17
9
8
12
9
9
17
6
15
14
15
1
8
16
13
3
2
6
11
8
14
8
5
12
2
7
12
6
12
9
9
7
14
9
52
1
1
9
10
10
11
6
1
9
2
6
11
6
9
8
8
7
13
11
29
84
5
4
13
10
13
10
6
14
3
11
12
8
8
12
8
9
15
12
22
58
3
2
12
10
14
10
7
1
12
9
7
9
9
13
10
8
15
8
40
2
4
10
11
12
10
7
1
10
6
6
11
10
10
13
12
9
13
10
1
74
6
3
13
10
14
10
11
3
14
6
10
11
14
12
15
13
2
11
14
12
28
101
12
6
16
12
17
11
14
5
19
6
13
17
17
15
15
18
5
12
16
19
1
31
66
3
16
12
16
13
17
12
17
8
23
13
17
20
20
18
23
22
9
12
16
26
5
18
32
3
17
8
14
13
17
13
18
9
25
6
17
19
20
19
27
23
9
10
16
20
5
7
57
5
17
12
13
15
16
12
17
9
25
7
15
20
18
18
27
21
10
10
16
20
7
24
83
13
13
12
16
13
12
15
8
20
14
13
18
17
16
21
18
8
11
16
19
2
33
58
11
8
12
12
12
12
13
8
20
11
14
18
14
14
18
20
4
10
17
20
1
11
32
3
12
8
13
9
13
10
12
5
22
8
14
14
14
11
19
16
5
9
17
20
4
9
51
8
3
10
6
12
10
11
3
19
4
12
14
13
11
17
14
2
6
16
17
25
80
6
3
10
5
13
10
11
3
19
1
13
10
12
10
19
13
6
17
15
1
29
52
6
7
9
7
13
11
9
3
17
8
11
11
10
8
13
11
2
8
18
12
1
12
12
6
4
9
7
12
10
8
2
14
9
10
11
10
9
12
12
1
8
16
19
3
21
9
4
14
7
11
8
5
18
10
4
8
7
12
9
4
10
13
7
16
49
13
10
16
12
11
9
5
1
18
6
11
3
8
10
13
12
8
12
14
11
31
37
1
17
11
17
14
13
10
9
4
19
9
13
16
12
13
16
16
10
12
16
21
2
15
5
18
12
15
14
13
11
11
7
23
10
15
24
13
16
19
20
11
11
17
17
6
4
15
11
12
13
13
13
14
9
22
10
14
20
14
17
21
21
9
10
17
17
5
28
22
3
13
11
12
13
14
12
17
11
21
13
10
21
14
17
17
20
7
10
18
18
3
56
42
4
12
11
12
11
14
12
17
12
18
12
8
19
13
17
14
21
6
10
20
19
3
41
12
9
9
9
9
13
13
16
11
12
4
6
17
11
15
12
18
4
9
20
18
14
3
7
6
7
11
10
16
8
7
7
1
14
9
10
6
13
2
8
19
16
11
22
4
2
8
5
12
9
16
5
8
3
1
9
9
7
7
9
1
8
19
9
22
43
8
6
11
7
14
9
13
4
12
2
5
8
9
5
9
6
4
10
18
7
2
6
8
5
13
6
14
7
11
1
12
6
7
8
9
4
10
9
5
10
18
16
8
1
13
4
14
5
10
13
7
6
11
3
10
6
1
9
16
11
23
11
7
15
7
14
6
6
15
3
9
8
9
5
10
6
6
11
14
13
10
59
6
16
14
15
14
14
11
5
1
17
15
11
16
9
12
13
15
11
12
14
18
5
17
43
4
16
16
15
18
13
15
4
4
19
16
13
19
9
15
12
16
10
12
15
13
3
25
13
14
14
19
11
15
3
3
17
5
10
17
6
15
12
13
9
12
14
16
52
12
12
14
19
10
13
1
16
5
6
12
5
12
11
11
8
12
12
10
11
68
9
9
13
15
10
12
4
1
14
4
5
9
6
12
9
9
4
12
14
11
18
43
7
9
9
14
9
13
5
4
9
3
14
5
14
9
12
3
11
16
11
6
11
6
7
6
12
8
13
5
3
10
2
1
13
4
14
5
11
2
10
16
9
29
3
7
4
13
7
14
8
4
7
10
14
4
15
1
12
9
16
12
16
75
5
7
6
14
8
15
10
6
7
5
14
6
16
4
14
1
10
17
7
29
66
6
3
7
12
8
14
11
7
8
3
1
12
7
14
8
12
1
10
17
8
1
15
7
3
7
12
9
16
13
9
11
4
3
14
10
15
13
16
1
8
17
14
10
2
8
8
8
13
10
17
14
11
15
8
7
18
12
17
19
18
4
9
18
19
1
13
48
7
13
9
15
12
17
15
12
13
19
7
20
14
19
16
18
5
9
18
22
34
46
7
10
10
15
15
18
17
14
16
11
10
18
16
19
14
20
3
10
19
16
21
3
4
6
8
12
14
15
14
10
15
8
10
16
14
15
17
15
9
18
11
5
5
1
1
8
10
13
12
9
5
11
4
4
12
10
13
7
11
9
15
10
19
45
3
5
9
10
14
10
7
4
10
5
3
11
9
12
8
10
10
14
16
43
56
2
8
8
10
12
10
6
4
5
3
1
10
6
11
7
9
10
15
6
42
18
4
3
6
9
9
10
4
4
6
7
2
10
2
8
1
9
15
6
20
3
4
8
7
9
5
3
8
2
9
2
10
6
9
1
8
14
11
27
34
2
5
7
8
8
7
3
9
6
5
8
9
7
8
14
3
53
52
4
2
7
6
10
8
9
6
11
2
3
8
6
10
12
9
9
16
10
34
5
7
3
9
5
13
8
14
7
16
3
9
8
10
12
14
17
1
9
18
14
1
5
4
10
6
13
7
12
3
15
6
7
2
10
10
12
14
1
7
16
14
12
17
6
4
12
7
14
6
14
1
16
5
7
13
10
9
12
10
4
8
17
11
45
53
5
10
7
15
8
17
8
17
4
17
4
11
13
12
8
13
11
5
9
19
9
3
47
25
6
5
12
9
15
10
14
3
9
1
6
6
8
7
9
10
9
18
10
22
6
1
9
7
13
10
11
8
1
3
5
4
4
3
9
17
4
19
12
3
1
8
8
13
12
9
1
2
3
5
5
1
9
16
47
38
2
4
7
11
13
15
10
6
4
5
10
5
10
1
3
9
19
4
43
5
4
4
5
11
13
17
9
9
7
3
3
10
5
13
1
7
1
8
19
4
3
3
3
3
11
10
14
6
7
6
5
3
13
4
14
5
8
1
7
16
10
6
4
5
10
9
12
3
5
11
10
5
15
3
15
6
9
3
10
14
16
13
8
6
10
9
9
11
3
4
13
5
7
15
4
15
5
10
4
11
14
5
1
10
11
8
13
7
10
10
6
6
14
10
10
16
8
15
9
14
5
11
15
11
12
7
14
5
10
8
7
5
16
5
10
15
8
13
12
16
7
11
15
19
1
1
11
8
14
5
9
6
7
3
20
9
12
15
9
10
14
14
6
10
14
15
3
5
46
1
10
9
14
7
9
6
8
5
18
8
12
12
9
10
16
14
6
12
14
12
3
34
48
4
11
8
14
8
10
7
11
6
16
9
13
13
9
9
18
15
5
12
15
14
3
25
7
4
9
4
12
6
11
7
14
6
19
11
15
13
14
7
22
14
3
10
17
21
5
2
1
7
4
11
6
12
5
15
4
17
3
12
8
13
5
21
10
2
8
17
10
2
13
38
6
4
11
8
11
6
12
3
12
8
4
9
7
3
4
6
1
9
16
9
34
51
5
2
10
7
12
7
13
4
7
3
3
5
8
3
4
5
9
19
8
22
12
3
7
5
11
5
9
1
8
2
3
2
3
7
3
8
18
7
1
1
3
2
9
4
5
4
1
9
17
4
17
17
1
4
3
10
5
3
1
10
17
1
44
30
2
4
4
9
5
1
3
2
3
11
16
4
25
2
3
2
9
6
1
3
10
16
5
1
2
9
6
1
3
4
1
1
9
15
5
3
1
9
6
3
5
5
7
3
4
1
3
9
14
6
20
16
2
8
3
11
6
5
7
5
5
7
5
5
5
4
11
15
30
5
3
11
3
12
6
8
1
11
10
8
7
8
6
7
8
2
11
16
4
2
6
2
11
4
12
7
10
4
10
3
9
9
10
8
12
11
3
11
16
11
3
1
10
6
13
6
12
6
10
2
15
10
11
11
11
7
14
11
7
12
14
14
1
33
10
5
13
9
15
8
13
7
13
3
17
8
12
8
12
6
15
9
9
13
16
12
5
34
11
11
13
11
12
10
12
4
12
6
10
8
9
5
11
7
9
13
17
12
14
9
8
9
12
9
12
9
4
8
2
3
7
5
4
6
5
9
12
16
11
10
8
9
7
13
8
11
5
1
5
3
4
3
3
8
12
15
5
26
5
7
10
9
13
10
10
5
4
7
1
4
1
4
3
2
7
12
15
3
31
5
7
9
10
12
11
5
2
4
2
6
3
6
3
4
5
12
17
8
4
4
7
8
7
11
10
5
5
7
4
9
5
7
5
4
5
10
17
5
5
6
8
5
12
9
8
3
10
9
7
12
10
11
11
10
2
10
16
7
9
24
2
11
6
13
5
14
8
8
5
15
10
12
14
12
13
13
12
5
13
16
14
2
28
31
4
15
10
17
16
6
11
7
17
9
18
12
16
14
18
15
9
13
16
12
4
13
4
14
7
18
17
4
12
8
17
10
19
5
18
14
22
18
9
13
16
15
3
4
15
10
