4884
4824
3728
4839
4884
181
4884
2974
4884
4791
1047
4864
4884
4808
4884
4999
4855
4960
4956
4877
4876
4812
3609
4827
4876
165
4877
2920
4877
4692
1024
4851
4876
4797
4876
4999
4842
4952
4948
4870
4869
4806
3498
4822
4869
164
4869
2813
4869
4525
984
4848
4869
4790
4869
4999
4838
4947
4942
4865
4864
4802
3401
4817
4864
155
4864
2732
4865
4396
959
4841
4864
4787
4864
4999
4832
4940
4935
4856
4856
4792
3304
4808
4855
163
4856
2668
4856
4263
941
4833
4856
4777
4856
4999
4824
4933
4929
4852
4851
4789
3204
4804
4851
151
4851
2572
4852
4130
902
4829
4851
4774
4851
4999
4819
4927
4923
4844
4844
4780
3100
4795
4843
144
4844
2498
4844
3998
879
4821
4843
4765
4843
4999
4811
4920
4916
4838
4863
4776
3006
4791
4837
140
4838
2410
4838
3870
846
4816
4837
4760
4838
4999
4806
4914
4909
4832
4963
4769
2917
4784
4831
133
4831
2345
4832
3751
820
4808
4831
4753
4831
4999
4799
4907
4903
4826
4998
4762
2831
4777
4846
137
4838
2271
4825
3637
802
4802
4824
4747
4824
4999
4793
4901
4896
4851
4997
4756
2735
4771
4946
127
4921
2190
4819
3521
771
4796
4818
4741
4818
4999
4786
4894
4890
4959
4999
4749
2649
4765
4998
124
4999
2124
4812
3411
744
4789
4812
4734
4812
4999
4780
4888
4883
723
4073
207
3852
2176
2840
1618
4107
4022
4432
816
1032
1118
589
4925
4999
4644
3706
939
4804
4800
732
3960
209
3735
2118
2848
1643
3983
3907
4302
827
1047
1135
595
4797
4999
4518
3613
946
4797
4793
672
3841
190
3625
2163
2845
1508
3864
3791
4178
758
961
1040
616
4640
4999
4381
3539
964
4791
4787
687
3729
195
3515
2127
2834
1541
3747
3680
4054
773
980
1062
582
4511
4999
4255
3451
932
4785
4781
641
3620
180
3411
2142
2840
1443
3634
3573
3938
723
917
993
614
4372
4999
4130
3378
961
4778
4774
634
3503
178
3300
2135
2825
1429
3517
3462
3816
715
907
983
588
4243
4999
4008
3300
936
4772
4768
437
2245
122
2153
1525
1981
995
2271
2252
2430
500
637
690
440
2649
2781
2555
2218
697
3023
3025
124
8
95
139
31
219
15
183
304
67
237
181
208
2
1
54
421
10
85
140
140
314
20
258
416
92
304
87
166
104
7
138
233
47
26
604
39
96
96
337
20
277
448
97
515
15
322
23
18
266
440
93
4
756
6
56
56
8
374
5
21
309
504
108
2
751
4
440
26
364
596
128
878
3
3
23
444
25
26
366
601
128
7
963
10
10
10
522
31
430
704
151
1020
13
531
16
31
438
719
154
3
1133
5
16
16
587
34
484
791
170
1178
1
615
2
36
508
831
179
1275
7
7
2
650
1
39
536
878
189
1334
690
41
569
931
201
1409
3
718
4
43
592
967
209
1
1478
1
2
2
756
46
624
1018
221
1539
24
783
2
48
646
1055
229
1608
2
2
137
816
50
673
1098
239
1665
300
846
53
697
1137
248
1729
1
1
428
874
54
720
1175
256
1785
566
903
56
744
1214
264
1841
697
929
59
765
1248
272
1896
822
956
61
788
1284
281
1948
948
981
63
809
1317
289
2000
1065
1006
65
829
1350
296
2048
1182
1031
67
849
1383
304
2097
1293
1054
68
868
1413
310
2143
1402
1077
15
70
886
1443
317
2188
1506
1098
115
72
905
1471
324
2231
1608
1119
272
73
922
1499
330
2273
1708
1139
397
74
938
1525
336
2313
1802
1159
530
76
954
1551
342
2352
1895
1179
657
78
970
1577
348
2391
1986
1198
779
80
986
1602
355
2428
2074
1217
903
82
1002
1626
361
2464
2159
1236
1017
84
1017
1650
367
2500
2241
1253
1132
86
1032
1672
373
2533
1
2322
1271
1241
89
1047
1695
378
2566
43
2399
1288
1348
91
1060
1717
385
2598
184
2474
1304
1452
93
1073
1737
390
2629
333
2546
1320
1552
95
1086
1757
395
2659
458
2617
1334
1650
97
1099
1776
400
2687
596
2685
1349
1744
99
1111
1795
405
2715
721
2751
1364
1836
101
1123
1813
410
2742
846
2815
1377
1925
102
1134
1830
415
2768
966
2876
1390
2011
103
1145
1847
419
24
2792
1081
2934
1402
2094
104
1154
1862
422
144
2816
1195
2993
1414
2175
105
1164
1878
426
304
2839
1303
3048
1426
2253
107
1174
1893
430
431
2861
1410
3101
1437
2329
107
1183
1907
433
570
2882
1512
3153
1448
2402
108
1191
1920
437
698
2902
1612
3202
1457
2473
109
1199
1933
439
824
2922
1708
3251
1467
2542
110
1207
1945
442
948
2940
1801
3298
1477
2609
110
1215
1958
445
1064
2959
1892
3343
1486
2674
111
1222
1969
447
1180
2976
1979
3386
1494
2737
111
1229
1980
450
1291
2993
2065
3428
1503
2797
112
1236
1991
453
1399
3009
2147
3470
1511
2856
113
1242
2001
455
1503
3025
2227
3509
1519
2913
113
1249
2011
457
1604
3040
2304
3546
1526
2968
113
1255
2021
460
1703
3054
2380
3583
1533
3022
114
1261
2030
461
1797
3068
2452
3619
1541
3074
114
1267
2039
464
1889
3081
2523
3653
1547
3124
115
1272
2047
466
1979
3094
2591
3686
1554
3173
115
1277
2055
467
2065
3106
2657
3718
1560
3220
115
1281
2063
469
2148
3118
2721
3749
1566
3265
116
1287
2070
471
2230
3129
2783
3778
1571
3309
116
1291
2077
473
2309
3140
2843
3807
1577
3352
116
1295
2084
474
2384
3150
2901
3835
1582
3393
116
1300
2091
475
2459
3160
2958
3861
1587
3433
116
1303
2097
477
2530
3170
3013
3887
1591
3472
117
1307
2103
478
2599
3179
3065
3912
1596
3509
117
1311
2109
479
2666
3188
3116
3935
1601
3545
117
1315
2115
481
2731
3196
3166
3959
1605
3580
118
1318
2120
482
2794
3204
3214
3981
1609
3614
118
1321
2124
483
2854
3211
3260
4002
1613
3647
118
1324
2129
484
2913
3219
3305
4022
1617
3678
118
1327
2134
486
2970
3225
3349
4042
1620
3709
118
1330
2138
487
3025
3232
3390
4062
1624
3739
119
1333
2143
488
3079
3238
3431
4079
1627
3767
118
1335
2146
489
3131
3244
3470
4097
1630
3795
119
1337
2150
489
3180
3249
3508
4114
1633
3821
119
1340
2153
489
3228
3254
3544
4130
1636
3847
119
1342
2156
491
3276
3260
3580
4146
1638
3872
119
1344
2160
491
3320
3264
3615
4161
1641
3896
119
1346
2162
492
3364
3268
3648
4175
1643
3919
120
1348
2165
493
3406
3273
3680
4188
1645
3941
120
1349
2168
494
3447
3277
3711
4201
1647
3962
120
1351
2170
494
3487
3280
3741
4214
1649
3983
120
1352
2173
494
3525
3284
3770
4226
1651
4003
120
1354
2175
495
3562
3287
3798
4237
1653
4022
120
1355
2177
495
3598
3290
3825
4248
1654
4040
120
1357
2178
496
3632
3293
3851
4258
1656
4058
119
1358
2180
497
3665
3296
3876
4268
1657
4075
120
1358
2182
497
3697
3298
3900
4278
1658
4092
120
1360
2183
497
3728
3300
3923
4287
1660
4107
120
1361
2185
497
3759
3302
3945
4295
1660
4123
120
1362
2186
498
3787
3304
3967
4304
1662
4138
120
1362
2187
497
3815
3306
3988
4312
1663
4151
120
1363
2188
498
3842
3307
4008
4319
1663
4165
120
1363
2189
498
3868
3309
4028
4326
1664
4178
120
1364
2189
498
3892
3309
4046
4333
1665
4190
120
1364
2190
498
3917
3310
4064
4339
1665
4202
120
1365
2191
499
3940
3311
4081
4344
1666
4213
120
1366
2191
499
3962
3312
4097
4350
1666
4224
120
1366
2191
499
3984
3312
4113
4355
1667
4234
120
1365
2191
499
4005
3313
4129
4360
1667
4244
120
1366
2192
499
4025
3313
4143
4364
1667
4254
120
1366
2192
498
4044
3312
4157
4368
1667
4263
120
1366
2192
499
4063
3313
4171
4373
1667
4272
119
1366
2192
499
4080
3313
4184
4377
1668
4281
120
1366
2191
498
4097
3312
4196
4380
1667
4288
119
1366
2191
499
4113
3312
4208
4382
1667
4295
119
1366
2190
499
4129
3312
4220
4385
1667
4303
119
1366
2190
499
4145
3311
4230
4388
1667
4309
119
1366
2190
498
4159
3310
4240
4391
1666
4316
119
1365
2189
499
4173
3309
4251
4392
1666
4321
119
1365
2189
498
4186
3308
4260
4395
1666
4327
119
1365
2188
498
4199
3307
4269
4396
1665
4333
119
1363
2187
498
4211
3306
4278
4398
1665
4338
119
1363
2186
498
4223
3305
4286
4399
1664
4342
119
1363
2185
498
4234
3303
4293
4400
1664
4347
119
1362
2184
498
4244
3301
4301
4401
1663
4351
119
1362
2183
497
4255
3300
4308
4401
1662
4355
119
1361
2182
497
4264
3298
4315
4402
1662
4358
119
1360
2181
497
4274
3297
4321
4402
1661
4361
119
1360
2180
496
4283
3295
4327
4401
1660
4364
118
1360
2179
496
4291
3293
4333
4402
1659
4367
118
1358
2177
496
4299
3291
4337
4401
1658
4370
118
1357
2176
496
4306
3289
4343
4401
1657
4372
118
1357
2175
496
4314
3288
4347
4401
1657
4374
118
1356
2174
495
4320
3285
4352
4400
1655
4376
118
1355
2172
495
4327
3283
4356
4398
1654
4378
118
1354
2171
494
4333
3281
4360
4398
1653
4379
118
1353
2169
494
4339
3278
4363
4397
1652
4380
117
1352
2167
494
4344
3276
4366
4395
1651
4381
118
1352
2166
493
4349
3274
4369
4394
1650
4382
118
1351
2164
493
4354
3271
4372
4392
1649
4383
117
1349
2163
492
4358
3269
4374
4391
1647
4383
117
1349
2161
492
4362
3267
4376
4389
1646
4384
117
1347
2160
492
4366
3264
4378
4387
1645
4384
117
1346
2158
491
4370
3261
4380
4385
1644
4384
117
1345
2155
491
4373
3258
4382
4383
1642
4383
116
1344
2154
491
4376
3256
4383
4381
1642
4383
117
1343
2153
490
4379
3253
4384
4379
1640
4382
117
1342
2150
490
4381
3250
4385
4376
1638
4382
116
1341
2148
489
4384
3247
4386
4373
1637
4381
117
1340
2147
489
4386
3244
4387
4371
1636
4380
116
1339
2144
488
4387
3241
4387
4368
1634
4379
116
1337
2142
488
4389
3238
4387
4365
1633
4378
116
1336
2141
488
4391
3235
4388
4362
1632
4377
115
1335
2139
487
4392
3232
4387
4359
1630
4375
116
1334
2136
487
4392
3229
4387
4356
1628
4373
115
1333
2135
486
4393
3226
4387
4353
1627
4372
115
1331
2132
485
4394
3223
4386
4350
1626
4370
115
1330
2130
485
4394
3220
4385
4347
1624
4368
115
1329
2129
485
4395
3217
4384
4344
1623
4366
115
1327
2126
484
4394
3214
4384
4340
1621
4364
115
1326
2123
484
4394
3210
4382
4336
1619
4362
115
1325
2122
483
4394
3207
4381
4333
1618
4359
115
1324
2119
483
4393
3204
4379
4329
1616
4357
114
1322
2117
483
4393
3201
4378
4326
1615
4355
114
1321
2115
482
4392
3197
4376
4322
1613
4352
114
1319
2113
481
4391
3194
4375
4318
1611
4349
114
1318
2110
481
4390
3190
4373
4315
1610
4347
114
1317
2108
480
4389
3187
4370
4311
1608
4344
114
1316
2106
480
4388
3184
4369
4307
1606
4341
114
1314
2104
480
4386
3180
4367
4303
1605
4338
114
1313
2102
479
4385
3177
4364
4299
1603
4335
114
1311
2099
478
4383
3173
4362
4295
1601
4332
113
1310
2097
478
4381
3170
4359
4291
1600
4329
113
1309
2095
477
4379
3166
4356
4287
1598
4325
113
1307
2092
476
4377
3163
4354
4282
1596
4322
113
1306
2090
476
4375
3159
4351
4278
1594
4319
113
1304
2088
476
4373
3156
4348
4274
1593
4315
113
1302
2085
475
4371
3152
4345
4270
1590
4312
113
1301
2083
474
4368
3148
4342
4265
1589
4308
112
1299
2080
474
4366
3145
4339
4261
1587
4305
113
1298
2078
474
4363
3141
4336
4257
1586
4301
112
1297
2076
473
4360
3137
4333
4252
1584
4297
112
1295
2073
473
4358
3134
4330
4248
1582
4293
112
1293
2071
471
4355
3130
4326
4244
1580
4289
112
1292
2069
471
4352
3126
4323
4239
1578
4286
112
1291
2066
471
4349
3123
4320
4235
1577
4282
112
1289
2064
470
4346
3119
4317
4230
1575
4278
112
1287
2061
469
4343
3116
4312
4225
1573
4274
112
1286
2059
469
4340
3112
4309
4221
1571
4270
111
1284
2056
468
4336
3108
4305
4216
1569
4266
111
1283
2054
468
4333
3105
4301
4211
1567
4262
111
1281
2051
467
4329
3101
4297
4207
1565
4257
111
1280
2049
467
4326
3097
4294
4202
1563
4253
111
1278
2046
466
4322
3093
4290
4198
1562
4249
110
1277
2044
466
4319
3090
4286
4193
1560
4245
110
1275
2042
466
4315
3086
4282
4188
1558
4240
110
1274
2039
465
4311
3082
4278
4183
1556
4236
110
1272
2037
464
4307
3078
4274
4235
1577
4282
112
1289
2064
470
4346
3119
4317
4230
1575
4278
112
1287
2061
469
4343
3116
4312
4225
1573
4274
112
1286
2059
469
4340
3112
4309
4221
1571
4270
111
1284
2056
468
4336
3108
4305
4216
1569
4266
111
1283
2054
468
4333
3105
4301
4211
1567
4262
111
1281
2051
467
4329
3101
4297
4207
1565
4257
111
1280
2049
467
4326
3097
4294
4202
1563
4253
111
1278
2046
466
4322
3093
4290
4198
1562
4249
110
1277
2044
466
4319
3090
4286
4193
1560
4245
110
1275
2042
466
4315
3086
4282
4188
1558
4240
110
1274
2039
465
4311
3082
4278
4183
1556
4236
110
1272
2037
464
4307
3078
4274
4125
1537
4181
114
1257
2009
462
4258
3034
4222
4119
1534
4175
114
1255
2007
461
4252
3030
4216
4113
1531
4169
113
1253
2003
460
4246
3026
4210
4109
1530
4164
113
1252
2001
460
4241
3022
4205
4102
1528
4158
113
1250
1998
458
4235
3018
4199
4097
1526
4153
113
1249
1996
459
4229
3014
4194
4092
1524
4147
112
1247
1993
458
4223
3010
4187
4086
1522
4142
113
1245
1991
457
4217
3006
4182
4081
1520
4136
112
1244
1988
457
4212
3002
4176
4075
1518
4131
112
1242
1986
457
4206
2998
4171
4070
1516
4125
112
1240
1983
456
4201
2994
4165
4065
1515
4120
112
1239
1980
455
4195
2990
4160
4044
1512
4100
112
1237
1978
455
4189
2986
4154
2577
1084
2612
81
894
1433
330
2698
2092
2700
17
101
4
89
32
87
79
127
16
19
21
178
138
41
341
348
28
160
7
155
65
168
170
158
36
46
52
147
160
130
41
95
154
127
153
9
106
170
39
159
209
163
28
156
7
148
60
156
155
151
32
41
45
146
149
110
62
126
96
61
96
4
50
79
18
97
103
97
10
60
2
57
21
58
57
61
13
16
18
65
60
39
75
44
11
46
9
13
3
45
24
44
5
5
9
2
1
6
16
4
24
1
24
8
25
24
23
7
8
10
21
22
20
9
14
16
14
1
13
22
5
14
26
14
4
24
1
24
8
24
23
24
7
7
10
24
23
18
21
15
9
15
8
13
3
16
17
16
2
9
9
2
8
8
10
3
4
5
12
10
7
13
6
1
6
1
2
2
1
3
1
5
3
1
5
1
2
2
3
1
3
1
1
3
5
1
5
6
5
5
6
3
3
5
6
5
6
5
2
3
2
3
1
4
1
2
2
2
5
2
18
1
5
5
5
4
5
3
3
4
6
5
5
43
6
1
1
1
1
2
3
2
3
2
2
1
4
1
1
84
1
2
3
2
2
3
2
3
3
1
4
3
3
80
4
1
1
2
1
1
1
1
2
3
1
3
4
1
3
2
1
2
52
2
1
1
2
1
1
2
2
2
2
4
1
3
2
2
2
77
3
1
2
3
1
2
2
3
3
1
3
4
1
4
1
2
3
84
3
1
1
2
1
1
1
1
1
2
3
2
3
4
1
3
3
1
2
86
3
2
2
3
1
2
2
3
3
1
3
5
1
4
1
3
3
74
4
1
1
2
1
1
1
1
3
2
2
3
4
1
4
2
2
3
69
3
2
2
3
1
2
1
1
3
3
1
3
4
1
3
2
2
3
100
3
2
2
3
1
2
2
1
3
3
1
3
4
1
3
2
2
3
107
3
2
2
2
1
2
1
1
1
3
3
2
3
4
2
4
2
2
3
104
3
2
2
1
3
1
2
1
1
3
3
2
3
4
1
4
2
2
3
83
3
2
2
1
3
1
2
1
2
1
3
3
2
3
4
1
4
2
2
3
53
3
2
2
3
1
2
1
2
1
3
3
2
3
5
2
5
2
3
4
29
4
2
2
1
3
2
2
2
1
3
3
2
3
5
1
4
2
2
3
3
2
2
1
3
2
2
1
2
1
3
3
2
4
4
1
4
2
2
3
3
2
2
3
1
2
2
1
4
3
2
4
5
1
5
2
3
4
3
2
2
3
1
2
1
2
1
4
3
2
4
5
2
5
3
3
4
4
2
2
1
3
2
3
2
1
3
3
2
3
5
2
4
2
2
4
4
2
2
1
3
2
3
1
2
1
4
3
2
4
5
2
5
2
3
4
3
2
2
1
3
2
3
1
2
1
4
4
2
4
5
2
5
3
3
4
4
3
3
1
4
2
2
1
2
1
3
4
2
4
5
1
4
2
2
4
3
2
3
1
3
2
2
1
2
1
4
4
2
4
5
2
5
2
3
4
4
2
2
1
3
2
2
1
2
1
4
4
2
4
5
2
6
3
3
4
4
3
3
1
3
2
3
1
3
1
4
4
3
4
5
2
5
3
3
4
4
3
3
1
4
2
3
1
3
1
5
4
2
5
5
2
5
3
3
4
4
3
3
1
4
2
3
1
2
1
4
4
2
5
5
2
5
3
3
4
3
3
3
1
3
2
3
1
3
1
5
4
3
5
5
2
5
3
4
5
4
3
3
1
4
2
3
1
3
1
4
4
3
5
5
2
5
3
3
5
4
3
3
1
4
2
3
1
3
1
5
4
3
5
5
2
6
3
4
5
4
3
3
1
4
2
3
1
3
1
5
4
3
5
6
2
6
3
4
5
4
3
3
1
4
2
1
3
1
3
1
5
5
3
5
5
2
6
3
4
5
4
3
3
1
4
2
1
3
1
3
1
5
4
3
5
6
3
6
3
4
5
4
3
3
2
4
2
1
3
1
3
1
5
5
3
5
6
2
6
3
4
5
4
3
3
2
4
2
1
3
1
3
1
5
5
3
5
6
2
6
3
4
5
4
3
3
2
5
2
1
3
1
3
1
5
4
3
5
5
2
6
3
4
5
4
3
3
1
4
2
4
1
3
1
5
5
3
5
5
3
6
4
4
5
4
3
4
1
5
3
4
1
3
1
6
5
3
6
6
3
6
4
4
5
4
3
4
1
4
3
1
4
2
3
1
5
5
3
5
6
2
6
4
4
5
4
4
4
2
5
3
1
4
1
3
1
5
5
3
5
6
3
7
4
4
5
4
3
3
2
5
3
1
4
1
4
1
6
5
4
6
6
3
7
4
5
6
4
4
4
2
5
3
1
4
2
3
2
6
5
3
6
6
3
6
4
4
5
4
4
4
2
5
1
3
1
4
1
4
1
6
5
3
6
6
3
7
4
4
5
37
4
4
4
2
5
1
3
1
4
1
4
1
6
5
4
6
7
3
7
4
5
6
65
5
4
4
2
5
3
1
4
2
4
1
6
5
4
6
6
3
7
4
4
5
69
4
4
4
2
5
1
3
1
4
1
4
1
6
5
4
6
6
3
7
4
5
6
90
4
4
4
2
5
3
1
4
1
4
1
6
5
4
6
7
4
7
4
4
6
119
4
4
4
2
5
1
3
1
4
1
4
1
6
5
4
6
7
3
7
5
5
6
134
4
4
4
2
5
1
3
1
4
2
4
1
6
5
4
6
6
3
7
4
4
6
145
4
5
4
2
6
3
2
4
2
4
2
7
5
4
7
6
4
7
4
4
6
139
5
5
4
2
6
3
1
5
2
4
2
6
6
4
7
7
4
8
4
5
7
139
5
4
4
2
6
1
4
1
5
2
4
2
6
6
4
6
6
3
7
4
5
6
161
4
5
5
3
6
1
4
1
5
2
4
1
6
6
4
7
7
3
7
4
5
6
169
4
4
5
3
5
1
3
1
5
1
5
2
7
6
5
7
7
4
7
5
5
6
151
4
5
4
2
6
1
3
2
5
2
4
1
7
6
4
7
7
4
8
4
5
6
163
4
5
5
3
6
1
4
2
4
2
4
1
7
5
4
7
7
3
8
4
5
6
174
4
5
5
3
6
1
4
2
5
2
5
1
7
5
4
7
7
4
8
5
5
6
170
4
5
5
3
6
1
4
2
5
2
5
1
7
6
4
7
7
4
8
5
5
7
167
4
5
5
3
6
1
4
2
5
2
5
1
7
5
4
7
7
3
7
4
5
7
203
4
5
5
2
6
1
4
2
5
2
5
2
7
6
5
7
7
4
8
5
5
7
213
4
5
5
3
6
1
4
2
5
2
5
1
7
6
5
7
7
4
7
5
5
7
196
4
5
5
3
6
1
4
2
5
2
5
2
7
6
5
7
7
4
8
5
5
7
212
4
5
5
3
7
1
4
2
5
2
5
2
7
6
5
7
7
4
8
4
5
7
239
4
5
5
3
6
1
4
2
5
2
5
2
7
7
5
8
7
4
8
5
5
7
229
4
5
5
3
6
1
4
2
6
2
5
2
8
