8
2
7
7
25
4
3
14
11
24
27
2
7
4
8
8
23
2
15
12
20
26
3
1
8
3
10
5
18
3
6
4
14
14
16
31
10
6
4
6
5
13
12
12
11
32
12
1
6
1
7
6
18
2
12
11
19
40
15
8
4
10
7
19
2
4
12
13
1
18
57
22
3
7
6
9
6
18
2
2
3
13
13
17
57
23
7
7
7
8
1
1
2
2
26
3
4
5
1
1
2
14
13
22
57
17
1
5
8
6
7
4
18
5
5
6
13
11
19
71
8
4
1
9
5
8
2
3
14
19
9
10
1
9
5
12
9
25
3
80
7
5
11
6
10
2
4
5
16
23
13
3
9
3
8
3
11
8
23
1
78
14
6
12
7
14
7
8
7
16
20
16
3
14
6
14
4
9
10
23
2
82
18
1
3
8
7
9
1
8
4
11
19
8
15
15
8
13
12
25
96
15
4
3
10
6
12
3
10
8
13
29
10
11
17
7
16
12
13
11
1
30
2
89
31
3
1
10
5
13
4
8
7
12
30
20
4
15
5
16
16
12
12
2
31
89
36
3
11
7
12
3
7
5
11
25
9
14
3
17
12
11
12
1
27
84
35
4
3
11
5
11
2
8
7
12
23
15
7
14
6
16
10
13
12
27
73
38
3
4
11
8
12
5
12
12
12
26
13
11
16
7
19
11
14
13
2
31
73
37
6
13
7
15
6
12
9
17
21
17
4
19
6
23
16
12
12
2
30
3
71
36
6
13
5
16
6
17
16
18
19
18
7
21
8
23
16
10
12
2
28
5
66
27
6
4
12
8
14
7
19
19
15
27
14
6
21
16
24
18
11
15
3
29
4
68
21
27
4
5
12
14
15
9
14
20
12
31
15
9
21
18
21
25
12
16
5
36
5
61
19
27
4
4
15
14
20
12
23
23
16
30
18
12
27
19
24
26
13
15
8
41
5
58
15
23
6
11
17
11
21
14
25
29
23
33
21
19
28
25
29
29
13
14
10
41
6
57
15
35
4
10
15
16
18
13
19
26
18
37
18
10
23
21
23
28
11
14
8
42
3
45
15
40
3
2
14
13
15
11
19
24
18
31
16
9
22
21
22
26
11
14
7
40
3
45
14
33
5
5
16
11
18
10
20
23
20
27
21
20
24
20
24
26
11
14
8
34
3
42
18
24
7
4
16
13
18
8
13
11
23
29
23
12
22
14
24
30
10
14
7
40
9
39
13
27
5
15
10
17
10
17
22
19
34
13
18
21
20
26
32
10
12
7
41
7
49
3
27
3
5
12
10
14
7
18
19
15
34
15
16
21
15
24
27
11
12
5
42
1
37
24
4
3
11
9
13
5
11
15
16
31
15
12
19
8
19
24
12
13
3
40
3
23
7
3
12
7
16
7
13
18
14
35
13
13
19
12
21
24
12
15
4
39
26
5
1
3
13
9
17
4
15
20
14
28
15
9
20
15
19
21
10
15
4
37
33
20
1
4
12
9
13
3
12
14
12
27
10
11
18
12
17
19
10
15
2
36
26
7
15
2
6
13
11
13
6
12
14
11
30
8
16
14
14
18
11
13
2
35
13
18
4
3
14
11
15
7
12
19
12
27
1
4
15
15
11
18
10
13
3
28
12
15
3
1
12
11
15
10
12
12
13
25
19
12
15
13
14
18
10
14
5
25
18
12
1
2
9
12
13
10
10
18
12
25
9
17
13
19
14
19
10
16
6
31
18
11
2
5
10
14
13
9
10
14
10
27
9
8
13
15
12
16
11
15
4
34
19
14
1
3
10
15
16
8
9
7
9
26
15
7
15
9
14
23
10
14
3
30
18
17
1
12
6
18
8
12
13
13
28
10
15
19
12
15
23
10
14
3
35
18
7
5
2
9
12
10
16
6
16
15
16
30
11
9
21
10
19
18
12
13
2
35
3
23
10
3
5
11
10
15
5
19
21
16
30
13
11
22
12
21
22
11
13
2
35
3
25
4
8
11
10
14
5
19
21
16
33
9
12
22
12
21
23
12
13
3
40
3
26
6
4
12
7
13
3
8
9
16
33
14
9
16
7
19
22
11
12
2
37
2
19
5
11
2
12
1
8
7
17
29
12
8
14
6
16
20
10
11
36
2
28
1
5
9
5
10
11
13
15
22
9
1
14
6
17
16
9
10
32
3
26
5
9
4
10
7
9
12
28
9
3
11
6
13
18
8
11
34
22
1
4
3
10
6
12
12
7
11
27
8
3
14
4
13
18
9
11
32
31
13
5
3
10
8
10
6
7
12
26
12
12
6
14
16
9
10
32
5
35
19
5
9
2
7
8
9
17
28
12
12
14
7
18
19
9
8
36
4
31
12
4
8
7
12
12
14
25
10
7
15
5
17
15
8
8
27
28
9
3
2
8
3
8
11
14
13
17
10
14
7
13
12
9
9
29
31
10
3
9
10
8
9
14
20
13
7
13
4
12
17
7
10
31
38
3
10
11
7
5
13
29
8
4
13
5
12
20
6
8
28
32
2
10
4
12
10
7
8
18
1
16
6
14
16
6
8
28
32
1
10
3
13
8
7
6
21
13
6
15
7
11
16
5
9
28
43
2
9
12
11
10
8
30
18
10
18
8
16
18
7
10
28
55
9
8
13
3
14
14
7
27
9
4
21
8
17
17
7
11
28
59
1
10
8
15
6
15
15
9
27
17
21
12
16
18
6
10
3
31
66
2
11
9
19
5
14
14
10
22
11
13
21
15
15
16
5
12
4
26
65
3
13
7
19
5
13
14
10
23
14
17
18
13
13
18
4
11
3
29
68
3
12
5
17
7
14
13
12
24
15
7
18
12
14
17
5
11
4
29
82
1
12
5
16
4
13
13
10
25
16
12
18
12
16
15
6
11
5
28
78
1
11
4
14
6
12
16
8
25
7
11
17
15
16
17
6
10
3
30
71
1
10
3
12
3
7
8
5
17
4
4
12
9
9
14
6
10
22
68
9
3
10
1
6
7
5
18
7
2
10
7
10
12
5
11
21
60
9
7
10
4
8
11
7
23
7
6
12
10
15
15
7
12
3
26
44
1
9
8
10
3
8
10
9
28
10
9
10
8
14
18
10
12
2
33
19
4
5
8
7
9
1
6
10
12
28
7
5
8
6
13
14
11
10
34
4
6
7
7
7
5
9
11
26
7
2
7
5
11
12
11
10
29
4
3
5
6
3
4
6
10
27
7
3
5
3
12
14
12
9
28
6
5
3
3
5
12
7
28
6
9
7
7
15
15
11
8
27
2
1
5
7
5
5
10
10
23
5
8
6
7
12
19
10
8
31
1
7
5
6
1
3
3
3
15
22
6
6
7
3
14
16
9
9
32
9
2
2
6
6
5
10
13
9
27
3
9
10
10
18
21
8
10
29
5
3
7
10
7
9
2
10
14
14
26
9
12
13
19
22
9
10
33
6
7
1
12
6
10
11
15
17
30
10
9
14
13
22
18
9
8
32
6
7
1
5
4
9
8
9
4
14
17
15
32
20
15
14
16
19
20
10
9
30
2
6
3
5
9
7
10
6
17
18
13
26
15
10
17
16
18
23
9
10
34
13
1
4
2
8
7
10
3
12
15
11
24
7
4
16
11
15
23
9
10
35
1
14
12
1
7
8
13
12
7
14
19
11
33
7
11
15
16
15
23
9
11
1
36
35
12
3
1
11
6
16
4
20
22
14
31
14
14
19
16
22
27
7
10
37
26
11
3
3
11
4
14
15
16
16
31
12
19
12
20
26
8
9
37
1
23
9
4
11
10
13
10
2
15
19
14
33
12
11
16
15
20
26
9
10
34
28
10
6
10
9
9
10
14
16
15
32
11
26
14
11
21
23
10
9
33
1
23
6
6
1
10
6
11
2
10
15
16
33
12
13
12
21
24
9
10
36
3
30
10
6
4
10
11
10
5
14
20
16
23
12
15
16
14
20
25
9
11
1
32
4
27
6
8
8
11
4
10
1
13
17
18
24
13
27
17
13
21
27
8
9
32
8
27
9
8
13
12
16
19
17
25
16
10
18
17
21
25
7
7
33
3
17
5
7
11
1
8
5
10
12
24
12
8
10
9
14
18
7
5
28
16
2
5
9
7
7
13
7
24
4
7
16
10
17
18
7
6
30
12
2
4
7
6
10
16
4
22
6
7
17
12
16
17
7
8
29
13
2
5
7
6
7
10
17
11
24
8
4
13
13
13
18
8
10
27
23
1
3
8
10
8
11
3
15
15
15
23
9
9
18
13
18
22
7
11
29
13
11
5
10
11
9
12
2
11
10
15
30
10
17
16
11
16
24
7
12
32
18
1
16
5
10
10
12
11
4
11
12
13
25
6
11
13
8
11
21
7
13
2
32
19
7
7
1
10
5
11
3
9
12
12
30
15
12
10
14
23
8
10
32
17
10
8
10
5
11
4
11
16
12
34
14
14
16
17
22
8
8
32
16
15
6
5
7
9
6
3
8
11
12
26
19
10
11
10
15
20
8
8
28
15
13
5
4
3
5
1
5
8
12
29
7
10
7
7
12
19
8
7
29
15
6
5
7
4
7
2
5
8
12
24
6
7
6
11
16
9
7
30
12
6
4
7
5
5
7
7
13
25
9
1
8
6
14
20
9
7
30
2
17
6
7
8
3
6
8
8
14
30
6
21
9
7
15
19
9
7
30
3
40
4
10
9
8
7
11
15
14
25
12
8
11
11
16
18
10
7
33
2
95
4
9
9
3
9
2
14
19
15
23
13
12
14
14
22
19
10
6
33
2
144
5
2
8
5
9
1
14
15
13
26
6
14
17
11
21
22
9
5
33
2
189
5
7
3
8
1
13
14
13
25
4
5
16
11
23
23
8
3
32
1
176
6
8
8
18
17
16
26
10
5
18
9
30
21
9
4
31
3
23
5
8
4
8
21
16
16
19
15
22
8
31
16
9
5
25
1
14
5
10
10
21
17
16
13
15
21
9
32
14
8
5
16
33
4
1
12
2
13
25
20
16
10
16
4
23
9
37
13
9
8
19
37
4
13
4
16
5
32
28
17
14
18
6
30
16
41
18
9
10
4
18
33
5
1
13
6
17
8
35
34
16
22
18
33
21
42
25
8
10
7
20
3
30
5
1
11
7
17
7
35
33
13
19
17
32
19
39
24
7
9
5
20
2
14
4
1
11
3
17
5
30
33
7
17
17
16
27
19
28
27
6
10
3
21
11
2
1
11
4
15
3
24
24
9
18
11
7
23
15
19
24
5
11
1
21
15
1
11
1
15
1
22
25
9
19
3
7
23
22
18
28
7
10
25
2
2
1
12
4
18
3
21
25
8
22
10
10
22
21
19
30
9
11
2
32
2
4
12
9
17
6
20
20
11
22
9
23
16
18
25
9
10
3
28
6
10
15
14
8
19
24
7
16
7
20
20
16
25
7
10
1
24
1
7
8
5
11
4
20
23
9
19
3
22
19
17
18
28
7
9
28
2
7
10
4
13
9
26
30
9
30
17
23
25
22
35
7
10
2
32
4
9
11
16
15
14
24
29
10
25
12
8
22
25
20
30
7
11
4
31
30
3
10
8
9
10
9
18
25
9
20
16
16
17
19
16
24
7
11
2
27
48
1
2
7
7
8
7
14
20
5
18
4
7
13
14
15
21
6
11
1
20
55
2
7
3
7
2
10
11
4
19
11
6
10
6
9
18
6
11
19
57
7
5
8
1
9
14
1
10
10
10
11
13
7
12
17
58
7
6
8
1
7
9
2
10
9
7
13
15
8
13
18
70
2
5
6
4
3
5
2
12
3
2
6
5
9
17
8
13
18
61
5
4
7
4
5
6
8
7
8
10
12
9
12
17
68
9
6
4
7
5
6
10
1
7
6
7
10
8
12
13
63
9
7
2
10
1
8
12
16
1
10
10
8
14
6
12
1
18
64
1
9
9
10
5
9
16
17
2
11
14
6
16
7
13
4
19
71
10
12
14
9
10
9
1
16
5
2
15
11
14
18
8
15
7
21
69
2
9
12
13
10
13
14
4
24
7
18
17
14
17
22
9
14
6
30
80
1
5
8
15
11
10
15
15
6
20
9
5
14
14
11
15
9
12
3
26
78
1
8
4
11
10
15
16
7
16
8
4
17
15
17
18
7
11
3
23
76
9
8
13
13
14
25
6
26
4
28
19
23
18
25
7
12
6
27
87
1
12
12
16
13
20
22
3
23
7
13
19
20
15
21
8
13
5
24
76
9
5
12
7
11
13
16
9
13
12
8
20
7
11
1
22
79
10
8
13
8
12
16
5
13
5
11
14
14
7
17
5
11
3
19
88
1
12
7
15
10
18
20
6
20
10
4
20
16
15
16
5
11
6
20
76
3
12
8
14
9
15
18
8
16
10
19
15
18
20
7
11
6
20
87
3
12
8
16
10
16
19
12
14
15
9
21
17
19
20
7
12
6
21
92
3
11
8
15
10
17
18
11
24
12
22
20
17
18
21
7
15
6
25
90
4
3
13
12
14
10
17
18
14
18
16
12
21
16
21
22
8
15
6
23
90
4
15
7
16
9
14
16
13
18
14
14
19
14
19
20
7
13
5
22
93
3
16
5
15
5
12
12
11
16
5
7
16
6
15
16
4
11
2
21
96
2
14
6
12
4
8
11
6
11
7
13
10
10
14
4
10
17
93
1
12
3
10
2
10
14
7
14
23
8
14
14
16
19
5
11
22
101
1
11
4
12
4
12
13
10
16
17
15
10
18
19
6
11
2
22
103
10
7
13
4
9
10
3
14
2
14
9
13
12
7
13
3
18
98
8
6
10
3
4
2
10
7
5
7
1
5
4
5
12
10
96
1
7
5
7
2
3
3
3
2
7
2
6
7
5
10
9
103
2
7
7
8
8
4
9
7
3
12
5
13
13
4
8
14
112
2
8
7
6
7
5
6
5
5
11
3
12
8
3
8
9
113
9
5
9
7
7
2
2
5
12
5
10
6
4
10
9
118
3
9
4
9
10
7
4
9
7
2
14
7
12
9
5
9
12
121
7
2
9
3
9
1
13
15
7
15
7
5
16
12
19
17
6
8
19
127
7
3
10
3
10
3
16
15
6
16
9
7
16
12
19
15
5
8
20
130
4
6
11
7
12
5
15
15
10
13
9
2
16
11
18
14
5
8
2
18
134
6
8
13
6
14
9
20
20
16
19
16
3
21
16
25
21
6
10
5
22
141
10
6
3
12
10
13
10
21
20
12
24
16
10
23
17
27
21
8
9
4
25
1
148
10
5
2
10
8
12
6
17
17
13
19
14
18
21
12
25
21
9
7
22
147
17
3
5
10
5
10
1
14
12
16
14
16
8
18
8
22
19
9
6
18
146
14
1
8
7
9
7
3
13
11
11
12
15
16
7
19
15
9
5
19
144
9
1
9
3
10
2
17
15
13
20
10
12
21
10
24
19
8
6
21
141
14
3
9
5
10
14
9
12
19
14
15
20
5
28
14
8
6
18
138
11
4
9
6
9
1
12
9
10
12
11
2
17
3
21
13
8
5
18
137
1
3
9
9
15
13
11
8
12
7
19
7
24
16
7
5
15
142
3
10
7
10
4
16
17
12
10
16
2
21
12
26
17
7
5
13
139
2
5
12
9
14
7
20
21
14
19
18
3
26
15
27
22
7
5
20
133
3
3
13
11
15
5
19
13
14
19
20
18
26
12
29
20
7
7
23
126
2
13
6
13
4
19
15
14
19
18
12
25
15
25
21
5
6
23
123
3
12
5
12
4
18
18
14
17
15
17
24
16
26
21
5
6
20
116
6
15
10
14
7
19
17
14
19
3
16
25
15
28
21
6
7
1
23
116
8
1
16
11
16
10
22
23
18
16
22
14
26
19
28
24
6
8
2
23
111
4
4
12
13
13
11
21
18
17
21
33
17
26
14
29
25
7
9
2
24
99
2
2
10
13
13
10
22
21
14
28
12
17
27
19
27
27
8
9
2
27
97
4
4
12
12
13
7
17
19
17
20
23
14
22
19
25
24
8
7
1
24
93
6
14
5
15
9
19
17
18
21
20
4
23
15
28
26
4
5
1
25
88
7
15
5
16
7
21
23
20
18
20
10
24
17
26
27
3
5
2
25
2
83
7
14
8
13
6
20
19
21
21
23
24
24
16
28
30
4
6
28
2
82
7
13
5
11
7
22
24
21
21
20
11
25
19
36
30
5
5
31
3
75
7
3
11
7
9
6
19
24
21
22
21
15
22
18
31
29
6
5
32
2
73
5
6
8
7
6
1
17
19
19
24
16
10
18
14
27
30
6
6
32
2
74
15
7
8
3
3
16
14
17
18
17
8
16
10
29
27
7
6
28
3
65
30
7
1
9
6
5
14
10
17
15
16
16
16
8
25
26
8
7
26
4
55
37
7
12
5
9
11
13
23
18
17
8
15
7
23
25
7
8
28
5
56
32
7
15
5
12
14
15
21
24
19
9
18
7
25
24
7
8
30
2
59
14
7
12
1
9
13
9
19
19
16
6
18
4
27
23
7
6
28
3
52
8
7
9
5
4
5
19
21
17
5
11
1
18
18
7
5
28
3
43
7
5
4
7
4
5
8
6
16
19
12
6
11
2
15
19
9
7
28
1
42
4
7
7
6
5
10
7
15
17
5
2
15
5
20
17
10
9
26
43
6
4
10
11
8
3
15
15
17
25
14
4
18
12
23
24
9
9
27
45
7
4
11
10
10
1
20
17
18
29
14
28
22
14
25
30
9
9
32
1
46
8
6
12
9
12
14
14
19
25
15
20
19
12
24
24
8
8
31
3
48
5
14
9
13
3
17
17
18
26
16
11
19
14
21
25
7
9
28
43
3
2
11
12
9
3
15
15
14
23
12
15
17
12
21
23
7
10
29
45
2
3
9
8
7
6
15
18
13
14
13
13
15
15
25
26
8
9
30
51
5
9
5
8
6
15
21
15
25
14
16
14
15
20
26
9
9
30
48
5
9
11
9
6
14
18
15
23
9
9
11
16
19
24
9
10
1
29
1
45
2
6
10
11
9
4
12
13
13
14
5
14
14
21
25
8
12
1
28
49
7
9
5
4
5
19
21
17
5
11
1
18
18
7
5
28
3
43
7
5
4
7
4
5
8
6
16
19
12
6
11
2
15
19
9
7
28
1
42
4
7
7
6
5
10
7
15
17
5
2
15
5
20
17
10
9
26
43
6
4
10
11
8
3
15
15
17
25
14
4
