4636
4650
4803
4803
4722
4645
4633
4633
4672
4793
4348
4661
4654
4638
4628
1866
4633
4607
4635
4650
4811
4790
4711
4803
1976
4930
4928
4981
4979
4949
4925
4931
4921
4933
4979
3642
4932
4904
4922
4930
1483
4923
4770
4924
4929
4965
4973
4945
4981
2186
4793
4811
4963
4959
4881
4802
4792
4792
4828
4911
4094
4818
4801
4793
4789
1728
4793
4536
4792
4806
4913
4910
4865
4964
1907
4864
4887
4976
4974
4932
4878
4867
4872
4899
4939
3606
4891
4851
4872
4858
1495
4871
4396
4866
4879
4937
4941
4922
4977
2005
4828
4836
4953
4950
4887
4831
4826
4823
4848
4920
3725
4842
4837
4825
4826
1549
4825
4334
4826
4836
4922
4919
4875
4954
1838
4816
4842
4958
4956
4900
4832
4818
4823
4857
4911
3488
4847
4807
4824
4810
1450
4823
4098
4818
4833
4909
4912
4887
4959
1817
4835
4845
4945
4942
4889
4840
4834
4833
4856
4916
3404
4850
4837
4835
4832
1399
4834
4062
4834
4844
4916
4915
4880
4946
1772
4797
4819
4941
4937
4877
4809
4798
4801
4833
4895
3364
4824
4795
4802
4792
1393
4801
3879
4798
4812
4895
4896
4864
4941
1682
4819
4834
4935
4933
4881
4827
4814
4820
4846
4901
3180
4839
4816
4821
4814
1303
4821
3796
4819
4830
4901
4901
4871
4936
1675
4793
4810
4926
4923
4863
4802
4725
4794
4823
4886
3155
4815
4793
4795
4788
1308
4794
3672
4792
4805
4886
4886
4851
4927
1596
4790
4815
4923
4920
4866
4807
4586
4800
4828
4884
3010
4820
4793
4801
4792
1242
4800
3554
4797
4810
4884
4885
4854
4923
1566
4707
4803
4913
4910
4854
4796
4448
4788
4816
4876
2960
4808
4787
4789
4783
1219
4789
3461
4787
4799
4877
4876
4842
4914
1505
4548
4797
4909
4906
4850
4789
4320
4782
4811
4869
2858
4802
4748
4783
4774
1178
4782
3341
4779
4792
4869
4869
4838
4909
1465
4422
4793
4901
4898
4843
4786
4195
4779
4806
4864
2767
4798
4629
4780
4773
1143
4779
3252
4777
4789
4864
4865
4832
4902
1421
4291
4783
4895
4892
4835
4776
4071
4768
4797
4856
2692
4788
4469
4769
4761
1114
4768
3144
4766
4778
4856
4856
4824
4895
1368
4167
4781
4889
4886
4831
4773
3946
4765
4793
4851
2599
4785
4347
4767
4759
1067
4766
3052
4764
4776
4851
4851
4820
4889
1333
4040
4771
4882
4879
4823
4764
3825
4756
4784
4843
2529
4776
4203
4757
4750
1038
4757
2957
4755
4767
4844
4844
4811
4882
1286
3918
4767
4876
4873
4817
4759
3711
4752
4779
4838
2445
4772
4071
4753
4745
997
4752
2864
4750
4762
4838
4838
4806
4876
1246
3800
4760
4869
4866
4810
4752
3599
4745
4772
4831
2370
4765
3946
4746
4739
962
4745
2778
4743
4755
4831
4831
4799
4869
1201
3675
4753
4863
4860
4804
4746
3489
4738
4766
4824
2297
4758
3821
4739
4732
935
4739
2689
4737
4749
4824
4825
4793
4863
1162
3560
4747
4856
4853
4798
4740
3383
4732
4760
4818
2225
4752
3706
4734
4723
903
4723
2608
4731
4743
4819
4819
4787
4857
1085
2285
668
3638
3626
3692
2476
2274
2433
4819
2077
2271
1921
2395
839
2368
2186
2292
2333
4818
4816
3467
3599
60
2696
3308
2453
3232
2746
2734
2589
4860
156
2575
2863
2784
37
2776
87
2837
2823
4909
4898
2578
2974
4516
3106
347
2810
4367
4360
4619
4805
4609
4466
4205
82
4205
4309
4437
4997
4998
504
1975
4791
3197
1092
2863
4816
4804
4788
4616
4788
4794
4857
41
4859
4851
4794
4979
4979
1164
2218
4977
3084
905
2863
4999
4999
4970
4513
4970
4981
4999
46
4999
4999
4981
4985
4985
1021
2224
4909
3143
904
2805
4989
4986
4909
4378
4909
4910
4991
54
4991
4991
4909
4971
4972
995
2122
4941
3118
953
2868
4999
4999
4941
4250
4942
4940
4999
39
4999
4999
4941
4962
4968
1061
2226
4918
3105
867
2802
4999
4999
4918
4136
4917
4920
4999
50
4999
4999
4919
4885
4962
965
2128
4912
3124
963
2845
4999
4999
4912
4010
4913
4913
4999
39
4999
4999
4912
4727
4953
1063
2196
4914
3093
877
2815
4999
4999
4915
3903
4915
4947
4999
43
4999
4999
4915
4594
4949
980
2151
4895
3112
933
2820
4999
4999
4896
3786
4896
4990
4999
39
4999
4999
4896
4462
4940
1031
2164
4901
3092
904
2819
4999
4999
4901
3681
4901
4998
4999
38
4999
4999
4916
4331
4935
1007
2165
4885
3096
908
2806
4999
4999
4886
3575
4886
4999
4999
38
4999
4999
4974
4207
4927
1006
2148
4884
3090
916
2813
4999
4999
4884
3472
4885
4999
4999
34
4999
4999
4998
4082
4921
1017
2162
4851
3079
899
2798
4978
4981
4861
3370
4867
4995
4997
35
4999
4999
4999
3965
4915
999
2144
2797
2098
657
1965
2710
2718
2833
2207
2848
2750
2751
23
2768
2785
2790
2536
2893
750
1591
45
129
112
73
116
28
77
86
254
21
236
246
239
11
168
6
285
263
190
73
187
205
199
261
113
194
75
209
381
391
119
121
443
338
343
367
461
127
89
192
121
355
272
336
282
227
385
343
201
97
203
269
233
358
63
188
93
103
38
104
554
178
568
94
123
95
209
649
473
52
477
146
515
672
97
41
85
128
376
460
355
475
240
408
570
360
103
365
283
409
595
124
362
96
28
8
23
692
345
710
59
234
58
401
819
577
101
583
279
633
850
58
6
11
143
417
137
2
5
677
395
698
268
456
822
548
114
555
317
612
858
4
11
169
494
327
800
469
822
6
318
6
543
958
654
136
661
377
724
998
5
170
496
450
23
9
25
875
470
899
8
319
8
544
1049
717
137
726
377
794
1096
9
11
24
200
584
563
928
554
953
375
639
1116
754
161
763
444
836
1164
203
594
718
16
5
16
1032
564
1058
16
382
16
651
1234
846
163
855
452
935
1288
6
12
225
655
811
1072
622
1100
421
718
1288
872
181
883
498
967
1346
236
689
953
3
2
1164
653
1193
8
443
96
755
1392
950
190
961
524
1051
1454
249
727
1054
1
1
1216
690
1246
467
238
796
1457
991
200
1003
552
1097
1524
1
2
263
771
1172
1285
732
1316
495
370
844
1538
1048
212
1060
586
1159
1609
274
800
1280
3
1
4
1349
760
1381
1
514
499
876
1614
1100
220
1112
608
1216
1689
1
3
288
843
1382
1405
801
1437
541
623
922
1681
1144
231
1156
639
1266
1759
298
873
1489
2
1
2
1468
829
1502
32
560
747
955
1756
1197
240
1210
662
1324
1839
1
1
311
910
1584
1521
865
1555
154
584
865
995
1819
1239
250
1252
691
1370
1906
322
942
1683
1581
895
1615
311
605
980
1030
1888
1287
259
1300
715
1422
1978
332
973
1773
1632
925
1667
434
625
1092
1064
1950
1328
267
1342
738
1468
2044
343
1005
1865
1685
955
1720
571
645
1200
1098
2012
1371
276
1385
763
1515
2110
353
1034
1952
1736
982
1771
696
663
1305
1130
2071
1412
284
1427
784
1560
2174
363
1063
2037
1783
1011
1820
819
682
1407
1162
2128
1450
292
1465
805
1602
2234
372
1091
2119
1831
1036
1868
940
700
1506
1191
2185
1489
300
1504
827
1644
2294
381
1118
2197
1877
1062
1913
1054
717
1601
1220
2238
1525
306
1540
847
1684
2350
390
1144
2276
1921
1088
1958
1169
733
1695
1248
2290
1561
313
1576
866
1724
2406
398
1169
2350
1964
1111
2001
1276
749
1785
1276
2340
1595
320
1611
885
1761
2460
406
1194
2422
2005
1135
2042
1383
765
1873
1302
2389
1629
326
1645
904
1798
2512
413
1218
2492
2046
1157
2083
1485
779
1958
1327
2436
1661
332
1677
921
1833
2563
422
1240
2560
2085
1179
2122
1584
794
2040
1352
2482
1692
338
1709
938
1867
2612
428
1263
2626
2123
1200
2160
1681
808
2120
1376
2527
1723
344
1739
955
1902
2660
435
1285
2690
2160
1221
2196
1774
822
2198
1399
2569
1752
349
1768
971
1933
2705
442
1306
2752
2196
1241
2231
1865
836
2273
1421
2610
1780
354
1797
986
1964
2750
448
1326
2811
2230
1260
2265
1952
848
2346
1443
2651
1808
360
1825
1002
1994
2793
20
455
1345
2870
2263
1279
2299
2037
860
2417
1464
2690
1835
365
1851
1016
2024
2835
130
462
1364
2926
2296
1297
2332
2120
873
2485
1484
2727
1860
370
1877
1030
2051
2876
287
468
1383
2981
2328
1315
2363
2200
885
2552
1504
2764
1885
375
1902
1044
2079
2915
412
474
1401
3034
2358
1332
2393
2278
896
2617
1524
2799
1910
380
1927
1058
2107
2954
546
480
1419
3086
2388
1349
2423
2354
908
2680
1543
2834
1934
385
1951
1071
2132
2991
673
487
1437
3136
2418
1366
2452
2428
919
2742
1561
2868
1957
390
1974
1084
2157
3028
796
494
1454
3185
2447
1382
2480
2499
930
2802
1580
2901
1980
395
1997
1098
2182
3063
919
500
1471
3233
5
2474
1398
2507
2569
941
2860
1597
2933
2002
400
2019
1110
2206
3097
1033
505
1487
3279
74
2501
1414
2533
2636
951
2916
1614
2962
2024
404
2041
1121
2229
3131
1148
511
1502
3323
225
2526
1428
2558
2701
961
2971
1630
2992
2044
409
2061
1133
2252
3163
1256
517
1517
3366
357
2551
1443
2583
2764
971
3023
1646
3021
2064
414
2081
1145
2273
3194
1363
522
1532
3406
482
2576
1456
2607
2825
981
3074
1661
3049
2083
418
2100
1156
2294
3224
1467
527
1546
3446
613
2599
1469
2629
2884
990
3124
1676
3076
2101
422
2119
1166
2314
3253
1567
532
1559
3486
731
2621
1482
2652
2941
998
3171
1690
3101
2119
426
2137
1176
2333
3281
1664
536
1572
3523
853
2643
1495
2673
2996
1006
3218
1703
3125
2136
429
2153
1186
2352
3308
1758
539
1584
3558
965
2663
1506
2692
3049
1014
3262
1715
3148
2152
432
2169
1194
2369
3333
1848
543
1595
3592
1077
2683
1516
2711
3100
1021
3305
1727
3171
2167
435
2184
1203
2386
3358
1936
548
1608
3627
1187
2703
1529
2731
3151
1028
3348
1741
3194
2184
438
2201
1212
2403
3383
2023
552
1618
3660
1293
2722
1539
2750
3199
1036
3388
1752
3215
2199
442
2216
1220
2419
3406
2105
555
1629
3690
1395
2740
1549
2767
3246
1043
3427
1763
3235
2212
445
2230
1228
2435
3429
2186
559
1640
3721
1494
2757
1558
2784
3292
1050
3465
1774
3255
2226
448
2243
1236
2450
3451
2263
562
1650
3750
1590
2775
1568
2800
3336
1056
3502
1784
3274
2239
450
2256
1242
2463
3472
2339
565
1659
3778
1684
2791
1578
2816
3377
1062
3538
1794
3293
2252
453
2269
1250
2478
3492
2412
568
1668
3805
1774
2806
1586
2831
3418
1067
3572
1803
3310
2264
455
2282
1257
2490
3511
2483
571
1677
3831
1862
2821
1594
2845
3458
1073
3605
1812
3327
2276
457
2293
1263
2503
3530
2552
574
1685
3857
1948
2835
1602
2859
3496
1079
3637
1821
3343
2287
459
2304
1269
2515
3548
2618
577
1694
3881
2030
2849
1610
2873
3533
1083
3668
1829
3359
2298
462
2315
1275
2527
3566
2683
579
1702
3904
2110
2863
1618
2885
3569
1088
3698
1837
3374
2308
463
2325
1281
2538
3582
2746
582
1710
3928
2188
2876
1625
2897
3604
1093
3728
1845
3389
2319
465
2335
1286
2549
3598
2806
585
1717
3950
2265
2888
1633
2910
3637
1097
3756
1853
3402
2329
468
2346
1292
2560
3614
2865
587
1724
3971
2339
2901
1639
2922
3670
1103
3783
1861
3416
2338
470
2355
1297
2570
3630
2921
590
1731
3992
2410
2913
1646
2933
3701
1107
3809
1868
3430
2347
471
2364
1302
2580
3644
2977
592
1738
4012
2480
2924
1652
2944
3731
1112
3835
1875
3442
2356
473
2373
1308
2590
3658
3031
594
1744
4031
2546
2935
1658
2954
3760
1116
3860
1882
3454
2364
475
2381
1313
2599
3672
3082
597
1750
4049
2612
2946
1664
2964
3789
1120
3883
1887
3466
2373
477
2389
1316
2607
3685
3133
599
1757
4067
2675
2956
1670
2974
3817
1124
3906
1894
3477
2380
479
2397
1321
2616
3698
3181
601
1762
4084
4
2736
2965
1676
2983
3842
1127
3929
1900
3488
2388
480
2404
1326
2624
3710
3228
603
1767
4100
69
2796
2975
1681
2991
3868
1131
3950
1905
3497
2395
482
2411
1330
2631
3721
3274
605
1773
4115
223
2853
2984
1685
3000
3892
1134
3970
1910
3507
2401
483
2417
1333
2638
3731
3318
606
1777
4130
361
2908
2992
1690
3007
3916
1138
3990
1915
3516
2408
484
2424
1337
2645
3742
3360
608
1782
4144
489
2962
3000
1694
3015
3939
1140
4009
1920
3526
2414
485
2430
1340
2652
3752
3401
609
1787
4158
624
3014
3008
1699
3022
3960
1143
4027
1924
3534
2420
486
2436
1343
2658
3762
3441
610
1791
4172
745
3065
3015
1703
3029
3981
1146
4045
1929
3542
2425
487
2442
1346
2664
3771
3479
612
1795
4184
870
3114
3022
1707
3036
4002
1148
4062
1933
3549
2431
489
2447
1350
2670
3780
3516
613
1799
4196
987
3162
3029
1710
3041
4021
1151
4078
1937
3556
2436
490
2451
1352
2675
3788
3553
615
1803
4208
1102
3209
3035
1715
3047
4040
1153
4094
1941
3564
2441
491
2457
1355
2681
3796
3587
616
1807
4220
1214
3254
3042
1718
3054
4059
1156
4110
1945
3571
2446
492
2462
1358
2686
3805
3621
618
1811
4231
1322
3297
3049
1722
3059
4077
1158
4125
1948
3577
2451
493
2467
1361
2691
3812
3655
619
1815
4242
1428
3339
3054
1726
3065
4093
1160
4139
1952
3583
2455
494
2471
1363
2696
3819
3686
620
1818
4252
1528
3380
3060
1729
3070
4109
1162
4153
1955
3589
2460
495
2476
1365
2700
3826
3716
621
1821
4261
23
1628
3420
3065
1731
3074
4126
1165
4166
1958
3595
2464
496
2479
1368
2704
3833
3746
623
1824
4270
139
1723
3458
3070
1734
3079
4140
1166
4178
1961
3600
2467
497
2483
1370
2708
3839
3775
624
1826
4278
292
1815
3495
3075
1737
3083
4155
1169
4190
1963
3605
2470
498
2486
1372
2712
3845
3802
624
1830
4287
413
1906
3531
3079
1739
3087
4169
1170
4202
1966
3610
2474
498
2489
1374
2715
3850
3828
3
626
1832
4295
547
1992
3566
3083
1742
3090
4181
1171
4212
1968
3614
2477
499
2492
1376
2718
3855
3854
60
626
1834
4302
671
2077
3599
3087
1744
3094
4194
1173
4223
1970
3618
2480
499
2495
1377
2721
3860
3879
204
627
1836
4309
792
2158
3631
3090
1746
3097
4206
1174
4233
1972
3621
2482
500
2498
1379
2724
3865
3902
336
628
1838
4315
912
2238
3662
3094
1747
3100
4218
1175
4242
1974
3625
2485
501
2500
1380
2727
3868
3925
457
628
1840
4321
1024
2315
3692
3098
1749
3103
4230
1176
4252
1975
3628
2487
500
2502
1381
2729
3872
3947
586
629
1842
4327
1136
2389
3721
3100
1750
3105
4239
1177
4260
1977
3631
2489
502
2504
1383
2731
3876
3968
701
630
1843
4332
1243
2461
3750
3103
1752
3108
4249
1179
4268
1979
3634
2491
502
2506
1384
2733
3880
3989
821
630
1845
4338
1348
2531
3777
3105
1754
3110
4259
1179
4276
1980
3636
2493
502
2508
1384
2735
3883
4009
933
630
1846
4342
1450
2598
3804
3108
1755
3112
4268
1180
4284
1981
3638
2495
503
2510
1385
2737
3886
4028
1043
630
1847
4347
1548
2664
3829
3110
1756
3114
4277
1181
4291
1983
3641
2497
503
2511
1387
2738
3889
4046
1150
631
1849
4352
1643
2728
3854
3112
1757
3116
4285
1182
4298
1983
3642
2498
503
2512
1387
2740
3891
4064
1254
632
1850
4356
1736
2789
3878
3114
1759
3117
4293
1183
4304
1984
3644
2499
503
2514
1388
2741
3894
4080
1355
632
1851
4359
1826
2849
3900
3116
1759
3118
4301
1183
4310
1985
3646
2500
503
2515
1389
2742
3896
4097
1452
632
1851
4363
1913
2906
3923
3117
1760
3120
4307
1183
4316
1986
3647
2501
504
2516
1389
2743
3898
4113
1548
632
1852
4366
1998
2962
3944
3119
1761
3121
4314
1184
4321
1986
3648
2502
504
2517
1390
2743
3899
4127
1640
632
1853
4369
2079
3016
3965
3120
1761
3121
4321
1184
4327
1987
3649
2503
504
2518
1390
2745
3901
4142
1729
632
1854
4371
2159
3069
3984
3121
1762
3122
4327
1185
4331
1987
3650
2504
504
2518
1390
2746
3902
4155
1817
633
1854
4374
2236
3119
4004
3122
1763
3123
4332
1185
4336
1987
3650
2504
504
2518
1390
2745
3903
4169
1901
632
1854
4376
2311
3169
4022
3123
1763
3123
4338
1185
4340
1988
3651
2505
504
2519
1391
2746
3905
4182
1983
633
1855
4377
2383
3216
4040
3124
1764
3123
4343
1185
4344
1988
3652
2505
504
2519
1391
2747
3906
4194
2063
633
1855
4380
2454
3262
4057
3124
1764
3124
4348
1185
4348
1988
3652
2505
504
2519
1391
2747
3906
4206
2140
633
1856
4382
2522
3307
4074
3125
1764
3124
4352
1186
4351
1988
3652
2506
504
2519
1392
2746
3907
4217
2215
633
1856
4383
2588
3350
4089
3126
1764
3124
4357
1186
4355
1988
3653
2506
504
2519
1392
2747
3907
4228
2288
633
1856
4384
2651
3392
4104
3125
1764
3123
4361
1186
4358
1988
3652
2505
504
2519
1391
2747
3907
4238
2359
633
1856
4385
2714
3432
4120
3125
1764
3123
4364
1185
4360
1988
3651
2505
504
2519
1391
2746
3907
4248
2428
633
1856
4385
2774
3471
4133
3126
1764
3123
4367
1186
4362
1988
3651
2505
504
2518
1391
2745
3907
4257
2494
633
1856
4386
2832
3509
4147
3125
1764
3122
4370
1186
4365
1987
3651
2505
504
2518
1391
2745
3907
4266
2559
634
1855
4387
2889
3545
4160
3125
1764
3122
4373
1186
4366
1987
3650
2504
504
2518
1391
2745
3906
4275
2622
633
1855
4387
2944
3581
4172
3125
1763
3121
4376
1185
4368
1986
3650
2504
504
2517
1391
2745
3906
4283
2683
632
1855
4387
2996
3615
4184
3124
1763
3120
4377
1185
4370
1986
3648
2504
503
2517
1390
2744
3905
4290
2742
633
1855
4387
3048
3648
4196
3123
1763
3119
4380
1185
4371
1985
3647
2502
503
2516
1390
2743
3904
4298
2799
632
1854
4387
3098
3680
4207
3123
1763
3118
4382
1184
4373
1984
3646
2502
503
2515
1389
2742
3903
4305
2855
632
1853
4386
3146
3711
4217
3121
1762
3117
4383
1184
4374
1984
3645
2501
503
2514
1389
2742
3903
4311
2908
632
1853
4386
3192
3740
4227
3121
1761
3116
4385
1183
4374
1983
3643
2500
503
2513
1388
2740
3901
4317
2961
632
1852
4385
3238
3769
4237
3120
1761
3115
4387
1183
4375
1982
3642
2499
502
2512
1388
2738
3900
4323
3012
631
1852
4383
3282
3796
4246
3119
1760
3113
4388
1183
4376
1982
3641
2499
502
2512
1388
2738
3899
4329
3061
631
1851
4383
3324
3823
4255
3117
1760
3112
4388
1182
4376
1981
3639
2497
502
2511
1387
2736
3898
4334
3108
631
1851
4382
3365
3849
4264
3117
1759
3111
4389
1182
4375
1979
3637
2496
502
2509
1386
2735
3896
4339
3154
630
1850
4380
3404
3873
4272
3115
1758
3109
4389
1181
4375
1979
3636
2495
502
2508
1386
2734
3894
4344
3199
630
1848
4379
3443
3897
4279
3114
1757
3108
4389
1181
4375
1978
3633
2494
502
2507
1385
2733
3893
4347
3243
631
1848
4377
3480
3921
4286
3113
1756
3106
4390
1180
4375
1976
3632
2492
501
2505
1384
2731
3890
4352
3284
630
1847
4376
3516
3943
4293
3111
1756
3104
4390
1180
4374
1975
3629
2491
501
2504
1384
2729
3888
4356
3325
629
1846
4374
3550
3964
4299
3109
1755
3102
4389
1179
4374
1974
3628
2490
501
2503
1383
2728
3887
4358
3365
629
1845
4373
3584
3985
4306
3108
1754
3100
4389
1178
4373
1973
3625
2489
500
2501
1382
2726
3885
4362
3403
629
1844
4371
3617
4005
4312
3106
1753
3099
4388
1178
4372
1971
3623
2487
500
2499
1381
2724
3882
4365
3440
628
1843
4368
3648
4024
4317
3105
1751
3096
4388
1177
4371
1970
3621
2485
500
2498
1380
2723
3880
4368
3476
627
1842
4366
3679
4042
4323
3102
1751
3095
4387
1176
4370
1969
3618
2484
500
2496
1379
2721
3879
4370
3511
628
1841
4364
3708
4061
4328
3101
1749
3092
4386
1176
4368
1967
3615
2482
499
2494
1378
2718
3875
4373
3545
627
1840
4361
3737
4078
4332
3099
1748
3090
4385
1175
4367
1966
3614
2480
499
2492
1378
2717
3873
4375
3577
627
1838
4358
3764
4094
4336
3097
1747
3088
4383
1174
4366
1965
3611
2479
498
2491
1376
2715
3871
4376
3609
627
1837
4356
3791
4110
4340
3095
1746
3086
4382
1173
4364
1963
3608
2477
498
2489
1375
2713
3868
4378
3639
626
1836
4354
3816
4125
4344
3092
1745
3083
4380
1172
4362
1962
3605
2475
498
2488
1374
2711
3865
4379
3669
625
1834
4351
3841
4139
4348
3090
1743
3081
4379
1172
4360
1960
3603
2473
497
2486
1374
2709
3863
4380
3697
625
1833
4348
3864
4153
4351
3088
1742
3079
4377
1170
4358
1959
3600
2471
497
2484
1372
2707
3860
4381
3725
625
1831
4345
3887
4167
4354
3085
1741
3076
4375
1169
4356
1957
3597
2469
497
2482
1371
2704
3857
4382
3752
624
1830
4342
3910
4179
4357
3084
1739
3074
4373
1169
4354
1956
3594
2467
496
2480
1371
2702
3854
4383
3777
623
1829
4339
3931
4192
4359
3081
1738
3071
4371
1168
4351
1954
3591
2465
496
2478
1369
2700
3851
4383
3802
623
1827
4336
3952
4204
4362
3078
1737
3069
4369
1167
4349
1952
3588
2463
494
2476
1368
2698
3848
4383
3827
623
1826
4333
3972
4216
4364
3077
1736
3067
4367
1166
4347
1951
3585
2461
495
2473
1367
2696
3846
4383
3850
622
1824
4329
3990
4226
4366
3074
1734
3063
4365
1165
4344
1949
3582
2459
495
2471
1365
2693
3842
4383
3872
621
1823
4326
4009
4237
4367
3071
1733
3061
4362
1164
4341
1948
3578
2457
494
2469
1364
2690
3839
4383
3894
621
1822
4323
4027
4246
4368
3069
1731
3058
4360
1163
4338
1946
3575
2455
494
2467
1364
2689
3835
4382
3915
620
1820
4320
4043
4255
4370
3066
1730
3055
4357
1162
4336
1944
3572
2453
493
2465
1362
2686
3833
4382
3935
620
1818
4316
4060
4265
4370
3063
1729
3052
4354
1161
4333
1941
3569
2451
492
2462
1361
2684
3828
4381
3955
619
1817
4312
4076
4274
4372
3061
1727
3049
4352
1160
4330
1940
3566
2449
491
2460
1359
2681
3825
4380
3974
618
1815
4309
4091
4281
4372
3057
1725
3047
4348
1159
4327
1939
3562
2446
492
2458
1358
2678
3823
4379
3992
618
1813
4305
4106
4289
4372
3055
1723
3044
4346
1158
4324
1936
3559
2444
491
2456
1357
2675
3819
4378
4009
618
1812
4301
4120
4297
4373
3052
1722
3040
4343
1157
4321
1935
3556
2441
490
2453
1356
2673
3815
4377
4026
617
1810
4298
4133
4304
4373
3049
1721
3038
4339
1156
4317
1933
3552
2439
490
2451
1355
2671
3812
4375
4043
616
1808
4294
4146
4310
4373
3047
1719
3035
4336
1155
4314
1931
3549
2437
490
2448
1354
2668
3808
4373
4058
616
1807
4290
4158
4316
4373
3044
1717
3032
4333
1153
4311
1929
3545
2434
489
2446
1352
2666
3804
4372
4074
615
1805
4286
4171
4322
4373
3041
1715
3029
4330
1152
4307
1927
3542
2432
489
2443
1351
2663
3801
4370
4088
614
1803
4282
4182
4328
