4
12
10
16
5
4
4
7
2
10
11
12
3
8
140
7
3
7
4
12
11
8
2
6
3
6
8
2
5
12
10
13
7
148
34
13
6
3
17
24
18
23
17
15
17
19
15
16
19
7
11
20
21
17
171
26
14
12
4
23
30
23
27
21
28
16
27
16
23
21
7
13
26
26
25
186
14
12
9
5
5
15
27
21
28
17
29
14
22
17
24
23
7
11
23
25
22
196
13
5
22
30
23
32
22
22
21
27
16
26
25
8
14
27
28
18
200
32
8
9
16
23
17
24
17
23
11
20
9
21
16
7
11
23
23
14
195
40
10
6
14
18
12
17
7
20
16
2
15
12
10
12
21
17
16
198
25
14
3
21
12
14
6
5
11
12
8
3
14
14
19
13
4
194
1
7
3
4
12
13
17
9
11
1
12
16
17
7
10
14
22
17
18
202
17
15
14
12
18
22
12
33
18
8
23
25
15
11
12
24
22
32
215
29
34
21
16
5
31
35
25
50
38
54
33
40
15
44
35
16
19
33
44
32
238
13
11
11
1
19
23
11
18
9
28
16
30
14
22
1
10
20
15
11
114
8
8
8
8
15
19
14
10
16
10
24
5
16
5
11
19
15
94
7
3
6
3
12
16
9
1
15
3
20
1
9
9
9
17
6
74
18
6
9
14
2
22
23
17
14
5
16
13
22
8
12
11
15
25
13
10
62
16
6
1
5
19
4
27
26
15
7
6
15
17
23
13
17
7
15
29
14
9
53
9
9
7
3
3
21
29
26
23
6
27
18
20
22
15
20
4
14
30
12
14
47
11
4
10
27
6
36
31
36
18
38
21
30
25
28
26
2
19
36
27
22
43
23
5
12
23
27
21
12
13
21
11
21
14
18
17
5
18
30
18
8
28
17
10
14
16
16
10
1
11
12
7
10
3
3
9
12
16
23
7
12
8
7
13
5
10
14
8
11
14
12
9
10
3
10
10
13
12
19
16
2
7
5
6
6
8
2
27
4
12
6
4
3
11
9
14
8
31
2
3
6
3
5
4
3
1
11
8
10
1
2
10
9
2
3
8
11
1
11
3
7
9
3
11
7
10
7
14
9
15
18
10
30
13
23
9
17
3
16
15
12
14
20
22
33
6
3
7
5
13
19
9
25
9
20
1
18
5
18
13
5
10
19
18
19
13
1
4
9
12
2
25
11
18
4
14
14
9
7
9
13
14
22
17
2
2
1
17
9
1
4
5
4
7
5
9
6
8
5
4
6
11
5
17
3
3
1
12
7
2
5
14
3
13
2
1
1
14
15
19
11
5
1
6
10
12
7
3
15
26
2
1
3
2
16
3
5
11
5
4
3
9
41
8
3
8
2
4
6
16
5
5
2
5
34
6
3
20
4
15
8
4
2
9
7
9
2
10
10
1
23
14
13
4
7
7
38
20
23
21
14
14
17
19
8
3
6
23
29
4
3
12
6
12
12
17
18
27
23
11
25
21
25
26
27
3
6
15
29
15
18
42
3
3
10
8
13
15
25
14
4
19
15
21
19
23
1
11
21
12
23
27
3
4
6
2
8
11
10
13
21
20
11
17
11
18
6
15
5
8
13
5
7
14
15
7
14
20
17
16
19
15
17
2
4
12
14
2
4
14
6
13
14
15
16
16
15
12
19
9
15
2
6
13
15
13
18
25
5
6
7
8
6
3
3
10
4
4
1
7
1
4
18
25
8
9
6
3
8
4
9
3
8
4
8
13
9
3
6
8
8
11
5
10
5
5
3
10
12
9
1
10
7
5
14
7
22
15
2
28
29
33
19
19
21
20
23
18
18
3
10
27
18
1
3
17
4
14
2
26
27
14
8
14
14
16
20
12
13
6
14
26
9
20
5
3
2
12
14
10
4
6
6
4
7
1
4
6
9
17
5
6
4
10
13
21
5
6
1
1
8
3
5
10
19
7
6
4
2
4
6
2
10
4
2
10
10
12
1
16
5
6
5
7
11
8
7
8
5
8
4
16
12
5
18
2
9
3
15
12
8
9
2
13
17
16
10
1
3
3
1
7
15
9
21
9
7
2
4
7
7
1
10
5
10
13
7
7
5
7
1
5
4
17
5
11
1
15
3
1
4
11
60
2
3
5
2
10
10
8
10
9
1
11
7
3
6
12
45
45
8
4
4
8
5
11
1
9
7
4
2
54
22
5
6
1
15
2
11
1
6
6
5
2
57
9
5
2
4
16
13
3
9
1
4
3
4
7
61
30
9
2
3
20
25
21
30
26
28
25
29
21
24
20
7
13
21
19
14
78
35
1
5
16
20
17
23
16
20
16
24
17
17
13
4
10
18
14
13
31
5
7
6
6
2
6
9
3
1
5
5
8
12
10
2
2
4
14
18
12
23
14
16
18
21
15
15
12
9
9
16
10
55
6
3
1
9
14
9
23
14
9
18
14
13
12
13
10
6
12
13
21
37
3
2
2
10
11
7
9
14
16
7
13
10
8
9
11
7
12
9
24
17
7
4
1
15
1
14
12
6
7
5
7
10
1
2
4
7
5
6
4
15
9
12
14
5
5
7
6
11
3
4
6
11
18
1
3
2
8
12
12
16
16
15
10
10
11
8
8
9
10
13
7
17
3
21
7
1
9
11
10
2
15
9
5
10
7
7
8
7
9
3
1
6
9
4
1
9
16
19
18
12
19
15
11
17
13
15
12
11
16
12
20
5
5
2
2
8
15
5
7
9
11
1
14
4
7
10
7
13
3
9
6
4
6
1
9
18
27
10
15
1
1
16
4
10
4
6
17
4
20
7
12
5
15
2
12
4
5
8
17
1
4
13
6
4
22
12
3
9
10
19
5
5
9
2
1
10
12
17
5
13
8
6
10
3
17
7
4
1
24
7
16
2
10
10
15
17
20
1
3
3
2
5
2
10
11
12
3
12
2
1
2
12
5
4
6
12
10
6
11
5
13
3
15
5
10
1
2
1
12
12
15
18
38
14
3
16
11
7
37
18
26
17
17
10
12
10
9
12
19
12
22
16
4
3
11
6
3
14
1
12
3
9
4
2
8
7
14
9
5
4
4
16
3
14
11
12
15
15
11
4
9
11
19
12
8
4
2
3
13
15
15
14
3
19
12
17
19
7
7
8
9
17
3
19
43
14
7
22
3
15
18
19
11
14
24
21
20
23
9
11
14
10
18
8
16
32
12
7
5
13
4
18
19
32
10
22
16
22
23
16
11
8
6
15
12
16
22
20
6
36
8
9
9
4
13
6
14
14
9
7
14
6
7
4
12
2
11
11
5
4
9
7
38
9
19
2
16
15
16
13
5
1
5
15
15
29
6
8
3
5
3
46
9
13
4
13
12
11
9
3
2
3
12
29
17
8
6
12
9
16
9
4
5
1
5
13
2
6
6
1
5
11
27
15
1
3
4
5
4
9
5
13
5
11
4
3
3
10
1
1
19
19
6
1
5
3
10
10
7
9
2
9
1
7
10
3
4
10
5
29
1
6
7
7
4
7
1
4
3
4
2
3
8
5
7
3
1
25
2
17
7
5
3
7
2
2
8
1
4
4
5
9
4
4
2
13
12
7
5
16
15
27
15
12
26
9
21
12
20
7
8
16
20
17
13
47
10
4
17
3
2
8
5
6
12
9
9
3
2
135
54
5
4
3
3
5
2
11
7
7
5
238
38
1
2
8
10
24
17
13
1
11
6
11
9
10
15
12
15
350
20
6
2
7
8
10
11
2
16
2
16
1
11
2
7
17
16
19
13
6
532
24
4
2
4
7
6
8
3
19
4
3
3
8
14
12
16
607
39
4
10
6
14
13
6
10
9
12
18
1
398
15
16
16
11
7
12
2
11
2
12
7
18
26
2
37
38
5
8
2
30
27
21
11
6
17
11
22
12
19
9
8
23
36
7
70
17
6
6
27
5
23
17
22
2
24
21
7
15
6
6
20
35
9
72
44
8
5
21
11
4
7
14
11
1
6
16
26
6
48
24
6
21
10
2
11
17
16
12
4
7
16
24
18
39
15
2
1
19
11
4
20
6
22
8
13
1
4
10
9
14
23
6
11
36
3
1
5
20
13
7
19
14
25
21
17
9
8
14
11
14
23
14
1
21
33
2
6
12
8
4
17
8
20
16
12
9
4
11
9
9
17
12
2
20
25
12
13
10
6
32
12
24
12
16
11
12
12
5
7
15
15
27
6
29
3
3
10
13
10
6
24
18
25
19
16
13
12
15
5
6
12
20
16
16
8
6
5
15
18
13
31
21
32
29
23
23
23
23
5
4
13
24
15
46
5
9
9
10
19
13
23
25
27
24
23
23
26
24
5
8
26
16
35
4
4
14
5
1
22
10
15
5
11
12
12
12
5
20
11
30
4
1
12
25
4
5
4
6
6
7
4
10
8
14
10
9
17
24
7
24
7
8
18
10
24
16
42
3
6
2
6
12
1
9
1
2
12
9
21
4
46
11
13
12
7
8
6
5
16
14
20
6
5
37
16
14
17
14
31
6
2
4
22
16
34
13
12
16
3
12
11
5
1
8
6
17
9
7
25
6
6
24
6
6
11
7
13
3
20
17
16
30
21
16
6
26
27
20
16
7
16
23
16
31
28
30
22
14
10
8
13
13
11
11
1
9
13
15
18
7
28
8
9
17
7
1
2
3
4
5
17
8
5
18
1
4
7
3
22
8
13
5
3
1
12
8
18
9
1
11
29
22
22
1
18
5
15
3
3
3
12
10
11
7
8
14
28
16
4
2
4
5
5
9
5
12
8
1
5
5
7
16
14
16
9
19
27
4
2
3
4
10
1
6
11
2
6
10
2
5
3
2
12
18
23
4
6
23
10
14
2
8
11
13
7
15
8
8
8
10
8
3
18
30
11
29
28
5
8
25
8
19
17
11
11
20
14
19
14
13
10
7
23
38
13
5
34
19
4
29
3
24
15
18
3
20
12
23
10
11
5
1
21
37
7
30
6
6
33
7
34
22
18
6
29
14
29
13
17
9
1
21
41
8
12
30
1
8
8
38
9
39
25
19
7
26
13
33
16
15
9
5
23
44
7
5
33
19
12
31
7
34
23
16
22
9
27
15
10
6
1
16
37
5
32
5
8
28
9
36
27
18
6
24
9
28
21
15
13
5
15
35
11
6
40
10
26
6
33
26
17
8
19
4
25
18
11
10
2
11
31
8
42
17
21
8
30
26
1
12
15
22
21
11
10
10
28
10
44
3
4
11
6
28
15
41
36
17
14
29
26
34
32
25
25
7
14
35
21
8
64
9
1
4
21
8
34
31
32
11
25
25
28
27
21
22
2
7
26
18
17
67
2
6
1
12
20
18
8
9
17
17
18
16
10
13
7
4
13
10
3
60
7
8
4
3
10
20
19
25
24
27
15
20
18
16
17
11
5
12
26
16
72
10
14
1
2
6
5
22
11
8
5
5
7
7
8
19
4
76
9
6
3
7
9
6
9
9
12
74
12
5
6
9
12
21
7
3
13
17
9
82
3
6
9
18
15
13
9
4
5
12
21
5
93
14
9
5
13
9
9
3
3
4
10
20
14
104
37
6
8
4
6
8
1
4
10
15
9
111
27
12
14
2
16
24
8
11
15
17
11
27
14
133
11
12
17
1
28
22
15
10
6
20
25
9
34
15
155
1
22
19
18
1
10
21
18
14
10
5
17
22
14
25
24
157
3
47
33
24
24
5
12
23
33
25
34
6
20
29
36
22
39
9
173
5
19
8
16
3
12
34
26
21
26
5
23
27
36
11
38
18
180
1
10
11
2
1
10
28
26
21
21
6
19
27
31
9
30
37
186
16
10
10
2
9
21
25
17
29
5
20
24
29
12
29
2
182
14
7
4
25
4
16
6
20
3
18
15
22
12
19
21
177
2
5
5
10
7
9
12
17
18
22
11
22
22
26
4
1
21
15
186
3
4
17
2
6
15
17
41
23
30
31
19
29
30
33
7
27
9
189
11
9
5
6
19
13
8
21
18
12
22
22
25
26
28
28
30
7
1
13
25
11
186
13
31
10
6
8
15
8
25
22
38
26
33
33
30
30
34
31
7
1
15
27
15
184
6
18
3
3
4
2
8
6
18
16
21
9
25
23
21
24
23
20
6
1
11
11
15
168
10
9
9
9
4
16
14
18
9
16
16
18
20
16
14
4
2
10
7
6
155
15
1
1
12
11
18
14
25
24
21
24
21
28
26
30
22
23
4
10
19
20
13
161
12
26
5
9
15
14
19
18
8
3
5
10
20
22
16
12
6
14
8
1
145
17
16
4
2
14
16
6
22
21
37
10
24
19
26
26
25
19
5
14
11
16
141
18
16
7
3
3
3
14
13
4
17
16
16
7
27
22
20
24
16
14
6
7
12
7
14
130
12
1
2
2
4
9
4
12
12
15
3
14
5
15
16
8
6
5
5
8
3
10
109
14
28
6
4
5
10
11
11
10
7
12
12
14
8
7
10
6
7
1
8
95
7
22
7
1
19
5
3
5
4
7
3
7
9
3
2
9
69
2
14
17
7
12
9
1
13
15
21
12
10
19
13
16
11
12
12
9
11
11
33
66
3
15
12
17
6
9
9
20
5
9
6
8
10
5
7
11
9
9
5
6
47
36
12
6
9
2
1
4
5
9
3
9
1
4
5
2
2
11
9
6
2
8
26
45
23
12
6
3
4
3
10
9
11
6
5
3
6
3
13
10
7
6
24
6
4
23
20
17
1
22
2
14
5
1
13
6
4
3
3
8
8
9
6
13
1
9
5
12
8
2
1
22
10
19
18
10
9
6
6
14
6
18
15
38
25
15
3
2
32
11
17
6
2
3
16
8
1
10
15
15
24
16
16
4
21
12
12
2
2
3
15
9
11
28
7
12
17
18
16
7
8
13
5
9
9
2
27
20
15
19
7
5
13
1
38
27
22
11
3
2
25
14
19
8
10
10
8
16
1
20
31
20
28
27
15
7
14
14
1
25
34
26
22
20
4
19
19
18
4
3
31
40
22
21
18
9
2
8
24
6
13
11
10
7
11
12
21
17
13
1
11
17
5
23
12
11
19
3
18
12
9
5
17
18
29
22
18
1
16
26
14
17
14
27
24
28
16
29
23
12
10
21
24
19
22
19
5
19
27
19
30
20
14
25
28
20
28
28
11
1
14
26
27
15
14
12
10
11
22
6
28
23
27
20
27
24
27
23
24
26
9
4
19
25
15
25
18
23
5
27
14
39
35
32
25
49
31
38
35
36
36
11
6
28
34
30
24
21
16
10
30
23
42
40
37
27
35
32
38
40
35
37
7
8
34
27
29
15
6
4
11
28
20
37
36
18
13
29
27
30
35
24
29
5
8
31
19
7
4
11
23
10
27
22
35
35
9
21
20
25
26
34
19
25
8
11
33
20
8
11
23
19
31
31
13
11
15
23
22
30
16
20
8
30
11
3
15
9
14
13
24
24
13
3
3
16
15
24
10
14
6
23
7
6
7
3
10
8
11
8
18
17
7
7
10
9
16
4
11
5
7
20
7
11
8
13
7
19
16
1
2
12
11
10
14
6
10
2
9
20
5
7
3
2
3
5
13
6
17
14
3
11
6
9
9
6
5
6
11
21
5
8
12
6
17
15
21
8
21
2
13
10
14
12
9
21
13
1
5
5
9
7
11
2
14
6
1
11
7
2
7
15
9
4
1
3
4
6
6
1
5
5
1
17
13
1
3
3
7
10
8
6
3
3
3
5
15
13
5
5
5
7
4
7
6
2
15
15
10
10
2
4
5
5
9
10
3
11
23
10
27
22
35
35
9
21
20
25
26
34
19
25
8
11
33
20
8
11
23
19
31
31
13
11
15
23
22
30
16
20
8
30
11
3
15
9
14
13
24
24
13
3
3
16
15
24
10
14
6
23
7
6
7
3
10
8
11
8
18
17
7
7
10
9
16
4
11
5
7
20
7
11
8
13
7
19
16
1
2
12
11
10
14
6
10
2
9
20
5
7
3
2
3
5
13
6
17
14
3
11
6
9
9
6
5
6
11
21
5
8
12
6
17
15
21
8
21
2
13
10
14
12
9
21
13
1
5
5
9
7
11
2
14
6
1
11
7
2
7
15
9
4
1
3
4
6
6
1
5
5
1
17
13
1
3
3
7
10
8
6
3
3
3
5
15
13
5
5
5
7
4
7
6
2
15
15
10
10
2
4
5
5
9
10
3
9
3
3
2
9
13
5
1
2
5
5
12
12
5
1
11
4
6
10
5
1
4
10
12
6
8
1
2
11
9
3
4
5
5
5
12
9
4
9
9
2
9
12
4
6
11
3
4
10
10
5
3
3
11
6
9
7
22
1
3
1
1
10
1
5
2
9
5
4
5
12
7
8
3
5
8
10
12
19
8
6
2
21
10
10
12
1
4
7
5
8
13
21
8
7
5
7
10
21
20
7
4
1
2
4
5
8
1
25
15
1
22
1
2
3
4
6
3
16
1
1
1
1
2
2
11
18
18
20
20
4
17
15
21
2
6
7
18
18
3
13
1
3
5
5
12
20
24
16
24
16
13
23
23
25
1
5
14
25
14
26
1
8
10
7
17
23
21
17
10
14
23
18
20
5
19
9
5
10
5
12
27
3
35
26
42
43
29
21
31
30
36
39
36
36
10
20
41
27
19
10
3
18
22
7
40
30
44
43
24
21
39
20
40
37
36
32
10
21
45
28
23
21
2
14
10
12
33
10
35
29
9
31
10
32
23
27
20
6
16
35
12
3
52
3
16
9
9
9
6
11
10
7
10
13
8
2
5
16
15
10
6
13
5
11
6
8
9
12
11
2
16
10
3
4
6
14
16
6
14
12
6
15
5
18
7
1
1
4
13
15
13
5
16
7
21
10
1
9
8
9
10
5
14
5
5
13
7
7
9
8
2
11
3
4
16
8
6
13
6
21
1
17
8
18
19
3
9
6
15
10
4
14
20
30
25
18
6
18
21
11
29
12
1
2
21
3
6
6
3
6
3
11
11
4
1
1
4
16
27
6
20
4
4
18
20
9
29
7
13
5
18
2
6
2
25
12
14
9
8
2
17
18
12
18
19
10
7
7
13
9
24
8
30
10
10
5
17
18
5
2
4
17
13
5
12
5
1
15
19
16
18
9
28
12
16
10
20
21
8
6
13
21
17
12
7
27
21
28
2
27
21
25
20
25
19
23
15
20
23
12
12
23
19
33
1
2
4
25
8
31
25
22
14
28
