20
34
33
44
45
21
25
47
42
38
28
116
54
21
36
31
34
36
36
28
47
30
43
25
69
13
34
9
11
18
17
69
9
20
66
9
48
33
14
17
36
36
31
103
50
31
33
88
32
18
136
3
35
28
56
55
142
124
89
67
67
113
65
35
181
75
363
13
38
30
62
59
102
115
87
56
79
122
80
5
39
205
131
598
1002
377
10
29
24
58
54
64
105
56
46
57
106
62
4
33
183
289
1140
1590
746
5
25
27
51
52
40
92
50
31
56
88
69
29
135
1
459
346
260
7
27
29
53
57
20
94
39
30
55
88
91
30
139
11
6
30
34
52
54
16
97
40
44
74
95
69
31
144
17
6
35
37
53
53
18
94
45
50
84
101
54
32
139
23
33
30
47
46
80
34
46
66
75
60
29
104
1
23
24
15
34
30
72
12
32
31
60
56
20
44
14
2
24
17
38
33
10
79
14
35
27
81
34
21
31
35
279
608
162
13
28
21
48
43
55
85
25
46
32
103
42
1
27
100
259
923
1435
611
20
34
24
59
54
29
86
30
52
37
95
65
2
30
153
205
974
1216
630
11
4
34
35
68
67
1
72
50
49
57
80
76
33
166
15
6
14
6
36
37
66
64
4
75
51
44
62
87
68
34
142
20
6
43
38
67
58
30
97
41
59
69
102
62
36
105
25
2
48
34
70
60
26
121
32
77
51
118
64
38
110
25
2
42
28
60
52
27
119
34
67
39
120
62
35
132
22
4
38
27
49
46
31
109
37
66
44
117
55
1
32
140
67
377
5
23
1
36
27
46
41
34
107
44
69
63
116
45
1
31
125
132
552
945
375
21
29
27
44
41
29
99
42
37
63
112
54
2
28
95
301
1079
1577
751
19
3
30
24
39
38
32
106
37
51
45
115
76
27
32
40
507
459
310
19
3
34
23
38
34
30
115
35
59
42
121
77
27
12
18
2
34
25
37
29
27
118
34
57
49
125
72
28
13
18
2
41
25
48
32
26
126
37
81
42
131
69
31
15
19
1
42
25
57
40
11
124
35
86
43
123
66
33
33
19
44
33
71
60
116
24
85
64
109
54
38
26
21
49
34
83
73
2
108
19
96
56
112
45
1
44
25
36
206
537
132
18
41
29
76
64
4
92
25
64
45
115
47
3
40
58
250
839
1302
556
10
2
28
31
64
56
3
66
41
26
60
105
57
1
34
92
227
901
1206
619
11
2
31
31
68
55
7
72
36
33
57
106
58
35
104
14
39
29
77
60
8
90
25
46
44
113
56
38
140
13
39
30
71
56
6
88
29
45
47
116
55
37
197
17
1
42
31
67
51
12
98
32
55
54
129
52
38
182
24
46
30
68
49
14
111
24
63
58
137
39
1
39
157
26
50
28
89
61
7
104
21
71
48
134
36
3
44
121
274
31
53
25
91
60
6
112
18
87
36
139
32
5
44
134
146
497
851
320
26
46
22
71
51
110
15
74
33
133
41
5
38
181
305
1078
1547
713
22
41
27
63
58
93
22
58
40
125
47
3
38
209
79
542
596
376
18
1
33
31
49
55
9
71
38
36
58
124
59
34
179
15
8
34
38
54
60
12
77
55
44
73
123
73
35
172
21
7
48
42
75
74
12
102
49
73
74
132
63
43
192
27
1
53
39
77
72
14
122
34
78
68
156
48
46
200
27
49
36
78
73
5
112
31
72
56
146
52
1
46
204
26
43
35
68
63
8
98
23
59
56
135
49
2
41
201
49
178
540
124
30
49
39
78
69
5
102
19
73
70
132
28
4
47
228
241
740
1257
530
28
53
38
93
85
2
89
31
87
58
115
31
3
50
265
266
954
1315
667
25
53
44
95
89
11
84
42
86
65
113
41
50
253
63
49
25
2
49
45
82
81
19
89
49
72
73
128
46
47
238
25
5
45
48
67
70
24
95
34
57
99
141
49
43
205
25
1
46
41
69
65
19
100
21
62
83
148
47
41
185
29
45
29
72
64
27
106
26
57
43
161
39
40
209
30
44
30
68
64
31
108
39
59
45
160
36
1
39
224
258
28
39
27
55
52
34
104
30
60
46
153
38
1
34
198
125
412
819
308
36
44
25
48
44
45
121
17
75
48
173
31
3
34
162
314
1006
1565
715
36
47
32
56
47
50
128
19
80
65
192
28
1
37
186
119
612
700
412
35
50
28
64
56
55
133
20
81
48
192
39
38
211
36
53
28
65
61
57
142
20
84
39
194
37
39
193
32
53
35
72
72
44
129
30
84
51
177
40
41
190
29
47
39
67
75
32
113
34
66
67
159
39
39
161
30
41
35
50
45
28
107
24
63
84
150
27
33
118
29
41
28
51
34
21
104
23
74
67
141
21
31
80
36
146
509
94
35
41
10
48
28
29
114
10
69
6
149
27
3
28
55
227
695
1204
496
38
41
9
48
28
45
126
8
70
6
172
27
4
27
53
301
1025
1386
680
37
45
18
53
35
44
122
18
79
29
171
28
1
30
47
114
9
88
32
46
24
60
45
33
123
29
82
43
161
30
32
47
27
43
24
53
39
28
119
45
73
40
155
45
29
60
25
39
23
47
38
29
113
44
58
38
157
58
27
165
32
44
19
52
42
28
120
23
68
27
161
39
30
198
39
50
20
61
49
30
130
19
85
30
171
26
1
33
135
193
39
53
23
66
56
26
137
28
96
41
163
27
2
36
108
109
295
744
270
39
50
20
62
51
24
131
21
85
36
147
25
4
35
108
312
918
1516
698
31
44
21
57
45
25
105
28
66
34
128
37
1
32
103
147
610
800
474
28
42
25
58
48
29
84
36
63
42
123
46
31
119
27
2
44
31
65
58
27
97
38
64
54
135
48
34
129
31
4
50
34
71
62
31
120
36
73
60
149
53
37
151
31
2
48
35
75
64
26
107
38
68
58
138
49
37
178
29
1
44
34
75
66
15
101
43
64
51
126
41
37
188
32
43
29
64
55
17
119
38
64
47
140
38
34
205
15
465
81
30
1
36
24
50
41
17
112
48
54
46
134
42
27
246
208
495
1124
463
27
2
32
24
42
34
17
102
52
47
50
123
41
25
277
301
891
1421
707
24
6
36
27
44
36
12
94
48
60
62
115
55
25
276
51
120
162
24
7
38
35
53
42
10
102
39
63
90
124
54
29
263
30
1
39
27
46
34
29
128
29
58
66
155
41
27
204
28
37
19
49
37
26
116
28
48
28
149
43
26
183
25
30
19
38
29
15
99
27
32
35
129
43
23
163
24
25
21
25
20
10
90
26
29
53
111
40
21
151
125
30
31
13
27
21
3
104
24
48
27
111
34
22
163
113
186
691
232
29
32
11
36
28
97
19
45
15
96
27
24
191
291
798
1473
658
21
30
19
41
35
82
25
38
31
74
34
25
165
167
579
905
508
22
33
20
45
37
81
32
51
36
83
42
27
160
22
33
22
43
36
1
92
39
46
39
107
51
26
150
25
1
40
27
55
48
15
107
44
54
43
126
47
31
155
25
1
40
28
52
54
18
109
43
53
46
129
44
30
129
24
2
40
30
55
63
8
106
41
60
55
118
40
31
135
20
9
37
39
58
72
82
57
58
82
92
45
34
161
26
380
24
20
5
33
31
46
42
72
49
54
64
77
41
30
155
214
500
1043
417
28
36
18
30
10
105
36
65
35
101
37
25
120
321
953
1468
706
32
45
14
38
20
120
26
83
18
116
42
28
125
5
196
179
189
21
3
36
23
50
39
97
28
49
32
111
54
28
162
15
8
33
32
60
55
91
48
38
50
95
59
30
106
17
7
35
29
56
49
6
95
54
44
43
96
51
28
59
22
2
34
24
49
41
18
100
45
46
36
111
41
26
11
25
1
36
24
47
38
21
104
40
55
39
115
41
28
33
25
1
34
23
40
32
21
103
43
59
40
119
49
25
2
98
252
587
153
28
1
34
21
33
26
9
111
47
74
44
116
47
23
30
296
875
1362
577
27
3
33
21
31
21
2
115
47
72
42
115
48
21
29
218
781
955
502
20
3
27
22
32
26
98
42
43
40
115
54
19
21
6
30
24
31
27
3
116
59
49
44
124
58
19
41
18
11
33
32
40
38
7
111
70
52
56
115
63
24
103
15
9
34
34
51
47
4
93
56
52
63
100
63
27
111
17
3
34
30
53
43
89
38
53
52
93
48
27
81
17
32
26
53
46
91
40
52
44
92
47
27
63
2
34
306
20
31
22
47
39
98
37
50
32
96
45
25
74
200
579
922
353
20
32
20
50
39
92
34
56
30
94
41
25
71
333
1069
1456
686
15
3
30
26
47
38
88
44
49
51
92
52
24
91
47
362
267
217
12
9
26
34
39
37
90
55
35
83
90
48
23
94
12
11
23
37
35
36
83
61
24
89
88
46
22
110
13
7
28
30
43
41
80
50
34
52
80
56
23
121
19
31
19
46
38
83
29
48
21
90
45
23
103
17
29
22
48
42
75
38
47
35
81
38
24
118
17
28
19
42
36
75
43
47
35
75
37
22
127
81
273
554
148
16
22
16
34
29
68
38
33
38
72
36
19
122
281
896
1332
575
17
22
19
39
32
71
35
29
48
71
41
20
119
224
904
1059
565
19
27
19
36
29
80
35
39
44
72
42
20
97
19
26
18
31
24
82
37
42
38
81
44
20
89
19
1
31
17
38
22
83
37
59
27
78
50
22
138
17
2
33
19
47
28
80
35
59
27
68
51
24
200
13
3
26
21
45
33
61
46
34
34
45
57
23
247
13
1
20
17
27
27
72
43
22
28
59
50
19
272
11
51
310
17
25
16
35
30
84
26
35
25
71
31
23
269
159
560
882
339
17
27
20
50
39
71
29
31
31
57
25
27
282
325
1110
1506
703
14
22
20
38
29
70
28
17
32
65
34
23
343
74
508
412
289
13
19
17
27
19
71
23
12
26
73
41
20
387
12
1
21
17
25
14
69
33
24
25
68
47
19
489
12
4
21
19
18
13
70
47
24
30
71
51
18
557
12
16
14
12
16
67
42
10
24
72
44
15
592
14
16
15
16
17
65
42
10
29
68
37
16
587
12
4
16
19
23
22
56
52
13
40
57
41
17
572
64
289
564
156
18
20
11
27
19
63
33
24
21
63
33
17
537
265
875
1334
574
18
23
12
33
27
56
30
32
20
60
32
17
463
250
981
1194
608
14
1
23
17
39
36
54
34
28
29
52
36
18
386
41
13
6
25
23
44
42
61
43
34
42
44
44
21
319
13
10
28
30
51
52
64
51
31
55
46
55
23
216
14
10
29
31
55
55
64
52
32
59
55
56
24
74
13
11
29
32
51
53
52
51
34
69
52
52
25
15
9
27
28
44
39
45
45
34
67
41
47
23
55
293
17
3
24
20
41
35
56
42
25
42
41
48
22
160
576
861
327
17
3
24
21
42
40
63
49
28
37
41
51
22
316
1154
1513
701
12
10
22
24
39
38
53
62
25
46
44
55
21
90
624
522
338
11
10
19
20
24
20
58
52
17
51
54
58
16
11
9
18
22
24
17
59
43
16
59
55
58
16
24
14
8
28
23
30
24
67
41
38
48
59
62
21
75
13
4
24
19
30
26
59
47
34
39
46
63
20
72
11
14
12
20
18
52
42
15
24
44
52
14
101
14
14
8
15
11
61
39
14
16
62
47
12
133
66
329
520
113
15
15
10
18
13
58
43
20
26
55
45
14
114
255
922
1260
522
16
18
15
12
9
55
43
31
44
50
38
13
115
275
1116
1280
649
16
22
13
19
13
61
31
35
35
61
43
15
132
165
24
10
6
15
16
20
17
54
32
21
45
58
48
13
125
11
4
19
12
24
20
59
36
23
24
64
44
13
115
6
9
6
19
16
30
27
57
43
18
29
60
43
15
115
13
3
20
18
32
29
59
41
15
38
63
40
18
121
18
22
17
34
30
67
38
20
35
67
41
21
112
34
251
20
22
13
32
25
71
37
23
25
67
41
20
102
116
579
813
281
20
19
11
24
19
74
33
11
25
65
34
17
93
301
1220
1535
682
20
25
17
27
23
71
33
30
37
59
33
20
99
93
787
648
380
18
2
27
19
32
27
69
38
33
37
63
35
21
104
17
3
25
19
35
29
75
41
24
31
71
43
21
93
17
6
26
21
37
29
83
44
30
32
77
51
19
80
17
6
23
18
32
25
78
43
28
34
75
53
17
96
14
7
19
18
30
25
64
46
25
39
67
59
16
122
13
6
18
18
33
29
56
43
23
40
62
59
16
146
24
259
506
93
14
6
20
19
37
33
58
43
26
45
57
57
18
111
211
830
1229
499
12
9
17
22
34
33
53
52
18
51
62
60
16
90
258
1114
1387
675
7
15
13
26
33
35
46
66
10
53
59
71
15
76
220
70
6
16
14
25
27
28
51
67
17
51
56
71
13
84
8
16
17
28
23
21
56
55
24
67
65
58
13
110
8
16
19
27
28
28
56
51
23
62
62
54
14
116
7
13
12
22
28
35
47
53
3
43
53
60
13
131
9
8
12
20
28
40
48
46
2
38
49
56
14
121
226
12
6
15
20
31
40
50
36
11
39
50
56
16
103
82
514
784
268
15
5
16
19
27
35
50
36
13
39
54
54
17
94
284
1171
1588
700
14
7
18
23
28
37
52
44
13
45
55
51
19
112
116
816
822
457
14
12
21
26
29
40
56
63
16
52
56
52
20
94
15
13
25
24
27
27
57
72
28
48
55
55
19
53
19
10
32
24
31
23
66
55
46
45
62
56
22
51
22
7
32
23
35
28
68
34
41
44
61
40
24
61
21
5
32
25
42
40
68
25
36
49
48
33
26
72
19
6
30
28
41
37
58
30
33
56
35
36
26
87
258
528
97
23
3
29
15
26
11
62
28
40
26
45
40
21
63
177
833
1230
487
24
26
3
12
71
19
51
65
39
16
46
266
1196
1528
731
19
1
20
5
11
65
24
32
71
46
14
61
333
159
165
1
14
6
16
11
4
58
32
21
17
69
59
12
95
3
12
11
19
19
23
13
62
37
16
32
74
63
17
114
5
13
10
23
22
39
26
71
35
18
30
77
53
22
103
16
4
23
15
41
19
69
31
19
15
76
46
21
92
17
4
21
13
37
10
67
34
18
11
68
47
20
88
214
17
4
17
8
19
67
34
19
12
68
47
15
84
55
478
781
254
2
17
5
13
7
4
66
37
22
19
70
51
12
102
258
1121
1580
690
16
10
14
14
9
4
71
45
15
30
75
58
14
133
127
872
948
507
16
14
18
23
18
14
2
81
46
20
51
82
57
17
138
3
15
16
19
24
25
18
72
48
22
56
77
54
19
117
5
18
13
24
17
30
21
72
45
27
21
81
61
20
118
4
18
9
24
13
26
15
68
36
30
11
78
57
19
108
1
18
7
22
11
22
11
78
32
34
13
78
56
18
102
19
6
19
11
21
10
6
79
29
28
16
82
56
17
91
220
516
72
18
5
16
13
19
12
71
38
20
22
76
55
16
90
170
777
1173
462
15
10
13
15
14
12
69
62
17
34
67
59
15
112
280
1197
1582
751
12
17
15
23
22
16
63
84
21
53
62
60
17
124
368
267
208
11
16
19
24
30
20
2
65
64
29
55
57
52
18
123
11
12
15
16
19
13
10
66
34
17
31
67
61
14
137
1
10
8
17
14
23
16
4
63
29
18
22
69
56
14
133
9
7
16
16
28
18
57
37
18
31
53
46
15
101
10
7
14
14
26
19
59
38
12
31
47
45
16
122
202
12
4
14
11
25
18
59
33
7
23
53
43
16
145
53
397
792
253
12
4
14
11
29
21
51
34
9
25
55
44
16
137
251
1025
1586
687
11
7
17
15
39
29
57
37
22
29
58
44
19
125
147
877
1103
579
11
9
22
17
41
27
66
37
30
30
66
48
21
107
10
12
18
17
30
20
4
66
42
19
32
71
55
17
139
12
13
20
16
27
18
3
5
66
45
23
28
72
60
16
183
13
11
27
18
36
18
71
44
46
38
66
51
19
184
12
10
28
20
48
22
63
37
56
46
53
41
21
165
16
7
27
13
50
25
68
40
53
25
57
43
20
151
141
521
71
12
10
13
11
19
6
64
55
19
34
56
47
10
146
152
703
1154
452
11
9
7
2
7
60
40
28
53
42
3
136
279
1199
1655
778
17
8
10
5
14
1
61
35
3
52
53
38
4
139
479
422
283
6
14
11
19
16
6
69
43
36
62
56
43
10
137
1
15
4
16
5
3
5
64
37
33
16
57
41
9
144
1
15
3
17
4
7
6
65
34
29
61
42
10
134
13
5
11
7
3
4
62
32
4
14
60
40
10
128
6
8
10
45
36
36
48
42
5
113
202
1
2
7
10
30
36
38
37
43
2
107
38
494
787
241
1
1
25
23
22
34
28
118
253
1138
1591
696
15
2
30
33
13
34
30
119
176
1086
1229
645
15
8
6
35
44
18
35
34
116
81
13
1
11
9
6
5
42
32
20
44
43
4
121
15
13
2
13
13
9
43
35
26
43
52
5
126
2
6
7
9
10
14
1
53
41
17
21
51
41
6
108
5
8
5
5
6
2
13
56
39
7
17
49
39
4
100
2
10
2
6
6
7
10
57
32
2
15
40
30
6
104
211
512
59
8
3
2
10
9
4
40
34
24
28
14
8
94
140
752
1109
423
6
2
8
4
6
26
26
21
28
13
7
83
290
1286
1689
791
6
3
7
13
12
38
16
20
38
21
9
83
26
622
542
359
9
5
4
10
2
47
9
15
40
20
7
88
12
10
8
52
5
3
43
21
7
108
11
15
13
57
5
15
49
19
10
118
10
8
16
48
11
4
40
23
8
109
10
7
16
53
7
3
35
19
7
96
144
2
9
3
5
47
32
3
3
93
45
466
743
233
4
7
38
2
25
1
2
97
245
1045
1485
643
11
5
10
50
7
34
3
1
5
101
207
1090
1284
663
15
10
14
64
5
12
48
10
7
111
114
28
1
13
6
9
61
8
3
51
14
5
106
11
9
14
3
57
10
7
53
16
7
124
10
8
1
14
60
16
6
4
53
26
7
121
13
8
14
64
17
9
52
28
7
112
16
10
19
66
12
15
53
23
1
9
101
184
461
46
15
8
15
63
15
11
51
27
1
8
88
135
699
1036
412
15
5
9
63
16
6
1
51
28
2
7
93
291
1238
1672
779
12
6
3
10
1
65
28
6
17
51
29
8
97
54
669
635
384
13
3
10
7
18
7
71
35
11
23
59
31
10
87
17
5
18
12
26
12
3
80
