4867
4838
4999
4999
4999
4838
476
4906
4838
4998
4838
4838
4999
4999
4838
4913
4909
4832
4971
4832
4999
4999
4999
4831
458
4997
4832
4998
4832
4832
4999
4999
4832
4906
4902
4825
4997
4825
4999
4999
4999
4824
447
4994
4825
4999
4825
4825
4999
4999
4825
4900
4896
4819
4999
4819
4999
4999
4999
4820
432
4999
4819
4999
4819
4819
4999
4999
4819
4893
4889
4813
4999
4812
4999
4999
4999
4859
418
4999
4812
4999
4813
4812
4999
4999
4812
4887
4883
4806
4999
4806
4999
4999
4999
4978
401
4999
4806
4999
4806
4806
4999
4999
4806
4880
4876
4800
4999
4822
4999
4999
4999
4995
391
4999
4800
4999
4800
4799
4999
4999
4800
4874
4870
4794
4999
4928
4999
4999
4999
4999
379
4999
4794
4999
4794
4793
4999
4999
4793
4867
4863
4794
4999
4999
4999
4999
4999
4999
346
4999
4794
4999
4796
4793
4999
4999
4794
4861
4857
4897
4932
68
4993
4700
4775
189
4715
4999
4872
138
100
28
92
4894
146
4878
4909
4893
4760
4693
36
4900
4854
4850
4997
4953
1465
4995
4206
4402
3027
4260
4994
4768
2125
1769
613
1497
4998
2178
4750
4996
4997
4405
4236
1161
4997
4848
4844
4978
4870
1056
4985
4138
4353
2211
4199
4987
4666
1549
1286
435
1085
4978
1588
4641
4980
4978
4365
4190
832
4979
4841
4837
19
30
42
9
3
105
15
1
120
1
123
30
2
3
140
140
58
31
95
96
96
96
61
59
59
59
56
56
68
81
6
6
3
3
81
8
10
10
95
97
12
16
16
107
112
7
7
118
126
130
2
2
138
142
2
2
147
153
1
1
158
163
167
172
176
180
184
188
192
196
199
202
206
211
215
219
223
227
230
234
237
240
243
246
250
252
254
255
257
259
261
262
264
266
267
268
270
271
272
274
275
275
276
277
278
280
281
282
282
283
284
284
285
285
286
287
288
288
289
289
289
290
290
290
291
291
291
292
292
292
292
292
293
293
293
293
293
293
293
293
294
294
294
294
294
294
294
294
293
294
294
293
293
294
293
293
293
293
292
292
292
292
292
291
291
292
291
291
291
291
290
290
290
289
290
289
289
289
288
289
288
288
287
287
287
287
287
286
286
285
285
285
285
285
284
284
284
283
283
282
282
282
281
281
281
281
281
280
280
279
279
279
278
278
278
278
277
277
277
276
276
276
275
275
274
274
274
274
273
273
273
276
276
276
275
275
274
274
274
274
273
273
273
268
268
268
267
268
272
272
270
271
271
270
270
270
269
269
269
269
269
268
193
339
95
20
161
73
51
42
63
116
75
25
20
6
18
320
22
62
200
309
35
43
11
255
339
341
77
157
35
140
132
94
78
123
158
161
57
48
16
42
96
59
166
135
102
104
137
35
124
52
95
23
124
152
34
148
125
89
74
115
152
147
51
42
14
38
128
52
145
140
129
89
116
29
136
176
124
11
72
59
12
63
47
34
28
43
59
54
19
16
5
15
73
19
53
64
72
33
41
11
69
42
73
2
14
2
13
12
7
81
14
8
25
4
19
19
14
13
18
23
24
10
8
3
8
10
9
25
16
11
17
20
7
15
63
8
4
21
25
4
22
19
14
13
18
24
23
9
7
2
8
22
8
23
21
22
15
18
6
22
5
19
2
16
12
10
1
9
7
5
5
7
9
8
4
3
1
4
13
3
9
9
13
7
6
3
12
67
12
1
1
2
1
1
1
3
2
1
2
3
1
1
1
2
3
3
1
1
2
1
1
4
7
4
5
4
5
4
5
6
3
3
1
4
5
3
6
3
4
5
4
3
5
57
2
2
2
1
67
6
7
4
4
3
4
4
5
1
5
3
2
1
4
6
2
5
3
6
4
3
2
5
46
4
1
2
1
1
1
1
3
1
1
1
2
1
21
4
5
2
2
3
3
2
3
1
3
3
2
1
3
5
2
3
2
5
3
2
2
4
54
3
2
3
1
2
2
2
2
2
1
2
2
1
1
3
3
1
2
1
2
3
1
2
2
60
2
3
1
1
2
1
2
1
2
2
1
1
3
4
1
2
1
4
3
1
2
3
1
3
4
1
2
3
3
2
3
1
3
3
2
1
3
4
2
4
2
4
4
2
2
3
2
2
3
1
2
2
2
2
2
2
2
2
1
3
3
2
2
1
3
3
1
2
2
1
3
5
1
2
2
3
2
3
1
3
3
2
1
4
4
2
4
2
4
4
2
2
3
2
3
4
1
2
2
3
1
3
2
3
3
2
2
3
4
2
3
2
3
3
1
2
3
4
2
4
4
1
3
2
3
2
3
2
3
3
2
1
3
4
2
3
1
4
3
1
2
3
2
3
5
1
3
2
3
2
3
2
3
3
3
2
4
4
3
3
2
4
4
2
2
3
42
1
3
4
1
2
2
3
2
3
2
3
3
2
2
4
4
3
3
2
4
4
2
2
3
122
2
4
4
1
3
2
3
2
3
2
3
3
2
2
4
4
3
3
2
4
4
2
1
3
141
1
4
5
1
3
2
3
2
3
2
3
3
3
2
4
4
3
3
2
4
4
2
2
3
78
1
4
5
3
3
3
2
3
2
3
3
3
3
4
5
3
4
2
5
4
2
2
3
32
2
4
5
1
3
3
3
2
3
2
3
3
3
2
4
5
3
4
2
5
4
2
2
3
44
2
4
5
1
3
3
4
2
4
2
3
3
2
2
4
5
3
4
2
5
4
2
2
3
43
2
4
5
1
3
3
4
2
3
2
4
3
2
3
5
5
3
4
2
5
4
2
2
3
2
4
5
1
3
3
3
2
4
2
4
4
3
3
5
5
3
4
2
5
4
2
2
4
2
4
6
2
3
3
3
3
4
3
3
4
3
3
5
5
3
4
2
5
5
2
2
3
2
5
5
1
3
3
4
2
4
2
4
4
3
3
4
5
3
4
2
5
4
2
2
3
13
2
5
5
1
4
3
4
2
4
2
4
4
3
3
5
6
4
4
3
5
5
2
3
4
2
5
6
1
4
3
3
2
5
3
4
4
3
3
5
5
4
4
2
5
4
2
2
3
2
5
6
1
4
3
4
2
5
2
4
4
3
3
5
5
4
4
3
6
5
2
2
3
17
2
5
6
1
4
3
4
3
5
3
4
4
3
3
5
6
4
5
3
6
5
2
3
4
36
2
5
7
1
4
3
4
2
5
3
5
4
3
3
5
5
4
5
3
6
5
3
2
3
2
5
7
1
4
4
4
2
5
3
4
4
3
3
5
6
4
5
3
5
5
2
2
4
2
5
6
1
4
3
4
3
5
3
5
4
3
3
5
6
4
5
3
6
5
2
2
4
3
3
5
7
1
4
4
4
3
6
3
5
4
4
4
5
6
4
5
3
6
5
3
3
4
21
2
6
7
1
5
4
4
3
6
3
4
5
3
3
5
6
4
5
3
6
5
2
2
4
2
6
7
1
5
4
4
3
6
3
5
5
4
4
5
6
5
5
3
6
5
2
3
4
2
5
7
1
5
4
4
3
6
3
5
5
4
4
6
6
4
6
3
6
5
3
3
4
3
6
7
1
5
4
5
3
6
3
5
5
4
4
6
6
5
6
3
7
5
3
2
4
27
2
6
7
2
5
4
5
3
6
3
5
5
5
4
6
7
5
6
4
7
5
3
3
4
12
2
6
7
1
5
4
4
3
6
3
6
5
4
4
6
7
5
6
4
7
6
3
3
4
2
6
8
1
5
4
5
3
6
3
5
5
4
4
6
6
5
6
4
7
5
3
2
4
2
6
8
2
6
5
4
3
6
4
5
5
4
4
6
7
5
6
4
7
5
3
2
4
68
3
6
8
1
5
5
4
3
7
4
5
5
4
4
6
7
5
6
4
7
6
3
3
4
47
3
6
8
2
6
5
5
3
7
4
6
5
4
5
6
7
5
6
4
7
5
3
3
4
3
7
8
2
6
5
5
4
7
4
6
6
5
4
6
7
5
6
4
7
5
3
2
4
2
7
8
1
2
6
5
5
4
7
4
6
6
5
5
6
7
5
7
4
7
6
3
3
4
56
3
7
8
1
6
5
5
4
6
4
5
5
5
5
6
7
5
6
4
8
5
3
3
4
51
3
7
8
1
6
5
5
4
7
4
6
5
4
5
6
7
5
6
4
8
5
3
3
4
1
3
7
9
1
2
6
5
5
4
7
4
6
6
5
5
6
7
5
6
4
8
5
3
3
4
3
7
9
2
6
5
5
3
7
4
6
6
5
5
7
7
6
7
5
8
6
3
3
5
31
3
7
9
2
6
5
6
4
7
4
6
6
5
5
7
8
6
7
5
8
6
3
3
4
46
3
8
9
1
2
6
5
5
4
8
4
6
6
5
5
6
8
5
7
4
8
6
3
3
4
3
8
9
1
2
6
5
5
4
8
5
7
6
5
5
7
8
6
7
5
8
6
4
3
5
3
7
9
2
7
5
6
4
8
4
7
6
5
5
7
8
6
7
5
8
6
3
3
4
2
3
7
9
1
2
7
5
5
4
8
4
6
6
5
5
6
8
6
7
5
8
7
3
3
4
49
3
8
10
1
2
7
5
6
4
8
4
7
7
5
5
7
8
6
7
5
9
7
4
3
5
12
3
8
9
2
7
5
6
4
8
5
7
7
6
6
7
8
7
8
5
9
7
4
3
5
3
8
10
1
2
7
6
6
4
9
5
7
7
5
6
7
9
7
8
5
9
6
3
3
5
4
3
8
10
1
2
7
6
6
4
9
5
7
7
6
6
7
9
6
7
5
9
6
3
3
5
60
3
8
9
1
2
7
6
5
4
8
5
7
6
5
6
7
9
7
8
5
9
7
3
3
5
41
3
8
10
1
2
7
6
6
4
9
5
7
7
6
6
7
9
7
8
5
9
7
4
3
5
3
9
10
1
2
7
6
6
4
9
5
7
7
6
6
7
8
7
8
5
9
7
3
3
5
7
3
9
10
1
2
7
6
6
5
9
5
7
7
5
6
7
9
7
8
5
9
7
4
3
5
29
3
9
10
1
2
8
6
6
5
9
5
7
7
6
7
8
9
7
8
5
10
7
4
3
5
1
3
9
10
1
2
8
7
6
5
9
5
7
7
6
6
7
9
7
8
5
10
7
3
3
5
3
9
11
1
2
8
6
6
5
9
5
8
7
6
6
8
9
7
8
6
10
7
4
3
5
3
9
11
1
2
8
6
6
5
9
6
8
7
6
7
8
9
7
9
6
10
7
4
4
5
36
3
9
11
1
2
8
7
6
5
10
6
8
8
6
7
7
10
7
9
6
10
7
4
3
5
44
3
9
11
1
2
8
7
6
5
9
5
8
8
6
6
8
9
7
9
6
10
7
3
3
5
3
9
11
1
2
8
7
7
5
10
6
8
8
6
7
8
10
8
9
6
10
7
4
3
5
8
3
9
11
1
2
9
7
6
5
10
6
8
8
6
7
8
9
8
9
6
10
7
4
4
5
60
3
9
11
2
2
8
7
6
5
10
6
8
8
6
7
8
9
7
8
6
10
7
4
3
5
57
3
9
11
1
2
9
7
7
5
10
6
8
8
6
7
8
10
8
9
6
10
8
4
3
5
3
10
12
1
2
8
7
7
5
10
6
8
8
6
7
8
9
8
9
6
10
7
4
4
5
3
10
12
2
2
9
7
7
5
10
6
8
8
6
7
8
10
8
9
6
11
7
4
3
5
45
3
10
12
1
2
9
7
7
5
10
6
8
8
6
7
8
9
8
9
6
11
7
4
3
5
47
3
10
12
1
2
9
7
6
5
10
6
8
8
7
7
8
10
9
10
6
11
7
4
4
6
3
10
12
1
2
9
7
7
6
11
6
8
9
7
8
9
10
8
9
6
11
7
4
3
5
3
10
12
1
3
9
7
7
5
11
6
8
8
7
8
9
10
8
9
6
11
8
4
3
5
3
10
12
1
2
9
8
7
5
11
6
9
8
7
7
9
10
9
10
7
11
9
4
3
6
20
3
11
12
1
2
9
8
8
5
11
6
9
9
7
7
9
10
9
10
6
11
8
5
3
5
3
11
12
2
3
9
7
7
6
11
6
9
9
7
8
8
10
8
9
7
10
8
4
3
5
3
10
13
1
2
9
8
7
5
11
6
9
9
7
7
8
10
8
10
7
11
8
4
3
6
3
10
13
1
2
9
7
7
5
11
6
9
9
7
8
8
11
9
10
7
12
8
4
3
6
22
3
11
13
1
3
10
8
7
6
12
7
9
9
7
8
9
11
9
10
7
12
8
4
3
5
3
11
13
2
2
10
8
7
6
12
7
9
8
7
8
9
10
9
10
7
12
8
4
3
5
3
11
13
1
3
9
8
7
6
12
7
9
9
7
9
9
11
9
10
7
12
8
4
3
6
3
11
13
1
3
10
8
8
6
12
7
9
9
7
8
9
11
9
10
7
12
8
4
3
6
48
3
11
13
1
2
10
8
8
6
12
7
9
9
7
8
9
11
9
10
7
12
8
4
3
5
44
3
11
13
1
2
10
8
7
6
12
7
9
9
7
9
9
11
9
10
7
12
8
4
3
6
3
11
13
1
3
10
8
8
6
12
7
10
9
7
9
9
11
9
10
7
12
8
4
4
6
2
3
12
14
2
3
10
8
8
6
12
7
9
9
7
9
9
11
9
10
7
12
8
4
4
5
63
3
11
13
2
2
10
8
7
6
12
7
10
9
7
9
10
12
9
10
7
12
9
4
3
6
50
4
11
14
1
3
10
8
8
6
12
7
10
9
8
9
9
11
10
11
7
12
9
4
4
6
4
12
14
1
3
10
9
8
6
12
7
10
9
8
9
9
11
9
10
7
12
8
4
3
6
3
3
12
14
2
3
11
8
8
6
12
7
10
10
8
9
10
12
10
11
7
12
9
5
4
7
59
3
12
14
1
3
11
8
8
6
12
7
10
10
8
9
9
12
10
11
7
12
9
5
4
7
52
3
12
14
2
3
11
9
8
6
13
7
10
10
8
9
10
12
10
11
7
12
9
5
4
6
4
3
12
14
2
3
11
9
8
6
13
7
10
10
8
9
10
11
10
11
8
12
9
5
4
6
10
3
12
14
2
3
11
9
8
6
13
7
10
10
8
9
10
12
10
11
8
13
9
5
4
6
43
3
12
14
2
3
11
9
8
6
13
7
10
10
8
9
10
12
10
11
8
13
9
5
4
6
47
4
12
15
2
3
11
9
8
6
13
7
10
10
8
9
10
12
10
11
8
12
9
5
3
6
13
4
12
15
2
3
11
9
9
6
13
8
10
10
8
9
10
12
10
11
8
13
9
5
4
7
3
12
14
2
3
11
9
9
6
14
8
10
10
8
9
10
12
10
12
8
13
9
5
4
7
25
3
12
15
2
3
12
10
9
7
14
8
11
10
8
10
10
12
10
11
8
13
9
5
4
6
56
3
12
15
2
3
12
9
9
7
14
8
10
10
8
10
10
12
10
11
8
13
9
5
4
6
18
3
12
15
2
3
12
9
8
7
14
7
11
10
9
10
10
13
10
11
8
14
9
5
4
7
4
13
15
2
3
12
9
9
7
14
8
11
10
9
10
10
13
10
12
8
14
9
5
4
6
3
13
15
3
3
12
9
9
7
14
8
10
10
9
10
10
13
10
12
8
14
9
5
4
7
65
3
13
15
2
3
12
9
9
7
14
8
11
11
9
10
10
13
11
12
8
14
9
5
4
7
18
4
13
16
2
3
12
9
9
7
14
8
11
10
9
10
10
13
11
12
8
14
9
5
4
7
4
13
16
2
3
12
10
10
7
14
8
11
11
9
10
10
13
11
12
9
14
10
5
4
6
18
3
13
16
2
3
12
10
9
7
15
8
11
11
9
10
11
13
11
12
9
14
10
5
4
7
52
4
13
16
2
3
12
10
9
7
15
8
11
11
9
10
10
13
11
13
9
14
10
5
4
7
42
3
13
16
2
3
12
10
9
7
15
8
11
11
9
10
10
13
11
12
8
14
10
5
3
7
3
13
16
2
3
12
10
9
7
15
9
11
11
9
10
10
13
11
12
9
14
10
5
4
7
3
13
16
2
3
12
10
9
7
15
8
12
11
9
10
11
13
11
12
9
15
10
5
4
7
40
4
13
16
2
3
12
10
9
7
15
8
12
11
9
11
11
13
11
12
9
14
10
5
4
7
34
4
14
17
3
3
12
10
10
7
15
9
12
11
9
11
10
13
12
12
8
14
10
5
4
7
6
3
14
16
2
3
13
10
9
7
15
8
12
11
9
11
11
13
12
13
9
15
10
6
4
7
6
3
14
16
2
3
12
10
9
7
15
9
12
11
9
11
11
13
11
13
9
15
10
6
4
7
54
3
14
17
2
3
13
10
10
7
15
9
12
11
9
11
11
13
12
13
9
14
10
5
4
7
61
3
14
17
2
3
13
10
10
7
15
9
12
12
10
11
11
14
12
13
9
15
10
6
4
7
10
4
14
17
2
4
13
10
10
7
16
8
12
11
10
11
11
14
12
13
9
15
10
5
4
7
6
4
14
17
3
4
13
10
10
7
16
8
12
11
9
11
11
13
11
13
9
15
10
5
4
7
51
3
14
17
3
4
13
11
10
7
16
9
12
12
10
11
11
14
12
13
9
15
10
6
4
7
49
3
14
17
2
3
13
10
10
7
16
9
12
11
10
11
11
14
12
14
10
15
10
6
5
7
20
3
14
17
3
3
13
11
10
7
16
9
12
11
10
11
11
14
12
13
10
15
10
6
4
7
14
3
15
17
3
4
14
11
10
8
16
9
12
12
10
12
11
14
12
13
9
15
10
5
4
7
50
3
14
17
2
3
14
10
10
7
16
9
12
12
10
12
12
14
12
13
10
15
11
5
4
8
71
4
14
18
3
3
14
11
10
8
16
9
12
12
10
12
12
14
12
14
9
16
11
6
4
7
9
4
14
18
3
4
14
11
10
7
16
9
12
12
10
12
12
14
12
13
9
15
10
6
4
7
3
15
18
2
4
14
11
10
8
16
9
12
12
10
12
12
15
12
14
10
16
11
6
5
7
35
3
15
18
3
3
14
11
10
8
16
9
13
12
10
12
12
14
12
14
10
16
11
6
4
7
50
3
15
18
3
4
14
11
10
8
16
9
13
12
10
12
11
14
12
13
10
15
10
6
4
7
36
3
15
18
3
4
14
11
10
8
16
9
13
12
10
12
12
15
12
14
10
16
11
5
4
7
3
15
18
3
3
14
11
10
8
16
9
13
12
10
12
12
14
13
14
10
16
11
6
4
7
12
3
16
18
3
4
14
11
11
8
16
9
13
12
10
12
12
14
12
14
10
16
11
6
4
7
68
3
15
18
3
4
14
11
11
8
17
10
13
12
