4999
4992
4812
4855
4812
4811
4917
4812
4999
4812
4811
1076
4812
4811
4812
4999
4997
4843
4812
4809
4999
4887
4883
4806
4999
4992
4806
4972
4805
4805
4999
4805
4997
4806
4805
1041
4806
4805
4806
4999
4997
4951
4806
4803
4999
4881
4877
4799
4986
4981
4799
4974
4799
4798
4986
4799
4985
4799
4799
1018
4799
4799
4799
4986
4986
4988
4799
4796
4987
4874
4870
4793
4979
4981
4794
4994
4792
4798
4996
4792
4974
4793
4792
965
4793
4792
4793
4984
4981
4992
4793
4790
4989
4868
4864
4790
4999
4999
4823
4998
4790
4867
4999
4789
4998
4790
4791
904
4792
4790
4791
4999
4999
4999
4790
4788
4999
4861
4857
4876
4767
4728
4952
4999
4881
4987
4999
4873
4841
4873
4887
62
4887
4879
4879
4745
4767
4999
4878
4876
4692
4855
4851
4999
4355
4217
352
1278
4994
4995
4998
4989
4995
4999
4552
4999
4998
4998
4998
4999
4247
4373
4995
4999
4999
4128
4848
4844
4978
4284
4129
273
1027
4983
4988
4978
4987
4988
4978
4492
4979
4979
4979
4978
4979
4151
4308
4988
4978
4978
4050
4842
4838
4985
4221
4060
240
891
4985
4968
4986
4982
4970
4984
4450
4985
4985
4986
4985
4985
4075
4245
4964
4985
4985
3974
4835
4831
4972
4089
3900
284
1054
4971
4867
4972
4972
4873
4972
4351
4973
4972
4973
4972
4972
3912
4115
4854
4972
4972
3807
4829
4825
4967
4027
3828
229
852
4970
4701
4968
4969
4705
4967
4306
4968
4968
4969
4967
4968
3834
4055
4689
4968
4967
3734
4822
4819
4962
3917
3697
259
958
4960
4562
4962
4948
4562
4962
4227
4963
4962
4963
4962
4962
3701
3948
4552
4962
4962
3596
4816
4812
92
94
95
76
95
95
96
96
144
60
59
59
141
59
59
56
56
162
8
7
7
191
6
3
3
4
8
8
193
8
10
10
225
16
16
230
16
16
253
8
8
266
7
7
280
297
1
308
2
2
324
336
2
2
350
361
1
1
373
385
395
407
417
426
437
446
455
464
472
481
489
498
506
515
522
530
537
544
551
557
564
570
576
581
586
591
595
599
604
607
611
615
619
622
625
629
632
634
638
640
643
645
647
650
652
654
656
658
660
661
663
664
666
668
669
670
672
672
674
675
675
677
677
678
679
679
680
681
681
681
682
682
683
683
683
683
684
684
684
684
684
684
685
684
684
685
685
685
684
684
684
684
684
683
684
683
682
682
682
682
681
681
681
680
679
679
679
678
678
677
677
677
675
675
675
674
674
673
672
672
671
671
670
670
669
668
667
667
667
666
665
664
663
663
662
662
661
660
659
658
658
657
657
655
655
654
653
653
652
651
650
650
649
648
648
647
646
645
645
644
643
642
642
641
640
639
639
638
637
636
635
635
634
642
642
641
640
639
639
638
637
636
635
635
634
624
625
628
626
625
625
623
624
622
622
621
620
619
619
448
347
60
74
6
19
191
110
325
160
104
333
34
334
246
232
313
312
50
40
83
301
299
46
325
342
75
99
125
10
34
132
160
87
143
167
86
76
89
119
122
96
96
139
112
178
105
107
155
39
94
54
124
96
121
10
32
145
155
126
147
157
125
69
126
137
137
127
126
121
98
156
129
129
130
155
123
26
73
36
46
4
12
65
60
71
62
61
72
26
73
68
65
71
70
43
36
58
71
70
46
33
73
5
14
1
1
12
13
14
6
3
3
11
10
10
9
35
14
8
15
19
2
5
18
23
8
20
26
9
12
9
15
14
10
8
21
18
26
10
10
23
14
7
8
21
15
18
3
6
23
25
20
23
26
20
11
21
22
20
20
19
19
17
24
20
20
20
24
20
5
13
6
6
1
3
11
10
11
10
11
12
5
13
12
9
12
11
7
8
9
11
11
7
12
1
2
1
1
1
1
2
4
1
1
1
1
2
1
3
4
2
2
2
1
1
1
1
4
4
4
2
3
6
6
3
5
7
4
3
5
5
3
4
3
5
6
6
3
3
5
3
1
1
3
1
6
4
4
2
3
5
6
4
5
7
5
3
6
6
1
3
4
3
4
6
5
4
3
4
4
1
1
1
2
1
1
1
1
2
2
5
3
2
1
3
4
3
3
3
5
4
2
5
5
1
2
3
2
2
4
3
3
2
2
19
2
3
2
1
1
2
2
2
1
2
4
2
2
3
3
2
1
2
4
2
1
32
1
3
2
1
1
2
2
1
1
2
3
3
2
4
3
2
1
2
1
2
4
2
2
1
1
2
4
3
2
2
3
3
3
2
3
5
4
3
4
5
2
1
3
2
3
5
3
2
1
2
2
3
3
1
2
3
3
2
1
2
3
3
2
3
3
3
1
2
1
2
4
2
1
1
1
1
4
4
2
1
3
4
3
3
3
5
4
3
5
5
2
2
3
2
3
4
3
2
2
2
13
2
4
3
1
1
3
3
2
2
2
4
3
3
4
4
3
1
3
2
2
4
3
1
1
2
2
5
3
1
2
3
3
2
2
3
4
4
3
4
4
3
1
3
2
3
5
3
2
1
2
2
4
4
1
2
3
3
3
2
3
5
4
3
4
4
3
1
3
1
2
5
3
2
1
1
1
4
3
1
1
3
3
3
2
3
5
4
3
4
4
3
2
3
2
3
5
3
2
2
2
13
2
5
3
1
2
3
4
3
2
4
5
4
3
5
4
2
2
4
2
3
5
3
2
2
2
5
2
5
4
1
2
3
4
3
2
3
4
4
3
5
4
2
2
3
2
2
5
3
2
1
1
2
5
4
1
1
3
4
3
2
3
5
4
3
5
5
3
2
4
3
3
5
4
2
1
2
2
5
4
1
2
4
3
3
2
3
5
4
3
5
4
3
2
4
3
3
5
3
2
1
2
33
2
5
4
2
2
4
4
3
3
4
5
4
3
5
5
2
2
3
3
3
5
3
2
1
2
35
2
5
4
1
1
4
4
3
3
4
5
4
3
5
5
3
2
4
3
3
5
3
2
1
2
2
2
5
4
1
1
4
4
4
2
4
5
5
3
5
5
3
3
4
3
3
6
3
3
2
2
2
6
5
2
2
4
4
4
3
4
5
5
3
6
5
3
3
4
4
3
6
3
2
1
2
26
2
6
5
2
1
4
4
3
3
5
6
5
4
6
5
3
3
4
3
3
6
3
2
2
2
43
2
6
5
1
1
5
5
3
2
4
5
5
3
6
6
3
2
5
4
3
6
4
2
2
3
2
6
5
2
2
5
5
4
3
5
6
5
4
6
5
3
2
5
4
3
6
4
3
2
2
2
6
5
2
2
5
5
4
3
5
6
5
4
6
6
3
3
5
4
3
6
4
2
2
2
3
6
5
1
2
5
5
4
3
5
6
6
4
6
6
4
3
5
4
3
6
4
3
2
3
12
3
6
5
2
2
5
5
4
3
5
6
6
4
6
6
3
3
5
4
4
6
4
3
2
3
3
6
5
2
2
5
5
4
3
5
6
6
4
6
6
4
3
5
4
3
7
4
3
2
3
3
6
5
2
2
5
5
4
3
6
6
6
5
6
6
4
3
5
4
4
6
4
3
2
3
3
3
7
6
2
2
5
5
4
3
6
6
6
5
7
7
4
3
6
5
4
7
5
3
3
3
23
3
7
6
2
1
6
5
5
4
6
6
6
5
7
7
4
4
5
4
4
7
5
3
2
3
19
3
7
6
2
2
6
5
4
3
6
6
6
4
7
6
4
3
5
5
4
7
4
3
2
3
20
3
7
6
2
2
6
6
5
3
6
6
7
5
7
7
5
4
6
5
4
7
5
3
2
3
22
3
7
6
2
2
5
5
5
4
6
6
7
5
7
7
4
4
6
5
4
7
5
3
2
3
72
3
7
6
2
2
6
5
5
3
6
6
7
5
7
7
4
4
6
5
4
7
5
3
2
3
57
3
7
6
2
2
5
6
5
3
6
7
7
5
7
7
5
4
6
5
5
7
5
3
2
3
12
3
8
7
2
2
5
6
5
4
7
7
7
5
8
7
5
5
6
5
5
8
5
4
3
3
4
8
7
2
2
6
6
5
4
7
7
7
6
7
7
5
4
6
5
4
7
5
3
2
3
13
3
8
6
2
2
6
6
5
4
7
7
7
5
7
7
5
4
6
6
5
7
5
4
2
3
20
3
8
7
2
2
6
6
5
4
7
7
7
5
8
8
5
5
7
6
5
7
5
4
3
3
3
8
7
2
2
6
6
5
4
7
7
7
5
8
8
5
4
7
6
5
7
5
3
2
3
3
9
7
2
2
6
6
6
4
7
7
7
6
8
8
5
4
7
6
5
7
5
4
3
3
4
8
7
2
2
6
6
5
4
7
7
8
6
8
8
5
5
7
7
5
8
5
4
3
3
3
8
8
2
2
7
6
5
5
7
7
8
5
8
8
5
5
7
7
5
8
5
3
3
4
3
9
7
2
2
7
6
6
4
8
7
8
6
8
8
5
5
7
6
5
8
5
3
3
4
4
9
8
2
2
6
7
6
4
7
8
8
6
8
8
5
5
7
6
5
8
6
4
3
4
3
9
8
2
2
7
7
6
5
8
8
8
6
9
9
5
5
8
7
5
8
6
4
3
4
6
4
9
8
3
2
7
7
6
5
8
8
8
6
9
9
5
5
8
7
5
9
6
4
3
4
1
4
9
8
2
2
7
7
6
5
8
8
8
6
8
8
5
5
8
7
5
8
6
4
3
4
4
9
8
2
2
6
7
6
5
8
8
8
7
9
8
6
5
8
7
5
9
6
4
3
4
5
4
9
8
3
2
7
7
6
5
9
8
9
7
9
8
5
5
8
7
5
9
6
4
3
4
29
4
9
8
2
3
7
7
6
4
8
8
8
7
9
9
6
6
8
7
5
9
6
4
3
4
4
10
9
2
2
7
7
6
5
9
8
9
7
9
9
6
6
8
7
5
9
6
4
3
4
4
10
9
2
2
7
8
6
5
9
8
9
7
9
9
6
6
8
8
6
9
6
4
3
4
4
10
9
3
3
8
8
7
5
9
8
9
7
9
9
6
6
8
8
6
9
6
4
3
4
23
4
10
9
3
2
8
7
6
5
9
8
9
6
9
9
6
6
9
8
6
9
6
5
4
4
6
4
10
9
2
3
8
7
7
5
9
8
9
7
9
9
6
6
9
8
6
9
7
4
4
4
4
10
9
3
3
8
8
7
5
10
9
10
7
10
10
6
6
9
8
6
10
7
4
3
4
4
4
10
9
3
2
8
7
7
5
9
9
10
7
10
9
6
6
9
8
6
10
6
5
3
4
36
4
10
9
3
2
8
8
6
5
9
9
9
7
10
10
6
6
9
8
6
10
7
5
4
5
4
5
10
10
3
2
8
8
7
6
10
9
9
7
10
10
6
6
9
8
6
10
7
5
4
4
5
10
10
3
3
8
9
7
5
10
9
9
7
10
10
6
6
9
9
6
10
6
5
3
4
5
11
9
3
2
8
8
7
5
10
9
10
8
10
10
6
6
9
9
6
10
7
4
3
5
17
5
11
10
3
3
9
8
7
6
10
9
10
8
10
10
7
6
9
9
6
10
7
5
3
4
16
5
11
10
3
3
9
8
7
6
10
9
10
8
10
10
7
7
9
9
6
9
7
5
3
4
5
11
10
3
3
8
8
7
6
10
9
10
8
10
10
7
7
9
9
6
10
7
5
4
4
5
11
10
3
3
8
8
7
6
10
9
10
8
10
10
7
7
10
9
7
10
7
5
4
5
11
4
12
11
3
3
9
9
8
6
11
9
10
8
10
10
7
7
9
9
7
10
7
5
3
5
34
4
11
10
3
3
9
8
7
6
11
9
10
8
10
10
7
7
10
9
7
10
7
5
4
5
21
5
11
11
3
2
9
8
7
6
11
9
11
8
11
10
7
8
10
9
7
10
8
5
4
5
21
5
12
11
3
3
9
9
8
6
11
10
10
8
11
11
7
7
10
9
6
10
7
5
4
5
43
5
12
11
3
3
10
9
8
6
11
9
11
8
11
11
7
7
10
10
7
10
7
5
4
5
42
5
11
11
3
2
9
9
8
6
11
9
11
8
11
11
7
8
11
10
7
11
7
5
4
5
9
5
12
11
3
3
9
9
7
6
11
10
11
8
11
11
7
7
11
10
7
10
8
5
4
5
4
4
12
11
3
3
9
9
8
7
11
10
11
8
11
11
7
7
10
10
7
10
7
5
4
5
52
5
12
11
3
3
10
10
8
7
11
10
11
9
11
12
7
8
10
10
7
11
8
6
4
5
58
5
12
11
3
3
10
10
8
7
12
10
11
9
11
12
7
8
11
10
7
11
8
6
4
5
13
5
12
11
3
3
10
10
8
7
12
10
11
9
11
11
7
8
10
10
7
11
8
5
4
5
18
5
12
11
4
3
10
9
8
7
12
10
12
9
12
12
8
8
11
10
7
11
8
5
4
5
41
5
13
11
3
3
10
9
8
7
12
10
12
9
12
12
8
8
11
10
7
11
8
5
5
5
46
5
13
12
3
3
10
10
8
7
12
10
12
9
12
12
8
8
10
10
7
11
8
5
4
5
26
5
13
12
4
3
10
10
9
7
12
10
12
9
11
12
7
8
11
10
7
11
8
5
4
5
2
5
13
12
3
3
10
10
8
7
12
11
12
9
12
12
8
9
12
11
7
12
8
6
5
6
46
5
13
12
3
3
10
10
9
7
12
10
12
9
12
12
8
8
12
11
8
12
8
6
4
5
71
5
13
12
3
3
10
10
8
7
13
11
12
9
12
12
8
9
11
10
8
12
8
5
4
5
38
5
14
12
4
3
10
10
8
7
13
11
12
9
12
13
8
9
11
11
8
12
8
6
5
5
26
5
14
12
3
3
11
10
8
7
13
11
12
9
12
12
8
9
12
11
8
12
9
6
5
6
31
5
14
13
3
3
11
10
9
7
13
11
12
9
12
13
8
9
11
11
8
11
9
6
4
5
51
5
14
13
4
3
10
10
9
7
13
11
13
10
12
12
8
9
12
12
8
12
9
6
5
6
38
5
14
12
4
3
11
10
9
7
13
11
13
9
12
13
8
9
12
12
8
12
9
6
5
6
5
14
13
4
3
11
10
9
7
13
11
12
10
12
13
8
9
12
11
8
12
9
6
4
6
5
14
13
4
3
11
10
9
7
13
11
13
10
12
13
8
9
12
12
8
12
9
6
4
5
30
5
14
13
4
3
11
10
9
7
13
11
13
10
13
13
8
9
13
12
8
13
9
6
5
6
5
14
13
4
3
11
11
9
8
14
11
13
10
13
13
9
10
12
12
8
13
9
6
5
6
5
14
14
4
3
11
11
9
8
14
11
13
9
13
13
8
9
12
12
8
12
9
6
4
5
5
14
13
4
3
11
10
9
8
14
11
13
10
13
13
9
9
12
12
9
13
9
6
5
6
48
5
14
14
4
3
12
11
9
7
14
11
13
10
13
13
9
10
13
12
9
13
9
6
5
6
31
5
15
14
4
3
11
11
9
8
14
11
13
10
13
13
9
9
13
12
8
12
9
6
5
6
5
15
14
5
3
12
11
9
8
14
11
13
10
13
14
9
10
13
12
9
13
9
6
5
6
5
15
14
4
3
11
11
9
8
14
11
14
10
13
14
9
10
13
13
9
13
9
7
5
6
14
6
15
14
4
3
12
11
10
8
14
11
13
11
13
13
8
10
13
12
9
13
9
6
5
6
27
5
15
14
5
3
12
12
10
8
14
12
14
10
14
14
9
10
13
12
9
13
9
6
5
6
5
15
14
4
3
12
11
9
8
15
12
14
11
14
14
9
10
13
13
9
13
10
7
5
6
5
15
14
4
3
12
11
10
9
15
12
14
11
14
14
9
10
13
13
9
13
10
7
5
6
5
16
14
4
3
12
12
10
8
15
12
14
11
14
14
9
10
13
13
9
13
10
7
5
6
4
5
15
14
4
3
12
12
10
8
15
12
14
11
14
14
9
10
13
13
9
13
9
7
5
6
5
15
14
4
3
12
11
10
8
15
12
14
11
14
14
9
10
13
13
9
14
10
7
6
7
5
15
15
4
3
13
12
10
8
15
12
14
11
14
14
9
10
14
13
9
13
10
7
5
6
5
16
15
4
3
12
12
10
8
15
12
14
11
14
14
10
10
14
14
9
14
10
7
6
7
18
5
16
15
4
3
12
11
10
8
15
12
14
11
14
14
9
11
14
14
9
14
10
7
5
7
6
16
15
4
3
12
12
10
9
15
12
14
11
14
14
10
10
14
13
9
14
10
7
5
6
5
16
15
4
3
13
12
10
9
16
12
14
11
14
15
9
11
14
13
9
14
10
7
5
7
5
16
15
4
4
13
12
10
8
16
12
15
11
15
15
10
11
14
14
10
14
10
7
5
7
21
6
16
15
5
3
12
12
10
8
16
12
15
12
14
15
9
11
14
14
9
14
10
7
6
7
11
6
16
15
5
4
13
12
10
8
16
12
15
12
15
15
9
11
14
14
10
14
10
7
5
7
5
16
15
5
4
13
12
11
9
16
13
15
12
15
15
10
11
15
14
10
15
10
7
6
7
6
16
15
4
3
13
12
10
9
16
13
15
12
14
15
10
11
15
14
9
15
10
7
6
7
6
6
16
15
4
3
13
12
11
9
16
13
15
12
15
15
10
11
14
14
9
14
10
7
5
7
10
5
16
16
5
4
13
12
11
9
16
13
16
12
15
16
10
11
14
14
10
14
11
7
6
7
6
17
16
4
4
13
12
10
9
16
13
15
12
15
15
10
12
15
15
10
15
11
8
6
7
6
17
16
5
4
13
13
11
9
16
13
15
12
15
16
10
11
15
15
10
15
10
7
6
7
17
5
17
16
4
4
13
13
11
9
16
13
16
12
15
16
10
11
15
14
10
14
10
7
5
7
36
6
17
16
4
3
13
13
11
9
17
13
16
12
15
15
10
12
15
14
10
15
11
7
6
7
10
6
17
16
5
4
14
13
11
9
17
13
16
12
15
16
10
12
15
14
10
15
11
7
6
7
6
18
16
5
4
14
13
11
9
17
14
16
12
16
16
10
12
15
15
10
15
11
7
6
7
17
6
18
16
5
4
14
13
11
9
17
13
16
12
15
16
10
12
15
15
10
15
11
8
6
7
37
5
17
16
5
4
14
13
11
9
17
13
16
12
15
16
10
12
16
15
10
15
11
8
6
7
6
18
17
5
4
14
13
11
10
17
13
16
12
16
16
10
12
15
15
10
15
11
8
5
7
6
17
17
5
4
14
13
11
9
17
14
16
12
16
16
10
12
15
15
10
15
11
8
5
7
5
6
17
16
5
3
14
13
11
9
17
13
16
12
16
16
11
11
16
15
10
15
11
8
6
8
23
6
18
17
5
4
14
13
11
9
17
13
16
13
16
16
11
12
16
15
10
15
