20
29
14
2
39
5
2
18
36
2
44
6
10
22
37
1
7
48
14
24
43
6
26
4
15
61
8
20
41
19
2
20
54
6
5
23
39
1
3
10
56
5
3
19
39
18
1
7
50
2
9
21
41
4
1
12
54
14
34
51
4
3
17
17
7
3
71
16
4
31
48
24
10
9
7
1
61
14
1
33
48
5
9
9
2
4
3
72
33
9
1
38
54
41
23
12
11
2
23
2
80
17
2
5
5
27
35
6
7
42
18
2
2
30
35
7
7
41
13
3
19
28
30
12
3
13
22
21
6
4
16
28
31
7
17
33
39
10
2
3
20
39
9
23
39
18
23
39
24
12
42
5
10
3
18
40
7
1
53
24
1
32
56
17
21
8
14
6
6
5
69
16
1
32
55
15
1
20
9
22
4
10
66
12
1
5
29
55
18
5
14
1
52
7
16
36
57
24
8
15
1
56
12
21
33
57
1
11
7
4
4
59
10
13
29
52
9
14
4
15
3
58
16
6
28
48
8
5
7
9
61
12
7
21
44
9
1
52
12
1
2
17
41
17
3
50
13
5
3
14
34
2
22
39
12
11
1
14
34
8
4
39
18
9
10
30
35
26
7
9
32
2
30
27
6
12
36
12
32
11
6
9
27
25
14
1
12
31
43
20
8
1
17
32
6
52
13
7
2
4
4
24
35
1
58
13
5
18
31
5
54
16
4
11
23
37
18
8
20
33
1
41
14
3
20
36
39
13
4
26
41
25
6
3
35
16
15
1
30
47
12
10
4
40
11
8
29
49
6
2
7
12
36
10
12
3
34
49
8
29
13
12
9
41
4
14
3
28
44
5
46
6
30
51
15
8
2
48
4
26
43
5
4
40
3
18
39
6
45
12
9
22
42
15
3
43
13
2
5
21
38
3
4
2
6
41
20
4
25
43
27
33
5
9
2
15
65
7
4
10
19
34
37
10
1
62
9
3
15
34
35
5
56
13
12
31
9
30
4
1
46
6
10
25
19
40
9
14
34
11
7
52
12
30
16
40
5
2
7
27
4
36
5
3
11
30
25
9
30
9
1
4
23
36
3
34
9
4
39
17
6
1
21
40
18
10
4
54
6
2
17
32
38
17
3
2
18
32
43
13
24
48
6
10
1
59
7
24
40
4
1
81
7
12
24
40
9
5
122
4
2
27
43
9
3
8
180
13
11
25
42
8
2
5
216
3
6
15
36
11
200
4
4
21
35
6
4
1
186
11
7
3
21
33
5
8
108
27
16
28
43
21
6
2
8
1
36
16
30
47
18
6
18
14
37
7
5
23
43
25
2
9
41
4
2
2
21
40
3
4
4
4
44
10
11
34
10
1
39
8
5
37
20
1
38
4
2
1
13
37
4
3
40
4
13
38
17
4
21
5
11
36
27
23
5
50
11
7
4
7
28
13
1
86
18
5
29
129
12
8
31
7
3
3
143
14
10
36
7
4
118
22
1
10
35
11
89
22
1
1
3
8
32
16
1
72
21
6
3
10
32
2
79
22
6
14
31
4
93
22
7
11
30
99
20
10
5
27
95
17
9
15
29
18
4
109
19
10
6
24
41
1
3
35
5
17
1
114
27
9
4
12
41
1
26
107
34
11
15
36
1
111
39
8
14
39
10
1
108
46
1
8
32
12
110
49
1
7
29
108
54
6
3
7
34
8
105
57
15
9
34
2
15
4
103
49
2
9
3
5
30
10
111
43
3
1
28
1
108
42
3
8
1
22
101
36
11
8
1
2
25
112
34
4
7
22
20
106
29
1
11
14
100
33
11
1
21
116
36
2
5
3
23
11
111
36
14
9
1
7
28
4
3
117
30
6
1
1
14
34
16
129
21
2
3
2
11
32
15
8
128
24
22
5
5
16
36
18
6
135
17
29
8
2
11
37
21
7
140
20
25
17
2
10
40
21
30
13
2
144
23
26
7
5
6
32
11
5
143
28
17
5
18
3
32
7
7
144
27
12
11
5
15
41
22
14
2
163
13
4
17
2
5
26
50
28
40
7
25
3
15
14
182
12
17
1
1
18
47
19
3
32
22
8
1
173
10
18
3
1
17
42
16
18
6
1
181
2
8
10
13
38
1
8
2
4
7
182
4
2
3
8
35
11
173
11
10
10
36
16
1
5
5
1
184
12
14
1
3
8
31
4
184
10
15
4
10
35
7
9
3
17
194
19
10
2
15
41
6
3
20
2
3
207
19
13
16
38
5
21
3
6
207
17
21
4
16
38
19
22
4
14
7
213
17
11
2
14
31
5
5
203
17
7
9
24
6
196
21
10
1
15
37
7
8
203
18
8
2
15
36
203
15
1
7
6
27
13
199
18
2
1
7
32
7
198
12
2
25
3
9
184
11
1
5
27
177
19
4
24
175
20
4
3
20
11
169
23
10
8
29
1
166
25
6
2
9
34
154
18
3
10
6
29
146
8
3
24
2
24
16
4
137
8
11
6
13
35
13
34
16
134
6
14
2
16
38
11
32
10
7
124
2
5
3
17
2
24
21
1
105
3
20
12
17
39
31
10
21
2
7
7
4
1
112
19
3
14
44
3
16
23
12
5
5
103
26
2
6
17
44
6
26
12
7
105
1
26
1
4
23
48
1
5
7
27
15
18
7
12
104
16
19
5
2
19
45
1
23
30
18
16
10
3
96
12
24
6
1
26
48
1
9
8
26
1
21
12
14
11
94
17
11
24
48
1
33
7
14
15
11
2
90
18
9
20
47
6
1
23
11
8
4
82
22
1
10
2
23
45
6
17
16
6
10
86
5
21
7
5
27
46
32
7
18
9
9
12
9
18
1
84
5
22
15
1
24
45
10
9
18
5
7
13
14
11
76
28
5
9
22
41
21
6
1
11
9
13
3
80
27
1
13
31
17
22
5
13
69
14
4
7
28
23
5
61
8
3
20
62
14
7
21
15
8
68
8
1
12
28
11
7
61
10
4
27
13
39
12
5
23
45
15
9
28
51
11
10
7
25
2
44
14
1
12
13
28
2
53
17
5
12
33
4
12
3
59
8
4
15
34
1
7
22
1
12
58
15
10
3
16
33
3
4
20
8
18
59
16
4
3
16
33
11
14
6
13
7
62
20
6
17
40
13
1
27
2
3
8
1
68
1
22
6
13
36
5
25
5
2
8
4
77
21
4
5
19
35
41
5
13
6
1
78
10
24
7
5
5
20
43
17
23
41
8
12
6
7
74
7
3
25
6
12
15
45
27
3
18
24
1
23
15
9
74
7
22
8
5
11
35
18
7
29
13
11
2
76
5
18
3
6
6
36
2
8
1
73
5
2
13
6
26
9
61
16
7
25
2
25
19
12
2
9
69
19
21
1
3
29
23
12
4
18
81
12
5
21
2
8
23
2
14
73
18
6
28
8
9
23
7
5
10
77
20
19
5
9
2
23
24
24
7
5
82
17
18
2
25
4
14
1
2
13
74
9
14
1
3
31
1
6
1
78
18
4
3
27
12
19
84
14
5
1
21
6
3
85
11
6
6
30
14
5
3
85
22
18
1
10
35
12
43
3
91
20
23
3
8
30
11
16
1
4
77
25
22
10
10
36
30
20
6
5
11
83
16
20
21
10
12
39
18
23
12
3
9
15
91
15
2
13
29
7
32
14
22
4
1
6
83
12
14
24
10
8
17
45
17
25
48
6
13
1
16
13
20
108
6
8
26
9
20
43
14
42
13
35
7
20
8
14
20
11
108
7
2
14
8
5
5
27
1
26
1
3
85
1
12
21
8
12
36
6
14
4
9
7
15
7
14
91
7
35
5
3
8
31
1
39
7
20
5
14
12
3
85
7
19
12
8
2
3
17
3
2
24
1
1
9
74
10
19
5
5
3
30
8
15
20
1
5
3
18
18
83
7
26
2
9
6
35
17
14
10
22
13
9
10
15
12
95
20
23
3
8
30
11
16
1
4
77
25
22
10
10
36
30
20
6
5
11
83
16
20
21
10
12
39
18
23
12
3
9
15
91
15
2
13
29
7
32
14
22
4
1
6
83
12
14
24
10
8
17
45
17
25
48
6
13
1
16
13
20
108
6
8
26
9
20
43
14
42
13
35
7
20
8
14
20
11
108
7
2
14
8
5
5
27
1
26
1
3
85
1
12
21
8
12
36
6
14
4
9
7
15
7
14
91
7
35
5
3
8
31
1
39
7
20
5
14
12
3
85
7
19
12
8
2
3
17
3
2
24
1
1
9
74
10
19
5
5
3
30
8
15
20
1
5
3
18
18
83
7
26
2
9
6
35
17
14
10
22
13
9
10
15
12
95
8
23
26
16
2
7
73
7
19
7
16
6
16
11
64
1
19
18
15
2
66
3
23
22
11
2
10
3
12
72
3
28
2
30
2
12
33
8
2
78
20
3
8
31
22
9
73
16
18
4
4
36
21
5
26
5
21
17
1
15
89
3
24
2
7
41
15
44
14
5
4
7
93
12
23
8
40
1
8
18
9
2
14
1
17
5
12
89
11
21
11
2
36
18
15
16
19
14
77
6
22
7
8
28
42
19
4
72
21
24
14
28
28
4
10
81
5
23
4
31
11
23
6
15
12
91
6
22
13
2
2
33
5
18
8
29
13
26
23
18
87
14
11
14
9
1
30
21
8
9
27
14
5
8
2
20
78
2
9
4
24
8
1
31
21
33
16
11
9
7
7
80
4
18
11
2
23
5
11
6
2
1
73
4
16
7
27
15
25
15
7
2
13
82
9
17
25
8
32
14
7
12
30
12
6
5
14
81
17
16
4
1
30
2
9
21
2
5
21
14
78
8
24
12
42
8
14
15
30
16
12
13
6
20
95
14
1
13
37
5
19
9
2
8
96
1
16
5
4
34
17
14
1
10
10
11
3
96
6
7
22
12
8
1
5
38
5
20
21
31
5
10
7
15
7
21
99
7
18
9
5
32
5
12
37
2
6
2
6
10
103
16
10
5
5
30
2
22
5
20
5
9
6
100
6
22
15
4
24
2
11
3
8
6
13
94
4
3
22
1
3
30
2
6
21
33
10
3
3
17
5
93
12
5
32
1
9
24
28
13
10
6
3
1
87
6
7
8
4
29
23
15
3
79
1
16
8
2
6
28
7
7
28
21
17
16
73
6
21
2
1
10
37
3
8
9
22
6
5
20
12
24
83
3
21
19
12
42
9
25
4
2
19
17
3
10
98
6
30
7
1
12
11
37
7
9
5
16
4
7
32
17
10
19
98
7
28
10
11
2
22
51
6
15
16
45
12
16
15
22
1
16
5
103
2
24
10
3
25
49
37
20
31
16
22
22
23
9
12
95
2
17
13
8
38
13
9
11
33
6
21
13
14
8
19
85
12
4
7
37
35
2
11
4
85
12
5
31
4
9
18
4
6
9
13
6
87
17
9
1
7
35
9
8
33
12
11
12
22
6
6
11
98
21
7
3
10
41
4
5
19
16
4
14
17
29
10
10
107
3
8
14
1
3
11
28
10
7
23
13
10
23
11
98
10
24
13
4
30
19
6
23
39
10
17
12
17
95
5
21
26
3
16
4
25
12
28
31
26
15
19
3
6
21
88
8
21
19
3
10
15
9
13
1
29
2
24
9
77
1
26
9
4
16
7
11
10
19
6
15
2
7
82
5
12
13
11
6
6
4
5
7
22
72
19
2
17
7
7
17
10
9
70
19
4
2
15
7
16
6
69
10
5
2
17
1
11
11
12
1
6
75
20
19
13
20
5
1
80
18
11
3
7
22
3
21
10
8
79
1
19
12
3
4
4
32
7
20
23
6
13
13
4
3
112
3
7
21
3
4
8
28
27
11
25
11
21
2
4
6
7
167
7
15
8
5
5
1
23
3
8
4
10
14
209
18
7
4
4
4
24
1
5
228
2
17
2
2
25
2
8
5
17
3
1
2
234
14
9
7
29
13
13
18
4
18
3
11
224
5
11
18
14
132
5
5
1
22
5
1
23
17
7
23
10
2
14
35
31
7
18
8
3
12
8
2
1
7
16
10
2
2
27
2
3
25
7
7
2
7
2
9
33
3
4
11
10
4
12
14
3
10
3
14
7
8
9
32
6
9
15
6
3
14
8
10
5
22
9
6
14
42
5
17
5
23
6
10
14
29
1
6
12
14
10
8
5
9
38
12
12
30
3
15
5
20
3
9
4
11
1
28
3
11
22
8
3
8
27
5
31
5
1
8
35
8
41
6
28
4
14
7
20
1
21
13
104
3
14
12
1
3
7
3
17
3
145
9
3
176
11
8
190
6
1
157
8
3
129
6
2
22
109
8
1
7
1
98
1
4
14
105
1
12
9
112
7
3
11
3
7
112
12
9
16
9
8
15
5
10
121
3
6
2
16
14
117
8
3
15
5
118
3
19
16
24
3
130
10
16
17
5
136
6
2
14
1
3
132
1
6
12
11
131
7
1
4
18
5
3
3
8
142
8
4
1
6
22
9
16
7
148
6
2
8
15
2
152
10
2
10
8
8
6
3
134
9
2
16
27
5
1
12
139
11
6
19
9
10
4
15
151
7
11
7
153
4
7
151
6
12
14
150
7
9
12
10
7
3
148
5
1
2
6
7
143
1
5
138
7
5
3
6
139
3
1
7
16
146
5
6
7
16
149
10
11
7
157
10
1
12
3
10
2
149
13
10
7
9
171
12
8
1
15
25
5
1
1
7
1
10
180
5
8
6
8
1
11
164
8
9
5
19
2
19
9
8
3
9
1
187
15
5
4
26
16
19
4
18
3
16
5
11
5
194
9
7
18
8
11
1
17
3
190
13
5
1
23
15
7
25
7
15
6
195
9
8
23
2
24
2
14
6
187
3
1
3
16
3
2
5
193
3
5
15
1
11
1
193
4
15
13
6
194
4
2
8
7
203
9
8
5
4
211
4
10
6
4
6
9
15
10
209
5
8
212
3
12
2
18
10
5
9
220
2
10
12
1
15
5
4
26
2
216
10
7
16
7
24
17
9
13
14
2
3
225
13
12
1
21
14
8
6
24
14
3
9
3
217
7
1
9
12
11
10
20
4
5
2
216
5
18
2
16
13
8
203
2
4
2
9
2
11
7
181
3
5
4
178
1
4
6
4
1
175
6
5
8
2
4
12
1
5
178
5
9
152
5
3
142
3
6
2
1
18
133
3
5
9
129
2
6
26
9
2
122
2
5
14
7
12
3
100
6
8
3
1
1
15
1
28
8
6
107
3
12
1
2
17
9
7
2
15
4
2
2
5
111
1
7
9
13
10
17
11
3
9
4
5
2
4
5
106
3
1
15
21
16
14
24
8
11
11
11
15
13
6
11
3
1
11
112
11
13
6
7
25
2
5
15
13
8
12
7
9
11
109
5
6
3
2
20
13
6
18
8
14
5
11
9
108
8
5
9
23
16
1
17
7
2
96
7
6
5
22
6
6
15
16
22
8
4
105
6
18
11
26
5
21
2
10
15
16
8
11
110
13
1
13
15
17
10
18
1
2
97
7
2
3
11
31
12
9
2
93
10
11
2
3
13
4
6
10
14
3
21
13
92
9
3
1
3
9
11
1
7
15
13
6
82
1
6
17
10
2
26
2
11
3
10
90
13
15
3
5
19
6
15
11
12
14
4
95
3
3
6
21
3
19
1
14
12
13
2
91
1
11
6
6
25
14
30
5
18
7
90
4
18
5
3
2
9
8
2
89
1
5
19
7
19
14
3
7
83
4
1
4
16
12
8
7
70
5
2
15
11
1
7
76
7
7
12
14
17
12
6
76
4
3
1
2
71
8
4
2
3
1
4
82
4
6
13
3
73
4
3
1
4
76
1
5
3
3
13
2
79
4
7
7
7
15
7
77
4
3
18
5
73
7
10
1
68
1
68
4
64
1
70
6
1
84
1
84
6
3
1
10
2
90
17
5
4
3
15
13
2
4
95
6
1
2
80
8
1
4
21
1
81
1
18
8
12
5
1
1
91
1
1
14
3
3
20
9
95
1
10
15
13
10
1
92
3
6
6
23
3
13
1
15
5
3
7
96
12
1
1
5
5
5
29
6
24
5
23
12
19
16
14
12
2
112
5
2
13
22
21
22
5
24
1
100
15
25
7
12
9
14
102
14
4
4
28
7
18
7
14
7
18
17
20
12
1
112
3
1
3
2
26
7
1
9
19
6
18
17
6
7
110
21
22
8
7
14
14
4
97
2
1
5
27
6
20
11
5
14
24
44
26
9
1
110
6
1
23
3
8
15
12
15
23
18
9
111
4
16
15
4
2
28
1
14
13
16
96
9
5
1
14
18
7
12
19
18
4
8
99
3
10
8
16
7
94
2
1
4
5
27
16
23
13
2
7
4
94
5
4
5
9
14
10
3
3
1
1
88
9
2
78
4
4
84
4
7
15
3
5
3
1
93
5
4
5
92
4
6
15
83
5
8
16
1
77
7
71
13
74
3
3
17
6
4
1
2
84
4
9
5
2
1
5
88
5
4
7
7
8
9
3
83
1
3
7
1
11
75
7
7
6
11
71
12
6
10
3
10
67
11
7
7
61
13
13
5
13
15
8
77
19
3
9
4
3
4
73
12
1
4
68
8
1
4
73
12
3
9
2
65
15
4
17
12
78
18
18
2
3
5
8
5
11
85
22
20
4
6
18
2
11
3
88
21
5
1
4
6
6
14
8
85
22
3
5
9
22
6
7
1
87
32
10
5
8
13
19
4
4
20
3
12
81
37
12
2
9
5
3
8
23
11
2
3
1
9
70
43
2
6
2
5
9
3
11
13
8
84
43
5
9
1
3
3
86
35
5
1
7
1
15
7
1
88
35
8
5
75
27
3
4
8
82
17
1
15
98
20
3
14
73
28
7
1
2
66
28
7
3
6
70
23
5
3
2
1
65
24
14
3
9
1
66
23
31
4
1
2
14
3
10
2
67
18
32
5
6
9
1
66
16
25
3
6
7
70
12
22
1
12
1
29
65
5
31
2
6
3
14
57
2
33
2
10
11
5
9
74
23
1
2
3
5
60
17
2
11
3
5
71
15
1
3
18
1
4
12
2
9
1
94
24
3
10
12
3
2
21
79
16
7
2
6
15
11
10
23
4
10
74
1
10
3
5
2
17
2
4
8
5
18
4
69
5
4
10
8
2
62
4
1
11
7
10
2
9
5
8
3
1
71
11
9
1
4
3
8
13
3
66
7
12
9
3
69
6
6
10
16
6
3
3
71
14
1
3
2
24
6
9
75
