49
44
63
65
44
65
71
54
62
71
76
56
83
59
77
70
86
90
58
49
37
41
33
56
51
44
59
59
38
59
66
48
65
68
67
53
75
55
68
61
86
88
54
48
50
30
25
53
41
46
45
50
29
44
55
36
60
55
61
47
60
49
57
52
83
81
44
46
49
34
26
49
32
43
43
45
29
42
49
31
54
54
51
44
60
42
48
40
81
79
42
28
44
36
19
54
38
43
45
49
38
49
51
38
51
56
53
45
54
48
45
32
83
84
54
39
44
39
19
55
42
44
54
57
54
59
66
54
51
66
60
64
66
62
64
50
84
92
70
44
45
36
15
57
39
42
59
64
62
69
70
61
56
67
67
68
76
71
69
59
82
95
76
32
50
23
17
60
40
45
53
65
55
70
65
56
57
62
69
60
70
67
57
53
78
89
71
28
55
17
26
59
47
45
56
64
54
67
65
61
58
64
66
75
68
72
66
58
80
87
69
37
47
5
29
65
54
48
55
63
53
61
62
64
60
67
66
68
61
80
61
66
84
87
66
42
53
1
24
65
55
47
56
59
50
57
59
62
57
72
67
67
60
74
63
65
87
88
63
39
49
23
71
61
47
65
57
54
53
55
57
61
69
66
72
59
74
68
60
87
88
58
39
57
38
84
59
50
61
59
49
59
65
64
70
70
73
71
63
78
76
71
80
82
55
37
74
18
13
85
64
50
66
57
48
51
55
54
65
74
69
62
56
64
67
61
83
81
51
49
66
23
12
83
59
50
62
55
42
44
47
42
63
76
65
52
48
53
66
57
83
79
49
51
74
21
9
79
52
48
57
49
41
36
33
30
52
64
48
53
30
52
46
50
82
81
48
35
63
21
14
81
48
46
55
45
41
33
27
25
46
51
42
46
25
45
34
41
82
82
47
20
60
15
31
77
46
48
54
50
46
40
37
34
49
53
46
55
36
54
44
52
81
81
52
24
62
11
35
76
47
50
57
58
54
50
48
45
56
67
54
67
51
66
52
54
81
83
59
37
57
14
25
77
47
50
60
60
57
57
59
56
61
70
58
66
63
69
59
59
79
86
62
39
66
19
37
75
45
47
64
63
61
68
73
67
63
70
67
72
76
75
67
59
80
88
67
43
61
20
50
74
44
48
66
62
58
70
78
70
64
76
73
78
81
74
72
57
82
86
67
37
64
17
37
77
51
50
64
62
56
69
83
74
65
72
72
72
88
83
79
62
85
83
67
39
75
15
25
84
58
49
66
64
57
72
87
79
70
70
78
70
90
83
77
65
88
83
67
45
77
26
26
83
57
50
63
68
48
75
86
76
72
79
80
69
93
75
80
66
85
81
65
46
70
28
27
76
52
50
65
69
50
75
84
72
71
75
81
63
90
73
81
58
80
81
66
48
71
32
22
64
44
48
62
67
48
68
73
59
63
65
72
54
81
61
69
51
79
82
63
41
64
51
12
53
34
48
54
61
38
59
57
37
51
57
60
36
72
44
63
37
79
79
53
21
46
55
13
53
33
43
52
50
31
46
40
18
43
50
48
43
47
30
46
28
79
77
41
7
41
53
24
58
35
46
47
42
28
37
25
4
47
44
47
43
38
23
33
26
81
74
34
10
50
43
28
63
43
47
53
42
33
35
20
52
49
50
29
37
27
35
31
85
74
34
27
53
35
32
66
47
45
62
45
38
35
25
8
52
64
47
47
28
37
42
39
87
77
38
33
58
23
34
64
43
46
57
50
39
42
28
14
53
61
48
50
37
38
42
33
83
78
41
32
58
23
38
59
41
46
54
57
44
50
39
26
55
53
54
57
45
45
51
36
80
76
46
32
54
32
41
63
45
52
60
63
51
59
57
44
67
73
70
75
61
59
65
49
81
76
54
43
59
28
34
71
51
57
62
68
56
67
76
66
78
77
81
71
82
83
79
73
82
77
62
48
71
25
19
75
55
53
73
66
63
73
89
80
82
82
84
70
93
99
86
82
83
80
67
51
75
18
21
68
51
50
69
68
63
80
97
89
77
85
91
78
102
99
88
87
80
86
74
56
68
20
33
57
43
49
61
70
57
81
99
91
72
80
85
88
100
93
90
85
78
90
77
48
60
19
32
53
43
45
62
69
57
77
95
85
68
76
77
78
99
84
79
73
80
92
76
55
51
16
36
53
39
45
61
70
54
78
87
79
64
75
81
72
97
79
71
69
80
95
75
48
52
11
38
52
38
44
61
71
55
77
80
70
58
66
76
71
91
73
73
56
79
97
73
41
47
8
54
49
39
50
57
70
52
69
73
60
53
62
70
63
81
66
62
49
80
91
67
36
47
9
64
52
42
53
61
67
48
62
66
49
65
71
76
68
78
62
61
53
81
80
57
39
51
4
54
55
43
51
55
65
40
54
56
32
68
73
75
60
70
48
67
46
79
72
45
45
50
6
55
54
36
55
45
65
35
52
47
21
70
53
75
51
66
42
63
49
73
68
38
36
63
11
61
57
41
47
54
65
47
58
55
32
74
70
76
62
76
55
71
64
76
77
48
50
56
10
61
48
34
49
55
67
47
56
60
41
62
74
74
64
62
60
72
63
77
83
54
45
54
9
45
47
33
47
60
60
50
53
60
49
60
65
65
63
59
69
72
69
79
86
54
45
57
4
43
42
35
41
69
58
57
59
69
63
56
78
63
65
70
78
76
77
81
91
60
48
33
51
42
35
44
72
59
60
63
81
74
58
77
67
90
72
83
78
82
83
92
67
45
37
42
48
45
43
78
58
67
67
91
86
60
90
70
93
82
99
89
92
87
95
75
56
46
37
46
41
43
73
61
64
67
91
81
61
86
76
80
88
95
96
89
86
94
72
58
41
42
48
37
43
66
61
58
63
78
67
63
71
75
79
86
79
86
75
81
90
63
52
54
6
49
40
33
44
61
65
59
63
78
69
60
65
75
70
75
83
88
81
77
91
65
49
47
7
50
35
27
45
60
71
60
65
79
71
61
64
78
73
76
80
88
84
77
90
66
49
39
3
45
38
32
44
62
67
59
61
69
65
62
72
77
73
71
81
77
76
79
87
62
48
42
39
35
29
43
58
58
54
57
59
58
53
67
62
70
59
84
68
73
79
87
58
41
36
36
36
28
45
61
55
50
55
48
50
48
55
54
61
51
65
56
58
79
86
56
32
39
1
38
41
36
42
65
56
51
59
51
50
61
68
60
66
53
67
60
60
83
89
61
37
44
5
29
38
33
43
63
60
54
66
62
59
64
71
65
79
63
79
60
65
84
91
66
45
42
15
34
29
46
66
66
61
71
70
65
58
68
68
74
68
79
63
63
80
90
68
40
41
21
40
30
45
59
72
64
80
85
77
62
74
74
77
85
87
74
76
78
90
73
42
44
18
35
28
45
64
78
71
85
96
90
63
80
81
89
96
95
86
93
77
90
78
54
42
7
33
32
44
66
76
69
78
96
92
65
84
84
80
93
101
97
96
79
90
74
64
39
3
35
30
44
58
70
56
71
87
83
66
75
89
70
95
97
99
92
78
87
63
62
41
2
37
32
44
61
64
54
67
83
76
67
74
85
81
91
84
101
89
77
85
60
58
41
7
43
36
47
57
62
47
64
80
70
72
74
85
73
88
79
101
83
79
84
60
60
53
10
40
35
47
58
63
46
65
75
61
74
75
88
64
86
69
91
72
80
87
62
58
54
4
8
34
32
42
56
62
43
63
74
52
71
66
76
56
77
63
89
71
79
89
61
51
42
3
3
35
28
41
53
64
43
63
65
40
61
67
69
54
73
57
76
60
76
89
59
45
41
11
3
37
28
45
52
69
50
66
62
38
67
66
79
46
75
49
69
48
74
89
61
46
44
10
13
33
27
45
59
73
56
69
67
46
64
64
83
54
74
55
72
55
77
90
66
47
40
4
16
27
23
45
65
72
58
68
67
49
54
68
74
78
69
62
65
51
78
88
65
41
37
2
17
26
24
44
63
64
55
65
70
52
58
65
67
67
70
69
67
53
78
83
60
40
31
1
35
21
18
44
63
58
51
60
69
55
56
55
60
63
71
60
67
57
78
79
55
36
33
5
34
22
18
46
53
58
43
57
64
49
57
55
67
52
71
54
65
53
78
77
49
34
32
1
24
27
23
45
48
61
40
60
65
48
65
57
73
63
79
59
78
59
77
80
51
40
31
32
30
24
44
56
63
48
63
66
48
61
66
73
72
77
57
85
61
76
86
55
43
38
2
38
33
25
43
54
66
52
64
64
49
63
72
76
63
74
64
84
63
74
86
58
52
37
34
28
21
47
54
68
54
62
63
53
62
68
75
73
71
68
81
68
73
84
60
53
36
22
27
26
45
64
65
59
59
65
59
59
76
66
69
67
73
79
81
78
82
60
55
39
20
27
26
42
66
62
59
61
64
60
64
73
66
69
71
75
73
70
79
82
59
53
36
25
22
23
43
66
63
59
65
67
59
57
65
72
66
71
72
69
60
78
82
61
45
27
32
27
26
45
63
65
56
68
77
66
64
59
77
59
75
72
76
71
79
80
64
44
36
30
31
25
46
61
69
58
76
84
74
66
68
78
70
88
79
78
67
80
81
70
46
42
18
28
19
45
61
72
64
84
90
78
67
66
84
65
94
86
77
70
77
89
76
48
37
21
27
21
44
60
74
66
87
96
83
70
72
84
72
96
89
84
78
75
93
78
54
38
29
23
20
44
58
75
61
85
96
80
64
72
81
81
101
86
87
75
74
93
76
50
37
16
19
16
44
58
73
56
81
92
74
61
63
79
63
101
85
88
79
75
93
71
46
30
12
21
15
43
57
68
52
75
83
65
56
64
71
53
96
81
85
72
74
89
63
44
28
38
26
15
45
53
65
47
68
73
57
57
56
72
49
84
60
82
62
72
85
56
43
34
55
28
17
49
53
61
39
59
61
47
59
60
69
46
77
48
86
57
73
77
48
44
36
43
28
24
47
57
55
38
50
56
40
66
65
75
66
72
55
85
59
78
71
43
51
40
27
32
27
45
61
52
47
49
56
41
71
69
70
71
68
61
84
66
81
72
44
52
42
16
33
27
47
65
50
53
46
50
36
68
74
65
79
54
68
74
66
80
73
44
54
46
24
36
29
47
67
53
60
50
57
45
70
74
81
73
63
75
77
75
81
80
52
56
54
16
36
29
47
70
59
68
62
68
58
70
78
74
65
81
70
82
72
81
87
64
56
48
10
27
20
43
64
64
64
67
71
60
60
70
70
69
74
74
71
64
77
91
67
50
34
1
24
20
13
38
58
62
54
67
71
59
50
56
64
56
75
65
61
59
76
92
65
38
31
24
19
11
39
54
63
47
70
68
60
45
54
61
58
74
62
56
49
77
90
64
32
25
26
18
9
42
47
68
45
74
77
68
53
57
72
56
80
71
70
56
76
86
65
30
30
12
17
12
42
50
74
49
80
86
75
62
55
82
63
94
74
84
67
73
84
66
43
21
2
7
17
11
42
47
71
45
76
79
65
62
62
81
74
89
72
81
60
69
80
58
49
26
7
24
14
4
43
47
61
43
62
64
52
58
58
72
58
73
63
73
54
70
75
49
37
32
8
30
12
5
43
56
56
48
54
56
47
53
56
66
47
63
61
66
55
74
75
49
41
23
13
25
15
9
42
59
53
48
50
45
37
47
64
54
58
53
55
63
51
77
76
47
42
28
10
25
20
10
41
59
51
49
48
39
30
47
60
50
60
48
50
61
51
77
80
47
37
31
16
28
27
16
40
56
53
51
53
41
32
56
64
57
55
52
55
59
51
77
81
51
40
36
21
29
25
17
41
55
59
51
59
45
36
56
64
60
62
58
54
59
55
77
83
56
37
35
21
16
23
12
42
51
65
49
65
53
42
54
54
69
58
68
51
64
52
76
85
59
38
31
26
11
22
9
40
49
64
46
68
58
44
52
53
68
39
65
56
57
36
74
85
59
31
30
29
18
15
3
38
48
63
45
69
65
50
45
40
59
41
69
57
57
44
72
86
60
28
24
32
18
13
2
39
46
64
43
70
72
56
46
40
59
55
77
59
62
57
73
86
61
26
28
28
17
14
6
42
48
63
45
67
71
57
49
57
59
57
79
64
63
56
75
84
58
38
24
34
16
14
6
43
48
61
44
65
71
58
52
53
62
60
81
63
66
53
74
83
55
38
25
32
25
17
9
41
50
60
45
68
77
64
60
62
67
62
81
69
77
59
74
83
56
40
33
24
36
17
11
41
56
61
50
67
76
64
59
69
68
63
83
72
78
68
75
83
59
48
29
21
32
16
11
41
57
55
47
56
67
54
53
63
63
55
70
63
70
65
78
81
55
47
32
17
14
12
9
36
65
47
49
44
53
41
46
62
52
51
56
53
65
56
79
81
48
34
25
18
13
14
13
36
64
47
52
42
43
32
40
64
48
63
49
52
57
49
80
81
46
42
20
18
21
16
18
38
66
54
57
49
48
38
45
74
56
70
50
61
59
57
81
85
55
56
19
19
19
14
18
42
76
57
66
55
52
41
55
73
61
74
53
65
64
62
82
90
63
50
24
25
12
13
16
43
66
54
61
54
51
36
55
67
58
55
50
56
57
49
81
89
61
46
29
29
8
10
10
41
63
46
50
47
41
25
46
61
50
59
44
42
42
38
78
81
50
31
24
31
16
7
6
40
58
46
43
49
45
29
47
50
50
57
49
49
48
49
77
76
46
34
22
27
23
10
11
43
51
59
45
62
62
47
56
53
68
47
70
62
70
65
77
78
54
43
26
27
14
17
17
45
56
68
50
72
75
60
69
71
84
67
88
74
85
75
75
81
60
49
38
28
5
23
23
47
53
71
51
78
85
72
75
82
93
91
98
90
101
95
71
81
62
72
39
33
12
23
27
46
66
68
60
74
82
73
74
94
91
98
95
97
103
102
71
79
60
73
35
33
16
23
25
46
66
62
58
63
76
68
68
92
82
84
88
95
98
106
73
76
55
80
38
28
9
23
27
46
65
54
54
54
69
63
64
84
70
83
76
84
91
96
76
74
50
74
34
23
9
22
23
44
63
45
50
46
55
49
58
76
61
81
65
72
77
74
77
74
42
62
37
19
10
20
19
43
58
45
44
47
47
43
56
66
59
60
60
62
65
66
77
73
40
56
32
16
22
12
14
42
57
50
43
51
38
39
50
54
56
56
51
59
58
47
77
74
43
36
21
13
13
14
14
41
57
52
43
51
37
35
47
52
54
55
43
61
56
45
76
77
44
32
25
8
5
20
18
40
57
53
42
53
40
35
46
53
50
51
50
52
50
51
76
78
46
36
27
9
6
23
17
43
51
56
40
58
40
33
43
47
51
47
51
46
44
41
74
78
48
35
33
17
7
20
15
39
49
61
45
64
56
46
48
45
61
44
65
62
55
53
74
83
57
23
23
10
16
19
16
38
50
60
48
66
67
54
52
50
61
59
75
65
63
59
76
84
61
30
29
9
28
27
39
54
57
47
63
68
55
52
63
63
61
74
69
66
64
76
82
57
49
33
14
29
33
35
55
54
48
63
76
61
49
76
59
59
80
72
76
68
77
83
59
54
20
15
35
36
41
53
55
48
62
78
61
57
76
63
73
76
74
75
66
74
83
61
62
38
12
42
40
43
58
56
49
59
75
58
63
73
67
71
71
77
71
74
75
80
59
55
41
9
39
36
43
57
47
38
47
57
37
53
69
53
59
59
53
60
61
75
72
43
51
43
39
36
43
54
44
32
40
41
22
49
62
49
46
46
39
52
49
75
67
33
53
40
5
33
31
41
50
47
29
39
30
14
45
55
47
28
35
30
42
33
77
65
31
33
31
30
29
39
47
48
30
38
24
10
43
49
44
34
27
27
38
25
77
64
32
22
29
34
32
38
51
50
37
42
28
16
44
47
46
45
32
34
43
32
77
70
37
20
28
37
38
41
57
52
47
48
32
22
42
64
47
45
45
48
48
31
76
75
43
36
33
49
50
45
62
56
55
56
46
39
54
70
58
60
59
71
56
52
77
78
50
54
42
56
56
45
65
58
53
62
63
56
68
73
69
74
74
74
73
73
78
79
57
59
52
1
53
52
44
61
54
51
59
71
62
60
82
61
68
77
64
70
72
77
79
56
62
49
3
5
45
43
40
55
50
44
53
64
56
49
68
54
54
65
65
66
67
75
76
48
50
41
10
9
40
38
38
53
45
36
47
53
43
42
62
44
54
56
53
61
49
75
73
42
42
39
14
6
39
39
37
58
50
45
53
57
47
44
66
47
61
62
56
56
61
78
78
51
43
31
20
10
44
46
38
62
55
53
58
65
58
50
74
57
62
61
73
67
74
80
83
58
50
34
27
11
49
52
40
62
53
53
55
57
49
51
81
57
75
57
71
65
65
79
80
52
61
41
29
5
45
48
40
63
54
52
55
49
40
52
81
59
78
50
62
62
62
76
78
49
47
34
22
4
40
43
43
58
50
47
48
38
28
50
67
49
52
42
49
51
46
74
75
45
31
35
22
37
38
42
49
49
40
46
31
20
47
56
45
48
42
44
47
43
74
72
41
37
36
21
32
34
40
54
48
36
44
29
19
43
61
46
35
37
37
44
42
76
69
37
30
30
26
34
42
37
60
48
38
48
39
30
42
59
44
41
50
45
50
45
78
70
41
32
25
32
42
49
38
64
52
47
56
60
52
47
73
50
68
61
63
60
59
82
74
51
52
34
26
45
50
36
68
52
54
59
73
64
53
73
63
66
73
72
71
64
83
80
58
54
37
21
43
47
35
60
55
51
64
80
69
52
65
65
69
86
78
77
68
81
84
60
48
34
22
40
39
36
54
56
48
66
81
71
48
68
62
65
82
73
77
67
77
84
58
44
33
18
2
36
33
40
53
58
49
63
75
65
50
61
64
55
78
63
71
61
75
83
56
35
31
17
34
32
41
53
55
48
58
69
59
55
63
60
56
76
60
64
55
75
81
53
34
35
17
34
36
40
52
50
44
52
60
47
46
59
54
54
68
51
60
48
75
79
46
37
38
14
36
38
37
48
47
38
49
49
36
42
63
47
53
54
48
46
41
73
78
42
36
28
17
39
42
36
57
48
46
51
51
37
45
60
49
49
44
59
52
47
75
79
47
41
23
10
41
44
41
60
50
50
48
49
39
46
62
48
34
39
61
53
53
76
75
48
46
38
8
38
39
40
59
49
47
44
36
28
45
64
34
35
30
47
40
44
77
