1
3
12
1
5
4
2
12
17
5
13
21
2
2
7
2
1
5
3
9
16
3
10
25
3
3
6
5
2
6
5
2
9
21
10
13
28
5
6
11
9
7
2
9
1
1
12
23
10
13
27
6
8
13
5
6
8
3
12
3
1
14
24
10
12
30
1
6
5
8
6
2
5
1
11
23
11
10
28
1
5
3
9
1
2
2
1
2
11
18
7
9
23
1
9
1
10
10
1
3
18
4
1
7
12
15
5
2
9
11
1
15
4
1
10
15
3
19
5
1
10
15
5
5
20
3
5
7
4
5
2
12
9
3
4
19
5
4
2
5
2
10
16
7
21
6
2
4
3
3
6
19
4
12
24
7
1
4
4
2
5
17
8
7
23
3
1
1
13
3
19
3
1
1
1
16
7
21
5
1
1
1
2
4
18
1
8
21
6
5
2
5
16
6
19
6
1
5
2
8
13
4
19
4
2
5
1
2
12
8
3
18
4
3
2
2
10
20
8
23
3
4
3
2
10
20
9
26
1
6
2
11
14
6
21
1
3
2
10
1
3
2
13
13
5
21
1
5
5
10
4
1
2
2
13
13
7
26
1
7
1
7
12
12
5
4
5
2
15
11
7
25
3
3
6
2
12
5
6
19
1
8
2
4
9
1
2
5
10
9
13
1
1
3
1
10
2
11
2
3
11
2
14
4
5
2
8
15
3
17
1
11
6
8
10
3
16
5
14
3
6
8
3
14
1
1
10
1
2
3
2
11
2
4
2
2
8
2
7
1
2
8
17
4
10
1
2
1
2
8
2
16
8
16
1
2
1
8
5
3
7
15
1
1
1
3
1
9
4
15
1
10
2
12
1
11
8
6
10
7
11
12
4
8
6
5
6
12
15
7
4
1
9
2
3
1
2
8
7
18
21
2
4
3
2
9
7
3
3
8
2
2
12
9
18
22
3
1
6
2
14
1
2
1
12
2
1
14
1
13
19
3
4
1
12
8
1
14
14
13
3
2
7
5
4
5
12
15
13
4
4
3
14
1
1
11
1
1
14
14
18
2
2
8
5
2
1
5
12
14
19
2
2
11
7
2
4
12
16
17
2
1
2
12
7
3
2
6
2
11
2
19
24
2
1
1
6
13
4
5
1
3
9
16
23
30
2
2
2
9
7
2
1
10
4
15
21
1
4
3
7
6
1
2
12
4
19
3
1
5
2
11
16
3
6
15
1
4
1
7
3
3
6
20
1
11
1
4
11
15
13
4
1
15
18
9
4
1
11
20
10
1
5
3
11
7
1
5
8
15
7
5
10
20
1
8
4
9
14
1
2
1
6
9
17
1
10
2
1
7
3
15
23
1
16
1
2
2
7
7
19
23
2
1
8
13
4
2
2
9
22
20
1
2
1
3
11
11
3
2
5
3
2
11
18
25
9
7
8
7
10
21
7
4
3
1
4
1
7
20
18
25
1
2
3
15
5
4
5
12
5
3
1
12
5
50
20
32
1
1
12
6
7
1
10
48
16
12
2
1
11
4
9
2
10
63
16
14
3
1
1
12
9
12
1
11
24
18
14
5
5
1
16
10
22
19
13
14
6
8
12
8
28
9
5
10
30
6
7
1
18
22
9
7
9
4
23
5
12
14
26
3
14
14
25
6
6
6
2
20
2
9
9
20
8
12
18
4
1
3
13
6
2
12
1
2
11
19
12
1
2
3
11
1
2
3
2
7
14
20
2
3
2
10
3
5
3
8
12
25
3
3
8
5
6
3
7
12
27
1
1
8
1
3
3
9
21
5
3
1
9
4
3
3
5
5
27
5
3
5
2
3
3
14
6
3
2
10
1
9
2
2
15
18
11
3
5
13
16
13
1
1
10
3
11
17
11
16
1
1
2
3
3
3
12
27
9
14
9
2
9
4
25
12
15
2
12
2
7
3
31
12
16
8
2
5
42
11
11
3
10
2
5
3
49
14
17
1
1
1
11
19
21
7
3
10
6
10
50
20
23
2
6
3
1
1
13
19
11
6
10
1
2
11
10
10
49
27
30
1
2
1
5
3
7
10
21
7
14
12
12
14
10
4
4
3
16
15
60
30
36
6
8
7
12
19
5
17
20
16
14
12
7
11
5
19
15
1
60
35
37
4
5
1
6
9
14
14
6
4
2
2
13
4
4
50
18
28
3
4
5
10
7
3
5
3
3
11
1
47
14
23
4
2
6
4
3
2
36
14
26
3
2
5
2
4
1
40
11
23
1
7
3
2
47
10
18
1
8
2
2
36
14
21
1
1
7
4
7
5
35
15
25
2
3
3
10
1
3
9
39
11
21
1
5
7
12
1
3
2
10
40
14
22
4
8
1
15
4
2
5
9
4
31
19
27
9
3
1
18
1
3
2
2
3
10
26
23
25
2
9
2
3
17
4
8
5
13
9
31
19
28
4
3
4
9
4
6
6
13
45
16
28
7
4
2
1
8
6
2
29
12
13
1
6
4
7
3
3
14
8
20
2
3
6
5
15
8
18
6
5
6
13
7
13
1
8
4
9
19
9
19
2
9
2
6
18
13
16
5
1
4
10
2
9
27
17
13
5
4
12
5
6
1
11
30
11
11
5
5
3
15
1
6
2
14
20
10
18
4
2
3
5
10
6
4
1
3
14
9
5
17
27
4
1
5
9
5
2
10
12
14
17
3
1
2
9
7
6
4
11
39
16
14
1
1
2
2
11
3
3
5
8
7
3
16
13
23
4
2
14
1
2
2
5
8
8
5
2
24
29
4
1
5
10
1
6
1
4
8
25
23
19
6
5
4
13
2
11
12
6
3
11
4
51
24
24
5
3
7
9
15
5
12
10
15
11
3
14
14
46
21
36
2
3
1
7
5
12
16
12
10
2
11
21
12
16
36
3
3
3
22
6
2
4
5
5
10
32
36
22
7
1
15
5
1
6
23
15
17
2
8
6
2
4
15
20
10
30
19
3
2
2
11
9
6
32
24
3
4
4
5
17
1
3
5
9
12
13
4
1
3
12
6
8
2
3
10
2
11
1
1
3
9
12
9
1
2
2
9
6
18
1
1
3
3
2
3
1
12
12
27
4
8
6
17
10
6
12
17
23
13
4
5
3
12
2
15
11
4
6
4
10
1
3
15
11
16
1
6
10
15
2
1
5
6
9
3
18
10
24
5
1
1
10
16
10
2
4
4
11
6
2
13
16
17
3
4
9
13
20
9
2
1
13
11
4
18
1
17
22
5
4
11
14
21
10
11
10
5
19
16
19
1
2
18
18
31
28
6
4
13
16
24
17
3
6
9
22
22
9
8
1
20
33
26
30
6
12
8
20
7
7
19
1
26
9
20
15
12
36
25
4
10
6
15
6
1
11
1
20
10
14
12
26
26
4
9
8
14
8
6
8
4
16
13
6
14
13
22
30
4
6
3
11
7
11
17
4
7
10
29
21
1
2
4
4
5
11
6
19
16
2
2
2
8
4
7
12
3
3
8
25
16
1
2
6
2
2
12
3
7
20
20
1
2
6
6
5
5
2
12
9
8
10
15
20
28
3
7
1
3
5
2
10
7
1
11
19
22
30
1
5
1
3
1
10
11
24
1
7
2
1
5
2
11
4
10
21
2
4
4
5
3
3
8
6
2
19
1
5
15
1
2
9
13
5
4
10
9
6
13
6
7
13
1
1
17
9
1
16
8
9
16
2
4
19
10
11
4
5
8
15
12
1
6
12
4
6
9
3
8
11
1
11
1
9
25
4
5
7
5
16
4
3
2
14
31
2
5
6
10
1
14
4
4
7
3
6
5
13
2
10
8
10
16
6
11
6
16
9
5
6
1
6
9
13
2
9
10
5
13
53
4
16
3
6
9
5
8
7
10
35
8
19
3
4
11
7
5
2
10
27
12
18
4
5
12
10
13
6
11
33
12
18
1
3
8
12
7
14
2
10
11
12
36
8
20
1
4
9
13
6
11
13
12
34
5
13
2
4
8
5
7
6
10
30
5
1
4
3
8
9
46
1
12
2
5
9
9
20
3
19
3
5
8
13
3
15
1
3
7
2
9
35
20
1
1
9
46
3
11
3
1
9
32
1
9
3
9
21
13
8
44
7
6
13
8
6
12
2
2
8
36
7
10
25
1
1
9
13
56
3
1
2
3
13
18
13
4
4
10
1
17
33
2
2
5
3
14
18
9
6
21
3
17
4
31
2
8
1
4
9
9
3
12
4
2
13
14
5
11
9
6
11
1
1
1
7
9
5
9
18
11
16
6
9
6
17
12
7
4
1
21
8
10
1
8
9
7
1
2
14
2
5
2
18
3
6
7
10
1
4
4
10
5
16
1
5
5
6
12
1
17
7
6
4
3
6
4
7
5
9
5
8
1
16
3
4
34
9
9
4
2
3
11
15
4
7
1
8
14
3
2
4
6
1
15
54
7
18
2
1
7
14
43
13
5
6
14
1
1
18
34
2
10
5
11
3
7
2
3
1
14
2
2
2
5
14
10
3
8
7
3
7
3
5
2
14
15
2
8
2
3
3
8
7
14
3
6
5
7
6
8
1
5
1
8
2
5
3
4
8
1
1
6
3
1
5
7
6
1
4
1
15
1
6
4
10
3
19
3
5
2
2
3
6
3
3
1
2
1
7
14
3
2
1
7
8
12
3
3
1
9
3
7
16
5
2
1
9
2
5
4
2
1
12
24
5
17
1
2
9
4
10
10
6
17
6
1
2
4
4
14
4
5
1
13
15
17
1
3
1
2
10
42
1
19
4
1
10
24
8
3
7
1
11
6
2
8
1
2
6
11
20
1
5
8
2
13
10
8
3
8
13
3
1
5
16
2
7
2
5
10
15
7
4
7
8
1
16
25
5
3
3
8
13
6
6
7
1
1
14
20
8
6
2
6
7
6
4
6
1
13
2
12
37
19
1
5
1
4
38
9
5
7
1
1
62
12
1
2
2
51
11
1
63
3
5
4
47
1
4
9
9
1
1
6
9
11
1
3
1
13
4
15
11
13
4
3
17
9
17
5
14
1
9
11
9
2
6
5
2
1
8
1
11
10
7
6
1
8
2
4
7
8
7
8
1
1
10
5
1
10
10
1
2
11
7
1
10
1
3
7
4
9
1
11
6
7
2
14
1
3
3
1
13
39
7
2
13
1
5
1
12
52
9
1
8
15
6
3
2
16
45
10
7
10
6
3
1
16
28
5
3
4
4
1
11
52
4
9
1
2
3
2
8
59
12
1
1
2
63
5
58
2
3
1
59
8
4
4
7
22
3
13
6
55
22
6
9
3
11
1
7
8
2
10
50
22
19
16
14
3
10
3
4
1
2
10
1
3
1
3
10
71
20
20
11
9
6
3
2
9
1
7
2
5
12
2
8
10
75
22
17
5
5
6
5
1
5
2
5
2
4
9
3
51
10
19
2
3
4
1
4
9
32
5
1
2
5
37
4
2
4
38
4
11
3
5
1
28
1
10
10
1
1
3
7
5
48
7
10
7
2
8
2
9
45
12
3
8
8
5
4
1
9
26
8
1
1
4
5
2
3
9
24
3
8
2
9
8
3
7
12
4
1
11
4
1
1
9
10
3
2
3
8
2
26
7
11
10
1
3
3
10
1
10
1
10
3
12
36
12
13
8
3
1
7
8
19
6
14
5
10
3
17
1
34
15
16
12
3
5
2
5
6
9
1
3
2
2
7
6
16
3
15
7
29
20
21
4
4
2
1
4
5
14
2
12
1
21
17
2
1
5
1
3
2
9
27
8
4
2
3
4
14
9
2
6
3
5
3
31
12
9
3
8
3
11
9
5
3
29
9
11
8
10
2
3
9
1
19
7
12
2
23
17
6
2
9
10
6
5
1
15
18
14
12
22
12
2
8
9
3
3
17
8
14
7
15
3
3
8
7
10
3
4
2
11
4
3
6
2
15
10
1
3
1
6
3
4
16
6
6
3
3
3
9
2
8
3
23
9
1
2
6
4
3
5
10
12
6
13
4
2
4
3
1
5
4
7
11
3
11
4
12
6
2
4
1
2
9
8
4
2
24
10
1
7
1
7
5
1
4
14
4
1
1
5
2
5
1
9
17
1
6
1
24
10
2
11
7
3
4
5
2
9
13
5
3
5
11
8
16
16
7
4
13
14
2
2
6
12
2
6
18
16
9
1
15
4
25
13
7
2
7
17
10
14
1
7
9
9
13
17
11
7
6
8
12
11
15
1
3
8
7
3
6
7
12
3
16
2
2
1
9
13
15
13
1
10
3
21
22
6
2
8
13
1
18
14
38
20
9
3
25
16
8
3
1
10
14
13
11
37
18
5
17
14
5
2
3
13
12
9
26
14
5
23
12
3
1
2
6
6
10
9
22
6
1
18
4
1
4
4
4
3
21
5
12
3
15
4
1
5
2
2
24
20
15
1
19
3
3
2
2
23
10
3
15
20
6
3
8
1
3
40
27
22
4
37
7
7
2
20
15
5
18
29
27
13
30
5
2
14
3
11
24
12
5
27
2
2
2
6
1
2
8
31
21
3
1
34
1
3
3
16
6
1
12
19
16
7
3
2
31
5
3
6
18
10
27
10
18
4
1
29
5
9
4
7
10
9
6
4
37
20
2
19
6
2
32
7
2
7
13
6
10
31
24
20
7
1
1
51
4
3
10
2
7
27
3
14
26
21
12
44
3
9
3
22
5
6
9
15
9
27
13
3
28
6
2
42
16
24
14
16
4
38
9
1
2
2
17
14
18
15
9
1
37
6
1
20
14
28
14
19
4
42
2
3
1
8
2
1
28
1
22
41
25
27
9
3
6
49
7
16
9
9
7
6
11
4
5
35
10
7
30
53
38
7
27
6
1
3
4
62
13
6
7
5
3
14
2
3
43
25
5
25
44
31
9
20
4
1
8
54
10
10
7
7
5
13
5
43
18
6
6
25
35
29
18
7
5
7
15
5
56
17
15
12
11
15
6
11
44
1
14
12
32
48
34
20
10
5
9
11
8
60
20
10
15
17
17
4
2
12
48
11
10
18
36
42
23
11
6
4
4
53
16
7
5
6
3
8
40
1
5
2
25
30
12
12
3
1
1
49
4
1
6
30
13
35
14
18
3
48
5
2
32
14
32
30
22
3
56
1
11
4
39
18
27
29
23
1
57
6
2
34
13
31
20
20
52
9
31
7
38
24
1
18
52
12
1
34
8
48
34
21
4
66
1
5
16
3
42
4
19
55
41
3
23
6
71
7
16
3
52
8
24
41
32
24
8
1
63
12
2
1
9
2
1
52
1
4
23
29
26
22
5
61
5
10
1
41
16
19
12
21
4
56
8
7
1
34
11
28
19
23
6
59
10
9
3
1
44
22
29
21
19
3
61
3
6
2
2
42
2
19
22
19
17
7
2
1
64
10
1
4
4
9
44
7
20
42
27
20
7
1
71
7
5
4
8
50
7
20
32
23
20
7
65
13
3
3
6
44
20
36
20
20
9
2
64
18
4
3
4
3
8
49
26
41
27
26
9
3
7
74
13
4
8
6
3
9
54
15
30
25
24
18
3
2
62
10
7
1
4
46
3
23
30
18
23
5
3
64
9
2
11
3
4
47
1
21
32
20
28
5
1
68
9
2
5
11
3
3
50
14
24
39
42
22
4
72
9
6
9
2
2
55
17
24
48
29
26
5
67
6
8
3
3
48
13
19
30
11
22
6
1
62
10
5
9
3
3
51
7
23
29
30
17
8
3
5
70
13
3
8
7
4
3
6
54
12
27
37
28
22
8
4
1
72
16
7
10
7
3
5
56
22
28
41
37
39
10
2
79
22
5
9
16
4
2
62
15
34
39
35
31
11
5
80
22
7
1
8
4
4
61
5
31
37
24
20
11
4
78
25
4
5
6
5
5
61
18
29
45
29
29
11
2
76
18
2
2
9
5
5
54
20
27
41
34
27
10
3
79
13
3
10
6
7
58
10
28
35
35
2
27
6
75
13
14
4
58
6
25
45
36
31
7
71
7
16
3
48
9
17
46
37
32
8
80
14
18
4
57
5
23
49
35
1
31
7
81
14
19
3
61
3
5
23
52
32
27
7
76
15
3
13
3
1
58
14
26
48
43
33
10
2
88
25
9
14
11
4
3
71
25
39
44
33
31
11
5
82
25
13
1
17
14
5
6
67
33
1
38
36
13
21
6
1
73
16
5
8
12
2
4
60
29
29
41
31
25
7
76
16
4
8
10
3
3
62
30
30
50
52
41
12
3
82
23
7
14
14
5
5
65
36
36
50
44
47
13
1
88
28
6
14
18
6
4
70
37
37
58
47
35
10
94
29
3
9
20
3
1
75
4
42
37
50
48
31
10
2
100
3
25
1
6
10
14
3
3
79
5
50
41
31
36
27
7
2
83
20
2
5
3
9
3
3
66
41
33
32
27
26
7
79
18
3
11
3
63
61
28
27
21
26
7
3
75
14
2
6
4
3
64
40
28
37
34
31
9
2
77
19
3
4
4
3
63
24
31
52
36
36
12
1
90
24
6
8
14
5
4
71
22
37
47
39
25
8
4
88
21
4
10
12
3
5
73
8
35
41
35
27
7
7
83
20
5
3
1
8
6
3
7
63
17
32
38
30
24
5
5
79
18
6
1
7
7
3
4
61
32
39
39
25
4
82
16
4
6
12
3
67
32
38
27
27
4
76
13
13
3
58
26
47
27
28
8
79
14
3
14
5
64
27
38
36
29
7
77
12
10
4
57
21
38
39
29
7
75
18
11
3
55
23
58
25
36
10
84
23
5
1
3
20
5
70
33
51
33
39
8
90
21
6
1
7
21
3
71
38
50
50
41
12
1
103
34
10
3
19
18
5
1
86
4
9
3
48
59
46
36
9
94
24
5
8
11
5
75
3
1
38
41
48
32
12
92
26
6
8
14
7
77
19
39
30
39
29
14
2
88
26
8
11
16
7
1
75
21
37
46
35
38
14
1
88
26
7
8
18
6
69
15
37
55
40
41
16
4
95
31
9
15
16
7
4
81
1
27
45
42
31
1
34
10
84
20
4
8
17
4
2
71
17
36
37
40
32
3
84
19
11
13
1
73
23
35
47
44
27
3
2
84
20
6
20
2
1
3
76
32
38
44
29
25
3
5
75
15
6
2
9
6
3
4
65
25
32
35
29
20
1
71
12
3
4
9
1
61
24
27
45
29
30
8
1
3
10
3
81
1
20
10
10
16
11
4
6
67
36
36
50
33
2
41
9
1
6
88
