130
44
48
46
40
42
29
51
41
46
34
19
36
46
26
3
55
43
28
20
77
228
5
106
126
46
48
46
40
41
30
50
40
41
32
14
37
45
28
55
44
27
9
79
224
100
123
43
44
45
38
41
31
47
29
36
33
12
36
43
22
51
42
28
73
211
103
135
44
47
47
38
43
27
52
33
46
31
18
43
41
21
1
55
41
29
10
74
231
113
140
49
48
50
37
45
26
57
41
47
38
18
47
46
32
4
58
41
29
23
84
251
12
110
138
48
48
48
38
44
30
53
35
43
37
16
42
47
33
1
56
42
28
6
81
244
113
145
51
54
49
42
41
30
54
32
47
36
16
39
48
30
4
62
45
27
3
74
247
112
145
50
54
50
44
46
32
48
32
49
40
20
40
53
31
8
62
44
27
10
77
252
115
150
50
55
49
44
46
34
54
32
55
34
27
52
54
30
4
62
43
29
23
81
244
124
155
54
56
48
45
42
36
65
44
54
38
27
47
53
32
13
64
45
29
19
91
254
125
153
57
55
51
43
43
33
61
47
50
43
21
47
52
34
11
65
45
28
3
94
248
117
148
52
51
50
41
45
31
61
37
46
39
21
48
54
35
7
62
45
29
2
82
229
120
153
50
53
47
38
39
27
46
26
42
27
12
31
45
13
2
63
45
25
82
32
126
161
51
56
48
39
41
27
46
30
46
28
13
33
45
12
66
45
25
88
21
128
164
53
58
47
42
37
27
46
33
46
28
15
29
43
14
68
46
23
88
10
126
166
53
61
45
43
34
27
46
26
49
23
13
31
42
11
71
47
22
82
6
132
172
55
63
48
43
37
28
46
25
54
26
18
35
46
11
3
73
47
24
2
86
8
136
173
56
63
48
45
38
33
50
30
55
30
20
37
49
12
6
74
46
26
5
91
12
138
174
61
63
50
45
40
30
54
43
54
35
20
38
45
24
8
75
46
25
5
98
16
142
174
65
65
53
44
39
27
52
47
53
40
22
34
48
28
6
77
47
24
101
2
133
166
58
61
50
45
39
32
51
35
54
37
25
30
52
20
7
71
45
26
91
9
133
171
57
60
50
45
42
30
55
36
57
29
28
41
53
25
11
70
44
26
7
95
4
3
139
180
59
66
50
47
39
32
54
35
61
31
27
41
53
21
8
74
46
25
10
93
7
13
143
179
60
67
49
48
38
32
53
34
58
31
24
42
51
25
13
76
47
24
92
7
147
182
63
68
50
48
39
31
46
37
53
31
22
40
50
23
12
79
48
24
104
147
182
62
66
52
45
41
30
42
39
56
32
24
37
47
21
7
77
47
26
2
102
4
145
181
60
66
49
46
36
30
52
38
56
28
24
38
46
21
8
76
46
24
1
98
2
144
182
60
68
46
49
32
31
47
35
56
26
26
32
44
15
6
77
47
22
98
143
180
59
65
46
47
34
33
44
34
59
27
30
36
45
18
9
76
45
24
96
3
148
183
60
65
47
47
34
34
43
32
55
25
26
32
48
16
9
77
45
26
101
9
1
150
188
64
68
50
46
35
30
40
36
59
25
24
29
48
14
14
79
46
24
2
103
4
139
176
61
62
49
44
32
28
49
38
52
27
25
36
45
17
9
74
46
23
95
137
171
61
58
50
42
31
27
44
38
49
28
19
35
43
18
9
72
45
22
93
148
183
66
63
54
42
36
26
44
44
56
34
20
33
45
19
11
79
46
23
3
105
144
177
62
62
51
43
33
28
43
38
50
33
19
28
42
12
2
76
46
23
101
136
170
57
59
47
43
34
29
41
30
48
25
16
30
38
16
1
70
45
23
91
134
173
55
60
47
42
35
25
49
33
51
28
16
35
41
17
4
70
44
23
90
139
179
58
61
48
41
35
26
50
31
49
29
15
37
46
18
5
74
44
24
97
3
147
173
63
59
51
42
37
27
48
44
44
32
18
33
40
22
5
75
46
24
108
145
168
61
59
50
41
36
23
47
43
43
31
17
28
36
21
74
46
22
102
143
174
58
60
48
40
36
25
47
33
48
26
15
33
39
14
1
74
45
23
97
144
188
57
66
48
42
38
26
50
32
58
28
23
37
43
15
9
77
45
26
94
144
185
56
64
48
41
40
26
52
23
55
25
23
38
45
22
9
77
45
26
90
7
7
144
177
59
62
48
40
40
26
52
32
50
27
18
38
43
18
6
74
44
24
98
7
149
181
62
64
47
40
38
25
50
42
49
30
13
36
41
16
2
77
45
24
108
146
182
57
64
45
41
37
26
47
29
50
25
15
28
43
10
76
44
25
103
145
185
57
65
46
44
37
27
47
32
52
26
21
28
44
8
75
44
25
98
146
183
58
65
48
43
39
28
50
37
51
29
21
37
44
20
77
46
25
100
147
183
60
65
49
43
37
30
48
39
51
29
21
36
47
14
77
46
24
106
149
180
60
59
50
41
37
34
45
40
45
32
21
32
51
11
4
76
45
25
107
153
184
64
64
53
41
38
28
47
41
48
36
23
29
49
16
6
82
47
23
110
156
193
66
71
52
45
39
27
43
41
58
31
28
32
47
19
7
85
49
21
112
1
1
161
198
66
73
48
48
37
30
40
37
64
28
30
33
45
18
6
86
49
20
114
1
159
198
66
73
47
47
34
30
53
41
61
33
25
31
51
19
16
85
48
22
112
7
147
191
57
68
46
45
37
31
50
36
57
30
28
37
50
21
14
79
46
24
2
97
149
187
59
69
47
45
36
28
46
38
57
28
27
36
45
20
9
81
47
22
104
5
152
185
63
68
47
45
33
29
48
45
54
30
22
35
42
20
4
81
48
21
105
9
154
187
64
69
47
44
31
30
39
41
54
27
16
30
38
16
82
48
21
108
158
191
64
70
46
43
31
27
36
38
54
25
18
24
41
11
3
85
47
21
109
6
157
191
64
70
46
46
30
28
44
37
56
26
25
21
47
9
11
84
48
21
2
108
1
23
159
195
67
72
45
47
28
28
41
38
57
22
21
23
42
10
9
86
49
19
109
12
152
191
62
70
43
46
28
28
40
28
51
20
17
26
43
5
8
83
49
20
97
4
148
185
61
68
46
45
30
28
42
30
50
27
19
22
48
10
7
81
48
22
98
20
156
188
66
70
46
45
34
29
42
41
55
30
22
27
46
14
7
82
48
23
108
27
156
188
66
70
45
46
34
30
49
44
57
26
23
32
49
14
10
81
48
23
112
155
189
66
71
45
45
35
29
48
46
58
28
21
31
46
20
5
81
47
23
110
150
184
62
67
45
43
38
28
46
35
53
25
21
32
45
15
8
79
45
25
103
150
180
61
63
47
42
39
29
48
37
47
25
19
32
48
12
9
76
44
26
106
6
151
179
62
65
48
44
39
30
50
41
49
27
20
34
48
16
9
76
46
27
108
148
179
61
65
46
43
36
30
48
38
50
26
18
31
48
12
10
77
45
25
103
150
186
60
66
47
42
36
27
41
34
52
25
20
25
45
6
6
78
45
25
102
145
184
58
67
47
43
40
29
39
32
57
24
21
28
47
11
4
76
46
26
8
98
15
14
147
178
63
65
46
42
35
29
50
47
53
29
17
29
47
11
1
76
46
26
4
103
12
10
150
178
64
65
45
43
35
30
51
44
50
29
23
32
44
14
4
77
46
25
105
143
175
58
63
44
43
39
30
49
36
51
28
26
33
51
23
12
75
44
28
97
144
174
59
63
45
43
38
30
50
41
53
31
27
31
52
20
18
75
45
28
103
6
16
148
176
60
65
45
44
38
32
52
37
54
29
23
36
52
22
13
76
45
27
5
105
14
15
146
185
59
69
44
45
33
31
50
40
56
28
20
30
50
18
9
78
47
25
102
11
143
180
60
66
45
45
34
31
47
41
53
30
25
28
50
18
13
78
47
25
100
5
145
171
60
62
47
43
37
31
49
37
48
29
25
36
50
18
14
77
47
26
101
141
170
59
63
46
43
36
28
45
34
50
27
21
31
45
14
6
75
48
25
95
3
142
176
59
66
45
44
35
28
45
33
54
28
19
26
47
17
4
77
48
25
96
154
189
66
68
47
43
36
27
46
40
55
32
19
35
46
18
8
84
49
24
108
151
186
65
68
48
43
39
26
39
36
55
35
23
33
44
16
8
83
48
25
2
103
6
146
181
62
67
47
41
36
25
45
36
53
33
22
31
42
16
1
80
48
25
3
97
12
147
179
63
68
44
42
32
24
50
38
49
29
19
32
37
20
7
80
49
22
101
13
147
179
63
69
44
46
34
26
40
32
49
28
20
27
37
16
7
82
50
22
100
9
150
184
66
69
47
45
34
27
42
37
52
28
20
24
42
10
4
85
50
25
101
8
149
177
64
67
46
43
32
26
42
37
46
28
21
24
38
9
3
82
47
23
103
12
19
145
174
62
65
44
43
32
27
40
34
43
24
17
24
38
9
80
47
23
97
12
5
140
169
61
63
45
40
32
26
41
34
41
28
10
22
37
9
77
48
23
93
14
141
168
62
61
47
38
33
23
38
34
41
31
12
21
37
5
78
48
24
97
21
146
173
64
62
48
39
36
25
43
37
40
28
16
26
44
16
81
49
25
101
26
19
142
169
62
62
47
41
38
28
46
37
41
33
17
30
45
20
1
77
47
26
99
23
7
136
159
58
59
45
41
36
31
45
40
42
32
20
32
52
18
5
73
45
27
98
22
127
150
51
54
45
39
40
29
46
29
41
27
19
34
50
17
4
67
43
28
88
25
130
157
51
56
46
38
40
27
51
3
31
44
29
17
31
48
15
2
68
42
29
88
2
27
2
135
163
54
58
45
39
37
27
50
33
48
25
16
31
46
18
1
71
44
28
94
5
29
136
162
56
57
43
37
36
26
46
35
45
25
13
28
45
10
3
71
44
26
92
5
22
133
157
55
56
43
38
36
27
48
34
42
29
15
28
47
14
4
71
43
28
87
20
18
132
156
55
56
45
39
40
26
47
29
43
30
15
34
46
24
4
72
43
28
91
15
23
139
161
58
60
46
42
40
28
48
40
48
32
17
31
47
20
5
75
44
27
97
20
24
147
173
62
66
48
41
38
28
52
43
55
34
18
39
46
26
1
80
45
27
103
27
22
149
174
63
66
50
41
39
27
50
42
52
36
18
44
45
25
5
81
46
27
106
21
21
143
167
61
62
51
41
41
26
40
38
48
36
20
36
43
23
8
78
45
26
100
35
25
146
171
62
65
51
40
39
25
46
37
49
32
14
39
42
25
2
80
47
24
1
102
34
28
147
172
62
66
48
41
33
25
50
37
48
27
16
34
43
17
5
81
47
23
102
37
19
144
172
57
63
44
40
35
25
42
29
47
24
16
30
43
17
6
78
46
24
96
28
11
144
171
57
62
44
40
35
25
45
31
47
26
17
30
42
17
3
77
45
25
97
11
14
141
163
56
58
44
39
36
24
43
34
43
24
16
26
41
14
74
43
25
97
21
16
142
166
56
60
43
39
32
23
41
28
41
21
11
22
38
8
75
45
22
95
9
17
142
169
56
62
42
42
27
27
37
25
44
20
11
17
39
6
75
45
22
90
11
18
143
171
57
61
44
41
32
24
38
25
46
24
11
22
41
17
76
45
23
93
7
21
148
176
62
66
47
41
35
20
47
28
49
26
19
35
41
20
6
81
47
23
2
98
21
142
175
62
65
47
43
32
26
46
32
51
28
15
31
46
17
2
79
47
23
93
17
146
179
66
66
48
42
34
23
45
38
52
31
12
33
40
17
1
82
47
22
102
17
143
173
63
64
50
41
37
23
42
33
50
31
18
34
42
19
3
79
47
24
98
20
134
161
57
58
48
39
37
22
32
29
42
27
11
27
39
15
73
45
23
90
25
131
158
58
57
46
37
30
21
44
27
39
24
10
26
39
15
72
45
21
88
22
132
160
57
59
43
40
29
26
44
29
43
24
14
27
44
13
1
73
45
22
88
10
138
167
59
60
45
40
33
27
40
32
47
28
17
30
48
13
5
76
45
23
95
3
136
165
59
61
47
41
34
26
48
31
50
31
20
31
48
22
7
74
45
24
3
95
10
10
125
157
54
60
47
42
37
26
49
23
49
30
16
32
45
22
3
68
44
24
81
13
9
126
158
56
58
48
41
39
26
49
31
49
34
15
30
44
22
1
69
44
24
86
12
132
164
58
60
47
43
40
28
49
36
51
34
21
37
42
25
6
72
43
26
95
12
135
169
60
63
48
43
40
28
54
33
54
33
25
48
47
31
12
77
44
27
4
95
23
4
135
164
59
63
47
43
38
26
56
37
53
35
20
45
48
25
7
75
44
25
4
95
30
15
125
153
51
57
42
42
38
26
52
27
45
30
14
40
45
15
5
67
42
25
83
25
6
118
152
46
55
39
42
37
27
51
15
45
23
17
39
45
18
9
64
41
26
76
20
1
121
154
48
55
42
41
39
27
52
2
21
46
25
22
40
48
28
7
65
40
27
82
20
21
124
155
50
57
43
41
41
27
54
2
28
47
29
20
41
48
23
6
64
41
27
86
20
28
123
158
49
57
41
41
39
27
50
24
48
26
14
36
47
20
6
64
41
26
81
5
12
122
157
49
56
41
39
40
25
44
23
43
26
15
33
47
21
6
65
41
26
80
126
155
50
55
43
39
37
27
55
5
26
44
27
17
34
50
21
4
65
40
28
86
2
14
123
158
47
54
41
39
34
27
51
4
20
44
20
15
27
48
13
65
40
27
79
9
20
121
153
46
53
39
38
33
23
43
16
34
17
7
21
43
11
63
41
24
75
119
151
46
50
38
35
30
22
42
13
29
18
6
18
39
8
64
41
23
75
117
155
46
51
38
31
31
20
35
10
36
18
10
18
38
5
64
41
24
73
123
164
49
58
37
39
28
22
40
9
41
15
13
19
38
2
68
43
23
74
10
131
170
52
59
39
39
28
22
39
14
41
19
13
18
34
4
72
44
22
80
64
131
165
53
57
40
38
30
23
39
17
37
19
12
23
36
10
70
43
23
82
146
132
162
54
57
42
39
30
24
37
18
37
18
12
24
43
9
72
43
25
86
208
135
168
57
59
44
37
33
21
40
21
42
23
11
27
39
11
74
44
25
86
211
10
124
160
52
56
45
36
36
20
47
16
37
23
9
34
36
19
68
43
23
77
202
3
122
158
51
54
44
35
37
21
47
15
33
26
6
36
38
18
66
43
23
78
135
126
166
52
57
42
37
37
24
49
14
40
24
7
30
44
20
70
42
26
80
34
122
162
48
57
40
38
38
24
49
1
11
41
22
13
30
44
25
68
42
27
76
2
119
156
47
52
41
35
38
23
48
17
34
25
6
35
42
19
64
41
27
70
9
18
120
157
47
53
37
36
34
27
44
10
34
17
3
30
43
7
65
43
26
68
32
125
157
49
52
37
36
31
24
45
11
34
16
7
23
36
7
66
43
25
75
21
125
158
47
51
40
35
33
19
47
2
14
34
14
7
25
39
13
65
43
26
81
16
22
125
158
45
52
37
37
32
26
40
13
33
18
11
19
42
4
65
42
27
80
18
30
123
158
46
54
38
37
30
23
40
16
33
25
10
16
36
7
65
43
25
74
122
159
46
54
40
35
33
18
43
10
35
14
6
29
37
10
66
44
25
72
131
166
50
54
42
35
34
21
40
14
39
18
10
28
39
7
69
43
27
81
24
132
169
51
55
41
36
37
21
36
15
40
19
11
30
40
12
68
42
26
81
29
131
167
50
55
39
35
32
22
42
14
34
18
6
28
40
14
67
43
24
80
4
130
165
49
54
38
35
28
23
47
14
34
18
7
25
38
11
68
44
24
82
125
160
48
50
39
35
35
23
42
1
9
32
18
8
28
41
12
66
42
27
76
15
130
162
51
54
39
37
32
24
42
15
34
17
14
24
40
10
68
43
27
84
28
129
165
52
60
38
39
28
25
35
16
43
16
14
24
40
10
69
44
25
85
12
126
169
48
61
36
39
27
25
37
12
45
15
5
23
43
9
70
44
25
75
125
164
45
57
38
39
31
25
41
9
41
16
17
22
42
7
6
68
43
27
73
7
117
154
43
52
40
38
35
26
43
1
12
37
20
17
26
45
13
5
62
41
28
72
22
4
4
127
163
51
59
41
40
32
26
43
20
45
19
14
24
42
12
68
44
25
81
27
7
128
161
54
59
42
41
33
26
43
21
46
22
16
25
41
13
1
71
45
24
82
22
5
117
153
49
55
42
40
35
26
47
4
16
45
23
18
23
46
12
10
67
43
26
74
34
1
121
151
52
57
41
41
36
27
47
4
21
45
27
23
24
42
14
7
68
44
26
79
37
11
21
119
148
51
58
41
43
37
28
50
3
24
41
23
17
35
45
18
1
66
45
25
77
41
17
16
116
144
50
57
41
47
39
30
53
9
24
40
25
20
39
51
24
9
66
45
25
73
51
3
115
143
51
54
43
41
43
30
54
12
27
45
31
26
40
55
26
16
67
43
28
75
51
114
143
50
52
44
37
42
28
56
13
23
47
30
20
36
54
18
12
65
42
27
2
75
50
10
112
138
48
51
40
42
34
28
58
5
23
38
25
20
30
47
20
6
62
43
24
76
53
15
100
128
43
50
38
41
34
29
49
15
36
21
20
33
43
21
9
58
43
23
65
48
99
128
45
49
39
41
33
25
48
17
39
25
17
32
41
15
9
59
43
23
62
49
105
130
47
48
41
38
35
23
44
21
37
28
15
30
42
25
6
60
43
23
69
70
10
104
128
46
47
42
39
35
24
45
19
38
28
16
28
41
26
5
60
43
23
67
68
13
101
129
47
47
40
39
31
23
48
22
36
22
15
28
39
19
3
60
43
21
65
55
1
97
129
43
45
41
36
35
23
43
15
33
27
15
37
40
25
2
57
42
22
61
60
104
126
45
42
43
35
36
23
49
21
33
30
10
40
45
27
2
57
40
23
69
76
9
103
125
43
43
41
36
36
28
47
16
32
24
14
37
48
26
54
40
25
64
82
3
101
127
43
46
40
38
35
28
49
18
34
25
19
37
41
22
55
40
23
63
73
108
132
48
47
42
36
36
21
54
7
26
36
30
12
38
44
21
1
59
40
23
74
85
108
135
45
48
41
36
37
25
47
18
36
30
14
35
50
21
1
59
40
25
69
97
109
136
46
48
42
37
37
22
40
19
36
30
16
30
38
16
60
41
23
69
88
9
104
128
45
