10
3
2
1
1
4
5
38
5
6
1
3
2
3
5
4
1
10
1
2
2
34
1
1
28
1
2
1
3
3
11
4
1
1
5
5
9
2
4
19
5
3
6
4
3
31
1
7
3
5
3
8
3
19
5
1
6
2
4
8
4
2
6
14
2
5
1
6
1
17
21
6
4
12
6
3
7
1
3
1
7
5
13
6
11
9
3
3
11
12
2
36
7
8
10
1
3
2
4
7
5
5
6
1
7
8
2
9
1
5
9
1
1
2
2
1
6
5
5
1
5
7
4
5
2
3
9
6
2
2
2
3
5
9
4
3
9
5
1
4
7
17
8
5
6
1
3
1
1
3
2
4
8
8
1
3
2
2
2
5
11
2
6
6
2
1
4
1
5
1
9
4
5
7
2
7
15
4
6
1
10
5
6
6
8
8
11
7
14
7
10
1
12
2
4
34
5
11
2
7
9
4
6
4
6
5
4
9
3
4
1
12
2
27
6
4
3
1
8
2
5
1
4
5
7
1
12
4
1
4
1
7
1
1
10
2
5
1
1
7
1
8
6
2
2
1
5
4
7
1
1
3
1
3
8
5
4
3
10
3
11
14
9
9
5
4
1
4
11
7
12
9
9
7
4
1
11
3
4
6
6
13
13
7
5
4
5
1
4
10
10
5
7
6
6
6
6
9
7
1
7
3
7
5
6
1
3
1
6
25
6
5
4
1
3
3
7
1
7
3
8
1
1
5
4
3
3
13
1
5
5
9
5
3
2
6
1
2
3
30
5
7
3
8
3
2
1
3
2
1
7
3
13
1
4
4
6
1
6
5
5
3
10
3
4
7
2
2
1
2
3
22
12
6
9
5
7
5
5
7
6
3
3
4
1
1
11
7
1
11
1
9
8
8
4
5
6
5
2
1
3
3
5
1
8
11
2
5
4
6
3
2
1
1
10
7
10
6
3
5
2
6
8
10
7
6
1
1
7
6
5
5
12
2
7
6
1
2
1
3
10
1
5
2
10
3
10
8
2
3
6
9
16
5
5
4
11
3
17
10
1
4
9
10
6
4
2
15
14
9
6
9
2
5
10
9
2
8
5
9
6
13
12
7
7
12
11
7
1
5
8
11
1
9
7
5
2
2
2
13
5
12
1
1
3
1
2
9
3
6
1
2
3
1
10
2
2
2
7
5
2
2
1
4
5
5
5
5
23
1
1
2
10
9
10
5
1
5
2
3
10
1
4
5
2
6
8
8
5
1
4
4
2
6
5
1
4
1
9
4
1
3
7
15
9
3
3
1
1
8
2
1
5
3
2
2
4
5
4
5
7
7
7
1
3
3
2
5
4
7
6
5
7
2
4
2
5
5
7
8
4
1
2
4
2
2
6
1
7
1
3
4
5
5
8
6
7
1
3
2
3
3
4
2
1
3
5
3
1
3
1
5
3
2
1
1
8
5
4
4
9
2
9
12
7
2
5
5
9
11
10
6
1
6
3
1
9
4
6
2
8
5
3
10
4
4
4
6
2
3
4
8
14
3
4
8
2
3
9
7
1
2
8
3
9
3
10
9
3
4
5
7
12
7
1
5
3
4
11
8
6
5
3
4
16
11
11
3
8
4
5
7
3
2
5
15
13
14
14
9
9
2
8
5
1
3
3
5
11
14
8
14
9
8
3
6
6
5
2
10
6
8
16
5
2
3
1
1
1
6
1
10
10
7
3
3
3
1
1
5
1
12
11
6
2
1
1
3
6
8
2
5
1
1
1
6
9
5
3
1
1
9
5
4
5
5
3
1
3
6
5
6
3
16
3
5
3
3
7
2
5
3
4
13
3
4
5
8
4
2
2
3
4
15
2
8
2
3
3
1
3
2
6
2
2
2
7
9
6
2
6
5
4
4
6
5
3
4
2
5
1
3
16
5
4
1
9
4
9
2
3
5
3
5
3
9
6
2
3
9
7
11
2
3
35
4
9
2
1
3
28
4
6
8
3
2
2
6
2
7
6
4
3
3
3
3
7
2
4
12
8
7
8
3
6
7
3
5
2
7
10
7
9
1
7
6
1
1
4
3
6
11
2
8
9
5
7
7
2
1
7
6
4
7
3
9
1
5
9
2
3
1
7
5
3
2
5
1
3
4
5
10
3
3
1
2
16
5
5
1
3
2
2
1
3
1
1
6
1
2
2
4
5
3
2
6
3
16
2
5
2
6
7
3
3
6
5
3
5
1
9
7
36
6
3
8
8
2
3
1
7
9
2
6
2
2
10
2
9
2
13
11
8
8
8
1
4
3
3
8
8
1
4
8
10
7
9
9
5
4
5
5
10
5
2
1
7
14
6
9
1
5
12
18
5
2
10
3
3
1
1
10
3
7
7
2
1
2
1
3
2
4
2
2
1
16
3
11
4
2
5
40
2
4
5
1
2
9
9
4
5
6
19
34
4
4
11
8
3
1
5
7
1
2
4
3
11
4
6
8
7
29
5
5
15
13
8
5
12
13
4
7
8
15
8
5
1
12
6
31
7
7
2
3
13
11
9
16
17
2
12
21
9
19
7
10
3
16
9
23
29
6
6
6
6
5
4
8
10
15
13
11
6
1
11
10
18
16
1
11
6
3
4
4
5
18
7
6
1
1
6
5
2
24
3
5
2
6
19
6
4
1
1
14
3
3
3
14
1
6
1
1
5
3
19
3
4
8
2
2
2
4
2
3
3
4
3
8
10
24
3
2
8
9
4
2
5
4
6
19
6
6
6
7
1
10
9
26
1
6
9
7
3
5
1
7
1
9
6
5
4
2
1
9
6
31
4
11
7
8
10
1
6
9
27
1
5
13
5
1
14
1
11
3
3
3
28
2
8
1
3
1
10
15
1
51
3
3
8
48
2
7
3
3
2
3
5
16
4
5
4
2
3
3
7
6
1
10
4
8
4
4
17
5
4
1
2
4
4
6
8
3
11
5
9
3
1
3
1
3
3
4
5
3
3
10
3
7
6
10
1
6
11
10
5
2
1
5
3
4
3
1
4
4
7
10
2
4
9
29
12
5
5
3
2
1
1
5
31
12
12
5
3
1
3
1
1
25
9
4
3
10
10
3
3
1
9
5
1
4
3
7
1
3
2
10
1
3
12
12
8
9
1
5
10
6
10
3
5
4
12
13
8
6
7
3
13
3
5
3
9
12
4
6
5
37
3
4
10
1
1
3
7
4
3
2
97
12
3
7
2
7
2
122
4
6
2
5
129
5
4
93
2
24
2
6
5
3
2
48
5
21
8
4
2
52
12
7
6
3
3
60
18
1
6
9
8
1
6
19
3
3
5
8
61
15
6
10
5
10
7
5
3
7
10
12
8
7
9
4
4
19
8
83
6
24
5
7
8
1
7
5
5
1
15
7
9
6
8
6
7
2
63
4
1
5
1
9
5
6
9
7
6
3
1
8
1
72
6
1
2
8
2
1
9
3
7
3
6
4
76
10
2
7
1
3
1
6
3
1
3
3
3
67
34
16
11
11
1
2
4
3
5
3
12
66
3
30
16
15
9
6
1
4
2
13
69
7
17
11
14
8
7
3
11
73
8
36
7
12
5
9
1
6
69
13
64
6
2
9
3
1
5
76
12
55
3
7
6
7
5
1
1
2
7
80
10
27
8
7
12
1
8
4
4
7
14
84
19
45
7
4
10
1
8
1
1
10
1
4
1
7
16
82
19
71
2
2
20
1
7
3
5
4
10
75
18
66
10
6
7
7
8
3
5
22
82
21
34
18
8
1
2
7
12
3
4
27
92
27
29
18
11
16
6
8
2
2
25
83
31
56
18
15
5
1
3
9
1
24
68
25
49
11
10
6
1
6
16
81
19
18
9
2
1
8
13
102
24
3
1
7
1
12
1
19
96
26
30
9
1
15
5
20
12
7
4
1
1
26
109
20
46
15
8
16
6
1
28
10
10
6
1
1
32
121
18
14
21
8
25
3
9
2
26
14
11
8
3
2
39
118
16
2
22
11
27
4
13
6
1
30
16
13
9
5
3
2
42
119
17
35
30
18
35
21
11
6
36
28
19
14
9
6
6
48
130
14
48
27
13
32
19
13
7
34
20
19
12
7
7
8
44
143
15
13
19
7
24
13
11
7
27
12
17
10
4
5
8
35
141
20
18
7
20
12
1
10
6
20
11
2
12
6
3
5
9
31
148
15
15
7
13
8
1
6
1
15
2
6
4
7
22
148
2
36
4
9
4
5
3
12
6
7
5
6
20
155
4
17
11
4
11
2
3
4
21
7
8
4
3
4
29
176
11
12
1
15
4
1
3
22
6
5
5
2
2
32
179
10
19
13
5
20
6
1
3
25
9
5
3
5
2
2
2
37
191
7
38
21
9
23
4
29
13
2
41
189
19
21
10
23
4
1
27
13
1
39
190
3
21
16
23
5
2
2
25
1
2
38
198
7
24
13
22
4
3
4
21
3
3
3
37
186
13
21
23
8
22
5
4
1
27
12
4
3
1
2
38
196
7
12
21
11
18
4
3
20
9
1
1
1
1
3
34
196
12
13
9
18
2
5
19
6
1
1
2
6
26
198
21
8
4
26
5
5
3
15
3
3
3
4
8
21
209
15
7
7
5
5
4
12
6
2
5
7
27
200
15
9
10
1
4
1
24
6
1
1
4
4
32
193
6
12
2
17
4
1
17
2
5
4
3
28
185
5
9
2
13
4
18
3
1
31
176
7
1
21
9
23
4
29
13
2
41
189
19
21
10
23
4
1
27
13
1
39
190
3
21
16
23
5
2
2
25
1
2
38
198
7
24
13
22
4
3
4
21
3
3
3
37
186
13
21
23
8
22
5
4
1
27
12
4
3
1
2
38
196
7
12
21
11
18
4
3
20
9
1
1
1
1
3
34
196
12
13
9
18
2
5
19
6
1
1
2
6
26
198
21
8
4
26
5
5
3
15
3
3
3
4
8
21
209
15
7
7
5
5
4
12
6
2
5
7
27
200
15
9
10
1
4
1
24
6
1
1
4
4
32
193
6
12
2
17
4
1
17
2
5
4
3
28
185
5
9
2
13
4
18
3
1
31
176
7
1
23
7
21
2
5
17
5
34
1
13
33
21
10
23
7
22
1
5
1
1
41
3
20
21
15
21
5
1
24
7
3
1
1
41
3
22
10
21
7
20
8
2
1
1
38
3
23
12
23
8
3
25
4
2
1
3
2
3
41
23
22
15
24
8
1
3
23
10
6
3
3
2
3
38
19
10
5
13
3
5
2
15
10
7
5
5
1
5
27
2
2
8
1
8
2
2
1
1
15
6
8
9
7
6
7
22
5
2
12
1
12
5
7
5
1
5
5
15
10
13
9
10
8
25
13
32
19
7
14
3
7
3
3
3
23
9
12
7
9
1
6
31
29
28
28
15
20
4
6
1
1
30
14
1
10
3
9
4
42
35
27
20
20
7
6
4
3
2
29
15
12
5
12
4
6
44
23
11
24
21
21
1
6
5
2
30
8
5
1
5
5
44
20
51
25
20
19
3
2
24
4
1
3
41
22
59
23
19
15
16
3
3
35
24
17
21
11
16
2
16
2
4
34
26
4
17
9
16
2
14
3
2
6
33
23
29
19
10
19
7
3
11
3
3
7
32
17
40
25
9
21
9
5
17
3
3
3
10
36
10
8
22
8
23
9
5
22
3
5
11
38
16
21
9
32
11
4
18
3
4
4
8
34
19
31
20
39
9
24
3
7
1
2
43
16
20
36
22
19
7
29
7
6
52
15
28
21
17
2
22
5
41
14
28
17
22
1
19
5
1
40
19
29
11
16
3
23
2
4
43
18
34
26
17
23
6
24
9
3
2
39
10
23
27
17
19
9
1
6
5
30
17
11
9
2
9
43
10
1
31
16
22
11
4
13
13
6
39
23
19
7
19
3
4
15
50
17
15
32
20
27
15
4
11
10
3
32
19
16
3
14
4
12
47
20
43
22
13
23
3
10
3
6
4
25
11
10
9
1
6
39
20
48
20
9
20
7
2
2
20
9
5
3
1
5
34
17
14
17
9
15
5
2
1
16
13
1
1
5
30
7
17
17
8
17
5
2
14
4
33
7
62
21
10
14
4
2
16
4
33
11
73
20
9
16
4
1
21
9
3
1
1
4
37
6
42
28
17
22
1
19
5
1
40
19
29
11
16
3
23
2
4
43
18
34
26
17
23
6
24
9
3
2
39
10
23
27
17
19
9
1
6
5
30
17
11
9
2
9
43
10
1
31
16
22
11
4
13
13
6
39
23
19
7
19
3
4
15
50
17
15
32
20
27
15
4
11
10
3
32
19
16
3
14
4
12
47
20
43
22
13
23
3
10
3
6
4
25
11
10
9
1
6
39
20
48
20
9
20
7
2
2
20
9
5
3
1
5
34
17
14
17
9
15
5
2
1
16
13
1
1
5
30
7
17
17
8
17
5
2
14
4
33
7
62
21
10
14
4
2
16
4
33
11
73
20
9
16
4
1
21
9
3
1
1
4
37
6
42
29
21
22
6
21
4
8
2
1
41
28
24
25
18
18
3
18
6
2
2
35
31
51
25
15
18
4
16
5
4
2
3
33
31
76
25
19
19
4
17
4
2
36
32
53
32
25
23
1
4
21
7
2
43
40
27
41
25
23
3
3
19
6
1
46
36
31
37
17
22
3
2
15
5
1
43
29
55
26
18
17
1
15
1
4
1
5
36
29
51
24
16
15
15
3
1
4
34
29
20
23
9
18
7
2
32
20
23
17
9
24
2
23
14
48
19
13
17
2
2
23
16
46
28
21
4
2
14
2
3
35
24
7
38
29
25
2
1
3
17
7
42
28
4
41
31
24
2
2
5
21
3
1
1
7
49
26
36
40
33
23
2
4
3
24
7
7
48
20
31
41
26
27
7
1
19
9
8
44
20
36
19
19
4
1
15
6
40
19
28
20
19
3
11
6
34
21
16
28
23
14
6
5
31
21
52
31
27
14
6
5
32
11
26
36
28
18
1
9
5
37
4
41
31
21
3
3
2
1
16
7
1
42
9
22
42
32
24
3
6
2
4
19
6
6
3
8
3
43
17
42
40
33
23
2
7
1
5
16
7
8
2
7
4
39
15
16
45
44
24
2
6
3
18
4
5
8
3
42
14
46
44
23
1
6
3
17
5
5
1
8
3
43
13
6
39
33
21
6
3
13
2
5
4
6
1
4
39
10
27
41
34
22
6
2
14
2
2
6
2
4
41
11
16
45
36
20
2
14
6
3
41
14
2
49
36
24
1
3
17
1
8
4
46
23
20
48
37
25
1
5
15
9
4
46
21
44
45
32
23
2
1
7
7
40
14
22
39
35
16
1
4
6
33
11
37
35
14
3
6
31
12
34
32
18
4
6
32
23
20
33
34
16
5
6
32
23
26
42
34
20
9
7
36
26
4
43
36
19
1
10
7
1
37
16
10
48
36
20
3
2
9
6
1
39
11
46
53
36
23
1
3
12
5
1
45
19
58
44
34
19
4
4
10
3
2
40
10
24
32
30
20
1
4
3
9
3
3
3
33
3
1
33
30
21
5
3
8
4
2
33
8
30
38
36
18
4
3
3
5
29
9
49
43
41
29
3
1
1
6
7
30
26
46
41
18
4
6
1
10
4
7
42
3
46
41
10
7
1
1
17
3
3
1
7
45
15
50
41
27
5
16
2
2
10
44
38
50
38
21
5
14
1
1
10
45
15
45
35
19
8
8
38
6
40
37
17
1
1
7
34
14
2
38
40
14
1
6
30
16
31
47
41
15
2
1
5
7
2
33
19
22
50
40
18
3
3
1
11
2
4
8
2
41
12
47
45
24
5
5
13
5
9
43
8
47
45
22
2
5
9
9
41
33
39
34
17
5
7
34
12
36
34
12
6
29
33
38
8
1
5
23
30
30
6
1
4
20
30
40
36
11
2
5
28
35
44
39
13
3
1
5
34
41
39
16
4
1
4
6
38
11
43
39
19
2
1
6
7
36
7
27
44
36
18
6
7
35
3
27
41
31
18
7
6
38
10
4
38
31
17
5
6
36
11
36
34
15
1
6
34
18
11
39
32
14
5
31
14
29
40
36
20
6
27
3
3
45
39
26
3
8
33
39
35
5
4
1
1
5
34
13
38
32
15
6
5
1
6
33
39
40
37
23
8
2
10
9
3
8
2
40
27
42
43
16
5
1
13
1
2
8
2
39
49
38
17
2
1
10
8
38
4
46
39
16
5
8
40
26
38
37
10
7
28
10
36
39
6
3
5
26
40
41
11
4
1
5
32
41
34
13
4
3
4
5
1
4
1
34
2
41
43
41
15
3
3
7
3
4
1
35
34
45
42
17
2
1
1
9
1
5
1
36
44
37
18
2
3
9
2
6
1
38
3
43
37
19
2
1
8
1
8
38
20
16
41
41
16
2
5
8
34
28
32
39
42
11
4
1
6
30
26
1
42
41
12
1
4
6
32
23
1
45
41
14
7
1
7
5
36
14
28
48
43
19
2
5
3
11
4
40
13
38
48
44
20
2
6
3
11
2
6
1
41
21
13
47
45
22
7
5
1
6
2
7
43
23
4
50
46
22
1
2
9
1
8
43
15
30
42
46
21
3
1
8
32
14
38
43
45
23
9
30
14
22
45
43
2
2
6
35
14
3
40
47
5
3
7
32
9
17
50
50
18
6
8
4
9
38
8
35
51
47
14
8
9
6
41
11
22
44
43
21
4
5
9
1
6
1
39
3
12
47
47
17
9
3
3
7
3
5
5
4
38
30
51
50
15
14
2
4
1
3
5
2
37
52
49
47
17
12
6
6
39
42
49
53
14
3
1
8
1
37
1
5
46
48
11
1
7
2
32
39
43
9
3
5
2
29
26
46
47
14
1
2
1
6
3
33
23
49
42
16
2
1
2
2
3
4
37
51
43
14
1
5
7
2
3
3
4
41
4
49
43
18
5
1
4
8
4
1
41
26
40
47
16
8
2
3
4
35
41
45
49
14
6
1
4
6
35
16
49
54
16
6
3
9
36
50
55
15
9
3
10
35
20
50
48
19
7
3
7
9
39
33
49
56
16
11
1
1
11
3
1
10
8
40
16
55
56
21
9
6
1
1
13
7
4
1
4
3
9
44
1
59
54
26
7
10
3
1
14
14
7
8
7
2
3
1
10
2
48
22
54
53
20
10
2
2
9
6
3
8
42
23
48
49
17
8
1
3
7
36
45
49
14
12
1
7
33
49
50
