25
5
5
2
6
4
3
2
13
8
4
17
91
31
23
5
2
5
2
11
5
7
14
4
6
5
9
10
9
9
13
88
3
37
23
9
8
14
4
12
19
4
5
8
12
9
7
10
32
93
2
33
24
6
1
13
4
17
11
16
19
1
12
16
1
8
9
13
13
94
39
27
9
2
10
8
18
15
21
25
11
10
5
16
22
6
10
9
11
15
19
92
44
41
15
1
18
20
24
30
38
19
7
22
17
23
33
20
16
15
16
20
22
97
20
44
42
5
17
6
10
14
14
22
30
10
7
14
23
9
14
10
11
28
85
7
51
38
9
10
2
7
7
9
17
25
12
11
4
14
9
21
7
12
15
8
6
50
77
10
45
37
9
9
6
4
7
15
23
1
15
2
12
7
19
6
16
16
6
2
11
69
7
46
38
16
13
4
11
1
1
6
3
19
1
42
42
32
10
8
1
6
10
1
18
1
55
31
3
5
38
30
12
7
3
19
24
24
2
47
31
15
7
3
20
43
20
13
55
36
16
9
19
72
5
28
37
31
23
2
15
40
42
36
21
2
1
15
18
40
1
66
57
2
23
14
7
7
13
45
25
10
17
12
12
21
18
27
9
7
64
1
39
26
43
44
8
13
6
2
7
15
14
10
9
9
6
15
14
18
6
22
36
18
54
46
8
10
6
3
14
10
2
4
3
5
8
14
18
7
40
35
7
46
40
5
14
20
9
4
24
6
6
5
9
13
13
18
10
26
29
20
36
32
10
7
10
1
2
5
7
13
6
20
26
10
49
40
9
10
10
19
51
4
24
17
4
28
24
8
45
36
12
12
6
7
5
1
1
25
19
4
42
20
6
42
35
13
8
14
3
2
16
16
12
9
45
39
10
10
16
7
4
5
4
3
5
17
25
21
30
54
41
20
12
15
6
21
5
5
5
18
62
33
12
54
45
18
14
6
14
12
9
9
9
11
15
7
19
40
25
19
50
44
17
14
8
9
7
10
7
14
7
15
19
15
20
17
43
45
14
20
7
15
2
8
3
5
13
5
14
20
22
8
8
46
43
14
14
6
1
9
11
19
16
4
4
39
24
12
2
1
1
6
1
2
2
12
1
4
15
21
12
1
4
4
2
5
13
4
3
10
5
36
21
12
9
3
3
1
3
7
4
12
8
4
24
20
20
3
1
6
6
5
9
6
13
10
7
3
25
29
22
7
5
5
9
3
9
7
13
11
8
17
25
19
19
9
8
3
10
1
5
3
4
13
12
7
23
28
19
6
7
7
5
5
11
8
2
32
21
29
21
4
11
12
3
11
3
7
3
4
14
11
8
21
17
12
25
20
22
10
20
14
18
10
16
5
15
13
15
9
3
16
14
15
1
16
5
35
29
8
15
3
17
9
14
10
13
3
12
10
12
12
10
5
6
14
9
10
2
31
29
37
34
6
18
22
12
18
18
21
11
22
12
19
19
16
16
14
16
12
14
10
36
14
27
30
4
14
5
15
13
12
18
21
3
20
11
17
19
15
14
14
11
12
11
12
29
8
36
30
7
9
3
10
11
8
17
18
4
14
10
14
19
12
13
12
10
11
8
8
42
23
3
29
28
6
8
2
8
9
4
14
16
12
6
10
17
10
12
12
11
12
6
4
21
4
29
27
7
1
4
6
11
14
5
10
3
7
13
9
6
11
12
11
2
4
5
16
27
27
7
7
3
9
12
6
11
9
5
7
14
11
6
16
27
25
4
5
10
3
4
8
7
8
1
3
13
9
5
12
35
29
5
2
1
5
9
2
10
1
20
9
5
3
7
13
4
1
28
9
1
31
28
10
2
3
3
7
8
25
8
4
13
13
3
7
12
29
28
12
5
4
3
7
4
8
8
9
11
14
5
3
9
3
35
33
7
8
2
9
13
13
12
18
13
10
12
3
14
5
6
48
10
10
33
31
10
7
5
3
2
3
10
13
8
7
1
14
12
11
9
12
4
5
7
7
31
28
10
5
1
4
3
13
17
11
9
29
10
16
15
7
14
12
5
2
4
13
5
9
30
22
10
3
3
5
2
12
16
4
3
5
5
13
13
5
8
12
5
3
19
8
27
21
9
1
2
5
2
9
12
5
9
10
10
11
7
4
4
24
17
7
1
3
4
5
4
4
6
9
7
2
10
17
14
9
2
3
9
5
24
19
3
2
3
5
5
4
4
13
7
3
9
1
29
23
5
7
3
1
5
6
4
14
7
3
5
6
27
26
7
10
2
1
3
14
5
12
26
29
4
14
4
2
3
2
4
3
15
6
2
2
7
23
20
10
5
4
1
12
3
2
7
34
25
2
3
9
4
7
3
7
4
16
9
8
7
4
2
14
14
8
4
6
16
14
36
34
3
16
13
4
10
6
12
9
14
6
8
8
7
9
5
18
11
5
2
12
23
5
30
25
10
6
1
6
3
3
2
7
4
11
7
3
6
1
4
12
7
2
3
8
29
6
30
29
5
10
1
10
7
8
9
14
16
11
11
13
9
12
9
14
10
6
9
2
21
14
35
30
12
10
1
7
3
4
5
11
12
2
10
7
9
7
12
14
8
3
9
22
18
4
34
30
8
14
2
8
4
5
5
12
18
4
17
7
11
6
26
15
8
3
10
21
3
22
1
21
25
8
13
5
4
3
1
4
13
14
6
11
7
9
6
17
14
5
3
7
27
6
30
28
8
12
1
1
6
15
5
13
4
6
7
8
9
3
17
5
8
6
14
35
35
37
23
11
2
6
12
22
23
26
21
10
20
16
25
23
9
4
18
17
20
30
12
27
26
8
11
3
1
6
18
12
1
11
5
15
4
18
16
4
5
16
22
29
5
32
30
4
12
2
1
8
21
17
1
16
6
20
10
23
17
7
1
13
15
37
25
3
31
29
8
8
1
6
14
16
14
4
17
8
22
16
7
1
12
31
16
9
25
25
9
5
5
14
11
7
3
14
5
10
13
7
5
39
14
20
23
4
10
13
9
3
12
5
14
1
16
1
9
13
9
2
3
18
46
5
27
26
2
9
13
11
3
10
8
7
6
5
14
3
8
16
10
3
5
19
41
4
3
30
29
9
7
3
9
19
1
47
1
3
1
9
16
5
6
7
37
14
3
25
22
10
8
2
3
11
6
1
5
16
4
15
25
16
27
25
3
12
8
6
10
3
5
10
18
7
16
19
6
24
22
6
10
2
1
11
12
15
6
1
12
5
16
24
21
5
5
2
1
2
14
7
3
10
24
20
5
1
3
5
7
13
7
10
20
18
5
2
3
3
1
1
4
12
8
9
26
22
8
1
5
5
11
7
9
11
22
23
8
9
8
7
2
3
12
7
1
18
31
30
14
5
5
14
4
14
9
5
2
28
2
15
5
1
6
16
9
8
9
34
3
34
26
4
2
4
4
16
5
17
13
4
18
13
9
17
7
5
9
13
8
9
15
20
38
8
27
23
9
5
6
1
10
9
4
4
11
9
8
12
5
3
10
26
30
25
4
3
5
10
9
7
9
5
7
1
7
1
13
7
4
13
27
5
25
20
7
6
10
9
8
2
2
5
1
11
7
4
23
34
7
36
23
10
1
5
7
9
4
2
2
2
12
7
3
52
28
27
24
8
1
5
1
9
12
7
5
6
3
4
11
8
4
5
38
7
20
27
8
8
3
4
7
10
9
13
5
2
2
13
7
1
41
4
35
28
11
7
3
1
2
6
12
1
10
3
3
1
5
7
15
7
1
4
33
27
26
27
8
12
9
2
7
8
17
1
13
6
2
11
2
14
15
8
5
8
22
8
34
29
10
10
5
9
4
8
8
19
14
6
7
3
13
13
14
6
5
4
7
12
30
30
6
16
1
18
7
17
13
24
14
12
3
9
20
9
8
16
10
10
10
25
5
6
31
31
22
35
8
32
14
29
39
16
7
10
31
14
16
18
15
16
12
42
99
4
14
31
28
4
12
5
8
6
11
10
22
6
19
13
28
10
20
13
5
14
10
8
11
25
228
5
34
31
6
14
1
5
2
6
5
18
5
23
7
45
9
16
17
5
15
10
5
11
5
416
10
38
28
10
11
16
11
8
5
10
2
2
12
11
3
15
9
1
3
34
712
4
23
27
6
10
2
2
3
15
14
12
16
8
4
21
14
7
4
962
17
30
27
7
7
3
16
4
10
6
22
15
6
28
1044
15
29
22
14
3
4
14
14
4
7
1066
3
24
21
8
2
7
1
10
14
5
3
758
7
25
19
10
2
2
1
14
4
4
81
58
25
20
10
4
1
2
14
5
13
91
26
21
8
8
4
3
15
5
6
73
20
20
8
8
3
8
15
5
49
19
17
11
1
12
4
8
26
14
11
14
4
10
4
19
25
26
13
10
6
7
10
7
2
14
5
9
9
5
18
13
8
11
13
7
22
24
9
7
7
7
10
7
9
7
6
8
9
6
6
15
13
8
4
7
6
15
17
6
9
2
3
4
3
5
4
4
2
1
11
10
4
3
6
25
24
12
1
5
7
5
8
9
5
2
5
6
14
11
7
23
3
11
9
8
5
1
7
4
6
9
7
5
2
3
8
8
9
6
5
24
19
9
7
3
5
5
5
5
9
7
4
4
1
11
2
12
7
4
16
26
23
11
12
2
7
3
6
2
9
7
1
8
13
8
14
6
3
15
21
21
7
10
10
2
8
10
14
11
15
10
16
8
4
4
12
3
28
24
6
13
9
1
5
6
9
7
11
4
17
8
2
12
12
19
19
2
12
1
11
1
8
7
9
11
8
12
6
14
10
4
21
9
29
24
5
14
11
8
7
10
9
11
10
18
10
3
3
3
23
20
7
11
8
4
4
9
4
15
8
5
18
17
6
9
15
11
4
3
13
9
1
1
4
31
30
1
16
14
11
9
16
9
8
19
13
5
6
14
7
28
27
6
14
5
7
21
47
8
17
9
6
8
2
1
17
15
12
6
2
12
5
23
21
4
11
5
6
15
7
1
25
24
19
11
2
3
14
1
9
1
18
8
21
16
8
10
5
1
15
5
10
24
17
10
10
3
4
15
4
10
15
18
7
11
7
4
1
14
7
6
21
19
12
10
4
6
2
3
15
6
10
29
26
5
18
12
4
2
5
7
16
9
6
5
2
19
10
4
14
9
5
29
24
8
14
9
2
1
5
11
12
7
5
3
2
17
9
4
27
3
5
24
19
10
8
3
1
7
7
2
2
15
8
1
5
22
21
5
9
2
2
2
7
3
2
15
9
1
26
19
11
4
13
6
12
25
17
9
2
3
3
13
7
7
30
17
12
1
14
4
29
5
18
13
10
2
1
3
3
1
12
2
11
7
19
18
4
5
4
1
5
7
8
12
1
21
5
4
12
4
2
3
20
4
27
18
9
4
2
4
5
6
1
10
2
4
13
3
2
28
25
20
16
9
5
3
3
6
3
9
11
1
4
6
8
6
13
5
5
5
24
3
27
22
9
11
3
5
7
5
10
12
7
1
7
9
1
14
7
7
5
1
23
7
22
25
7
20
8
13
9
11
9
12
3
5
6
8
14
8
9
19
21
2
28
24
3
13
1
26
12
25
15
19
26
13
18
11
19
3
4
14
14
17
6
20
2
21
9
30
23
7
6
2
1
10
8
12
16
4
25
9
40
9
13
3
22
12
12
12
16
14
16
30
13
21
23
5
12
7
4
9
6
8
11
19
8
37
7
7
20
11
12
10
11
10
29
30
5
27
23
5
9
2
14
8
14
9
12
5
13
8
6
8
1
11
15
11
7
10
36
27
9
23
22
4
12
2
5
3
4
3
7
3
18
1
19
1
12
13
6
5
10
45
25
3
24
21
7
12
12
8
1
15
6
1
9
14
12
3
8
7
41
24
21
18
12
8
3
3
6
5
11
6
3
43
26
28
26
7
19
12
1
11
14
6
18
8
6
11
51
31
30
28
8
19
13
4
16
17
11
4
19
6
8
6
54
40
8
24
19
14
12
2
4
5
7
15
12
61
39
33
23
18
12
4
3
7
2
18
41
72
35
23
19
20
9
1
8
14
81
36
28
26
2
15
7
3
3
6
8
6
15
7
9
6
6
9
17
3
1
6
99
28
8
19
21
6
10
4
2
7
9
5
22
11
16
7
12
3
4
11
13
5
4
3
21
96
19
17
21
17
10
5
7
6
7
4
4
3
9
9
10
4
3
7
97
15
23
20
4
6
5
11
1
12
9
10
6
12
14
1
3
10
8
9
2
7
115
7
11
17
15
8
8
11
9
2
9
1
18
13
6
7
6
5
90
11
7
24
17
10
3
5
9
9
4
4
9
11
8
7
4
15
88
16
20
14
13
6
7
8
3
1
9
6
5
2
3
99
11
24
20
5
3
2
10
1
14
10
9
4
14
15
4
10
8
7
2
9
93
8
7
21
20
7
8
4
9
5
14
14
9
10
14
3
7
11
9
7
2
103
5
8
13
12
8
2
3
6
1
9
10
2
3
7
1
8
7
3
88
1
16
15
8
1
5
7
7
12
14
23
4
9
10
5
5
10
11
7
38
100
12
11
10
5
7
1
5
6
7
12
15
5
9
6
6
9
9
5
85
6
1
13
9
2
9
3
15
8
14
12
15
6
5
9
5
2
9
10
7
9
75
3
19
14
4
11
3
17
8
16
12
15
5
9
10
4
2
10
8
6
21
84
9
8
18
16
7
7
7
10
14
16
9
16
11
44
12
7
11
11
9
4
4
6
64
15
13
21
16
6
8
6
6
10
8
13
15
12
11
10
19
10
12
9
9
9
5
6
5
2
61
29
13
21
17
8
6
5
7
9
11
10
14
1
9
6
7
7
15
4
12
8
6
6
6
13
48
47
8
21
18
7
5
4
2
7
5
5
9
4
12
4
23
2
11
12
8
7
4
6
12
22
56
5
17
14
5
4
1
7
2
7
4
7
5
11
17
8
9
2
1
15
64
1
18
13
6
2
7
11
4
4
8
7
11
3
59
17
16
4
6
3
6
3
4
11
8
1
2
51
21
24
4
17
5
7
7
7
7
7
15
7
1
48
1
21
20
18
15
1
2
13
1
6
49
18
10
18
6
10
2
1
6
7
23
48
34
30
18
15
7
3
8
40
23
10
22
2
18
8
25
18
11
27
19
47
21
30
31
4
21
13
4
2
5
18
20
12
14
3
12
6
21
18
8
22
4
49
19
30
23
11
10
2
17
7
3
14
14
1
4
33
43
2
23
23
2
11
1
15
12
3
3
2
1
2
4
16
3
9
6
40
14
23
17
12
1
10
6
11
27
34
6
20
20
7
7
3
8
13
3
5
3
39
7
21
17
11
4
3
12
3
43
1
22
14
12
3
1
12
2
34
14
14
5
7
7
2
1
11
4
20
37
18
12
8
7
1
2
11
5
17
42
13
11
7
7
2
1
1
10
5
40
16
12
7
7
1
4
1
3
2
6
10
5
1
25
43
16
13
8
9
1
6
3
6
6
3
10
5
3
43
21
17
4
8
1
6
6
9
1
1
9
4
2
1
1
10
6
5
4
7
36
21
13
9
7
2
12
6
13
1
2
9
6
5
11
32
3
15
11
9
4
5
7
4
8
2
6
5
3
5
29
2
21
20
5
5
3
5
2
5
2
13
7
40
2
8
4
2
10
9
31
7
22
17
14
5
2
1
3
5
2
3
8
3
6
21
38
4
22
21
6
12
4
3
3
2
1
6
4
8
8
10
4
15
30
3
24
28
7
23
5
1
2
3
7
6
4
7
16
1
10
2
7
16
5
1
23
8
28
22
12
16
6
2
4
1
9
5
13
2
5
27
39
21
16
11
8
5
3
4
9
26
4
14
3
11
2
6
9
2
11
52
2
31
30
11
19
10
3
6
12
17
14
7
4
5
13
4
7
14
2
8
29
58
12
37
36
6
22
12
1
6
14
19
30
26
9
19
12
21
19
18
18
3
21
29
59
28
29
30
13
16
6
9
3
2
11
14
7
23
17
14
13
16
14
12
13
21
10
61
18
40
35
12
21
13
2
6
14
20
23
25
14
17
14
22
19
19
16
3
25
38
64
20
32
32
13
17
1
10
1
4
10
17
16
27
15
18
13
19
20
15
14
4
25
14
63
31
41
34
16
16
2
8
3
8
19
19
14
10
8
13
12
9
14
2
19
38
61
20
38
33
13
19
7
3
6
24
6
13
2
11
11
15
17
3
25
58
19
23
26
12
15
3
15
15
2
14
60
14
32
28
3
16
27
10
17
3
3
63
59
1
21
21
5
13
4
16
2
1
51
16
15
6
10
15
2
5
41
29
23
3
16
1
5
19
6
31
23
22
19
9
13
2
1
16
5
1
21
22
19
6
15
4
8
14
6
22
25
19
17
2
15
17
11
4
1
13
10
2
1
22
13
11
6
7
13
12
8
9
3
2
23
19
18
2
9
1
6
4
6
4
21
51
2
6
18
9
9
8
2
7
23
24
18
1
10
12
10
16
11
12
5
18
20
6
12
1
9
11
12
9
21
26
3
22
16
10
5
4
11
9
14
8
8
12
6
4
11
6
6
8
9
3
24
38
24
19
6
5
5
9
12
14
13
13
2
16
2
29
9
16
25
7
8
11
12
8
53
1
20
17
5
9
6
17
12
18
14
15
7
14
4
10
11
17
3
11
7
9
10
16
2
52
13
12
15
5
10
8
10
11
10
13
13
3
15
6
21
12
15
3
18
7
6
6
12
41
9
21
15
13
4
12
4
7
2
7
7
8
5
4
8
7
7
11
27
36
25
24
6
15
2
8
7
4
14
17
2
19
16
13
18
8
10
13
1
10
6
4
28
16
35
33
8
21
9
6
3
14
16
34
24
19
15
20
15
25
16
2
18
32
1
29
23
26
26
17
12
8
1
3
3
15
8
6
7
6
15
10
18
14
3
30
5
33
34
9
20
6
8
14
10
22
7
10
9
8
14
16
2
13
18
1
27
17
36
34
11
17
1
4
2
7
5
6
4
5
16
1
12
1
2
31
14
30
20
14
1
16
4
1
2
9
14
16
27
6
30
25
5
3
1
29
7
5
2
2
1
10
3
12
51
25
14
24
25
6
5
5
7
9
11
4
11
5
16
29
19
30
23
7
3
10
11
5
2
12
5
8
41
22
29
11
27
24
9
6
9
4
6
3
13
4
8
18
25
32
16
36
24
16
5
7
1
6
1
13
1
5
33
22
32
15
26
22
5
11
9
14
4
6
4
