12
16
15
19
24
25
14
7
17
7
14
20
16
16
21
21
21
13
17
7
552
9
16
16
21
24
25
15
6
18
9
15
20
15
18
20
22
21
14
19
4
1
11
19
16
23
24
26
16
7
21
10
18
20
18
19
21
22
21
13
22
5
5
15
22
15
26
22
28
15
8
24
7
20
19
19
18
26
22
21
12
23
6
167
6
16
21
14
25
22
26
14
7
23
8
19
18
19
17
24
23
21
12
23
6
602
6
14
18
15
23
22
25
15
7
19
8
16
18
18
18
22
24
22
13
21
3
4
13
16
14
21
21
23
12
5
15
5
12
16
15
15
19
22
21
13
16
2
2
11
14
13
17
20
22
9
3
12
3
8
14
11
13
15
20
19
11
15
1
10
13
13
17
19
22
10
3
12
5
8
15
11
17
14
19
19
10
14
585
2
10
13
15
18
21
22
12
5
13
8
11
18
14
21
18
20
20
12
17
8
10
6
12
1
13
17
18
23
22
14
7
14
10
13
20
16
24
22
20
19
12
19
2
4
10
14
16
21
23
26
15
9
19
10
18
20
21
25
29
18
18
12
21
3
9
16
15
23
24
28
17
12
23
10
23
21
24
25
32
17
18
12
25
8
543
8
15
19
16
25
26
29
21
15
26
13
26
24
28
27
35
20
21
15
25
11
149
11
16
2
19
16
25
26
30
23
18
27
15
27
26
29
30
34
22
22
16
24
10
12
17
2
18
16
21
25
29
23
18
25
15
24
26
27
31
33
21
19
14
24
17
10
17
1
16
15
17
24
27
22
17
20
15
20
27
25
31
33
21
19
12
22
15
480
10
17
2
14
15
13
23
23
20
14
16
14
16
25
21
29
28
23
20
12
21
6
305
12
21
3
14
16
11
23
20
18
10
16
12
13
23
18
27
24
23
18
11
20
8
10
16
3
12
16
11
21
20
17
9
15
11
13
21
17
26
26
20
16
9
18
9
8
12
1
11
15
13
19
21
13
7
14
8
12
17
15
21
24
17
16
8
15
2
393
6
11
11
16
16
21
23
15
9
13
9
10
18
17
21
22
17
18
11
14
9
427
5
10
12
17
19
25
26
19
12
15
11
14
21
21
23
25
18
20
15
15
16
6
13
13
17
21
26
28
20
14
16
11
16
22
21
23
27
17
19
15
16
8
4
11
13
18
22
27
30
24
18
20
13
20
25
25
27
32
15
18
16
19
10
280
8
8
14
14
18
23
29
30
25
19
22
15
20
27
25
30
30
18
19
17
21
20
525
11
17
2
16
18
24
28
31
26
19
23
16
21
27
26
32
29
22
21
17
24
15
12
20
3
18
16
24
25
31
24
19
25
14
23
24
27
30
31
23
21
16
25
14
15
25
4
22
12
23
20
29
17
14
25
10
21
19
23
24
29
25
21
12
24
13
157
15
26
5
24
9
22
16
27
12
10
23
7
20
14
21
21
27
28
23
11
23
12
591
15
25
4
23
7
22
14
24
11
8
20
3
16
11
18
18
23
30
24
10
18
5
13
21
4
20
9
19
13
21
8
5
16
3
11
10
13
16
17
28
23
8
15
2
11
17
2
17
9
17
13
20
7
3
13
1
9
11
11
15
17
24
19
6
10
9
10
17
1
15
10
17
15
19
9
4
11
4
9
14
12
16
20
23
19
6
8
8
582
12
18
2
14
14
17
19
19
12
5
12
8
12
17
14
20
22
24
19
8
10
8
6
11
17
1
12
16
16
22
21
16
9
13
12
14
21
17
24
28
21
18
10
11
15
11
18
1
11
17
14
24
21
18
11
11
14
12
23
18
25
26
19
15
9
12
17
12
16
1
11
17
15
24
22
19
12
12
15
13
25
19
26
27
18
16
10
10
12
529
14
17
3
9
18
14
26
23
22
13
4
11
18
11
28
20
32
25
20
18
13
10
10
144
16
20
5
10
19
13
26
22
22
13
6
10
19
10
28
19
34
21
21
17
13
11
10
17
19
5
11
17
12
24
23
20
13
4
11
16
10
25
18
30
25
20
16
10
10
19
17
19
5
10
15
10
21
21
16
9
2
7
13
7
22
14
24
19
19
15
7
6
13
480
10
13
18
4
10
16
11
19
19
14
7
8
12
7
20
14
22
20
21
15
7
8
8
302
12
18
4
10
17
11
20
19
15
8
10
12
11
19
17
22
25
21
16
8
10
11
13
18
5
9
16
8
19
17
12
6
9
11
10
19
14
21
25
19
14
5
10
9
13
18
4
11
16
7
18
15
10
4
13
11
10
18
12
21
23
18
12
3
12
4
405
13
20
3
13
17
9
22
17
14
8
18
14
15
21
16
24
26
20
14
6
20
7
439
17
24
2
14
19
12
25
20
18
12
1
20
17
18
24
20
28
31
21
16
11
20
21
17
25
2
16
17
14
25
24
21
15
2
20
16
18
26
21
28
29
21
16
12
22
21
20
29
3
18
14
17
23
27
20
16
22
13
19
23
23
26
28
23
17
11
23
13
279
27
34
7
22
11
21
21
28
19
16
3
25
15
21
22
25
29
32
28
20
12
23
13
514
26
35
9
24
12
26
21
30
20
16
4
28
16
25
23
28
31
35
31
23
15
28
13
23
31
9
23
11
25
19
30
17
14
1
25
13
23
21
26
26
32
30
22
14
24
13
19
26
7
21
11
23
17
28
12
9
22
10
20
19
23
23
30
26
20
10
18
9
121
16
23
6
19
11
23
18
27
9
7
20
9
19
17
20
18
30
25
21
10
14
3
567
14
21
5
16
13
22
18
24
8
3
15
8
15
16
16
15
26
25
22
11
11
4
13
20
5
16
14
21
18
23
7
2
14
9
13
16
14
17
21
24
20
10
8
3
11
16
3
15
14
19
18
23
8
2
11
9
11
16
13
18
18
20
18
9
4
1
9
14
1
14
15
18
20
22
10
2
10
10
10
18
14
19
20
19
18
9
3
1
553
12
17
3
12
17
16
22
21
12
3
10
12
11
20
14
21
22
19
18
10
3
12
14
3
9
18
12
22
18
10
2
6
14
8
20
11
20
18
18
16
9
2
1
11
13
3
8
17
7
20
15
8
1
2
12
2
18
7
19
13
16
13
5
3
12
15
4
8
16
6
19
16
8
1
2
12
3
18
9
18
14
17
14
5
505
12
16
4
8
16
7
20
16
10
1
4
12
5
18
11
18
17
20
16
7
117
16
21
6
9
15
7
17
15
8
6
11
6
16
10
19
17
21
16
6
1
18
23
7
12
14
10
14
17
6
8
9
8
14
11
19
18
23
15
4
3
5
19
24
7
17
12
14
13
19
5
1
1
11
8
10
13
12
19
17
24
16
3
3
442
23
28
9
20
13
19
14
22
8
5
2
16
10
15
12
17
20
23
28
18
6
9
1
272
23
29
10
23
13
23
14
25
9
8
2
24
10
21
13
21
21
28
30
19
8
17
3
22
28
10
22
12
21
13
25
8
7
2
24
9
20
12
19
20
26
28
18
7
18
6
23
28
9
22
12
20
13
24
7
7
2
21
9
16
13
17
20
22
27
18
6
13
3
360
2
20
27
8
21
12
22
14
24
8
6
1
21
10
16
13
16
19
21
29
19
8
14
388
21
28
9
20
13
23
15
25
10
5
19
10
17
13
17
18
22
30
21
10
14
21
28
8
22
12
22
16
26
9
6
20
9
17
14
16
17
22
30
21
10
12
21
28
7
22
11
22
16
27
9
5
20
8
17
14
16
16
21
29
20
9
13
238
19
28
6
20
11
21
18
25
10
4
18
8
17
14
16
16
22
29
21
10
9
493
16
25
6
18
14
21
21
24
12
4
16
11
15
17
15
18
23
29
22
12
7
15
24
5
17
14
19
21
23
11
2
14
9
14
17
14
16
21
27
21
11
7
13
23
3
16
13
17
19
21
7
10
5
10
14
10
10
16
24
19
9
3
132
9
19
2
15
13
16
17
19
5
8
3
8
13
9
10
14
24
19
8
1
589
7
15
2
15
15
18
19
21
8
2
9
5
11
14
13
13
18
25
21
10
7
13
2
12
15
15
19
19
7
1
5
5
8
13
10
12
12
23
19
9
5
11
1
12
14
12
17
18
4
6
2
7
11
9
10
13
21
17
6
14
8
15
2
13
14
12
16
17
4
7
2
7
10
9
12
20
22
17
5
605
12
20
5
13
15
9
16
14
5
5
6
6
12
8
16
17
25
18
5
32
16
22
6
13
16
6
16
10
4
5
7
3
12
6
17
16
25
16
4
18
24
6
12
14
2
13
7
1
2
6
11
2
15
13
24
13
3
18
24
7
14
13
12
6
1
2
7
11
16
7
25
13
564
5
19
25
8
16
14
3
14
7
2
4
6
11
3
15
9
27
15
1
173
18
25
9
17
14
7
15
11
4
6
7
3
13
7
17
14
29
16
3
1
3
19
25
10
17
13
9
13
14
3
7
7
5
12
8
18
13
28
16
2
1
20
27
9
19
11
12
12
16
2
8
4
6
9
9
14
14
28
16
2
503
4
21
27
9
19
11
16
13
19
4
10
4
9
11
10
13
15
30
19
5
1
329
21
27
10
20
11
19
14
21
7
1
14
5
13
12
14
14
22
31
20
8
6
20
27
9
21
10
22
14
25
7
3
18
3
17
12
17
15
23
29
20
9
10
16
24
7
20
8
21
14
25
6
1
16
2
14
11
14
16
18
27
19
8
6
410
15
24
6
20
8
22
14
24
5
14
11
10
12
12
16
28
21
9
2
432
12
23
5
21
9
25
16
26
6
16
1
15
12
14
11
21
30
24
12
4
9
21
4
20
10
25
18
26
7
15
2
14
14
13
13
17
27
23
11
3
8
17
2
18
11
22
18
25
5
12
1
11
13
10
9
12
24
21
10
263
7
15
2
16
13
21
21
25
7
11
5
10
17
12
11
14
23
21
12
515
8
20
2
14
16
21
25
24
10
1
10
8
9
20
13
14
12
23
21
13
8
20
2
14
17
19
25
24
12
3
12
9
12
21
15
14
19
21
19
14
1
9
20
1
13
16
17
23
24
11
4
10
8
10
19
15
13
19
19
17
12
1
175
10
20
13
17
18
24
25
12
6
12
8
12
20
17
13
21
19
18
12
4
620
12
19
2
11
18
18
25
25
14
8
13
10
14
22
20
18
22
20
19
13
5
16
25
5
12
18
16
23
23
12
8
11
10
12
20
18
17
21
22
17
11
5
19
27
8
15
16
15
20
22
11
8
15
8
14
19
19
17
25
22
14
9
7
43
21
29
10
15
16
13
19
19
10
7
13
7
12
17
16
18
24
23
14
7
7
646
22
30
12
16
16
10
18
14
8
5
12
7
8
15
12
15
18
26
15
5
7
69
21
30
11
16
15
7
16
12
7
2
11
6
5
13
10
16
17
27
15
4
8
20
28
10
14
12
3
13
11
4
7
4
1
11
5
13
13
25
14
3
3
18
23
8
11
12
2
13
11
3
4
3
10
3
14
9
23
14
3
600
15
21
6
10
13
4
16
12
5
3
3
11
4
13
16
23
18
6
213
16
21
6
10
14
7
18
14
7
4
6
3
13
7
14
18
22
17
8
15
20
5
8
14
8
18
18
8
1
4
7
5
15
8
16
19
19
16
8
4
12
19
4
7
14
10
18
20
8
1
3
7
4
16
9
16
18
18
16
8
497
12
17
5
7
16
13
19
20
10
2
3
9
5
16
10
17
17
19
18
9
314
10
16
6
7
16
13
18
20
9
2
3
10
5
16
11
18
16
20
18
9
11
16
7
7
14
12
15
20
6
8
1
14
9
17
11
19
16
7
10
16
6
8
13
12
14
21
5
5
2
13
9
14
10
19
16
5
377
8
15
5
7
13
14
15
21
5
4
1
13
10
10
11
20
18
7
413
7
15
5
7
13
16
16
21
5
5
2
14
11
10
10
21
19
9
5
15
6
7
13
15
16
21
6
1
5
4
15
10
11
11
20
17
9
12
20
8
10
12
15
15
19
3
1
4
2
13
7
9
7
21
15
5
242
12
11
17
8
10
14
14
15
17
3
3
6
2
14
7
11
6
22
15
4
491
9
14
9
9
16
13
18
17
6
2
7
4
16
9
12
12
22
15
6
12
16
8
10
15
12
19
17
6
1
6
4
15
8
10
10
22
15
7
10
13
6
11
12
14
18
20
5
1
4
4
14
9
9
10
22
17
8
123
11
16
5
14
9
18
17
23
5
1
1
5
12
10
7
10
25
22
11
558
11
15
4
13
9
19
18
24
7
2
1
6
11
12
8
12
27
24
13
4
7
14
3
11
9
18
18
25
8
3
4
11
12
7
11
25
24
15
2
2
10
1
11
9
16
18
25
7
3
1
10
9
5
5
22
22
13
21
7
8
9
14
18
23
6
1
11
7
5
3
20
21
13
31
561
7
6
11
14
19
21
6
1
11
7
4
5
21
23
13
22
4
5
12
13
19
21
7
2
12
9
5
10
20
22
12
28
6
6
12
12
16
19
4
1
10
7
2
9
19
19
8
28
1
8
2
7
12
11
14
17
1
10
4
3
8
19
19
5
35
521
5
11
5
7
14
9
14
12
6
12
1
10
1
22
19
3
49
146
9
14
8
10
16
10
14
11
9
13
1
14
5
24
18
2
46
13
18
10
11
15
8
12
10
1
1
10
1
12
2
15
9
23
15
18
14
21
11
12
15
8
10
9
4
9
12
1
14
7
23
13
474
15
21
12
12
16
10
12
10
7
3
12
2
13
3
16
11
25
14
279
18
24
13
11
16
10
12
10
8
2
13
2
13
4
17
15
25
14
1
17
23
12
13
14
11
10
12
6
5
10
3
10
4
13
11
23
13
14
20
11
12
12
11
8
13
3
5
6
3
6
3
9
7
22
13
329
13
18
11
9
12
9
10
11
3
1
5
6
2
9
5
21
14
1
381
13
18
11
8
14
9
13
12
3
1
7
1
9
2
9
4
22
16
4
12
17
10
7
14
8
14
14
5
1
7
1
10
2
9
4
19
15
5
12
18
11
6
14
6
15
14
5
1
7
10
2
8
4
18
14
4
246
14
19
11
6
14
5
16
14
6
1
9
12
2
9
5
20
16
5
503
15
18
12
5
16
4
19
15
4
8
3
13
2
16
5
11
10
21
16
8
14
19
11
7
16
4
20
17
6
7
4
13
2
18
6
11
11
21
16
9
14
18
10
7
14
5
18
17
4
5
2
10
16
3
10
5
20
15
6
161
13
16
9
6
13
5
18
16
2
3
8
13
1
8
4
20
17
5
608
12
18
9
8
14
9
18
16
4
1
8
14
3
9
9
23
19
7
14
18
9
9
14
10
18
16
5
4
10
15
3
12
11
23
18
6
14
18
9
10
13
10
16
16
5
7
2
11
16
3
14
8
21
16
4
6
18
24
11
11
13
11
15
14
4
7
4
11
14
3
13
7
24
16
2
605
18
25
12
12
14
12
15
13
4
6
4
11
2
16
5
15
12
26
17
3
25
17
23
12
11
14
10
14
10
3
4
4
10
1
14
3
14
12
25
16
1
18
24
11
10
13
6
12
7
3
7
11
10
5
22
12
15
21
11
9
13
4
11
7
2
5
10
8
3
21
11
563
16
20
12
7
14
3
12
6
2
5
9
7
8
22
12
188
15
21
12
6
16
2
14
7
6
8
12
11
9
21
12
17
24
12
7
15
1
14
7
1
6
7
11
11
5
20
11
4
19
24
13
8
15
2
14
9
1
8
8
12
11
4
20
11
26
517
20
25
14
10
16
7
17
13
6
11
1
12
17
3
17
10
23
14
4
1
95
338
22
27
15
11
16
10
18
16
8
12
3
14
1
18
5
20
10
25
16
7
4
204
22
26
15
11
13
10
16
17
5
11
3
12
16
4
17
6
25
16
6
2
309
18
25
12
10
10
9
15
17
3
7
2
8
15
4
15
6
23
17
4
341
399
1
12
21
9
9
8
9
14
17
4
3
7
14
5
17
4
23
19
5
307
446
8
17
8
5
9
5
15
14
6
1
7
16
6
24
4
23
18
6
178
8
17
7
4
10
1
13
12
7
7
17
5
25
6
20
16
3
10
17
7
3
10
14
12
7
1
1
8
18
5
27
3
18
14
2
296
10
16
7
4
11
17
13
10
4
2
11
21
7
31
1
18
15
5
540
9
15
6
4
14
4
20
16
15
7
2
14
25
11
32
6
19
17
9
7
18
6
6
15
8
21
20
16
9
1
13
5
25
15
28
13
17
16
10
7
18
5
9
14
13
20
25
14
10
4
9
8
23
18
20
17
16
17
9
129
6
18
5
11
13
19
20
27
12
11
9
7
13
22
21
15
27
18
18
10
565
7
19
5
14
15
22
20
27
12
9
11
8
16
21
22
14
29
21
20
12
7
20
5
12
15
21
20
27
10
5
10
7
14
18
19
12
24
20
19
11
6
20
5
10
13
19
17
25
5
1
5
5
8
15
14
11
19
17
16
7
5
16
5
10
13
18
14
21
5
4
6
11
10
10
14
18
16
4
568
1
5
12
7
8
14
16
13
18
4
4
5
9
8
7
12
20
17
4
3
7
13
9
5
14
13
11
15
4
7
4
6
6
20
16
2
8
13
10
6
12
12
10
16
3
7
3
5
7
19
15
12
14
12
7
12
10
10
14
3
4
7
1
6
2
20
15
1
558
14
17
14
7
13
10
12
13
5
7
10
1
9
2
22
17
2
7
188
12
16
13
8
13
10
14
14
5
9
1
12
3
8
8
22
18
4
7
11
13
11
5
11
4
11
11
2
5
10
4
5
19
15
1
8
7
9
10
2
10
9
7
1
8
3
17
14
6
529
3
6
6
9
1
10
9
3
1
6
19
15
5
360
7
10
8
1
10
10
1
2
7
20
16
11
8
10
8
2
10
11
2
1
5
10
4
19
15
14
3
8
10
7
10
12
5
3
8
12
7
18
14
16
434
10
7
10
7
2
12
14
8
4
10
15
1
11
6
19
16
1
26
475
7
9
8
3
14
3
15
11
2
8
14
17
7
17
12
20
17
3
29
11
14
9
4
15
5
15
13
2
10
16
17
8
18
14
18
15
2
27
12
18
10
7
14
7
13
15
1
10
1
15
3
16
10
15
16
17
14
1
28
328
4
14
18
11
8
16
10
14
15
2
12
5
17
5
16
10
17
16
18
14
1
1
39
579
15
21
12
7
16
11
15
15
