4804
4831
4826
4822
4820
4832
4818
4820
4823
4822
4828
4832
4827
4819
4821
4812
4815
4839
4807
4830
4819
4826
4973
4977
4970
4786
4776
4806
4800
4796
4795
4806
4791
4794
4797
4796
4803
4807
4801
4792
4795
4785
4789
4815
4779
4805
4793
4801
4962
4968
4960
4791
4781
4810
4805
4801
4799
4812
4797
4800
4803
4801
4808
4812
4806
4798
4801
4790
4794
4819
4784
4810
4799
4806
4958
4964
4956
4782
4772
4800
4794
4791
4790
4800
4786
4788
4791
4790
4797
4801
4795
4787
4790
4780
4784
4809
4774
4799
4788
4795
4950
4956
4948
4773
4763
4792
4787
4783
4781
4794
4779
4782
4785
4783
4790
4794
4788
4780
4783
4772
4776
4802
4766
4792
4781
4788
4944
4950
4942
4772
4762
4790
4784
4781
4779
4790
4777
4779
4782
4781
4787
4791
4785
4777
4780
4770
4774
4799
4764
4789
4778
4785
4938
4943
4936
4760
4750
4779
4773
4770
4768
4780
4765
4768
4771
4770
4777
4781
4775
4766
4769
4759
4762
4788
4753
4779
4767
4774
4930
4936
4929
4758
4748
4776
4771
4768
4765
4777
4763
4766
4769
4768
4774
4778
4772
4764
4767
4757
4760
4785
4751
4776
4765
4772
4925
4930
4923
4749
4739
4767
4762
4758
4756
4768
4754
4756
4759
4758
4765
4769
4763
4755
4757
4748
4751
4776
4742
4767
4755
4763
4918
4923
4916
4744
4734
4762
4757
4753
4751
4763
4750
4752
4755
4754
4760
4764
4758
4750
4753
4743
4746
4771
4737
4762
4751
4758
4911
4917
4909
4737
4727
4756
4750
4747
4745
4757
4743
4745
4748
4747
4753
4757
4752
4743
4746
4736
4740
4765
4730
4756
4744
4751
4905
4910
4903
4730
4720
4749
4744
4740
4738
4750
4736
4738
4741
4740
4747
4751
4745
4737
4739
4730
4733
4758
4723
4749
4737
4744
4898
4904
4896
1495
1864
2222
1923
2666
2389
3134
2584
3864
3523
3689
4443
4153
4494
3936
4310
3861
4143
278
4633
4900
4589
4953
4814
4820
4812
1551
1922
2288
1986
2739
2460
3120
2658
3795
3475
3629
4312
4045
4358
3848
4190
3778
4032
339
4533
4905
4471
4955
4808
4813
4806
1489
1864
2233
1928
2688
2406
3110
2607
3822
3488
3650
4380
4097
4428
3887
4250
3813
4085
262
4606
4899
4553
4944
4801
4807
4800
1535
1902
2261
1963
2704
2428
3120
2623
3810
3485
3642
4347
4074
4395
3871
4222
3799
4062
330
4547
4885
4492
4939
4795
4801
4793
1503
1877
2247
1942
2702
2420
3100
2621
3795
3468
3626
4335
4059
4382
3855
4208
3783
4046
281
4566
4888
4509
4933
4789
4794
4787
1514
1881
2241
1943
2685
2409
3109
2604
3808
3479
3639
4354
4077
4402
3871
4227
3798
4065
307
4556
4873
4504
4925
4782
4788
4781
1511
1883
2248
1946
2698
2420
3096
2618
3784
3460
3617
4318
4045
4365
3843
4193
3772
4033
299
4541
4873
4484
4920
4776
4782
4774
1502
1871
2233
1933
2679
2402
3096
2599
3794
3466
3625
4339
4062
4386
3856
4212
3784
4050
293
4550
4863
4497
4912
4770
4775
4768
1510
1879
2241
1941
2686
2410
3087
2606
3771
3450
3606
4306
4036
4356
3837
4188
3768
4029
305
4529
4858
4473
4906
4763
4769
4761
1069
1334
1595
1382
1898
1722
2106
1865
2457
2297
2380
2739
2605
2771
2509
2692
2480
2618
211
2884
2887
2865
2901
3014
3021
3022
125
155
185
161
211
201
197
216
170
184
178
151
162
150
172
159
176
166
26
146
127
150
126
139
140
141
60
75
90
78
104
97
102
104
99
101
100
98
99
98
99
99
100
99
11
97
96
98
96
96
96
96
11
13
16
14
20
17
27
18
39
33
36
49
44
50
40
46
38
43
1
53
58
51
58
56
56
56
5
6
7
7
7
8
9
1
5
5
3
3
3
15
19
23
20
26
25
23
27
17
20
19
13
16
13
18
15
18
16
3
12
9
13
9
10
10
11
9
11
13
11
15
14
16
15
16
16
16
16
16
16
16
16
16
16
1
16
16
16
16
16
16
16
1
1
1
1
1
3
1
5
4
4
6
5
7
5
6
4
5
7
8
7
8
7
7
7
1
1
2
1
2
2
1
2
2
3
3
3
4
4
3
4
3
3
3
2
2
2
3
2
3
2
2
2
2
1
2
2
2
1
1
1
1
2
2
2
2
2
2
2
2
2
2
2
2
2
2
2
2
2
2
2
2
2
1
1
1
1
1
1
1
2
56
213
1
6
367
46
83
502
196
252
648
357
1
398
4
777
490
50
538
70
911
29
638
205
681
237
1036
7
160
769
364
811
389
1157
85
326
901
23
30
498
21
3
943
527
1275
247
455
1024
140
160
642
138
63
1064
671
1386
381
597
1143
302
324
770
31
303
222
1183
799
1493
511
731
1263
432
36
457
903
165
2
436
372
1300
934
1600
647
1
861
1375
573
176
603
1029
1
331
55
580
507
1413
1060
1702
1
771
40
989
1487
21
704
338
736
1150
46
463
208
713
652
1523
1182
1801
37
898
178
1110
1593
135
833
470
868
1271
193
609
359
843
780
1628
1302
1898
176
1015
328
1230
1697
299
959
615
996
1384
347
742
490
7
27
972
913
1731
1416
1991
337
1133
454
1345
1798
429
1078
747
1118
11
1497
477
875
632
14
86
155
1093
1037
1830
1528
2082
467
1246
592
1457
1895
569
1197
878
1239
107
1604
619
1003
759
115
252
319
1213
1159
1927
1635
2168
610
1355
716
1564
1989
700
1309
1004
1353
276
1707
747
1125
889
286
393
449
1327
1277
2020
1739
2253
740
1462
842
1668
2079
827
1419
1125
1466
412
1808
876
1245
1012
422
530
592
1440
1390
2110
1840
5
2335
870
1564
962
1769
2167
953
1526
1246
1574
552
1906
999
1359
1131
564
669
723
1547
1501
2196
1938
75
2414
995
1664
1078
1867
2252
1071
1629
1358
1678
690
2000
1118
1472
1248
702
796
852
1651
1607
2280
2032
241
2490
1115
1760
1192
1961
2334
1189
1728
1470
1779
817
2090
1235
1579
1359
831
927
978
1752
1710
2362
2123
388
2565
1234
1854
1301
2052
2414
1301
1824
1577
1877
948
2179
1346
1684
1469
962
1047
1097
1850
1810
2441
2210
524
2636
1345
1944
1408
2141
2491
1410
1918
1680
1972
1068
2264
1456
1785
1573
1083
1168
1216
1944
1906
2516
2295
667
2704
1456
2032
1510
2227
2565
1516
2009
1781
2064
1189
2346
1561
1882
1676
1204
1283
1328
2036
2000
2590
2378
796
2772
1561
2117
1610
2309
2638
1618
2096
1878
2152
1303
2425
1663
1977
1774
1319
1395
1439
2124
2090
2662
2457
928
2836
1664
2199
1707
2389
2707
1717
2181
1972
2238
1415
2503
1761
2069
1869
1431
1503
1545
2210
2178
2730
2534
1051
2898
1764
2279
1800
2466
2774
1813
2263
2063
2321
1523
2577
1857
2157
1962
1541
1608
1648
2293
2262
2797
2608
1173
2959
1861
2356
1892
2542
2839
1907
2342
2151
2401
1627
2649
1950
2242
2052
1645
1710
1748
2373
2344
2861
2680
1291
3017
1954
2431
1980
2614
2902
1997
2420
2236
2479
1729
2719
2039
2325
2138
1747
1808
1844
2451
2423
2923
2749
1403
3073
2044
2504
2065
2684
2963
2085
2495
2318
2553
1826
2786
2127
2406
2222
1845
1903
1938
2526
2500
2983
2816
1514
3128
2132
2574
2148
2752
3022
2169
2566
2398
2626
1921
2851
2210
2483
2304
1940
1995
2029
2599
2574
3041
2881
1620
3181
2217
2642
2229
2817
3078
2251
2636
2475
2696
2013
2914
2292
2558
2382
2033
2085
2117
2669
2645
3097
2944
1723
3232
2298
2708
2307
2881
3133
2331
2704
2550
2764
2102
2974
2371
2630
2458
2122
2170
2201
2737
2715
3151
3004
1822
3281
2377
2771
2381
2942
3186
2407
2769
2622
2830
2188
3033
2447
2701
2532
2208
2254
2284
2802
2782
3204
3063
1919
3329
2454
2833
2455
3001
3238
2482
2832
2692
2893
2271
3090
2521
2768
2603
2291
2335
2363
2866
2847
3255
3119
2012
3375
2528
2893
2526
3058
3287
2554
2894
2759
2955
2352
3145
2592
2834
2672
2372
2413
2440
2928
2909
3303
3173
2101
3419
2600
2950
2594
3114
3335
2624
2953
2824
3014
2430
3197
2662
2897
2739
2450
2489
2515
2987
2969
3351
3226
2189
3462
2670
3007
2661
3167
3381
2691
3010
2887
3071
2506
3249
2728
2958
2803
2526
2562
2587
3045
3028
3397
3277
2273
3504
2737
3061
2725
3219
3426
2757
3066
2949
3126
2579
3298
2793
3018
2866
2599
2633
2657
3100
3084
3440
3326
2355
3543
2802
3113
2788
3269
3469
2820
3120
3008
3180
2649
3346
2856
3074
2927
2669
2701
2724
3153
3138
3482
3373
2433
3581
2864
3164
2848
3317
3510
2881
3171
3064
3231
2717
3392
2917
3130
2985
2738
2768
2789
3206
3192
3524
3419
2510
3619
2926
3214
2907
3363
3550
2940
3221
3120
3281
2783
3436
2975
3183
3042
2804
2832
2853
3256
3243
3563
3463
2583
3655
2985
3261
2963
3409
3589
2998
3270
3173
3329
2848
3479
3032
3234
3096
2868
2894
2914
3304
3292
3601
3505
2655
3689
3041
3307
3018
3452
3626
3053
3316
3224
3375
2909
3520
3087
3284
3149
2930
2954
2973
3351
3339
3638
3547
2724
3723
3097
3352
3071
3494
3663
3106
3361
3274
3420
2969
3560
3140
3332
3200
2990
3012
3030
3395
3385
3674
3586
2790
3755
3150
3395
3123
3535
3697
3158
3406
3322
3464
3027
3599
3191
3379
3249
3047
3068
3086
3439
3429
3708
3624
2854
3786
3201
3436
3172
3573
3731
3208
3448
3368
3505
3082
3636
3240
3423
3297
3103
3122
3139
3481
3472
3741
3661
2917
3816
3251
3476
3220
3611
3763
3256
3489
3413
3546
3136
3672
3288
3466
3344
3157
3174
3190
3522
3513
3773
3696
2978
3845
3298
3515
3267
3648
3794
3304
3528
3456
3584
3189
3706
3335
3508
3388
3209
3225
3240
3561
3553
3803
3730
3035
3872
3345
3552
3312
3683
3825
3349
3566
3498
3623
3239
3740
3380
3549
3431
3259
3275
3289
3599
3592
3833
3763
3092
3899
3390
3588
3355
3716
3853
3393
3603
3538
3659
3288
3772
3423
3587
3473
3308
3322
3336
3636
3629
3861
3795
3146
3925
3433
3624
3398
3749
3881
3435
3638
3577
3693
3335
3803
3464
3625
3513
3354
3367
3380
3671
3665
3889
3826
3199
3950
3475
3657
3439
3780
3908
3476
3672
3614
3727
3380
3832
3505
3661
3552
3399
3411
3424
3705
3700
3915
3855
3249
3974
3516
3690
3478
3811
3933
3515
3705
3650
3759
3424
3861
3544
3696
3590
3443
3454
3466
3738
3733
3941
3884
3299
3997
3555
3722
3517
3840
3958
3554
3737
3685
3791
3467
3889
3582
3730
3626
3486
3495
3507
3770
3765
3965
3911
3347
4019
3592
3753
3554
3868
3983
3591
3768
3719
3821
3508
3916
3618
3762
3661
3527
3535
3546
3800
3796
3988
3937
3392
4040
3628
3782
3589
3895
4005
3626
3798
3751
3850
3546
3941
3653
3793
3695
3566
3573
3584
3829
3826
4011
3962
3436
4060
3664
3810
3624
3921
4027
3660
3826
3783
3878
3585
3965
3687
3823
3727
3604
3610
3620
3858
3854
4033
3986
3479
4080
3697
3838
3657
3946
4049
3694
3854
3813
3905
3622
3989
3720
3852
3758
3640
3646
3656
3885
3882
4054
4010
3520
4099
3730
3863
3689
3971
4069
3726
3880
3842
3931
3657
4012
3751
3880
3789
3676
3681
3690
3911
3908
4074
4032
3559
4117
3762
3889
3720
3994
4089
3756
3906
3870
3955
3692
4034
3782
3907
3818
3710
3714
3723
3936
3934
4093
4054
3598
4134
3792
3914
3750
4016
4107
3786
3931
3897
3980
3724
4055
3811
3932
3846
3743
3746
3755
3960
3959
4112
4075
3635
4151
3821
3937
3779
4038
4126
3815
3954
3923
4002
3757
4075
3839
3957
3873
3774
3777
3785
3984
3982
4129
4094
3670
4167
3849
3960
3807
4058
4143
3843
3977
3947
4024
3787
4094
3867
3981
3900
3805
3807
3815
4007
4006
4147
4114
3704
4182
3876
3982
3834
4078
4160
3869
4000
3972
4046
3817
4113
3893
4004
3925
3834
3836
3843
4028
4027
4163
4132
3738
4197
3903
4004
3860
4097
4176
3895
4020
3995
4066
3845
4131
3918
4027
3949
3863
3863
3870
4049
4048
4179
4149
3769
4211
3927
4024
3885
4115
4191
3920
4041
4017
4086
3873
4148
3943
4048
3972
3890
3890
3897
4069
4069
4194
4166
3800
4225
3952
4043
3910
4133
4205
3944
4060
4038
4105
3900
4164
3966
4068
3995
3916
3916
3922
4088
4088
4208
4182
3830
4237
3975
4062
3933
4149
4219
3967
4079
4059
4123
3925
4180
3988
4087
4016
3941
3940
3946
4107
4107
4222
4197
3858
4250
3997
4080
3955
4166
4233
3989
4098
4079
4141
3950
4195
4010
4107
4037
3966
3964
3970
4125
4125
4235
4212
3885
4261
4019
4097
3977
4181
4246
4010
4115
4097
4157
3973
4209
4031
4124
4057
3990
3987
3993
4141
4142
4248
4226
3912
4273
4040
4114
3999
4196
4258
4031
4132
4116
4173
3996
4224
4051
4141
4076
4012
4009
4015
4158
4158
4259
4239
3937
4283
4060
4131
4018
4210
4270
4051
4147
4133
4188
4018
4237
4071
4158
4094
4033
4031
4035
4173
4174
4271
4252
3962
4293
4079
4145
4038
4224
4281
4070
4163
4150
4203
4039
4249
4089
4174
4112
4055
4051
4056
4188
4189
4282
4265
3986
4303
4098
4161
4056
4237
4291
4088
4178
4166
4217
4059
4261
4107
4189
4130
4075
4071
4075
4203
4203
4293
4276
4008
4312
4115
4175
4074
4250
4302
4105
4192
4182
4231
4078
4273
4124
4204
4146
4093
4089
4093
4216
4217
4302
4287
4030
4320
4132
4188
4091
4261
4311
4123
4205
4197
4243
4097
4284
4141
4218
4161
4112
4108
4112
4229
4231
4312
4298
4051
4329
4149
4201
4108
4272
4320
4138
4218
4210
4255
4115
4294
4157
4232
4176
4130
4125
4129
4242
4243
4321
4309
4071
4337
4165
4214
4124
4283
4329
4154
4230
4224
4267
4132
4304
4172
4244
4190
4146
4142
4145
4254
4255
4329
4318
4090
4345
4179
4226
4139
4293
4337
4169
4243
4237
4278
4149
4313
4186
4256
4204
4163
4158
4161
4266
4267
4337
4327
4109
4352
4194
4237
4154
4303
4345
4183
4253
4249
4288
4164
4322
4200
4268
4218
4178
4173
4176
4276
4278
4345
4336
4127
4358
4208
4248
4168
4313
4353
4196
4264
4261
4299
4179
4331
4213
4279
4230
4194
4188
4190
4287
4289
4352
4344
4144
4365
4221
4259
4182
4322
4360
4210
4275
4272
4309
4194
4339
4226
4290
4243
4207
4202
4205
4297
4299
4359
4351
4160
4370
4233
4268
4194
4330
4366
4222
4284
4282
4318
4208
4346
4239
4300
4254
4221
4215
4218
4306
4308
4365
4359
4175
4376
4245
4278
4207
4338
4372
4234
4294
4293
4326
4221
4354
4250
4310
4265
4234
4228
4231
4315
4317
4371
4366
4191
4381
4257
4288
4219
4346
4378
4246
4303
4303
4335
4234
4361
4261
4319
4276
4247
4241
4243
4324
4326
4376
4372
4205
4386
4267
4296
4230
4353
4384
4257
4311
4312
4343
4246
4367
4272
4327
4286
4259
4252
4255
4331
4334
4381
4378
4219
4390
4278
4304
4241
4359
4389
4267
4319
4321
4350
4258
4373
4282
4336
4295
4270
4264
4266
4339
4342
4387
4385
4232
4395
4288
4312
4252
4365
4394
4277
4327
4329
4357
4269
4378
4292
4343
4304
4281
4274
4276
4346
4349
4392
4390
4244
4399
4297
4319
4261
4372
4398
4286
4334
4337
4363
4279
4384
4300
4351
4313
4291
4284
4286
4353
4356
4396
4395
4256
4402
4306
4326
4271
4377
4402
4296
4341
4344
4369
4289
4389
4310
4357
4321
4301
4294
4295
4360
4362
4400
4400
4268
4406
4315
4333
4280
4382
4406
4304
4347
4352
4376
4299
4393
4318
4364
4329
4311
4303
4305
4366
4368
4404
4404
4279
4409
4323
4339
4289
4388
4410
4313
4353
4358
4381
4308
4398
4326
4370
4336
4319
4312
4314
4371
4374
4407
4408
4289
4411
4331
4345
4296
4392
4413
4320
4359
4364
4386
4317
4402
4333
4376
4343
4328
4321
4322
4377
4380
4410
4412
4299
4414
4338
4351
4304
4396
4416
4328
4364
4370
4391
4326
4405
4340
4381
4350
4336
4329
4330
4382
4385
4413
4416
4309
4416
4345
4355
4312
4401
4418
4335
4369
4376
4396
4333
4409
4347
4387
4356
4344
4336
4337
4387
4389
4416
4418
4318
4419
4352
4360
4319
4404
4421
4341
4374
4381
4400
4340
4412
4353
4391
4362
4351
4343
4344
4391
4394
4418
4421
4326
4421
4358
4365
4326
4407
4423
4347
4378
4386
4403
4347
4415
4359
4395
4367
4358
4350
4351
4395
4398
4420
4425
4334
4422
4364
4369
4332
4411
4426
4353
4383
4390
4407
4354
4417
4364
4400
4373
4364
4356
4357
4398
4402
4422
4426
4342
4423
4369
4373
4338
4413
4427
4358
4386
4395
4410
4360
4420
4370
4403
4377
4370
4362
4363
4402
4405
4423
4429
4349
4424
4374
4377
4343
4416
4429
4363
4390
4398
4413
4365
4422
4375
4407
4382
4376
4368
4369
4406
4409
4425
4430
4356
4425
4379
4380
4349
4418
4430
4368
4393
4402
4416
4372
4424
4379
4410
4386
4381
4373
4374
4409
4412
4426
4432
4362
4426
4383
4384
4354
4420
4431
4373
4396
4405
4418
4377
4425
4384
4413
4390
4386
4378
4379
4411
4414
4427
4434
4368
4426
4387
4386
4358
4422
4432
4377
4399
4409
4420
4382
4427
4388
4416
4394
4391
4383
4383
4414
4416
4428
4435
4374
4427
4391
4389
4363
4423
4433
4381
4401
4411
4422
4386
4428
4391
4418
4397
4395
4387
4388
4416
4419
4428
4436
4380
4427
4395
4392
4367
4425
4433
4385
4403
4414
4424
4390
4429
4395
4420
4400
4399
4391
4392
4418
4420
4429
4436
4384
4427
4398
4393
4370
4426
4433
4388
4405
4416
4426
4394
4429
4398
4422
4403
4403
4395
4395
4419
4422
4429
4437
4389
4427
4401
4396
4374
4427
4433
4391
4407
4418
4427
4397
4430
4400
4423
4406
4407
4398
4399
4421
4424
4429
4437
4393
4426
4404
4398
4377
4428
4433
4394
4409
4420
4428
4401
4430
4403
4425
4408
4410
4401
4402
4422
4425
4429
4437
4398
4425
4406
4399
4380
4428
4433
4397
4410
4422
4429
4404
4430
4406
4427
4410
4412
4404
4405
4423
4426
4428
4437
4401
4425
4408
4400
4382
4429
4432
4399
4411
4423
4429
4407
4430
4407
4428
4412
4415
4407
4407
4424
4427
4428
4438
4405
4424
4410
4401
4385
4429
4432
4401
4412
4424
4430
4410
4430
4410
4429
4413
4417
4409
4409
4424
4428
4427
4437
4408
4423
4412
4402
4387
4429
4431
4403
4412
4425
4430
4412
4430
4411
4429
4414
4419
4411
4411
4424
4428
4426
4436
4410
4421
4413
4402
4389
4429
4430
4404
4413
4426
4430
4413
4430
4413
4429
4416
4421
4413
4413
4425
4428
4425
4436
4413
4420
4414
4403
4391
4428
4429
4406
4413
4426
4430
4416
4428
4414
4430
4417
4422
4415
4415
4425
4428
4424
4435
4416
4419
4416
4404
4393
4428
4428
4407
4413
4427
4429
4417
4427
4415
4430
4417
4424
4415
4416
4425
4428
4423
4433
4417
4418
4417
4403
4394
4427
4427
4408
4413
4427
4429
4419
4427
4416
4429
4418
4425
4417
4418
4424
4428
4421
4432
4420
4416
4418
4404
4395
4426
4425
4409
4412
4427
4428
4419
4425
4416
4429
4419
4426
4418
4419
4424
4427
4420
4431
4421
4414
4418
4403
4396
4425
4423
4409
4412
4427
4428
4420
4424
4417
4429
4418
4427
4419
4419
4423
4426
4418
4430
4422
4412
4418
4402
4397
4424
4422
4410
4412
4426
4427
4421
4423
4417
4428
4418
4427
4420
4420
4422
4425
4416
4428
4424
4410
4418
4402
4397
4423
4420
4410
4411
4425
4426
4421
4421
4417
4427
4419
4428
4420
4420
4421
4425
4414
4427
4425
4408
4418
4402
4398
4421
4418
4410
4410
4425
4425
4421
4419
4417
4426
4418
4428
4420
4420
4420
4423
4413
4424
4425
4405
4418
4401
4398
4420
4416
4410
4409
4424
4423
4422
4418
4416
4425
4417
4428
4420
4420
4419
4422
4410
4423
4426
4403
4418
4400
4398
4418
4413
4410
4408
4423
4421
4422
4416
4416
4424
4417
4428
4420
4420
4418
4421
4408
4421
4426
4401
4418
4399
4398
4416
4411
4409
4407
4422
4420
4421
4414
4416
4422
4416
4427
4420
4420
4416
4420
4406
4419
4427
4398
4417
4398
4398
4414
4409
4409
4406
4421
4418
4421
4411
4415
4421
4415
4427
4419
4419
4415
4417
4403
4416
4426
4395
4416
4396
4397
4412
4406
4408
4404
4419
4416
4421
4409
4414
4420
4414
4427
4418
4419
4413
4416
4401
4413
4426
4393
4415
4395
4396
4410
4404
4407
4402
4417
4414
4420
4407
4412
4417
4413
4425
4418
4418
4411
4414
4398
4411
4426
4390
4414
4393
4396
4408
4401
4406
4400
4416
4412
4419
4404
4412
4416
4411
4424
4417
4417
4409
4412
4395
4409
4425
4387
4412
4391
4395
4406
4398
4405
4398
4414
4410
4418
4402
4410
4414
4410
4424
4416
4416
4407
4410
4393
4406
4425
4384
4410
4390
4394
4403
4396
4403
4397
4412
4407
4417
4399
4409
4411
4408
4422
4415
4414
4405
4408
4390
4403
4424
4381
4409
4388
4393
4401
4392
4402
4395
4410
4405
4415
4396
4407
4409
4406
4420
4413
4413
4403
4405
4386
4400
4423
4378
4407
4386
4391
4398
4390
4401
4393
4408
4403
4414
4393
4405
4407
4404
4419
4411
4412
4400
4403
4383
4397
4421
4374
4405
4383
4389
4395
4387
4398
4390
4405
4400
4413
4390
4403
4404
4403
4417
4410
4410
4398
4401
4380
4394
4421
4371
4404
4381
4388
4393
4383
4397
4388
4403
4397
4411
4387
4402
4402
4400
4416
4408
4408
4395
4398
4377
4391
4419
4368
4402
4379
4387
4390
4380
4395
4386
4401
4395
4409
4384
4400
4400
4398
4414
4406
4406
4392
4395
4373
4388
4417
4364
4399
4376
4384
4386
4377
4393
4382
4398
4391
4407
4382
4397
4396
4396
4412
4405
4404
4390
4393
4370
4384
4416
4361
4397
4374
4383
4384
4373
4391
4380
4395
4389
4405
4378
4395
4394
4393
4410
4402
4402
4387
4390
4367
4381
4414
4358
4395
4371
4381
4380
4369
4388
4377
4393
4386
4403
4374
4393
4391
4391
4407
4400
4400
4384
4387
4363
4378
4412
4354
4393
4369
4379
4377
4367
4386
4374
4390
4382
4401
4371
4391
4388
4388
4405
4398
4398
4381
4383
4360
4374
4410
4350
4390
4365
4376
4374
4362
4384
4371
4387
4379
4398
4368
4388
4384
4385
4402
4395
4395
4377
4380
4356
4371
4408
4347
4387
4362
4374
4370
4359
4381
4368
4384
4376
4396
4364
4385
4382
4383
4400
4392
4393
4374
4377
4352
4367
4406
4343
4385
4360
4372
4367
4355
4379
4365
4381
4373
4393
4360
4382
4379
4380
4397
4390
4390
4371
4374
4348
4363
4403
4338
4381
4357
4369
4364
4351
4376
4362
4378
4369
4391
4357
4380
4375
4377
4395
4388
4388
4368
4371
4345
4360
4401
4335
4379
4354
4367
4360
4347
4373
4359
4374
4366
4388
4353
4377
4372
4374
4391
4385
4385
4364
4367
4341
4356
4399
4331
4376
4350
4364
4356
4344
4370
4355
4371
4362
4385
4350
4374
4369
4371
4389
4382
4382
4361
4363
4337
4352
4396
4327
4372
4347
4361
4353
4340
4367
4352
4368
4358
4382
4346
4371
4365
4368
4386
4379
4379
4358
4360
4333
4348
4393
4323
4369
4344
4358
4349
4335
4364
4348
4364
4355
4379
4342
4368
4361
4365
4383
4376
4376
4354
4356
4329
4344
4390
4319
4366
4340
4356
4345
4332
4361
4345
4361
4351
4376
4338
4364
4358
4361
4380
4373
4373
4350
4353
4325
4340
4387
4314
4363
4337
4352
4342
4328
4358
4342
4357
4347
4373
4334
4361
4354
4357
4376
4370
4370
4346
4349
4321
4336
4384
4310
4359
4333
4349
4338
4323
4354
4338
4354
4343
4370
4330
4357
4350
4354
