5
2
2
1
5
4
7
9
8
2
13
5
3
3
15
4
13
17
2
3
1
21
3
16
12
4
1
2
4
4
5
10
13
5
5
9
16
54
9
8
17
9
16
10
3
13
4
20
13
10
1
9
2
4
14
3
24
27
12
14
3
21
14
17
12
4
18
11
4
19
20
14
11
3
2
15
7
25
18
23
16
23
7
23
18
23
17
5
18
25
15
23
19
9
11
4
7
3
25
19
41
32
11
19
25
14
36
25
38
16
2
1
33
31
9
21
17
17
14
10
10
6
24
24
42
20
13
20
23
19
34
26
31
14
2
1
19
30
2
5
13
3
17
15
14
9
15
26
6
19
21
10
8
3
5
17
15
18
4
17
14
12
8
2
45
5
27
21
16
6
20
11
10
3
2
12
20
7
15
1
8
10
5
2
30
5
31
22
14
5
21
11
14
1
4
12
25
22
8
22
2
18
10
1
36
30
12
18
1
16
3
2
9
22
18
9
15
6
12
8
2
27
3
20
9
9
1
11
16
3
2
1
16
11
18
6
18
8
12
1
17
15
2
14
5
8
18
6
17
9
7
19
1
15
1
15
6
10
18
14
16
15
4
8
18
12
26
1
5
2
6
19
7
3
21
3
21
17
19
18
5
7
1
23
14
10
31
9
13
3
21
10
5
22
12
6
31
23
25
19
6
7
10
12
24
16
22
3
14
17
22
18
28
12
14
32
23
2
40
29
33
19
18
3
11
10
30
22
28
3
19
18
27
32
33
14
28
40
24
31
23
35
17
33
8
1
8
6
6
15
23
16
12
21
15
28
16
18
35
22
29
17
28
13
25
15
3
10
8
28
27
11
16
15
14
17
25
14
19
31
23
36
18
30
10
9
6
7
4
15
16
27
2
30
35
21
19
25
28
27
11
28
36
17
30
10
30
5
29
11
11
11
41
2
16
16
19
7
26
14
24
11
10
27
18
25
4
7
8
10
2
6
4
5
64
13
8
10
15
3
18
8
5
18
23
18
13
1
1
11
19
2
12
9
5
15
25
4
1
1
18
1
18
9
2
10
2
1
1
4
1
5
3
7
4
5
7
9
3
4
15
13
4
12
2
8
2
4
5
12
7
10
2
3
17
16
2
10
10
8
17
11
12
12
7
11
4
20
14
13
14
3
17
6
10
12
13
4
14
1
17
2
12
6
8
20
1
18
10
19
3
20
3
9
10
7
8
3
21
28
10
1
13
13
12
10
7
10
10
20
2
21
2
3
14
10
5
8
4
4
9
4
19
5
6
1
1
20
5
14
5
3
8
10
4
14
20
16
8
12
2
9
4
1
1
14
17
6
62
10
4
13
6
9
2
4
2
29
18
12
11
13
7
1
9
21
10
10
11
11
4
21
19
13
20
8
15
5
8
1
6
21
16
5
3
1
12
3
27
8
4
6
5
9
3
5
17
8
19
9
17
6
20
5
13
11
9
9
13
5
16
7
12
21
6
36
30
25
17
12
8
9
46
35
37
14
21
4
28
14
30
11
25
37
36
28
25
16
22
11
13
28
23
39
10
24
2
26
14
28
12
24
34
29
27
19
25
22
6
10
20
27
24
23
18
24
12
26
15
20
28
15
27
27
16
28
10
1
1
23
17
15
17
5
18
3
26
16
19
25
6
18
21
11
24
6
8
10
14
11
11
7
12
19
14
17
27
4
18
21
6
17
7
1
11
34
11
23
5
2
14
5
17
10
19
25
6
26
23
17
19
11
19
31
11
24
1
2
13
4
19
9
15
18
3
19
32
30
24
23
3
13
3
2
14
37
14
26
8
6
11
6
25
12
22
26
3
17
37
31
34
22
12
15
2
1
5
10
28
12
18
4
7
8
7
29
12
19
26
4
45
34
31
25
3
17
3
4
42
33
20
28
5
8
16
12
32
11
24
30
44
33
26
23
15
2
1
20
39
22
24
5
6
19
7
30
10
18
29
26
22
29
13
13
9
32
18
13
16
9
21
10
4
13
21
23
13
9
61
12
15
1
4
1
12
18
8
10
20
23
19
13
8
10
18
4
15
5
18
9
14
18
9
19
5
20
28
9
10
15
11
4
11
5
6
8
10
9
2
9
8
16
3
10
23
4
4
6
5
4
3
6
21
9
6
5
4
4
7
1
4
15
1
4
1
5
9
5
4
8
11
4
12
4
1
15
14
3
3
5
6
5
7
7
12
5
6
9
3
7
5
2
4
11
4
1
9
2
10
17
3
2
9
11
10
2
3
3
9
8
6
5
3
9
9
6
22
3
5
11
4
8
3
8
4
6
4
17
3
2
14
2
11
8
12
8
8
2
19
8
10
1
9
4
3
3
9
22
4
5
9
13
6
40
14
15
5
18
11
11
3
4
16
17
4
18
7
8
10
3
14
11
12
2
16
4
12
24
12
26
9
10
7
10
1
13
12
14
3
22
8
3
15
44
9
19
19
6
17
4
11
54
17
19
25
1
26
8
10
24
130
3
1
14
20
7
12
2
1
5
38
8
19
15
21
27
9
5
23
290
23
20
12
7
2
8
19
15
11
24
25
8
18
509
15
9
1
14
11
14
8
5
18
18
7
1
593
22
8
5
15
3
1
8
19
3
19
20
7
2
415
1
25
11
11
10
4
11
9
10
13
1
13
22
9
151
34
17
4
17
2
10
11
10
7
19
9
52
21
7
24
6
12
10
12
5
1
20
9
58
13
22
10
27
13
17
5
20
1
6
3
23
10
3
53
18
29
12
28
9
12
3
33
7
13
7
27
10
13
74
30
9
23
3
15
33
6
22
9
2
16
71
23
7
21
4
24
14
5
15
6
25
9
16
6
9
3
6
2
11
3
8
28
4
2
8
17
2
4
1
4
4
7
3
4
7
1
3
3
3
11
2
3
5
1
5
2
1
8
2
9
5
3
1
3
7
2
17
7
4
9
5
1
1
3
7
25
8
6
14
9
6
2
1
9
4
3
8
6
17
13
52
6
3
10
4
5
5
1
8
11
3
4
1
4
8
16
12
11
7
9
11
8
7
6
6
5
9
3
19
4
17
4
4
7
1
11
15
13
26
7
13
11
13
10
12
4
3
9
33
24
12
13
14
16
12
11
14
23
5
11
9
15
12
12
18
8
2
12
15
29
22
19
17
1
8
7
6
9
20
23
7
36
9
16
14
17
24
9
11
18
26
26
12
19
3
1
2
22
22
6
23
8
13
8
16
25
8
13
18
20
22
6
19
9
1
25
6
1
21
7
2
10
39
13
16
19
3
17
2
4
19
6
2
10
9
12
10
7
14
4
3
10
6
1
7
11
5
6
5
13
3
22
2
10
9
34
7
4
3
12
4
15
16
2
10
10
34
14
9
7
7
7
27
3
12
8
1
16
4
12
5
16
1
10
6
18
18
9
11
7
7
2
17
14
13
4
50
10
15
12
16
12
4
2
5
16
5
1
64
10
11
3
20
2
2
1
13
3
26
2
6
2
31
8
16
3
20
1
1
3
72
3
6
1
4
89
6
1
4
49
3
10
4
6
3
33
2
4
9
6
1
22
7
2
83
5
7
7
9
1
6
9
12
10
1
3
115
6
5
11
9
1
4
8
9
10
2
3
109
5
1
1
7
2
7
11
11
12
3
1
5
86
5
7
5
8
3
3
6
6
2
8
3
121
15
6
17
10
15
3
8
13
7
170
13
16
4
18
7
10
17
13
17
7
144
3
15
21
16
1
24
22
20
6
4
139
12
7
11
7
6
5
15
7
161
13
10
5
8
6
1
1
1
14
6
220
7
21
11
20
21
1
14
5
1
3
4
16
7
3
6
232
3
18
7
17
16
2
12
7
4
5
11
6
11
5
8
204
12
3
2
1
55
20
10
16
3
4
12
243
15
7
4
9
12
13
4
311
9
1
12
7
4
9
5
10
10
3
315
4
14
6
3
2
6
2
286
2
7
9
4
3
2
5
1
2
1
313
4
8
5
5
4
5
7
2
1
382
1
1
3
1
10
3
2
416
4
3
2
1
2
384
1
2
4
399
3
3
9
5
6
6
472
2
3
9
3
5
6
503
4
2
4
483
1
3
475
524
563
12
2
526
1
11
4
9
5
517
17
6
18
3
4
16
7
553
5
21
12
7
9
7
33
18
8
583
10
19
11
7
9
16
8
552
11
4
9
2
10
5
494
12
3
4
6
23
3
5
505
5
2
2
3
533
12
4
6
6
478
6
2
7
18
2
1
380
3
4
12
2
368
6
4
9
8
18
7
3
4
382
1
6
5
6
2
8
8
3
2
3
319
9
10
1
6
1
12
11
5
3
221
6
7
2
15
17
9
3
4
174
4
7
4
19
20
10
1
2
5
173
19
6
7
14
15
9
2
7
133
10
9
6
12
11
12
2
9
43
1
13
9
19
14
3
20
3
2
11
1
10
1
13
9
18
15
5
22
6
20
10
6
26
3
1
2
10
15
6
22
14
3
9
27
5
29
5
10
3
25
8
4
2
12
4
22
10
68
17
3
28
6
25
11
2
8
15
21
7
9
3
11
8
16
1
22
13
23
24
10
4
22
17
6
14
3
23
7
12
24
4
18
13
10
1
1
12
12
1
2
16
3
4
12
8
7
6
12
2
5
1
7
5
1
7
2
7
16
3
3
1
2
27
5
5
4
2
8
7
1
9
14
2
6
2
1
9
14
7
1
17
8
2
13
11
7
3
4
2
9
5
21
12
14
4
4
10
6
21
10
3
13
10
13
2
2
15
5
5
1
20
8
8
10
5
4
10
6
11
15
5
1
7
21
14
16
7
11
20
28
5
9
19
6
8
21
10
21
8
13
2
18
19
5
17
5
2
9
18
14
16
5
2
19
9
1
2
12
3
1
2
3
10
8
15
7
1
5
4
3
2
3
3
12
21
11
1
7
2
5
2
12
6
9
14
7
2
5
5
4
8
1
14
13
16
20
33
2
10
10
3
10
3
11
20
10
19
19
12
17
3
12
3
11
1
2
6
1
19
15
20
22
10
12
3
23
13
19
9
11
3
11
2
6
4
18
21
28
34
9
10
27
24
22
19
4
12
9
20
18
6
8
2
10
1
14
21
28
34
10
10
24
24
32
23
10
10
12
22
16
20
13
11
13
8
27
31
40
44
18
18
23
31
34
34
27
12
10
17
28
15
13
8
11
3
28
28
42
19
25
10
35
25
39
29
30
13
8
17
28
12
10
3
8
11
21
23
33
11
15
19
28
27
29
12
4
15
21
16
8
9
15
12
13
20
5
13
15
20
17
9
1
5
14
18
12
4
11
5
4
6
11
9
18
28
6
9
16
16
14
3
10
16
21
18
9
15
9
8
17
29
16
29
14
4
24
17
21
5
19
24
15
21
15
21
11
1
10
35
7
8
9
16
23
7
2
14
27
19
25
20
23
2
2
20
23
18
15
10
18
8
26
9
4
16
5
29
10
19
9
21
6
22
22
9
13
19
9
23
8
10
18
26
11
11
11
10
2
5
37
10
19
11
10
14
2
21
6
5
19
24
3
14
6
14
2
4
32
1
19
7
6
4
15
5
14
10
14
1
14
2
3
7
9
3
2
1
13
10
3
1
8
37
8
14
6
2
11
2
9
4
7
3
3
2
4
19
8
3
14
3
7
3
5
13
9
5
6
9
7
2
5
5
13
22
6
9
5
12
1
4
4
1
21
16
9
17
7
9
9
8
9
11
19
28
12
6
13
8
14
6
18
2
5
14
4
29
10
19
9
21
6
22
22
9
13
19
9
23
8
10
18
26
11
11
11
10
2
5
37
10
19
11
10
14
2
21
6
5
19
24
3
14
6
14
2
4
32
1
19
7
6
4
15
5
14
10
14
1
14
2
3
7
9
3
2
1
13
10
3
1
8
37
8
14
6
2
11
2
9
4
7
3
3
2
4
19
8
3
14
3
7
3
5
13
9
5
6
9
7
2
5
5
13
22
6
9
5
12
1
4
4
1
21
16
9
17
7
9
9
8
9
11
19
28
12
6
13
8
14
6
18
2
5
14
4
1
8
8
9
10
3
17
2
8
2
8
1
10
13
28
3
11
19
5
3
4
10
10
7
4
2
3
2
1
2
3
8
1
3
4
9
17
6
6
1
5
11
2
3
1
1
27
2
1
1
12
6
5
9
6
4
2
4
9
3
3
7
3
1
3
4
7
5
1
2
3
12
5
7
5
1
4
7
1
4
9
17
13
3
3
7
2
6
1
5
1
1
12
10
1
2
2
1
4
1
9
1
7
1
3
3
9
1
1
3
9
8
8
1
2
30
6
1
6
14
2
3
5
5
2
3
2
2
5
9
2
1
1
2
11
2
7
1
5
1
2
5
1
3
5
3
9
2
5
7
5
10
6
7
6
6
1
10
1
2
8
8
4
1
4
12
4
2
6
1
22
11
1
5
3
11
1
12
3
1
2
5
9
9
4
4
3
2
2
3
9
2
7
11
3
11
7
12
8
1
4
1
3
9
3
14
2
16
20
8
16
5
12
12
4
10
9
7
15
6
6
4
3
20
1
4
1
19
5
19
22
15
8
15
12
3
9
8
8
9
19
7
4
3
1
12
18
12
18
13
55
4
7
17
8
7
3
13
8
3
2
3
8
12
16
16
13
16
6
3
5
11
12
9
1
10
8
1
1
20
12
6
10
14
12
12
2
10
6
12
2
7
7
22
14
12
6
8
5
16
6
7
8
1
5
5
3
7
6
9
2
3
5
5
3
14
9
3
5
1
4
1
1
3
21
5
10
6
4
2
6
7
1
3
5
2
2
3
8
2
7
6
4
9
9
10
4
6
12
14
12
5
3
19
6
3
9
21
15
11
1
21
11
3
13
1
14
1
2
4
5
5
8
1
2
7
6
2
4
1
2
1
7
6
3
1
19
19
6
10
3
3
27
21
4
7
16
17
2
9
5
31
21
23
13
24
27
29
3
2
13
19
23
6
22
12
25
20
27
12
19
4
2
24
4
13
8
7
11
20
21
5
19
11
24
19
5
14
7
2
9
12
59
15
2
19
5
15
10
27
20
2
27
18
12
16
14
9
4
1
8
10
26
24
6
4
12
7
23
15
2
16
9
12
1
10
8
2
12
14
19
23
3
13
10
28
11
21
8
2
8
13
7
6
10
12
22
8
15
13
4
17
9
1
16
7
1
4
3
6
6
8
8
3
4
7
9
1
4
9
5
1
2
8
7
3
6
5
1
2
10
7
1
11
10
14
15
2
3
6
5
5
4
8
11
15
17
18
5
3
3
11
15
16
8
4
8
7
1
1
3
2
12
14
16
15
12
12
16
11
10
14
5
9
3
2
3
1
7
10
16
16
15
10
8
5
14
12
18
9
10
1
1
6
7
16
13
17
1
6
15
16
14
11
14
1
6
9
6
8
5
7
9
5
5
8
7
3
8
2
5
11
1
12
5
9
8
2
6
1
3
4
53
6
12
6
7
11
14
4
1
7
27
2
3
6
1
2
4
18
14
6
4
6
7
3
11
28
2
2
9
3
18
3
6
8
8
8
4
5
4
6
5
17
6
14
15
6
18
6
7
8
12
9
6
11
1
14
6
17
21
7
1
9
6
6
6
8
7
4
27
19
2
16
16
20
5
1
11
7
1
8
7
1
5
12
23
16
8
9
1
10
8
2
5
13
8
4
21
18
19
3
17
1
1
6
6
1
4
19
13
11
17
12
2
7
7
9
5
10
1
15
8
19
2
8
7
5
8
8
9
10
15
18
1
3
1
2
5
6
8
10
13
3
3
6
11
6
8
3
9
2
1
5
7
3
4
4
1
2
1
5
10
10
13
6
6
6
3
5
8
5
10
9
12
15
2
4
5
5
3
7
12
7
15
18
11
5
6
5
1
7
4
1
2
3
1
1
2
3
2
7
3
5
8
10
8
1
23
17
16
8
12
3
14
8
9
5
3
15
5
10
11
10
14
13
6
8
7
3
23
16
25
15
5
15
7
17
3
12
6
50
15
12
16
14
14
14
8
1
7
1
18
17
18
18
10
23
7
16
4
8
9
212
13
10
9
16
13
18
8
2
8
30
18
18
16
20
9
27
2
12
3
9
459
9
5
13
7
16
7
4
9
2
41
14
12
16
7
23
7
3
644
5
7
8
9
2
16
4
12
19
29
1
533
10
10
3
21
10
15
5
8
19
20
6
31
3
1
282
3
1
9
9
21
16
2
4
3
17
14
23
12
2
132
10
5
2
7
12
19
20
9
11
16
11
16
3
28
11
3
8
2
13
15
16
19
8
5
14
16
10
4
39
1
1
13
15
19
33
9
2
16
8
15
5
1
45
1
1
10
10
16
10
13
15
12
3
13
54
8
11
5
12
8
15
8
3
3
41
16
1
6
2
7
9
6
11
2
1
8
18
1
4
4
15
2
15
6
3
1
2
2
6
6
9
19
21
10
20
27
16
6
19
1
21
5
1
3
15
17
3
15
6
17
8
3
19
5
10
3
18
18
11
13
1
20
21
6
10
12
18
14
36
24
19
5
6
8
10
10
1
10
15
11
2
2
2
1
7
5
9
3
3
10
4
2
1
24
20
5
1
1
5
7
8
7
5
12
9
5
14
1
2
11
7
15
12
8
9
16
9
17
11
12
9
10
1
9
3
9
13
14
2
17
4
10
14
18
24
17
8
9
43
1
14
10
12
11
18
14
4
13
3
22
18
22
20
4
7
6
69
2
24
4
16
10
21
15
16
7
17
19
15
20
15
5
5
2
27
20
18
10
23
16
8
6
14
10
23
13
23
11
7
11
2
5
1
21
14
29
21
26
20
3
29
17
29
19
10
20
12
65
2
16
13
23
20
10
4
12
17
14
14
17
8
3
83
17
5
13
12
18
16
10
11
2
7
6
46
2
11
9
17
13
6
1
8
7
1
2
6
7
7
4
5
13
6
18
10
2
1
3
49
16
5
2
105
17
7
73
25
1
1
41
16
9
1
3
1
4
9
2
71
13
10
5
1
7
5
12
13
1
114
10
22
10
7
17
12
16
12
19
5
102
6
27
15
7
21
11
12
14
28
23
6
71
8
20
12
12
12
3
6
12
22
7
80
9
8
8
12
10
1
3
18
16
6
129
8
1
2
13
5
9
10
5
128
4
1
2
8
1
93
1
1
3
112
167
207
170
5
3
6
7
182
8
6
8
8
14
22
3
3
14
12
2
264
14
18
16
25
28
25
12
4
19
17
25
22
28
