4800
4799
4799
4799
4800
4800
4799
4999
4999
4799
4999
4800
4999
4800
4800
4799
4800
4799
4799
4800
4799
4799
4799
4874
4869
4793
4793
4793
4793
4793
4793
4793
4793
4999
4993
4794
4999
4793
4999
4793
4797
4793
4793
4793
4793
4794
4793
4793
4793
4867
4863
4828
4828
4827
4827
4827
4832
4827
4831
4999
4999
4853
4999
4831
4893
4831
4867
4830
4830
4830
4829
4835
4834
4829
4829
4860
4857
4972
4972
4971
4971
4971
4975
4971
4974
4992
4997
4987
4997
4974
4591
4974
4993
4973
4974
4974
4973
4977
4977
4972
4973
4854
4850
4985
4985
4985
4985
4985
4984
4985
4984
4963
4991
4982
4978
4985
4396
4985
4983
4984
4985
4985
4985
4985
4985
4984
4985
4848
4844
4982
4982
4982
4982
4982
4983
4982
4983
4842
4984
4986
4942
4983
4327
4983
4986
4982
4983
4982
4982
4983
4983
4982
4983
4841
4837
4980
4980
4979
4979
4980
4979
4980
4979
4682
4977
4977
4800
4979
4159
4979
4977
4979
4979
4979
4979
4980
4979
4979
4980
4835
4831
4967
4968
4967
4967
4967
4968
4967
4967
4549
4963
4969
4639
4968
4052
4968
4970
4967
4967
4967
4967
4968
4968
4967
4968
4828
4824
4967
4967
4966
4966
4966
4967
4967
4966
4410
4876
4966
4508
4967
3921
4967
4966
4966
4967
4967
4966
4967
4966
4966
4967
4822
4818
4955
4956
4955
4955
4955
4955
4955
4955
4276
4707
4954
4360
4956
3802
4955
4956
4955
4955
4955
4955
4956
4955
4955
4955
4815
4812
4952
4952
4951
4951
4952
4952
4952
4952
4148
4564
4917
4230
4952
3692
4952
4947
4951
4952
4952
4951
4952
4952
4951
4952
4809
4805
4944
4944
4943
4944
4944
4944
4944
4943
4021
4424
4776
4097
4944
3573
4944
4867
4943
4944
4944
4943
4944
4942
4943
4944
4803
4799
60
60
60
60
59
59
56
56
8
8
8
3
3
7
10
10
16
16
7
7
2
2
2
2
1
1
345
342
335
340
338
330
331
328
82
120
165
77
258
64
262
165
282
310
309
307
206
183
247
253
253
341
76
77
80
80
80
85
85
88
166
158
141
171
113
151
115
145
108
101
98
101
135
143
123
122
40
94
124
124
124
125
124
126
126
127
154
152
145
156
134
136
136
145
132
130
126
128
140
143
135
135
124
124
73
72
72
73
72
73
72
72
57
60
61
57
68
50
70
62
69
72
69
71
65
63
67
68
8
73
14
14
13
14
14
13
13
13
6
8
9
12
9
11
2
5
6
31
14
8
8
8
8
8
9
9
9
25
23
18
25
13
22
15
18
11
11
8
9
16
18
13
13
7
21
20
20
20
20
21
21
21
23
23
21
24
21
21
23
23
21
22
19
21
22
22
21
22
20
13
12
12
12
12
13
13
12
9
9
8
8
11
8
13
9
11
13
10
11
10
9
10
11
12
3
3
1
2
3
3
3
3
1
3
2
4
2
1
2
4
4
3
3
4
4
4
4
6
5
3
5
4
5
6
4
4
5
1
3
4
4
3
3
6
2
5
5
4
4
5
5
5
5
5
5
4
5
4
4
6
4
5
7
3
5
5
4
4
5
4
1
1
1
4
4
2
3
4
4
4
3
3
3
2
2
3
3
5
2
4
5
2
4
3
2
2
3
3
2
2
1
1
2
2
1
2
1
1
1
1
2
3
1
2
3
2
1
1
1
1
3
3
1
2
3
3
3
2
2
1
1
1
1
3
1
2
3
3
1
1
1
1
4
4
1
2
3
3
3
3
3
2
1
2
2
3
4
2
3
4
1
3
2
2
1
2
1
3
3
1
3
2
2
2
2
1
1
1
1
1
3
1
3
3
2
2
1
1
1
3
4
2
2
4
3
3
3
3
2
1
2
3
2
4
2
3
4
1
3
2
1
2
2
2
3
4
1
2
3
3
3
3
3
2
1
1
2
2
4
1
3
4
2
2
1
1
1
4
4
1
2
3
3
3
3
3
2
2
2
2
3
4
2
3
5
1
3
3
1
1
2
2
4
4
1
2
3
3
3
3
3
2
2
2
2
2
4
2
3
4
1
3
2
2
1
2
1
4
5
1
2
4
3
3
3
3
3
2
2
3
2
4
2
3
4
1
3
2
1
1
2
2
4
4
2
2
4
3
3
3
4
3
2
3
3
3
4
2
3
4
1
3
3
2
1
2
2
4
4
1
2
3
3
3
3
3
3
2
2
3
3
4
2
4
5
1
4
3
2
1
2
2
5
5
2
2
4
4
4
3
4
3
2
3
3
3
5
2
3
5
1
4
2
2
1
2
5
2
4
5
2
2
5
3
4
3
4
3
2
3
3
3
4
2
3
5
1
4
3
1
1
2
7
2
5
5
1
2
4
4
4
3
4
3
3
3
3
3
5
3
4
6
2
4
3
2
2
3
3
5
5
2
2
4
4
4
4
4
3
2
3
3
3
5
3
4
6
2
4
3
2
1
2
2
5
5
2
2
5
4
4
4
4
3
2
3
3
3
5
3
4
5
1
4
3
1
1
2
2
5
5
2
2
5
4
4
3
4
3
3
3
3
3
5
3
4
5
2
5
3
2
1
2
2
5
6
2
2
5
4
4
3
5
3
2
3
3
4
5
3
4
6
1
4
3
2
1
3
3
5
6
2
2
5
5
4
3
4
4
2
3
3
3
5
3
4
6
2
5
3
2
1
2
2
6
6
2
2
5
4
4
4
5
3
3
3
3
4
5
3
5
6
2
5
3
2
1
2
2
5
6
2
2
5
5
5
4
5
4
3
3
3
4
6
3
5
6
2
5
3
2
2
3
3
6
6
2
3
5
5
5
4
5
4
3
3
3
4
6
3
5
6
2
5
3
2
2
3
2
6
6
2
3
6
5
5
4
5
4
3
3
3
4
6
3
5
6
2
5
3
2
1
3
3
6
7
2
2
6
5
5
4
5
4
3
4
4
4
5
4
5
6
3
5
4
3
2
3
3
6
7
2
2
6
5
4
4
6
4
3
4
4
4
6
3
5
6
2
5
4
2
2
3
3
7
7
2
3
6
5
5
4
6
4
3
4
4
4
6
3
5
6
3
5
4
2
2
3
2
7
7
2
2
6
5
5
4
6
4
4
4
4
4
6
3
5
7
3
6
4
3
2
3
3
6
7
2
2
6
5
5
4
6
4
3
4
4
5
6
4
6
7
2
5
4
3
2
3
3
7
7
2
3
6
6
5
5
6
4
4
4
4
5
6
4
6
7
2
6
4
3
2
3
3
7
7
2
3
7
6
5
4
6
5
4
5
4
5
6
4
6
7
3
6
4
3
2
3
3
7
7
2
2
7
5
5
4
6
4
4
4
4
5
7
4
6
7
3
6
4
3
2
4
3
7
8
3
3
6
5
6
5
7
4
4
4
4
5
7
4
6
7
3
6
4
2
2
3
3
7
8
3
3
7
6
5
5
6
5
4
5
4
5
7
5
6
7
3
6
4
2
2
3
3
7
8
2
3
7
6
5
4
6
5
4
5
5
5
7
5
6
7
3
6
5
3
2
4
3
7
8
3
3
7
6
6
5
7
5
4
5
5
5
7
4
6
7
3
6
4
3
2
4
3
8
8
3
3
7
6
6
5
7
5
5
5
5
5
7
5
6
7
3
6
4
3
2
4
3
8
8
3
3
7
6
6
5
7
5
5
5
5
6
7
5
7
8
3
7
5
3
2
4
3
8
9
3
3
7
6
6
5
7
5
5
5
5
5
7
5
7
8
3
7
5
3
2
4
3
8
9
3
4
8
7
6
5
7
5
5
5
5
5
7
5
7
8
4
7
5
3
2
4
3
8
9
3
3
8
7
6
5
7
5
5
5
5
6
7
5
7
8
4
7
5
3
2
4
3
8
9
2
3
8
6
6
5
7
6
5
5
6
6
7
5
7
8
4
7
5
3
2
4
4
8
9
3
3
8
7
7
5
7
5
5
5
5
6
7
5
7
8
4
7
4
3
2
4
3
8
9
3
3
8
7
7
5
8
5
5
5
5
6
7
5
7
8
4
7
5
3
2
4
3
8
9
3
3
8
7
6
5
8
5
5
5
6
6
8
6
7
8
4
7
5
3
2
4
4
8
9
3
3
8
7
6
5
8
5
5
5
5
6
7
5
7
8
4
7
5
3
2
4
3
9
10
3
3
8
7
7
5
8
6
5
5
6
7
7
5
7
8
4
8
5
3
2
4
6
3
9
9
3
3
8
7
7
6
8
5
5
6
6
7
8
6
8
9
5
8
5
4
2
4
4
9
10
3
4
9
7
7
6
8
6
6
6
6
7
8
6
8
9
5
8
5
4
3
5
4
9
10
3
3
9
7
7
5
8
6
5
6
6
6
8
6
7
9
5
8
5
3
3
4
4
9
10
3
3
9
7
7
6
9
6
6
6
6
7
8
6
8
9
5
8
5
3
3
5
4
9
10
3
4
9
7
7
6
9
6
6
6
6
7
8
6
8
10
5
8
6
3
3
5
4
9
10
3
4
9
8
7
6
9
6
6
6
6
7
8
6
7
9
5
9
5
3
3
5
4
9
10
4
4
9
8
7
6
9
6
6
7
6
7
8
6
8
9
5
8
6
4
3
5
4
10
10
3
4
9
8
7
6
9
6
6
6
7
7
8
6
8
10
5
8
6
4
3
5
19
4
10
10
3
4
10
8
8
6
10
6
7
7
6
7
8
7
8
9
5
9
6
4
3
5
4
10
11
3
4
10
8
8
6
10
7
6
7
6
7
8
7
9
10
5
9
6
4
3
5
4
10
11
3
3
10
8
7
6
10
7
6
7
7
8
9
7
9
10
5
9
6
4
3
5
4
10
11
3
4
10
8
8
6
10
6
7
7
7
7
9
7
9
10
5
9
6
4
3
5
4
10
11
4
4
10
8
8
6
10
7
7
7
7
7
9
7
9
10
5
9
6
4
3
5
2
4
10
11
3
4
10
8
8
6
10
7
7
7
7
8
9
7
9
10
5
9
6
4
3
5
4
10
12
3
4
10
8
8
6
10
7
7
7
7
8
9
7
9
10
6
9
6
4
3
5
4
10
11
4
4
11
9
8
6
10
7
7
7
7
8
9
7
9
10
5
9
6
4
3
5
4
10
12
4
4
11
8
8
6
10
7
7
8
7
8
9
7
9
10
5
9
6
4
3
5
4
11
12
4
4
10
9
8
7
10
7
7
7
7
9
9
7
10
11
6
10
7
5
3
5
4
11
12
3
4
11
9
8
7
10
7
7
7
7
8
9
7
9
10
6
10
7
4
3
5
4
11
12
4
5
11
9
8
7
10
7
7
7
7
8
9
7
9
11
6
10
6
4
3
5
4
11
12
4
4
11
9
8
7
11
7
7
7
7
8
9
8
10
11
6
10
7
4
3
6
4
11
12
4
4
11
9
8
6
11
7
7
8
7
9
9
8
10
11
6
10
7
4
3
5
4
11
12
4
4
11
9
9
7
11
7
7
8
7
8
9
8
9
11
6
10
7
4
3
5
4
11
12
4
4
11
9
9
7
11
8
7
8
7
9
10
7
10
11
6
10
7
5
3
5
4
11
12
4
4
11
9
9
7
11
8
8
8
8
9
10
8
10
11
6
10
7
5
3
6
4
11
13
4
4
12
10
9
7
11
8
8
8
8
9
9
8
10
11
6
10
7
4
3
5
4
12
13
4
4
11
9
9
7
11
8
8
8
8
9
10
8
10
11
6
10
7
5
3
5
5
12
13
4
4
11
9
9
7
11
8
8
8
8
9
10
8
10
12
7
10
7
5
3
6
5
12
13
4
4
12
9
9
7
12
8
8
8
8
9
10
8
10
12
7
10
7
5
3
6
5
5
12
14
4
4
12
9
9
7
12
8
8
8
8
9
10
8
10
11
6
10
7
5
3
5
4
12
13
4
4
12
10
9
7
12
8
9
8
8
9
10
8
11
12
7
11
7
5
3
6
5
12
14
4
4
12
10
9
7
12
8
9
8
8
10
10
8
10
12
7
11
7
5
3
6
4
12
13
4
4
12
10
9
7
12
8
8
9
8
9
10
8
10
12
7
11
7
4
3
6
4
12
14
4
4
12
10
9
7
12
8
9
9
8
9
10
8
10
12
7
11
7
5
3
6
5
12
14
4
4
12
10
9
7
12
8
9
9
8
10
10
9
10
12
7
11
8
5
4
6
5
12
14
4
5
13
10
10
8
12
9
9
9
8
10
10
9
11
12
7
11
7
5
4
6
5
13
14
4
4
13
10
9
8
12
9
9
9
8
10
11
9
11
12
7
11
8
5
3
6
4
12
14
4
4
12
10
9
7
12
9
9
9
9
10
10
9
11
12
7
11
8
5
4
6
5
12
15
4
5
13
10
10
8
12
9
9
9
9
10
11
9
11
12
7
11
8
5
4
6
5
13
15
4
5
13
10
10
7
13
8
9
9
9
9
11
9
11
12
7
11
7
5
3
5
4
13
14
5
5
13
10
10
8
13
9
9
9
9
10
11
9
11
13
8
12
8
5
3
6
5
13
14
4
5
13
10
10
8
13
9
9
9
9
10
11
9
11
13
8
12
8
5
4
7
5
14
15
5
5
13
11
10
8
13
9
9
9
9
10
11
9
11
13
7
12
8
5
4
6
5
14
15
4
5
13
10
10
8
13
9
10
9
9
10
11
9
12
13
8
12
8
5
4
7
5
13
15
4
5
13
10
10
7
13
9
10
9
9
10
11
9
12
13
8
12
8
6
4
7
5
14
16
5
5
14
11
10
8
14
9
10
10
9
10
11
9
12
13
8
12
8
6
4
7
5
14
16
5
5
14
11
10
8
14
9
10
10
9
11
11
9
12
13
8
12
8
6
4
7
5
13
15
5
5
13
11
10
8
14
9
9
10
10
11
11
10
12
13
8
12
9
6
4
7
5
14
16
5
5
14
10
10
8
13
9
9
10
10
10
11
10
12
13
8
12
8
6
4
7
5
14
16
5
5
14
11
11
8
14
10
10
10
9
11
11
10
12
13
8
12
8
6
4
7
5
14
16
5
4
14
11
10
8
14
9
10
10
9
11
12
10
12
13
8
12
9
6
4
7
5
14
16
5
5
14
11
10
8
14
9
10
10
10
11
12
10
12
14
8
12
8
6
4
7
5
14
16
5
5
14
11
11
8
14
9
10
10
10
11
11
10
12
13
8
12
8
6
3
6
5
14
16
5
5
14
12
10
8
14
9
10
10
10
11
12
10
13
13
8
13
8
6
4
7
6
5
14
16
5
5
14
12
10
8
14
10
10
10
10
12
12
10
13
14
9
13
9
6
4
7
5
15
17
5
5
14
11
11
9
14
10
10
10
10
11
12
10
12
14
8
13
9
6
4
7
5
14
16
5
5
14
12
11
8
15
10
10
10
10
11
12
10
13
14
8
13
8
6
4
7
5
14
16
4
5
14
12
11
8
14
10
10
10
10
11
12
11
12
14
9
13
9
6
4
7
9
5
15
17
5
5
15
12
11
9
14
10
10
11
10
12
12
11
13
14
9
14
9
6
4
7
5
15
17
5
5
15
12
11
8
15
10
10
11
10
12
12
10
13
14
9
13
9
6
4
7
5
15
17
5
5
15
12
11
8
14
10
10
11
10
12
12
11
13
15
9
14
9
6
5
7
5
15
17
5
5
15
12
11
9
15
10
11
10
10
12
12
11
13
14
9
14
9
6
4
7
8
5
15
17
5
5
15
12
11
9
15
10
11
11
10
12
12
10
13
14
9
13
9
6
4
7
7
5
15
17
5
5
15
12
11
9
15
10
11
11
10
12
13
11
13
15
9
14
9
6
4
8
5
15
17
5
5
15
12
11
9
15
10
11
11
10
12
12
10
14
15
9
14
9
6
4
7
5
16
18
5
5
16
12
11
9
15
11
11
12
11
12
12
10
13
14
9
14
9
6
4
7
6
5
15
18
5
5
16
12
11
9
15
10
11
12
11
12
13
11
13
15
9
14
9
6
4
7
19
5
15
17
5
5
16
12
11
9
15
10
11
11
10
12
12
11
13
15
9
14
10
6
5
8
5
16
18
5
5
16
12
12
9
16
11
11
11
10
12
12
11
14
15
9
14
9
7
4
8
5
16
18
5
5
16
12
12
9
16
11
11
11
11
12
12
11
14
15
9
14
9
6
4
7
5
16
18
5
5
16
12
11
9
16
11
12
11
11
12
13
11
14
15
10
14
10
6
5
8
30
5
16
18
5
5
16
12
12
9
16
11
12
11
11
12
13
11
14
15
10
14
10
6
5
7
5
16
18
6
5
16
12
12
9
16
11
12
11
11
12
13
11
14
15
9
14
10
6
4
7
5
16
18
5
5
16
13
12
9
16
11
12
12
11
13
13
11
14
16
10
15
10
6
4
8
5
16
18
5
5
16
13
11
9
16
11
12
12
11
13
13
12
14
16
10
14
10
7
5
8
5
16
18
6
6
17
13
12
9
16
11
12
12
11
13
13
11
14
15
9
15
10
7
4
8
5
17
18
5
6
17
12
12
9
16
11
12
12
11
13
13
11
14
15
10
14
10
6
5
8
5
16
18
5
6
17
12
12
9
16
11
12
12
12
13
14
12
14
16
10
15
10
7
5
8
5
16
19
5
6
17
13
12
9
16
11
12
12
11
13
13
12
14
16
10
15
10
7
4
8
27
5
17
19
6
6
17
13
12
9
16
11
12
12
11
13
13
12
14
16
10
15
10
6
5
8
5
16
19
6
5
17
13
12
9
17
11
13
12
12
13
14
12
15
16
10
15
10
7
5
8
5
17
19
6
6
17
14
12
10
17
12
12
12
12
14
14
12
15
16
10
15
10
7
5
9
6
17
19
6
6
17
13
12
10
17
12
12
12
12
13
13
12
15
16
10
15
10
7
5
8
69
5
17
19
6
5
17
13
12
9
17
12
12
12
12
13
14
12
14
16
10
15
10
7
5
8
42
5
17
20
6
6
17
14
12
10
17
12
12
12
12
14
14
12
15
16
10
15
10
7
5
8
5
17
19
6
6
17
13
12
10
17
12
12
12
12
13
14
12
14
16
10
15
10
7
5
8
5
17
20
6
6
18
14
12
10
17
12
13
12
12
14
14
12
15
16
10
15
10
7
5
8
21
5
17
19
6
6
18
13
12
10
17
12
13
13
12
14
14
13
15
16
11
16
11
7
5
8
2
6
17
20
6
6
18
14
13
10
18
12
13
13
12
14
14
12
15
16
11
16
11
7
5
8
5
17
19
6
6
18
14
12
10
18
12
13
13
12
14
14
12
15
16
11
16
11
7
5
8
5
17
20
6
5
18
14
13
10
18
12
13
13
12
14
14
13
15
17
11
16
11
7
5
9
5
18
20
6
5
18
14
13
10
17
12
13
13
12
14
14
12
15
17
11
15
11
7
5
9
5
18
20
6
6
18
14
13
10
18
12
13
