3199
4795
595
4809
4147
4881
2027
1668
4999
929
4999
689
4991
4999
4791
4310
1454
4823
4777
4917
4912
4617
2450
488
2964
3235
1675
1372
4835
768
4836
574
4781
4850
3050
1198
3261
4911
4906
4507
3253
3252
3107
4602
67
4598
329
487
172
4474
4630
3248
3024
3400
4904
4899
4033
4965
4966
2558
4312
250
4328
1202
1780
603
4124
4387
4968
2935
4981
4898
4893
3998
4797
4797
2776
4335
121
4353
623
924
310
4158
4408
4793
2979
4843
4891
4886
3910
4954
4957
2707
4225
180
4248
866
1283
435
4022
4308
4958
2873
4996
4884
4880
3756
4910
4909
2661
4156
154
4183
771
1145
384
3936
4247
4909
2961
4996
4878
4874
3690
4944
4945
2746
4092
147
4124
726
1075
363
3860
4189
4945
2895
4999
4871
4867
3555
4906
4907
2645
4010
156
4046
777
1152
386
3759
4116
4908
2921
4999
4865
4861
3477
4920
4919
2723
3956
133
3996
666
988
331
3696
4068
4918
2912
4999
4859
4854
3369
4905
4906
2665
3879
147
3923
726
1077
361
3600
3999
4906
2898
4999
4852
4848
3277
4898
4898
2688
3824
129
3872
649
963
322
3534
3950
4897
2911
4999
4846
4841
282
55
365
7
181
149
77
59
371
127
6
584
335
7
65
7
435
216
178
93
72
40
448
154
691
4
4
335
8
65
8
433
27
216
178
92
70
174
444
152
25
760
10
10
396
16
78
512
255
210
110
83
296
526
180
799
402
175
78
16
520
16
259
213
111
85
450
535
183
15
895
16
16
444
298
86
574
286
235
123
93
554
590
202
925
466
443
91
8
603
1
301
247
129
98
697
621
213
1
1006
8
8
492
567
95
636
2
317
261
136
103
807
655
224
1
1050
522
696
101
675
336
277
144
110
928
696
238
1110
542
821
105
1
701
4
349
287
150
113
1043
722
246
4
1165
2
2
571
937
111
15
738
368
303
158
119
1150
760
260
1212
591
1056
114
126
765
2
380
314
164
124
1261
788
269
2
1268
2
2
616
1165
119
278
796
396
326
170
129
1361
821
280
1312
637
1276
123
405
824
410
338
176
133
1465
850
290
1363
1
1
659
1381
127
536
852
423
349
182
137
1561
878
300
1407
680
1483
131
662
880
437
361
188
142
1656
907
310
1452
700
1583
135
784
905
450
371
194
146
1749
933
318
1495
720
1679
138
904
931
463
382
199
150
1838
960
328
1536
738
1773
142
1018
955
475
391
204
155
1925
986
336
1578
758
1863
146
1132
979
487
401
210
158
2009
1010
345
1616
776
1951
149
1240
1002
498
411
215
162
2091
1034
353
1
1655
793
2036
152
1345
1025
509
420
220
166
2170
1058
361
42
1692
810
2119
155
1447
1047
520
429
224
169
2247
1081
368
180
1728
827
2200
160
1547
1069
532
438
229
173
2322
1103
376
327
1763
843
2277
163
1643
1089
542
447
235
177
2395
1125
384
451
1797
858
2352
166
1737
1109
552
455
239
180
2465
1145
392
587
1830
874
2426
169
1828
1129
562
463
243
184
2534
1165
398
708
1862
888
2497
172
1916
1148
571
471
247
187
2600
1185
405
832
1893
902
2565
174
2001
1165
581
478
252
191
2665
1204
412
951
1923
916
2632
177
2084
1183
590
486
256
193
2726
1222
418
1064
1951
928
2696
180
2164
1200
598
493
259
195
2786
1240
424
1176
1979
941
2758
182
2242
1216
605
499
263
199
2845
1256
430
1283
2006
953
2819
184
2317
1233
614
506
266
201
2901
1273
435
1389
2032
966
2877
187
2390
1248
621
512
269
203
2956
1289
441
1490
2056
977
2934
189
2461
1263
629
518
273
206
3008
1304
446
1589
2081
989
2989
191
2531
1277
636
525
277
209
3060
1320
452
1685
2105
1001
3044
194
2598
1293
645
531
281
212
3111
1335
458
1778
2129
1013
3097
198
2664
1307
652
538
285
216
3161
1350
464
1870
2152
1024
3147
201
2728
1322
660
544
289
219
3209
1365
469
1958
2174
1035
3197
204
2789
1336
667
551
293
222
3254
1379
474
2043
2196
1045
3244
207
2849
1349
674
556
296
225
3299
1393
480
2126
2216
1055
3290
209
2906
1362
681
562
300
228
3342
1406
485
2206
2237
1065
3335
212
2962
1373
687
567
303
231
3384
1418
489
2284
2256
1074
3377
214
3016
1385
693
572
306
233
3424
1430
493
2359
2274
1083
3419
216
3069
1396
700
577
309
235
3464
1442
498
2433
2292
1092
3460
219
3120
1407
706
582
313
238
3502
1454
503
2504
2310
1101
3500
221
3170
1419
712
588
316
241
3539
1465
507
2572
2327
1109
3537
224
3218
1429
3
717
592
319
243
3575
1476
512
2639
2344
1116
3573
225
3263
1438
63
722
596
321
245
3608
1485
515
2703
2359
1122
3607
225
3306
1447
211
726
599
322
245
3640
1494
517
2764
2372
1129
3640
227
3349
1455
348
730
602
324
247
3672
1502
520
2825
2386
1136
3673
228
3390
1463
472
734
606
326
249
3703
1511
523
2883
2400
1142
3703
229
3430
1472
604
738
609
328
250
3732
1520
526
2940
2413
1148
3734
231
3469
1480
724
742
612
330
251
3760
1528
529
2994
2426
1154
3763
231
3506
1487
847
746
615
331
252
3788
1536
532
3047
2438
1160
3791
233
3543
1494
961
749
618
333
254
3815
1543
534
3098
2450
1165
3818
234
3578
1501
1074
753
621
334
255
3840
1550
536
3147
2461
1170
3844
235
3612
1508
1184
756
623
336
256
3865
1557
539
3196
2472
1175
3870
236
3644
1514
1290
759
626
337
257
3890
1564
541
3242
2482
1180
3894
236
3676
1520
1394
762
628
339
258
3912
1570
543
3287
2492
1185
3918
237
3706
1526
1494
765
631
340
259
3934
1576
546
3330
2502
1189
3941
238
3736
1532
1591
768
633
341
260
3956
1583
547
3373
2511
1193
3963
239
3765
1538
1686
771
635
343
261
3977
1588
549
3414
2520
1198
3984
240
3792
1543
1778
773
638
344
262
3997
1593
551
3453
2529
1201
4004
241
3819
1548
1866
776
640
346
263
4016
1599
553
3492
2537
1205
4024
241
3844
1553
1952
778
642
347
263
4034
1604
555
3529
2545
1209
4042
242
3869
1558
2036
780
643
348
264
4052
1609
556
3564
2552
1212
4060
243
3893
1563
2117
783
645
349
265
4069
1614
558
3599
2559
1215
4078
243
3916
1567
2196
785
647
350
265
4086
1618
560
3632
2567
1219
4095
244
3939
1571
2272
787
649
351
266
4102
1622
561
3665
2573
1222
4111
244
3960
1575
2346
789
650
351
267
4117
1626
562
3696
2579
1224
4126
245
3981
1578
2418
791
651
352
268
4132
1631
564
3726
2585
1228
4141
245
4001
1582
2487
793
653
353
268
4146
1634
565
3755
2591
1230
4155
246
4020
1586
2555
794
654
354
269
4160
1638
566
3783
2596
1233
4169
246
4039
1589
2621
796
655
354
270
4173
1642
568
3811
2602
1235
4182
247
4056
1592
2684
797
657
355
270
4185
1644
569
3837
2608
1237
4195
247
4074
1595
2746
799
658
356
270
4197
1647
569
3862
2612
1240
4207
247
4090
1598
2805
800
659
356
271
4209
1651
571
3887
2616
1242
4218
248
4106
1600
2864
801
660
357
272
4220
1654
572
3910
2621
1244
4230
249
4122
1603
2920
803
661
358
272
4230
1656
572
3932
2624
1246
4241
249
4136
1606
2974
803
662
359
272
4240
1659
573
3954
2629
1247
4251
249
4149
1608
3026
805
663
359
273
4250
1661
574
3976
2633
1249
4260
249
4163
1610
3077
806
664
360
273
4259
1663
575
3996
2636
1251
4270
250
4176
1612
3126
807
665
360
273
4268
1665
575
4015
2639
1252
4278
250
4189
1614
3175
808
665
361
274
4277
1667
576
4035
2642
1254
4287
250
4201
1616
3221
809
666
361
274
4285
1670
577
4053
2645
1255
4295
251
4212
1618
3266
810
666
361
274
4291
1671
577
4070
2647
1256
4302
250
4223
1619
3309
810
667
362
275
4299
1673
578
4087
2650
1257
4309
250
4233
1621
3351
811
667
362
275
4306
1675
579
4104
2652
1258
4316
251
4243
1623
3392
812
668
362
275
4312
1676
579
4119
2654
1259
4323
251
4253
1623
3432
813
668
363
276
4319
1677
579
4133
2656
1260
4328
251
4262
1624
3470
813
669
363
275
4324
1679
580
4148
2658
1261
4334
251
4271
1626
3507
813
669
363
275
4330
1679
580
4162
2660
1262
4340
251
4279
1627
3542
814
670
363
276
4335
1681
581
4175
2661
1263
4345
252
4287
1627
3577
814
670
363
276
4340
1682
581
4188
2663
1263
4349
252
4294
1628
3610
815
670
364
276
4345
1683
582
4200
2664
1264
4354
252
4301
1629
3643
815
671
364
276
4348
1683
582
4211
2665
1264
4358
252
4308
1630
3674
815
671
364
276
4352
1684
582
4223
2666
1264
4362
251
4315
1630
3704
815
671
364
276
4356
1685
582
4233
2667
1266
4366
252
4321
1631
3733
816
671
364
277
4360
1685
582
4244
2668
1266
4369
252
4327
1631
3762
816
671
364
276
4363
1685
582
4253
2668
1266
4372
252
4331
1632
3789
816
671
365
277
4366
1686
582
4262
2669
1266
4375
252
4337
1632
3816
816
672
365
277
4369
1687
583
4271
2669
1266
4378
252
4342
1632
3841
816
672
365
276
4371
1686
582
4280
2669
1267
4380
252
4346
1632
3865
816
671
365
277
4373
1687
583
4288
2670
1266
4382
252
4350
1632
3889
816
671
365
277
4375
1687
582
4296
2670
1267
4384
252
4354
1632
3912
816
671
365
277
4377
1687
582
4303
2669
1267
4385
252
4358
1632
3934
816
671
365
277
4379
1687
583
4310
2669
1266
4387
252
4361
1632
3956
816
672
365
277
4380
1687
583
4317
2669
1266
4388
252
4364
1632
3976
816
672
365
277
4381
1687
582
4323
2669
1266
4390
252
4367
1632
3996
816
671
365
277
4382
1686
582
4328
2669
1266
4390
252
4370
1632
4015
816
671
365
276
4383
1686
582
4334
2668
1266
4391
252
4372
1631
4034
816
671
365
277
4383
1686
582
4339
2668
1266
4392
252
4374
1631
4051
816
671
365
277
4384
1685
582
4344
2667
1265
4392
251
4376
1631
4068
815
670
365
276
4385
1685
582
4349
2666
1265
4392
252
4378
1630
4085
815
670
364
276
4385
1685
581
4353
2666
1264
4392
251
4379
1630
4101
815
670
365
276
4384
1684
581
4356
2664
1264
4392
251
4380
1629
4116
814
670
364
276
4384
1684
581
4360
2664
1264
4391
251
4381
1628
4130
814
670
364
276
4384
1683
581
4364
2663
1263
4390
251
4382
1628
4144
814
669
364
276
4383
1682
581
4367
2661
1262
4390
251
4383
1627
4158
813
669
364
276
4382
1681
580
4370
2660
1262
4389
251
4383
1626
4170
813
669
364
276
4382
1681
580
4373
2659
1261
4388
250
4384
1626
4183
813
668
364
276
4380
1680
580
4375
2657
1261
4387
250
4384
1625
4195
812
668
364
276
4379
1679
579
4377
2656
1260
4386
250
4384
1624
4206
812
667
363
276
4378
1679
579
4380
2655
1259
4384
250
4384
1623
4217
811
667
363
275
4377
1678
579
4381
2653
1258
4383
250
4383
1622
4228
811
667
363
275
4375
1677
578
4382
2652
1258
4382
250
4383
1622
4238
811
666
363
275
4373
1676
578
4384
2651
1257
4380
249
4382
1620
4247
810
666
363
275
4373
1675
578
4386
2649
1256
4378
250
4381
1619
4257
809
665
363
275
4371
1673
578
4387
2647
1256
4376
249
4381
1619
4265
809
665
363
274
4368
1672
577
4387
2645
1255
4374
249
4380
1617
4273
808
664
362
275
4366
1672
577
4388
2644
1254
4372
249
4379
1616
4281
808
664
362
274
4364
1670
576
4388
2642
1253
4370
249
4377
1615
4289
807
663
361
274
4362
1669
576
4388
2640
1252
4368
249
4376
1614
4296
807
663
361
274
4360
1668
576
4388
2638
1252
4365
248
4374
1613
4303
806
663
361
274
4358
1667
575
4388
2636
1250
4363
248
4373
1612
4309
806
662
361
274
4355
1666
574
4388
2633
1249
4360
248
4371
1611
4315
805
662
361
273
4352
1664
574
4387
2632
1248
4358
248
4369
1609
4321
804
661
360
273
4350
1663
574
4387
2630
1248
4355
247
4367
1608
4327
804
660
360
273
4347
1662
573
4386
2628
1247
4352
248
4365
1607
4331
803
660
360
272
4344
1660
572
4385
2625
1246
4349
247
4363
1605
4336
802
659
360
273
4341
1660
572
4385
2623
1245
4346
247
4360
1604
4341
802
659
359
272
4338
1658
572
4383
2621
1244
4343
247
4358
1603
4345
801
658
359
272
4335
1656
571
4382
2619
1242
4340
246
4355
1601
4349
800
657
359
272
4332
1655
571
4381
2617
1241
4336
246
4353
1600
4353
800
657
358
271
4328
1654
571
4379
2615
1240
4333
246
4350
1599
4356
799
657
358
271
4325
1652
570
4377
2612
1239
4330
246
4348
1597
4359
798
656
357
271
4322
1651
570
4375
2610
1238
4326
245
4345
1595
4362
797
655
357
271
4319
1649
569
4374
2608
1237
4323
245
4342
1594
4365
796
655
357
271
4315
1648
568
4372
2605
1236
4319
245
4339
1593
4367
796
654
357
270
4311
1646
568
4369
2602
1234
4315
245
4336
1591
4369
795
653
356
270
4308
1645
567
4367
2600
1233
4312
245
4333
1590
4371
794
652
356
270
4305
1643
567
4366
2597
1233
4308
244
4330
1588
4373
794
652
356
269
4301
1642
566
4363
2595
1231
4304
244
4326
1587
4375
793
651
355
269
4297
1640
566
4361
2593
1230
4301
244
4323
1585
4376
792
651
355
269
4293
1638
565
4358
2590
1228
4297
244
4320
1584
4377
791
650
354
269
4290
1636
565
4355
2587
1227
4293
243
4316
1582
4378
790
649
354
269
4286
1636
564
4353
2585
1226
4289
243
4313
1580
4378
789
648
354
269
4282
1634
564
4350
2583
1225
4285
243
4309
1579
4380
789
648
353
268
4278
1632
563
4347
2579
1224
4281
243
4306
1577
4380
788
647
353
268
4274
1630
562
4344
2576
1222
4277
242
4302
1575
4380
787
647
353
267
4269
1629
562
4341
2574
1221
4273
242
4298
1574
4380
786
646
352
267
4265
1627
561
4338
2571
1220
4269
242
4295
1573
4380
785
645
352
267
4262
1625
560
4335
2568
1219
4264
242
4291
1571
4380
785
644
352
267
4258
1624
560
4331
2566
1217
4260
242
4287
1569
4379
784
644
352
266
4253
1622
559
4329
2564
1216
4256
241
4283
1567
4379
783
643
351
266
4249
1620
559
4325
2560
1215
4252
241
4279
1565
4378
782
643
351
266
4245
1618
558
4321
2557
1213
4247
240
4275
1564
4377
781
642
351
266
4240
1617
558
4318
2555
1212
4243
241
4271
1563
4376
781
641
350
265
4236
1615
557
4314
2552
1211
4239
240
4267
1561
4376
779
640
350
265
4232
1613
556
4311
2549
1209
4234
240
4262
1559
4374
779
639
349
265
4228
1611
556
4307
2547
1208
4230
239
4259
1557
4372
778
639
349
264
4223
1610
555
4303
2544
1207
4225
239
4255
1556
4371
777
639
349
264
4219
1608
554
4300
2541
1205
4221
239
4250
1553
4369
776
637
348
264
4214
1606
554
4296
2538
1204
4217
239
4246
1552
4368
776
636
347
263
4210
1604
554
4292
2535
1203
4212
238
4242
1550
4366
774
636
347
263
4205
1602
553
4288
2532
1201
4207
238
4237
1548
4364
774
635
347
263
4201
1600
552
4284
2529
1200
4203
238
4233
1546
4362
772
634
346
263
4196
1599
552
4280
2526
1199
4198
238
4229
1544
4360
772
634
346
262
4192
1597
551
4276
2523
1197
4194
238
4225
1543
4358
771
633
346
262
4187
1595
550
4272
2520
1195
4188
237
4220
1541
4355
770
632
346
262
4183
1593
550
4268
2518
1194
4184
237
4216
1539
4353
769
632
345
262
4178
1591
549
4264
2515
1193
4180
236
4211
1538
4351
768
630
345
261
4173
1590
548
4259
2512
1192
4175
236
4206
1536
4348
767
630
344
261
4169
1588
548
4255
2509
1190
4170
236
4202
1534
4345
767
629
344
260
4164
1586
547
4252
2506
1189
4166
236
4197
1532
4343
766
629
343
260
4159
1584
546
4247
2502
1188
4161
236
4193
1531
4340
765
628
343
260
4154
1582
545
4242
2499
1186
4156
235
4188
1529
4337
764
627
342
259
4150
1580
545
4238
2497
1185
4151
235
4184
1527
4334
763
626
342
259
4144
1578
544
4233
2494
1184
4146
235
4180
1525
4331
762
626
342
259
4140
1576
543
4229
2491
1182
4141
234
4174
1524
4328
761
625
341
259
4135
1574
543
4225
2488
1197
4194
238
4225
1543
4358
771
633
346
262
4187
1595
550
4272
2520
1195
4188
237
4220
1541
4355
770
632
346
262
4183
1593
550
4268
2518
1194
4184
237
4216
1539
4353
769
632
345
262
4178
1591
549
4264
2515
1193
4180
236
4211
1538
4351
768
630
345
261
4173
1590
548
4259
2512
1192
4175
236
4206
1536
4348
767
630
344
261
4169
1588
548
4255
2509
1190
4170
236
4202
1534
4345
767
629
344
260
4164
1586
547
4252
2506
1189
4166
236
4197
1532
4343
766
629
343
260
4159
1584
546
4247
2502
1188
4161
236
4193
1531
4340
765
628
343
260
4154
1582
545
4242
2499
1186
4156
235
4188
1529
4337
764
627
342
259
4150
1580
545
4238
2497
1185
4151
235
4184
1527
4334
763
626
342
259
4144
1578
544
4233
2494
1184
4146
235
4180
1525
4331
762
626
342
259
4140
1576
543
4229
2491
1182
4141
234
4174
1524
4328
761
625
341
259
4135
1574
543
4225
2488
1163
4078
230
4112
1499
4282
749
615
336
255
4073
1550
535
4166
2449
1162
4073
230
4107
1497
4277
748
614
336
254
4067
1548
534
4161
2446
1161
4068
230
4103
1496
4274
747
614
335
254
4063
1546
533
4156
2442
1159
4063
230
4097
1494
4270
746
613
335
254
4058
1544
532
4151
2440
1157
4058
229
4093
1492
4265
745
612
334
254
4052
1542
532
4146
2437
1158
4054
231
4089
1492
4263
746
612
335
254
4048
1542
532
4142
2435
1159
4052
233
4087
1493
4261
748
615
338
257
4047
1543
535
4141
2435
1158
4047
233
4081
1491
4255
747
614
338
257
4042
1541
535
4135
2432
1156
4041
233
4076
1489
4249
745
613
337
256
4036
1538
534
4129
2428
1156
4036
233
4071
1487
4244
745
613
337
256
4031
1537
534
4124
2425
1153
4031
232
4065
1485
4238
744
612
336
256
4026
1535
533
4119
2422
1152
4026
232
4060
1484
4232
743
611
336
256
4020
1533
532
4113
2419
1150
4020
232
4055
1482
4227
742
611
336
255
4015
1531
531
4107
2416
1149
4015
232
4049
1480
4221
741
610
336
255
4010
1529
531
4102
2413
1147
4010
231
4044
1477
4216
740
609
335
255
4005
1527
530
4097
2410
1146
4004
231
4039
1476
4210
739
608
335
254
3999
1525
529
4092
2406
1145
3999
231
4034
1474
4205
738
608
335
254
3994
1523
529
4086
2403
1143
3994
231
4028
1472
4199
737
607
334
254
3989
1521
529
4081
2400
1142
3973
231
4009
1470
4179
736
606
334
254
3984
1519
528
4076
2397
815
2535
165
2560
1055
2652
529
436
241
183
2598
1107
385
2656
1754
82
43
2
36
12
17
6
43
30
360
343
133
89
5
83
30
44
15
116
84
113
93
95
156
19
156
124
151
62
51
29
21
168
131
46
166
210
129
82
5
75
26
38
13
101
73
131
123
1150
4020
232
4055
1482
4227
742
611
336
255
4015
1531
531
4107
2416
1149
4015
232
4049
1480
4221
741
610
336
255
4010
1529
531
4102
2413
1147
4010
231
4044
1477
4216
740
609
335
255
4005
1527
530
4097
2410
1146
4004
231
4039
1476
4210
739
608
335
254
3999
1525
529
4092
2406
1145
3999
231
4034
1474
4205
738
608
335
254
3994
1523
529
4086
2403
1143
3994
231
4028
1472
4199
737
607
334
254
3989
1521
529
4081
2400
1142
3973
231
4009
1470
4179
736
606
334
254
3984
1519
528
4076
2397
815
2535
165
2560
1055
2652
529
436
241
183
2598
1107
385
2656
1754
82
43
2
36
12
17
6
43
30
360
343
133
89
5
83
30
44
15
116
84
113
93
95
156
19
156
124
151
62
51
29
21
168
131
46
166
210
129
82
5
75
26
38
13
101
73
131
123
4
3
1
4
4
3
2
2
1
3
1
2
1
5
3
2
2
6
4
1
2
1
2
3
1
3
3
3
3
3
3
2
3
1
3
3
3
1
1
1
3
1
2
1
2
5
1
1
2
4
14
2
1
1
2
1
1
1
1
2
1
1
3
2
2
2
2
1
1
12
1
1
1
1
1
2
2
2
1
1
1
3
1
1
3
2
3
1
2
3
1
1
2
1
2
1
1
1
2
1
1
1
1
3
1
2
2
2
2
1
2
3
1
2
13
2
1
1
1
2
1
1
1
1
1
3
2
1
3
2
2
1
2
2
1
55
1
2
1
1
1
2
2
1
2
1
3
1
2
3
1
3
1
1
3
1
1
3
9
2
2
1
1
1
2
1
1
1
1
1
3
2
1
3
2
3
2
2
2
1
2
1
2
2
2
2
2
3
2
1
2
1
2
3
2
2
3
2
3
1
2
3
1
1
2
2
2
1
2
1
2
1
1
2
1
1
3
2
2
3
2
3
2
2
3
1
2
13
2
1
1
1
2
3
1
1
2
1
2
3
2
2
3
3
3
2
3
4
1
1
2
16
1
2
2
1
1
2
3
1
1
2
1
2
3
2
2
3
3
3
2
3
3
1
1
2
1
3
2
1
2
2
3
2
1
2
1
2
3
2
2
3
2
3
2
3
3
1
2
2
2
1
2
2
3
2
1
2
1
2
4
2
3
3
3
3
2
3
4
1
1
2
1
1
2
2
1
2
2
3
1
1
2
1
2
4
3
2
4
3
4
2
3
4
1
1
2
26
1
2
3
2
2
2
3
2
1
2
