7
77
47
54
66
112
70
31
92
75
48
33
41
126
41
89
82
76
25
72
56
42
10
77
45
54
61
107
66
27
89
68
46
28
39
119
36
88
83
74
24
68
51
73
44
3
75
42
51
57
102
59
20
82
63
36
22
27
112
27
86
84
71
12
63
36
75
41
74
43
49
60
103
57
22
80
66
33
25
25
112
25
86
85
71
9
65
50
39
4
75
44
51
62
107
61
24
83
65
37
27
29
116
31
87
84
73
19
67
52
42
6
74
43
48
63
110
63
24
83
67
38
29
29
116
30
85
81
74
20
70
53
48
47
2
73
43
46
65
109
63
27
81
70
36
30
29
117
29
82
79
74
16
68
47
79
46
73
44
46
65
109
63
22
78
67
34
28
28
119
28
83
80
75
12
63
50
37
70
44
47
65
108
62
20
70
64
32
29
27
111
23
83
80
76
2
59
71
33
67
43
46
62
103
59
15
63
58
29
25
24
107
19
79
79
75
53
63
24
27
65
40
44
59
101
56
7
63
50
25
20
21
103
14
77
80
73
43
73
69
21
65
39
47
58
100
56
8
72
54
29
20
23
103
18
77
81
72
1
43
79
14
45
1
75
46
46
62
100
55
18
80
65
29
23
23
113
19
86
81
72
15
57
93
15
38
3
74
45
48
61
102
59
17
80
60
30
23
22
110
19
86
81
74
16
56
84
12
41
1
75
43
47
59
100
58
17
77
61
29
22
24
106
18
86
80
74
14
55
83
27
34
47
75
42
45
57
97
55
14
76
57
26
18
21
105
18
87
81
71
12
53
59
24
42
47
5
76
41
45
55
94
52
13
78
55
23
15
18
104
11
91
84
70
11
53
45
10
46
6
78
41
47
53
92
51
12
80
53
27
13
19
101
14
92
84
69
16
52
30
12
43
6
77
42
47
54
92
52
14
81
59
31
14
20
98
20
92
83
69
18
54
19
14
30
50
12
80
45
45
57
92
51
20
84
63
29
16
19
102
15
93
82
69
20
61
10
19
59
53
12
79
45
45
58
94
52
19
85
59
31
17
21
101
22
92
82
70
22
59
16
14
50
10
76
45
47
59
95
52
18
85
61
33
18
21
101
22
90
82
71
22
58
14
11
48
7
75
43
46
57
94
51
16
82
61
29
19
19
107
17
89
82
71
18
55
12
12
22
48
8
78
42
45
55
90
47
15
81
59
25
14
15
100
14
93
83
68
15
56
8
14
62
51
11
81
45
46
57
90
47
20
83
63
25
17
14
105
14
95
84
68
17
59
1
8
52
16
81
46
48
59
93
49
20
83
63
29
20
16
106
16
97
84
69
18
59
55
15
82
47
49
58
91
48
19
84
60
31
19
17
102
19
97
85
69
23
60
8
55
11
81
46
46
57
88
45
17
79
60
26
16
15
101
14
93
83
68
16
57
7
36
48
13
80
43
45
53
85
43
14
79
55
24
11
12
95
11
93
84
66
13
56
7
52
15
81
43
47
54
86
44
17
83
57
27
12
14
100
13
95
84
69
18
59
5
56
16
81
42
45
55
87
45
18
78
57
23
13
12
96
6
95
84
70
16
59
4
49
14
79
42
44
53
85
45
16
79
57
25
11
14
90
12
93
83
68
19
58
41
38
51
15
83
43
44
54
86
44
17
79
53
22
12
13
97
12
94
84
66
16
58
79
6
60
17
85
43
45
54
86
45
20
79
56
22
13
13
99
9
96
85
67
17
62
144
59
18
83
44
47
55
90
48
20
81
62
26
16
18
102
13
97
84
70
19
61
191
4
52
18
81
46
44
58
91
48
19
79
58
23
19
16
108
8
95
83
70
16
59
305
45
50
12
80
47
42
59
92
46
21
77
63
20
20
9
108
5
93
82
67
10
61
496
25
49
5
80
48
41
61
93
45
21
70
70
17
24
9
116
89
82
67
1
58
759
45
8
79
47
44
61
97
50
19
73
70
23
27
15
121
5
90
83
68
4
57
1108
45
12
79
46
44
60
99
50
18
73
68
22
28
15
123
3
91
82
68
3
55
1150
21
48
10
78
46
39
61
99
48
17
72
67
17
27
10
120
89
81
68
53
919
27
47
10
80
47
41
63
100
50
19
76
69
20
26
12
119
4
91
83
70
6
56
760
9
51
14
81
48
42
61
97
47
19
75
66
22
25
13
116
7
92
82
69
8
59
386
41
61
17
80
47
44
58
90
46
18
77
62
24
20
16
102
12
92
81
68
13
60
79
29
59
15
79
43
45
56
87
45
16
77
60
25
15
17
98
12
89
80
69
15
59
68
70
54
17
79
41
45
53
86
45
14
80
55
26
10
18
92
15
90
80
69
16
56
43
55
19
81
43
47
52
84
45
16
81
54
27
10
16
95
12
93
82
69
16
61
31
50
17
78
42
45
53
84
42
16
77
55
23
13
12
97
7
92
81
69
13
58
28
21
49
12
75
41
41
54
83
41
16
73
56
18
12
9
95
3
89
80
68
6
58
60
23
52
48
10
72
40
42
55
86
43
12
74
55
20
13
13
100
8
86
79
68
5
53
77
8
53
19
75
41
45
55
90
47
12
82
56
27
17
18
101
15
90
81
69
15
54
57
4
60
28
82
43
45
54
89
46
18
88
61
28
16
17
100
14
96
83
68
25
60
39
6
54
23
84
44
45
53
88
46
16
88
58
29
14
18
96
18
95
83
66
22
56
21
3
61
56
24
88
46
43
52
85
43
20
86
59
25
12
14
100
12
98
86
65
17
61
24
13
55
24
87
45
46
50
84
42
15
85
56
27
10
15
99
13
100
87
65
18
57
16
50
21
83
43
48
50
83
43
14
82
56
28
10
16
97
13
97
87
67
15
55
9
48
21
79
41
47
51
84
45
12
84
57
29
10
18
96
13
94
83
67
18
54
7
9
57
48
15
76
41
48
52
88
47
6
85
47
31
11
20
91
19
92
81
68
17
48
10
3
18
51
18
77
42
46
55
88
46
9
85
48
28
14
17
96
12
93
82
68
16
51
9
8
55
23
77
43
47
56
90
47
12
86
60
31
17
19
97
17
93
82
68
22
55
15
16
54
22
78
44
44
56
90
44
14
84
57
28
19
18
96
16
92
83
66
21
57
24
12
50
53
16
78
43
42
55
87
42
13
81
57
24
16
14
97
10
91
83
65
14
54
20
12
43
50
18
78
43
45
54
88
45
14
85
57
28
14
14
99
16
92
84
67
19
54
14
9
54
26
82
46
46
60
97
48
20
87
62
30
23
19
105
19
96
83
70
27
61
16
15
57
26
83
47
44
61
95
50
19
83
63
29
23
19
104
20
95
82
70
26
61
28
24
68
51
20
80
44
42
57
89
44
15
82
57
24
16
13
100
12
92
81
68
22
58
23
15
75
51
15
79
43
43
57
93
47
15
81
58
25
19
16
102
15
91
81
69
16
56
23
3
45
12
75
42
45
56
92
48
12
80
57
27
18
18
105
16
89
81
69
15
52
24
44
16
71
39
43
53
87
44
7
80
51
24
14
15
97
10
87
81
67
17
47
26
47
46
14
73
40
42
55
88
44
8
79
51
25
16
16
97
14
86
80
66
15
47
27
76
44
10
73
42
41
60
93
46
11
78
56
24
22
16
104
14
84
79
69
12
49
34
47
12
74
43
42
63
99
51
12
80
58
27
26
17
101
17
86
79
72
16
50
40
41
9
75
44
44
64
100
53
10
81
58
28
27
18
101
15
87
79
73
19
48
41
9
39
9
75
43
42
61
96
50
6
78
54
23
22
14
97
9
88
79
71
12
44
36
7
54
39
11
76
41
42
58
94
49
6
76
50
21
17
12
93
8
90
80
70
9
45
29
9
43
11
75
41
43
59
97
50
7
76
51
21
20
13
100
7
90
81
71
11
47
38
13
39
10
71
40
42
58
95
50
4
72
54
20
19
13
94
6
85
79
72
10
42
41
27
12
35
2
69
39
39
56
91
47
2
68
52
17
15
12
90
3
81
78
70
4
40
52
22
72
40
70
40
38
58
91
45
1
68
49
14
15
10
92
1
80
78
70
1
40
51
11
14
45
2
71
40
41
58
93
48
2
70
46
16
17
13
93
3
83
80
71
2
41
53
12
43
9
72
39
44
57
95
50
5
76
51
23
18
17
95
8
88
80
72
9
46
72
15
46
18
75
39
44
57
94
49
7
80
52
24
18
17
95
10
91
80
70
14
49
80
19
69
48
18
76
40
44
56
90
46
6
81
49
22
14
16
98
8
93
81
67
12
47
81
12
38
39
12
74
39
44
56
90
47
4
79
52
25
14
17
93
9
91
82
68
10
45
86
3
37
71
41
43
57
90
48
3
70
53
25
17
17
97
10
84
81
70
4
39
93
17
35
68
40
40
57
90
47
2
64
52
22
17
16
99
7
77
79
69
37
102
30
67
38
69
39
39
57
90
47
3
67
49
19
16
14
92
5
79
80
68
42
109
24
49
44
3
71
39
41
57
92
48
5
71
52
22
17
17
98
10
83
80
69
3
44
129
23
38
10
72
40
43
58
95
51
5
74
54
25
21
20
99
11
86
79
70
8
43
134
24
43
16
75
41
41
59
95
52
6
76
52
22
22
18
100
5
89
77
71
11
45
138
30
34
39
9
71
39
41
59
94
51
3
76
49
23
19
19
98
7
85
76
70
7
41
157
19
27
36
5
72
39
43
59
95
51
6
76
49
26
18
23
97
10
85
78
70
8
44
165
4
48
10
74
41
44
61
96
52
11
75
55
25
21
19
100
8
86
79
71
9
51
168
11
39
5
66
39
42
59
94
51
5
71
56
22
20
17
94
5
79
78
71
4
41
173
23
12
33
65
37
39
57
91
48
1
68
50
19
16
16
92
3
76
77
70
36
183
25
44
35
66
38
39
58
92
48
3
67
52
19
17
14
98
5
79
77
70
39
182
13
40
5
69
39
41
60
96
51
4
70
54
22
21
16
101
7
84
78
72
3
42
180
14
41
7
69
38
40
60
97
53
4
71
53
24
22
19
98
8
82
75
74
6
42
194
19
19
41
6
68
38
37
57
94
52
5
73
52
23
18
18
98
9
80
75
73
9
42
204
18
64
47
8
74
41
38
59
95
49
11
75
56
22
18
16
101
9
84
77
70
10
51
187
7
37
3
73
42
40
58
93
47
8
71
53
23
19
16
99
8
84
80
69
4
45
184
3
28
1
68
38
41
54
89
47
2
70
48
27
15
17
96
11
81
80
69
4
37
195
8
31
66
37
40
53
90
50
1
71
50
28
14
18
96
15
77
77
69
3
37
191
12
44
36
3
65
38
39
55
90
47
7
73
55
23
15
15
96
6
77
76
69
5
41
161
10
43
9
67
39
42
57
92
49
11
78
57
29
17
20
96
10
81
76
69
15
47
162
9
48
12
70
40
44
58
96
54
13
80
57
35
21
25
101
18
83
75
71
17
49
167
17
49
15
75
42
43
59
97
54
19
82
58
33
23
25
106
16
85
76
70
18
54
154
30
34
52
17
77
42
42
59
97
52
17
84
61
32
23
23
110
19
87
78
69
18
53
146
20
43
14
74
43
41
59
93
48
14
83
58
29
19
19
100
14
86
79
69
16
48
118
3
36
5
72
43
40
58
91
45
9
77
51
25
20
15
99
10
83
79
68
11
43
109
11
29
1
69
40
37
57
87
41
3
71
51
21
18
12
97
4
80
79
67
5
38
95
11
34
28
66
39
38
55
86
40
1
70
50
20
14
11
88
3
78
77
66
4
35
75
8
21
39
2
68
41
40
58
89
44
4
73
51
25
17
15
93
10
81
78
67
6
40
71
7
43
8
71
44
42
61
92
48
10
79
58
31
22
21
97
16
84
78
70
16
44
68
8
41
10
70
45
42
64
96
51
12
78
61
33
25
23
102
18
82
76
71
16
44
66
19
37
40
9
69
42
40
63
96
50
11
77
59
30
24
21
100
18
80
75
70
12
44
57
11
47
42
10
71
39
41
59
93
50
9
79
54
29
20
19
93
15
83
76
70
15
45
44
10
41
10
73
40
42
59
93
51
9
78
54
31
20
20
95
15
86
78
71
17
45
36
19
36
71
39
40
57
92
50
5
69
53
27
19
18
98
12
82
78
70
7
40
29
20
12
36
68
35
39
53
89
47
69
45
24
15
16
92
8
80
78
67
4
37
24
18
47
29
1
67
34
42
51
87
46
72
45
24
12
16
93
10
81
79
66
5
35
16
12
27
7
65
33
44
51
88
47
72
44
24
12
16
92
4
82
79
68
6
32
7
15
35
9
64
32
43
51
88
49
73
42
24
12
17
88
3
81
77
68
7
31
10
27
7
34
1
64
33
41
50
88
49
71
42
24
11
20
86
8
78
76
68
5
33
16
26
57
37
2
65
35
39
52
90
50
3
71
45
22
13
17
88
8
77
75
68
6
39
13
11
44
6
68
39
39
56
92
51
8
71
50
24
17
16
99
11
79
75
69
9
45
13
38
3
66
36
39
56
90
50
5
71
47
25
16
17
92
9
78
76
69
10
41
12
12
34
63
34
36
54
88
46
67
48
20
13
12
90
4
74
74
68
3
34
8
66
30
62
35
36
54
88
46
66
47
21
14
14
93
8
73
74
67
33
5
31
5
63
35
38
53
89
48
72
46
23
14
15
93
10
77
75
67
7
34
12
34
11
65
36
39
52
89
49
1
73
49
26
14
18
94
13
79
76
68
12
36
20
34
12
67
35
38
51
87
48
3
73
47
27
13
18
94
15
80
76
66
12
38
19
59
39
9
70
35
37
50
87
46
3
75
48
25
11
16
95
12
81
77
65
12
41
11
26
45
5
71
37
39
53
89
48
5
73
49
26
13
18
93
13
81
77
67
8
42
38
68
38
38
55
92
51
7
70
52
27
17
19
90
14
78
76
70
10
41
20
4
33
65
38
36
56
94
53
4
68
51
26
18
20
99
14
74
74
70
9
39
29
12
74
39
5
67
38
35
56
91
50
7
69
51
22
18
18
101
10
75
74
68
6
42
10
12
52
38
9
66
38
37
56
92
52
7
73
53
25
18
19
93
14
77
75
69
11
43
5
40
13
63
37
38
56
92
54
5
75
51
27
17
21
97
14
77
74
70
14
41
15
38
8
63
38
36
55
91
52
6
73
54
23
17
17
96
8
76
74
70
11
39
10
59
37
5
65
38
35
56
90
49
4
71
51
21
16
15
93
8
75
74
68
5
39
7
56
35
9
66
38
36
54
89
48
1
70
47
20
14
13
90
5
77
75
69
3
38
30
6
65
38
37
56
91
51
69
49
23
16
16
88
7
76
75
71
3
33
3
36
3
64
37
36
55
90
50
2
68
48
23
15
17
87
6
75
74
70
2
35
10
26
35
63
37
34
55
89
49
5
65
47
20
14
16
89
5
72
73
69
39
1
50
30
63
38
35
56
93
52
5
64
48
22
16
19
96
11
73
73
70
39
9
30
4
65
37
38
55
92
52
2
68
49
24
16
19
94
10
77
75
70
35
11
33
10
63
35
37
55
89
49
70
51
20
14
14
90
2
79
76
69
32
11
6
1
37
12
61
34
35
53
88
47
69
42
20
12
14
88
7
77
75
67
31
5
4
50
40
12
64
34
37
51
87
47
71
42
21
11
15
87
6
77
76
67
2
36
6
40
14
66
37
39
52
87
48
1
74
51
23
14
19
92
5
78
76
67
5
38
1
2
35
8
63
37
38
53
85
48
2
70
48
24
13
20
91
7
75
74
68
2
37
5
26
2
61
33
35
49
81
45
65
46
20
8
14
86
3
72
72
67
35
2
16
47
32
6
64
34
36
50
81
46
68
45
20
8
15
83
3
74
72
67
38
16
35
6
62
35
38
53
86
49
69
46
23
13
19
87
7
75
73
69
31
14
8
28
4
57
32
38
54
91
52
69
42
25
15
20
88
8
74
72
71
21
17
14
32
9
61
32
37
54
92
52
71
42
25
16
19
86
9
75
73
70
2
30
10
20
41
40
18
69
36
38
56
91
50
9
76
51
26
17
20
95
12
81
75
67
6
48
12
15
6
49
19
72
41
38
58
92
50
15
76
54
26
18
20
98
12
83
77
68
6
53
22
12
42
14
67
39
35
57
90
50
9
70
51
20
18
16
91
3
78
74
70
2
44
20
18
36
6
63
37
33
55
86
49
2
65
48
19
13
14
82
2
74
71
69
39
18
18
23
29
61
37
32
55
85
45
58
43
14
13
11
84
70
72
67
30
9
10
7
25
60
36
33
55
85
43
57
41
12
13
10
84
73
74
67
26
6
33
1
63
37
35
53
85
45
61
42
20
13
15
84
3
76
75
67
32
11
1
34
4
63
37
35
51
85
47
3
62
42
21
12
17
88
5
74
74
67
37
15
5
39
33
65
36
35
51
86
47
3
61
48
19
11
16
90
4
74
73
66
37
21
4
44
26
62
33
36
50
87
48
64
44
21
10
18
86
7
74
74
67
30
15
2
32
6
62
33
40
51
89
52
69
44
24
12
21
88
8
77
75
69
31
19
13
33
9
62
33
41
51
89
51
73
47
27
14
21
88
9
78
75
68
5
31
24
24
49
31
2
63
35
39
52
87
49
70
46
24
14
19
88
8
77
75
67
1
32
18
25
79
34
6
66
36
39
53
89
49
3
71
45
21
14
18
88
5
79
74
67
2
37
19
24
32
11
66
38
39
53
88
46
6
73
54
23
16
17
93
7
79
75
67
7
38
10
25
37
16
68
40
38
55
88
45
9
76
54
27
18
19
95
11
82
76
66
12
43
31
32
25
42
11
66
38
36
56
91
48
8
75
50
26
18
20
95
12
80
74
66
10
41
23
37
70
37
1
65
38
36
56
90
47
8
71
53
24
17
18
96
10
76
74
66
3
36
6
32
37
3
69
40
39
56
89
46
9
72
55
23
19
18
95
6
80
77
66
4
39
18
33
40
7
72
40
41
55
89
46
9
74
54
26
19
19
93
9
84
79
67
7
40
18
40
38
5
71
39
39
55
87
45
9
72
53
24
19
17
92
8
83
78
66
3
40
13
36
61
38
5
68
38
36
56
87
45
10
71
54
21
18
16
95
8
80
76
66
4
41
19
21
12
37
8
64
38
36
56
88
46
8
72
53
24
18
17
91
11
78
74
67
7
37
16
11
26
59
38
36
55
90
48
3
66
47
22
18
18
93
7
72
74
68
2
29
15
