7
2
88
3
3
2
40
28
88
2
2
3
27
27
5
91
5
25
2
7
39
29
1
1
96
3
2
3
52
35
3
4
100
2
4
5
2
50
33
5
2
99
4
1
3
6
35
32
4
1
96
5
2
3
11
23
41
3
5
96
2
1
5
7
9
24
41
1
5
96
4
4
8
4
22
39
7
4
88
5
4
11
9
29
7
3
88
6
3
10
1
6
33
6
2
1
89
9
2
14
7
9
43
19
3
3
89
12
4
19
7
46
20
6
3
88
11
6
20
10
32
4
4
88
7
4
6
5
32
4
3
87
8
3
5
7
2
42
9
6
1
83
9
6
11
8
44
5
6
84
8
6
9
5
40
4
5
85
9
5
10
8
43
7
5
83
9
5
9
6
43
12
5
1
84
10
5
12
7
43
13
7
3
85
11
5
12
12
47
8
7
1
2
86
14
6
18
13
42
7
6
3
87
3
13
5
17
9
41
9
7
3
92
8
12
10
11
2
2
6
13
9
41
10
7
1
4
92
5
12
7
1
1
6
17
12
46
12
8
4
86
4
14
5
24
12
44
6
8
4
86
6
15
4
22
6
5
20
14
42
6
5
4
88
2
11
19
5
17
7
46
14
3
4
2
85
6
5
14
6
41
2
2
1
2
83
11
12
4
13
4
47
5
5
83
2
17
2
5
16
8
41
5
4
3
82
11
6
5
13
5
5
39
8
2
1
1
82
14
1
5
18
2
11
48
14
4
1
82
17
3
6
19
9
8
48
10
4
1
76
16
2
5
18
8
2
46
15
4
75
15
7
15
5
3
42
12
4
76
1
12
6
15
8
5
7
45
8
3
74
13
5
20
9
19
9
37
4
69
13
3
16
7
3
30
1
69
14
3
15
9
15
41
9
2
1
72
12
5
13
1
19
31
50
12
4
70
10
6
14
11
96
30
48
4
6
68
9
6
15
10
195
11
38
7
6
68
9
6
14
8
223
6
42
9
10
71
4
10
26
8
12
11
227
14
42
4
10
68
1
8
8
6
12
11
214
13
36
7
6
66
11
5
14
2
114
2
42
5
7
73
10
10
2
6
11
1
7
42
6
5
2
75
9
6
10
3
10
19
38
6
2
3
77
10
4
5
10
26
15
32
5
77
12
5
3
12
19
4
37
1
5
72
14
4
5
3
14
3
38
1
4
70
13
1
3
15
18
39
10
3
68
13
4
20
18
41
9
3
1
65
12
5
16
10
38
3
2
3
65
12
4
14
55
5
40
8
3
4
65
12
4
16
123
11
46
6
5
3
65
10
5
12
4
113
28
49
10
4
3
61
14
5
14
6
91
23
46
3
2
61
18
36
5
21
2
48
16
38
3
4
4
63
12
6
5
13
52
20
39
10
4
3
59
6
6
8
2
62
21
48
8
7
61
12
4
3
8
13
8
65
10
45
12
10
60
3
18
5
9
21
6
71
46
9
8
60
2
12
6
4
8
18
1
61
3
2
51
17
10
62
4
15
6
11
15
10
58
10
43
11
11
1
62
5
16
5
4
10
17
9
50
12
46
6
9
1
62
1
17
3
1
9
22
8
47
49
10
8
2
61
18
3
1
8
21
5
32
6
50
11
8
4
63
3
16
4
1
8
20
5
48
3
57
12
9
5
65
4
16
8
21
12
50
2
54
9
5
5
60
13
7
20
6
49
45
11
4
3
57
14
7
17
3
53
43
3
7
4
59
3
13
8
11
3
51
46
3
6
3
56
11
8
14
3
40
5
5
42
4
3
3
51
12
7
16
33
8
47
3
4
2
47
13
7
16
38
8
48
10
5
1
47
15
7
21
3
35
1
52
12
8
49
13
26
9
16
5
31
7
56
9
8
49
10
9
12
8
27
16
40
8
4
4
52
14
3
6
15
36
19
32
3
4
53
10
2
5
12
43
21
1
39
4
4
52
10
5
12
33
20
7
41
4
4
5
50
12
5
16
33
10
21
41
1
7
3
50
12
1
7
16
38
18
41
7
7
2
49
11
1
7
14
36
9
47
9
8
2
50
10
8
15
6
43
27
54
7
10
1
50
10
1
9
17
6
47
21
48
2
7
3
2
49
7
8
14
3
43
7
43
3
7
1
50
15
1
8
15
26
5
49
6
9
2
51
18
2
9
19
40
15
46
4
5
2
50
8
7
12
45
15
38
3
4
3
49
10
7
9
49
8
43
7
4
5
48
10
7
12
52
8
46
8
4
6
48
9
7
15
47
10
43
4
8
46
9
6
15
1
54
5
42
3
10
43
9
23
5
12
1
41
37
1
2
11
41
11
5
14
57
36
6
2
10
42
8
6
10
58
14
48
1
5
10
44
6
1
7
9
65
4
31
49
6
5
9
41
10
8
14
3
61
4
26
46
5
5
9
37
13
2
7
15
1
50
3
23
40
1
3
1
10
36
11
6
11
52
3
21
37
3
1
9
36
10
6
13
55
11
44
2
3
8
35
11
6
7
15
61
36
3
2
9
33
9
5
8
43
34
1
2
8
36
10
2
6
8
42
41
3
6
37
11
6
14
53
20
46
7
8
1
6
37
12
8
16
7
49
13
37
49
5
10
7
40
3
14
9
16
5
43
22
36
39
8
8
41
2
18
32
7
18
48
28
35
41
4
7
1
1
8
41
16
7
7
16
42
20
48
43
7
9
42
13
3
8
18
36
11
48
43
5
7
12
40
13
6
8
20
31
34
39
10
4
1
1
11
39
12
2
6
17
14
22
28
2
5
1
12
43
10
6
6
13
18
27
38
6
1
13
44
18
7
1
16
20
8
37
44
3
7
1
14
45
16
3
1
7
1
19
23
27
36
5
1
12
42
12
6
18
17
22
41
7
8
1
12
43
1
18
5
7
21
7
23
46
8
10
1
1
12
42
1
18
3
8
23
1
2
23
43
11
1
12
39
1
17
1
8
22
2
20
45
3
11
1
13
38
4
17
4
9
1
21
4
19
40
4
10
2
14
39
3
17
5
8
19
1
32
45
11
11
11
35
2
17
3
9
19
1
35
52
13
11
2
8
29
3
19
10
25
6
28
49
3
9
2
10
28
16
8
22
6
17
42
4
8
8
29
14
7
19
7
42
10
7
2
4
27
18
41
3
7
27
10
42
6
8
2
5
24
18
1
7
28
8
44
6
9
1
6
25
3
19
14
9
27
1
50
5
11
6
24
4
18
11
1
1
9
24
5
50
8
11
7
29
3
14
1
10
21
5
41
5
9
8
29
2
15
9
9
24
40
2
8
10
26
12
8
18
41
8
11
26
11
3
7
17
40
6
12
28
11
4
6
18
39
5
11
30
11
4
4
6
18
38
5
11
26
11
6
20
40
2
7
9
23
10
6
16
43
5
7
6
24
9
8
17
46
9
5
24
7
8
15
46
1
8
3
19
9
8
15
39
6
6
20
8
7
13
35
6
5
18
9
6
14
39
6
5
17
8
6
17
7
38
6
8
21
3
6
13
34
6
8
19
1
21
6
11
35
6
2
9
23
7
6
11
8
46
6
12
10
29
3
18
10
9
22
2
4
19
42
2
10
11
27
2
14
15
1
1
8
25
10
13
43
7
2
3
12
25
16
3
3
6
24
10
49
3
10
1
10
28
2
16
14
1
8
23
7
37
1
8
2
1
9
28
1
10
8
1
7
16
1
31
5
1
8
21
13
5
6
19
7
36
1
4
6
15
12
6
19
32
3
6
14
10
6
21
3
35
4
6
16
8
6
20
9
38
4
1
6
15
11
5
20
10
33
3
7
12
11
1
5
21
1
7
30
2
7
14
9
5
16
6
7
26
2
7
16
8
4
19
7
23
30
1
7
14
7
4
16
3
24
34
4
8
15
10
6
21
1
12
37
7
8
18
8
7
21
1
8
35
6
8
20
4
8
13
8
28
30
6
7
19
6
7
15
17
29
34
5
8
16
11
25
6
23
14
20
32
3
9
14
11
6
6
23
19
22
30
4
9
19
9
3
6
20
20
31
31
3
8
16
10
6
6
22
20
37
33
1
1
7
15
12
6
23
16
30
41
4
5
13
17
17
7
31
15
23
40
2
6
1
6
13
16
3
8
29
17
30
38
7
2
7
15
1
17
6
9
27
8
31
37
6
9
16
18
9
3
8
28
8
26
32
5
1
12
19
1
1
18
9
3
4
7
27
9
15
33
6
1
13
22
3
3
21
10
13
4
6
8
36
3
22
37
4
8
1
1
14
24
5
4
21
1
7
3
1
8
36
7
29
40
3
8
1
14
21
2
4
19
5
7
2
9
32
11
9
38
6
1
13
18
1
4
21
1
7
5
6
36
12
33
5
2
14
19
2
2
18
7
1
1
6
6
32
9
27
4
1
14
18
13
3
1
2
6
1
26
9
23
4
13
17
1
12
2
1
6
26
14
30
6
13
13
3
13
8
29
13
34
1
9
12
12
3
12
8
26
14
35
10
12
14
7
12
3
3
8
26
14
37
9
13
14
7
14
1
7
32
4
23
35
9
15
14
7
14
22
7
29
5
22
31
9
1
14
13
7
13
1
18
1
1
7
26
1
29
32
8
12
14
4
13
7
27
1
28
29
7
10
14
2
15
12
1
8
29
25
36
8
9
10
2
14
1
3
9
33
25
36
1
10
7
7
4
18
5
9
38
3
19
35
10
9
11
4
19
4
1
9
34
4
15
41
3
11
11
13
6
22
8
1
9
39
10
17
10
37
9
1
15
13
8
22
2
10
4
2
8
41
7
16
29
6
15
12
6
20
3
5
3
3
2
7
37
16
37
8
15
13
6
21
3
4
2
3
1
9
41
21
40
9
1
16
14
7
17
3
4
3
8
34
5
23
35
9
14
13
1
8
19
4
9
3
5
1
8
38
3
22
40
11
16
17
7
9
23
7
15
10
4
8
4
9
44
4
30
30
10
2
19
22
10
10
20
10
8
14
6
13
1
7
1
37
3
6
29
1
29
7
10
14
2
15
12
1
8
29
25
36
8
9
10
2
14
1
3
9
33
25
36
1
10
7
7
4
18
5
9
38
3
19
35
10
9
11
4
19
4
1
9
34
4
15
41
3
11
11
13
6
22
8
1
9
39
10
17
10
37
9
1
15
13
8
22
2
10
4
2
8
41
7
16
29
6
15
12
6
20
3
5
3
3
2
7
37
16
37
8
15
13
6
21
3
4
2
3
1
9
41
21
40
9
1
16
14
7
17
3
4
3
8
34
5
23
35
9
14
13
1
8
19
4
9
3
5
1
8
38
3
22
40
11
16
17
7
9
23
7
15
10
4
8
4
9
44
4
30
30
10
2
19
22
10
10
20
10
8
14
6
13
1
7
1
37
3
6
29
1
44
7
13
12
12
10
16
19
6
11
10
1
11
37
7
7
7
29
9
12
13
14
9
20
7
6
11
15
2
10
1
36
3
14
21
31
12
14
12
12
21
12
7
11
14
2
9
38
5
19
18
35
1
11
12
7
6
21
3
7
5
6
1
9
40
1
21
19
33
9
10
10
2
4
21
4
2
1
9
42
2
24
24
35
12
11
2
9
17
5
1
4
3
9
36
7
32
14
31
5
9
14
2
5
16
2
4
1
8
30
39
17
27
1
7
1
15
2
17
7
32
42
13
32
7
15
1
1
4
17
1
32
4
7
34
3
39
10
29
6
1
16
2
3
2
17
1
5
4
6
36
39
7
22
7
2
18
1
4
3
16
3
5
8
6
33
40
31
2
9
17
4
7
6
19
5
23
10
1
16
1
8
36
37
30
1
6
1
17
3
8
3
18
5
7
1
7
7
37
33
6
28
7
1
16
2
7
1
16
9
3
7
33
1
33
6
32
6
14
5
1
18
3
1
7
38
32
4
29
5
14
2
1
19
4
1
6
39
30
1
27
5
13
17
4
1
7
34
32
8
22
6
11
1
17
1
2
7
33
28
3
31
1
8
10
3
18
5
1
8
33
1
25
30
3
6
12
21
3
7
40
21
25
5
7
1
14
2
25
7
2
1
7
44
32
31
1
8
12
9
25
1
6
1
8
46
44
30
7
7
9
5
22
2
2
9
38
41
27
6
5
8
1
22
7
38
36
20
1
8
19
5
36
31
19
3
6
15
3
6
31
32
15
23
6
5
3
12
22
3
6
30
58
17
6
24
4
3
3
9
6
27
177
18
3
4
4
19
9
7
33
222
24
1
8
7
21
7
36
199
7
28
7
7
12
6
26
185
1
6
25
5
9
14
7
27
122
1
17
2
12
14
8
6
29
26
15
1
14
2
12
5
26
54
11
20
3
15
1
8
10
8
5
3
6
1
24
66
17
12
1
17
9
9
1
4
5
1
20
64
3
13
2
1
18
10
13
4
5
1
22
55
19
3
14
6
16
4
1
6
31
39
3
18
2
1
13
4
19
2
4
7
36
19
9
19
3
2
13
1
22
5
7
42
12
25
3
4
1
1
14
23
7
7
38
3
8
25
3
5
1
3
15
2
25
10
8
39
89
9
10
18
6
5
3
3
16
6
25
3
8
2
8
8
44
100
1
16
25
6
6
3
2
16
6
25
4
7
3
8
7
42
101
10
30
1
6
1
1
13
1
23
4
8
39
50
5
4
24
4
2
2
12
22
7
41
35
12
2
26
5
3
11
22
30
7
37
50
12
6
25
5
4
4
8
20
7
9
36
40
7
20
7
4
2
7
20
8
39
40
22
1
6
7
19
9
9
36
30
4
23
6
2
1
10
3
16
8
34
37
4
14
25
4
8
9
2
12
6
17
2
10
8
37
43
2
22
26
7
9
4
4
17
6
26
1
6
8
42
42
3
13
24
8
10
5
20
1
9
31
3
14
2
1
2
9
1
45
43
6
25
1
10
1
4
18
7
21
1
6
2
9
38
32
1
15
27
7
3
18
2
18
8
28
45
3
17
18
3
2
18
1
15
7
25
40
7
5
10
1
1
1
16
2
19
10
6
34
27
12
16
1
3
17
20
7
6
38
20
13
22
3
2
1
14
15
4
6
29
21
17
22
6
2
13
19
1
7
33
21
17
21
2
6
3
3
15
2
22
8
8
39
28
3
23
6
7
4
4
16
4
8
26
2
12
9
44
32
24
6
9
4
5
18
6
10
28
4
4
3
9
49
45
29
6
10
2
4
18
6
11
26
5
4
5
10
46
1
53
1
34
10
12
1
1
16
11
26
5
36
4
1
11
1
45
2
37
26
7
9
3
2
14
8
25
5
11
2
4
10
43
31
4
21
1
8
3
2
14
7
22
5
6
1
6
9
41
36
23
8
7
3
2
13
2
20
10
5
9
39
29
18
2
5
1
3
14
22
1
7
40
38
23
7
1
3
14
21
11
8
36
39
25
7
3
4
14
22
6
8
39
36
4
19
2
7
3
3
15
2
21
9
8
40
35
16
20
6
5
4
15
16
6
7
37
37
19
20
5
6
4
14
24
8
7
40
35
23
19
5
5
3
15
2
30
10
7
40
42
21
20
5
2
3
14
1
21
3
7
37
46
14
6
25
4
1
2
14
23
7
39
48
13
21
1
2
3
14
27
5
6
45
36
15
2
16
3
3
2
2
14
21
2
7
41
37
21
19
19
1
5
3
15
2
19
6
6
37
57
18
15
18
1
5
2
14
2
2
21
15
7
37
57
9
16
1
4
3
18
7
4
21
1
30
1
4
7
38
65
15
18
4
1
5
19
9
2
23
2
4
1
7
40
62
17
9
28
7
8
1
3
18
7
7
22
12
9
43
51
23
12
25
5
7
5
19
7
4
22
9
44
61
27
19
6
7
3
17
7
2
23
3
17
1
9
1
40
57
19
23
5
7
5
18
8
2
21
7
12
1
4
10
1
36
60
11
25
9
6
2
5
17
5
2
22
7
9
1
36
59
6
22
5
7
2
3
16
3
6
21
3
9
9
36
63
5
18
4
5
4
16
1
2
21
3
1
9
40
82
5
20
8
6
1
3
14
1
24
10
10
42
66
22
26
8
1
3
15
5
22
3
6
8
10
2
43
66
32
22
6
5
1
3
16
3
22
1
8
10
9
1
41
63
11
27
16
7
4
3
5
15
2
26
7
2
2
8
46
64
16
10
17
8
5
6
5
15
2
22
5
9
46
59
14
9
16
7
6
9
6
14
4
22
9
9
42
37
13
19
24
8
10
7
16
6
35
12
10
1
51
37
12
17
22
11
9
6
14
3
29
11
10
1
47
24
19
12
17
4
8
4
5
10
4
24
6
10
44
16
21
15
21
7
11
1
4
10
3
26
6
11
45
21
17
29
27
7
12
3
4
11
3
23
11
41
18
19
29
24
7
10
2
5
12
4
28
11
45
10
9
29
20
12
8
2
6
14
28
34
11
45
13
7
29
20
7
8
5
9
16
2
29
23
1
11
47
12
33
19
2
9
5
9
17
5
6
29
1
12
5
6
10
1
49
4
6
35
23
6
10
4
9
20
9
9
28
3
18
10
3
6
11
2
47
10
5
30
18
8
7
4
10
21
8
5
31
2
9
6
3
9
1
50
1
3
25
17
5
6
5
9
20
10
1
29
20
7
8
9
1
50
13
25
19
10
6
6
7
16
7
31
18
2
6
9
54
3
26
11
8
5
5
7
16
3
30
10
9
48
12
15
8
5
4
7
16
3
29
15
9
45
11
17
6
4
5
9
16
3
29
9
9
50
27
17
1
4
5
8
16
2
25
10
3
9
43
25
13
6
4
6
7
16
1
28
7
9
1
9
46
3
21
12
9
6
4
8
18
3
5
27
9
7
7
10
46
9
11
16
6
6
4
9
17
1
30
14
8
10
51
21
10
16
7
7
4
8
15
28
11
9
48
32
13
17
2
9
2
6
15
3
24
8
11
44
32
7
19
3
9
1
7
16
1
27
8
11
47
31
1
20
7
9
2
6
13
25
11
44
33
5
17
3
7
6
6
11
22
11
46
32
10
9
4
4
10
3
10
21
5
10
47
29
7
13
6
6
2
3
14
33
35
4
11
51
22
10
19
7
6
6
16
1
33
5
3
8
10
51
17
24
15
4
5
6
6
15
1
24
20
3
2
8
46
14
34
10
3
1
8
21
6
26
11
7
5
8
3
46
18
26
6
1
2
10
23
7
25
10
8
9
5
7
2
47
15
6
3
1
1
11
24
7
27
1
5
7
5
6
1
49
16
5
7
2
3
1
8
21
9
26
1
13
7
6
6
2
50
22
20
15
4
3
