4895
4990
4896
4896
4896
4696
4896
4987
4896
4896
4896
4896
4896
4895
4896
4896
485
4896
4896
4979
4973
4902
4901
4976
4902
4902
4901
4712
4902
4975
4902
4902
4901
4902
4901
4901
4902
4901
413
4902
4902
4974
4970
4888
4887
4971
4887
4887
4888
4706
4887
4967
4887
4888
4889
4888
4889
4887
4889
4888
437
4888
4887
4965
4960
4884
4884
4987
4884
4884
4884
4687
4884
4985
4884
4884
4900
4884
4884
4884
4884
4884
414
4884
4884
4961
4956
4878
4877
4940
4878
4878
4878
4698
4877
4937
4878
4878
4975
4879
4879
4878
4879
4878
397
4878
4877
4952
4948
4869
4869
4976
4869
4869
4869
4675
4869
4970
4869
4869
4960
4869
4869
4869
4870
4881
417
4869
4869
4947
4942
4866
4865
4932
4865
4865
4865
4682
4865
4944
4866
4866
4944
4866
4866
4865
4866
4933
379
4866
4865
4940
4935
4857
4856
4951
4856
4856
4856
4668
4857
4935
4857
4857
4929
4857
4857
4856
4857
4961
311
4857
4856
4933
4928
4852
4852
4969
4852
4852
4852
4664
4852
4969
4852
4852
4976
4852
4852
4851
4852
4974
313
4852
4852
4927
4922
4845
4844
4990
4844
4844
4844
4659
4844
4985
4844
4845
4992
4845
4845
4844
4845
4997
308
4845
4844
4920
4915
4839
4838
4982
4838
4838
4838
4650
4838
4977
4839
4839
4999
4839
4839
4838
4846
4998
307
4839
4838
4914
4909
4833
4832
4962
4832
4832
4832
4647
4832
4962
4832
4832
4964
4833
4833
4832
4922
4963
324
4832
4832
4907
4902
4942
88
4967
4068
4967
1579
4967
4967
4968
4967
4230
4968
4967
3852
4827
4969
4967
4503
3848
4968
581
821
4968
4823
4819
4820
105
4964
3991
4964
1755
4965
4964
4963
4964
4182
4964
4964
3750
4665
4962
4964
4358
3735
4964
653
919
4964
4817
4812
4652
90
4953
3891
4953
1590
4954
4953
4952
4954
4082
4954
4954
3631
4531
4957
4953
4223
3605
4954
588
831
4954
4810
4806
4520
91
4950
3830
4950
1561
4951
4950
4951
4951
4043
4951
4951
3549
4388
4934
4950
4090
3511
4951
581
820
4951
4804
4799
4376
88
4941
3736
4941
1552
4942
4941
4939
4942
3956
4941
4942
3434
4254
4828
4941
3961
3387
4942
577
816
4942
4797
4793
4242
81
4936
3672
4936
1438
4936
4936
4936
4936
3904
4936
4936
3352
4123
4657
4936
3837
3293
4937
535
757
4936
4791
4787
4110
81
4929
3591
4929
1459
4929
4929
4928
4929
3836
4929
4929
3251
3993
4520
4929
3714
3184
4929
544
769
4929
4785
4780
3982
74
4922
3522
4922
1363
4922
4922
4922
4923
3775
4923
4922
3165
3872
4378
4922
3599
3088
4923
507
719
4923
4778
4774
3847
74
4891
3446
4893
1353
4896
4897
4898
4901
3714
4905
4907
3078
3749
4239
4916
3485
2993
4917
505
716
4917
4772
4768
2400
50
2782
2240
2792
932
2803
2808
2814
2818
2400
2828
2834
2073
2400
2637
2854
2278
2038
2887
354
503
2889
3023
3025
11
29
26
23
21
19
19
14
8
28
109
12
111
113
113
114
115
35
117
121
2
5
57
140
140
39
93
93
93
94
94
94
95
95
20
96
96
41
57
60
60
60
60
60
59
59
40
56
56
47
8
8
7
7
5
7
6
55
3
3
7
7
8
8
8
56
10
10
66
16
16
16
16
16
66
16
16
73
8
8
8
8
77
7
7
80
85
1
1
1
1
89
2
2
93
2
2
2
2
96
2
2
100
1
1
1
1
103
1
1
106
110
113
116
119
122
124
127
130
132
134
136
139
143
146
150
153
156
159
161
164
167
169
171
173
175
176
177
179
180
180
182
183
184
186
187
189
190
191
192
193
194
195
196
197
196
196
197
198
198
199
200
200
200
201
201
202
202
203
202
202
203
204
204
204
204
204
204
205
205
205
205
205
205
206
206
206
205
206
206
206
206
206
206
206
206
206
206
206
206
205
205
205
206
205
206
206
205
205
205
205
205
205
205
205
204
204
204
204
204
204
204
204
203
203
203
203
202
203
202
202
202
202
202
202
201
201
201
200
200
200
201
200
200
199
199
199
198
198
198
198
198
198
197
197
197
197
197
197
196
196
196
196
195
195
195
194
194
194
194
193
194
193
193
193
193
192
192
192
192
192
191
191
191
190
191
190
189
190
190
189
189
189
188
188
191
190
191
190
189
190
190
189
189
189
188
188
191
191
191
190
139
151
1
342
57
339
35
349
346
384
329
39
316
366
57
108
180
319
66
54
299
8
11
297
320
344
142
2
78
101
81
63
78
80
68
87
85
91
76
135
165
140
96
178
152
104
25
36
107
125
94
16
149
2
124
95
124
60
123
124
120
126
78
126
121
122
153
143
128
156
133
129
22
30
129
171
124
8
63
1
73
36
73
24
73
73
77
72
28
70
74
44
59
63
72
56
47
70
7
10
70
86
74
2
23
14
14
14
14
21
12
10
16
12
1
9
10
43
14
21
7
15
9
11
7
8
8
8
12
8
6
19
23
17
9
26
21
9
4
4
10
7
3
23
20
14
21
10
20
20
24
20
12
19
20
19
24
22
21
24
20
20
4
4
20
59
20
2
3
10
12
5
13
5
12
12
18
12
4
10
13
6
9
9
12
9
7
11
1
1
11
12
1
1
1
2
3
2
3
2
9
2
1
4
3
1
1
1
30
2
5
1
3
3
4
4
3
3
9
3
2
2
4
4
5
4
4
6
4
1
3
1
3
57
3
1
6
1
5
1
4
3
6
4
5
5
12
5
3
4
6
4
5
5
6
5
4
1
4
1
4
4
1
1
2
7
1
24
3
1
3
1
4
3
3
3
11
3
1
3
5
2
3
2
5
3
2
1
3
1
2
41
3
1
1
1
2
3
1
1
9
1
1
3
1
1
1
3
2
1
2
1
1
1
1
1
1
2
3
3
2
3
11
2
1
1
3
1
1
1
3
1
1
2
1
1
1
3
1
2
1
3
4
3
3
11
3
1
1
4
2
2
2
4
3
2
2
2
1
2
59
2
2
2
1
3
3
2
2
11
1
1
1
4
2
2
1
3
2
1
2
1
1
1
46
1
3
2
2
1
4
3
3
3
13
3
2
2
5
2
3
2
4
3
2
2
2
1
2
2
2
2
1
3
3
2
2
12
2
1
1
4
1
2
1
3
2
1
2
1
1
1
1
3
2
2
4
3
3
3
13
2
2
2
5
3
2
2
4
3
1
2
2
1
2
4
2
3
2
2
1
4
3
3
3
13
2
2
1
5
3
2
2
4
3
2
2
2
1
2
20
2
3
3
2
1
4
4
3
3
14
3
2
2
5
2
2
2
4
2
2
2
2
1
2
3
2
2
1
4
3
3
3
14
3
2
2
5
2
3
2
4
3
2
2
2
1
2
2
3
2
2
1
4
3
3
3
14
3
2
2
5
2
3
3
4
3
2
3
2
1
2
9
2
4
3
2
1
4
4
3
3
15
3
2
2
5
3
3
2
4
3
2
3
2
1
2
55
2
3
2
2
1
4
4
3
3
15
3
2
2
5
3
3
2
5
3
2
3
2
1
2
24
2
3
3
2
1
4
4
3
3
16
3
2
2
6
3
3
3
5
4
3
3
3
1
1
3
2
4
3
2
1
5
4
3
4
16
3
2
2
6
3
3
3
5
4
2
3
2
1
2
1
4
3
2
1
5
4
4
3
17
3
2
3
6
3
3
3
5
4
3
3
2
1
2
71
2
4
3
2
1
5
4
3
4
17
3
3
3
6
3
3
3
5
4
3
3
3
1
3
41
2
4
3
2
1
5
5
3
4
17
3
2
3
6
3
3
3
5
4
2
3
3
1
2
3
2
4
4
2
1
6
4
4
4
18
3
3
3
6
3
3
3
5
4
2
3
3
1
2
2
4
3
2
1
5
5
4
4
18
3
3
3
7
3
4
3
5
4
3
4
3
1
1
2
54
2
4
3
2
1
5
5
4
3
19
4
3
3
7
4
4
3
6
4
3
4
3
2
1
3
80
2
5
4
3
1
6
5
4
4
19
4
3
3
7
4
3
3
6
4
3
3
3
1
2
2
2
5
4
2
1
6
5
4
4
19
4
3
3
7
3
3
3
6
4
3
4
3
1
2
2
5
4
2
1
5
5
4
4
20
4
3
3
7
4
4
4
6
5
3
4
3
2
3
52
2
5
4
3
1
6
5
5
4
20
4
3
3
7
4
4
4
6
5
3
4
3
1
3
65
2
5
4
3
1
6
5
4
4
21
4
3
3
8
4
4
4
6
5
3
4
3
1
3
28
2
5
4
3
1
6
5
5
5
21
5
3
4
8
4
4
4
6
5
4
5
3
2
1
3
7
2
5
5
2
1
6
5
5
4
21
5
3
4
8
4
4
4
6
5
3
4
3
1
1
3
47
2
6
5
2
1
6
5
5
5
21
4
3
3
8
4
5
4
6
5
3
4
3
1
3
78
1
5
4
2
1
7
5
5
5
22
4
4
4
8
5
5
4
6
6
3
5
4
2
1
3
48
2
5
5
2
1
6
5
5
5
23
5
4
5
8
5
5
4
7
6
4
5
4
2
1
3
3
6
5
3
1
7
5
5
5
23
5
4
4
9
4
5
4
7
5
4
4
3
2
1
3
59
2
6
5
2
1
7
5
5
5
23
5
4
4
9
4
5
4
7
5
3
5
4
1
1
3
106
2
5
5
2
1
7
5
5
5
24
5
4
4
9
5
5
5
7
6
4
5
4
2
1
4
61
2
6
5
3
1
7
6
5
5
24
6
4
5
9
5
5
4
7
5
4
5
4
2
1
4
4
2
6
6
3
1
7
6
5
5
24
5
4
4
9
5
5
5
7
6
4
5
4
2
1
4
61
2
6
6
3
1
8
6
5
5
24
5
4
5
9
5
5
5
7
6
4
5
4
2
1
4
101
2
6
6
3
1
8
6
6
5
25
5
5
5
9
6
5
5
8
6
4
5
4
2
1
4
25
2
7
6
3
2
8
6
6
5
25
6
5
5
9
5
5
5
8
6
4
5
4
2
4
2
6
6
3
1
8
6
6
5
26
6
5
5
10
5
6
5
8
6
4
5
4
2
1
4
1
2
7
6
3
1
8
6
6
5
26
5
5
5
10
5
6
5
8
6
5
5
5
2
1
4
59
2
7
6
3
1
8
7
6
5
26
6
5
5
10
5
6
5
8
6
4
5
4
2
1
3
50
2
7
6
3
1
8
6
6
6
27
6
5
5
10
6
6
5
8
7
5
5
5
2
1
4
3
7
6
3
1
8
6
6
6
27
6
5
5
10
6
6
5
8
7
5
6
5
2
1
5
2
7
7
3
1
9
7
6
6
27
7
5
5
10
5
6
6
8
7
4
6
5
2
1
4
42
2
7
7
3
2
9
7
7
6
28
6
5
5
10
6
5
6
8
7
5
6
5
2
1
4
83
2
7
7
3
2
9
7
6
6
28
6
5
6
10
6
6
6
9
7
5
6
5
3
1
4
25
2
7
7
3
1
9
6
6
6
28
6
5
6
11
6
6
5
9
7
5
6
5
3
1
4
3
8
7
4
2
9
6
7
6
29
7
5
6
11
6
6
6
8
7
5
6
5
2
1
4
52
2
7
7
4
2
9
7
7
6
29
6
5
6
11
6
6
6
9
7
5
6
5
3
1
4
85
3
7
7
3
1
9
7
7
6
30
7
6
6
11
7
6
6
9
7
5
6
5
3
1
5
33
2
8
7
4
2
9
7
7
7
30
7
6
6
11
7
6
6
9
7
5
6
5
3
1
4
2
8
8
4
2
9
7
7
7
30
7
6
6
11
7
6
6
10
7
5
6
5
2
1
4
42
2
8
8
3
2
9
7
7
6
30
7
6
6
11
7
7
7
9
8
6
6
6
3
2
5
82
3
8
8
4
2
10
7
7
7
30
7
6
7
12
7
7
7
9
8
6
7
6
3
2
5
23
2
8
8
4
2
10
7
7
7
31
7
6
7
12
7
7
6
9
7
5
7
6
3
1
4
2
8
8
4
2
10
7
7
7
31
7
6
7
12
7
6
7
10
8
6
7
6
3
2
5
38
2
9
8
4
2
10
7
8
7
32
7
6
7
12
7
7
7
10
8
6
7
6
3
2
5
55
2
9
8
4
2
10
8
8
7
32
7
6
7
12
7
7
7
10
8
5
7
6
3
1
5
68
2
8
8
4
2
10
8
8
7
32
7
7
7
12
7
7
7
10
9
6
7
6
3
1
5
52
3
9
8
4
2
10
8
8
7
33
8
7
7
12
7
7
7
10
8
6
7
6
3
2
5
55
2
9
8
4
2
10
7
8
7
33
8
6
7
12
7
7
7
10
8
6
7
6
3
1
5
112
2
9
9
4
3
11
7
8
7
33
8
7
7
12
7
7
7
10
9
6
7
6
3
1
5
80
3
9
9
4
2
10
8
8
7
33
7
7
7
13
7
7
7
10
9
6
7
6
3
2
6
23
2
9
9
4
2
10
8
8
7
34
7
7
7
13
7
7
7
10
8
6
7
6
3
2
5
22
3
9
9
4
2
11
8
8
7
34
8
7
8
13
8
8
7
10
8
6
7
6
3
1
5
58
2
9
9
4
2
11
8
8
8
34
8
7
8
13
8
8
7
11
9
6
8
6
4
2
6
43
3
9
9
4
2
11
8
8
8
34
8
7
8
13
8
8
8
10
9
7
7
6
3
2
5
3
10
10
4
2
11
8
8
8
35
8
7
8
13
8
7
7
10
9
6
7
6
3
2
5
15
2
10
9
4
2
11
8
8
8
35
8
7
8
13
8
8
8
11
9
7
8
7
3
2
5
61
3
9
9
4
3
11
8
8
8
35
8
8
8
14
8
8
8
11
9
7
8
7
3
2
6
32
2
10
10
4
3
11
9
9
8
36
8
8
8
14
8
8
8
10
9
7
8
6
3
2
5
2
10
10
4
3
12
9
9
8
36
8
7
9
14
8
8
8
11
9
7
8
7
3
2
5
2
10
10
4
2
11
8
9
8
36
8
8
9
14
9
8
8
11
9
7
8
7
4
2
6
39
3
10
10
4
3
12
9
9
8
37
9
8
8
14
8
8
8
11
9
7
8
6
3
2
6
23
2
10
10
5
3
12
9
9
8
37
9
8
9
14
8
8
8
11
9
7
8
7
3
2
6
2
10
10
4
3
12
8
9
8
37
9
8
9
14
9
8
9
11
10
7
9
7
4
2
6
3
10
10
4
3
12
9
9
8
37
9
8
9
14
9
8
9
11
10
7
9
7
3
2
6
15
2
11
11
4
3
12
9
10
8
38
9
8
9
14
9
9
8
11
9
7
8
7
3
2
6
16
2
10
10
4
3
12
9
9
8
38
9
8
9
15
9
9
8
12
10
7
9
7
4
2
6
2
10
10
4
3
12
9
9
8
38
9
8
9
15
9
9
9
12
10
8
9
7
4
2
6
2
10
10
4
3
13
9
9
9
39
9
8
9
14
9
8
9
11
10
7
9
7
4
2
6
2
11
11
5
3
13
9
9
9
39
9
8
9
15
9
9
9
12
10
7
9
7
4
2
6
41
2
11
11
4
2
12
9
9
8
39
9
9
9
15
10
9
9
12
10
7
9
7
4
3
7
2
11
11
4
3
13
9
9
9
39
9
9
9
15
9
9
9
12
10
7
9
7
4
2
6
2
11
11
5
3
13
9
10
9
40
10
8
9
15
9
9
9
12
10
8
9
7
4
2
6
2
11
11
4
3
13
9
10
9
40
9
9
10
16
10
9
9
12
11
7
9
8
4
2
7
64
2
11
11
4
2
13
9
10
9
40
9
9
9
15
9
9
9
12
10
8
9
8
4
2
6
41
2
11
11
5
3
13
10
10
9
40
10
8
10
16
10
9
9
12
10
8
9
7
4
2
6
2
11
11
5
3
13
10
10
9
41
9
9
10
16
10
9
9
13
10
8
9
8
4
3
6
2
11
12
5
3
13
9
10
9
41
9
9
10
16
10
9
10
13
11
8
10
8
4
2
7
68
2
12
12
5
3
14
10
10
9
41
10
9
10
16
10
9
10
13
11
8
9
8
4
2
7
72
2
12
12
5
3
14
10
10
9
41
10
9
10
16
10
9
10
13
11
8
10
8
4
3
7
2
12
12
5
3
13
10
10
9
41
10
9
10
16
10
10
10
13
11
8
10
8
5
3
7
2
12
12
5
3
13
10
11
9
42
10
9
10
16
10
10
10
13
11
8
10
8
4
2
7
63
2
12
12
5
3
14
10
11
9
43
10
9
10
16
10
10
10
13
11
8
10
7
4
2
7
81
2
12
12
5
2
14
10
11
9
42
10
9
10
17
10
10
10
13
12
8
10
8
4
3
7
21
3
12
12
5
3
14
10
10
10
43
10
9
10
16
11
10
10
13
12
8
10
8
4
2
7
21
2
12
13
5
3
14
10
10
9
43
10
9
10
17
10
10
10
13
12
8
10
8
4
2
6
74
1
12
13
5
3
14
10
11
9
43
10
10
10
17
10
10
10
13
12
8
10
8
5
3
7
80
2
12
12
5
3
14
10
11
9
44
10
10
10
17
11
10
10
14
12
9
11
8
5
3
7
29
2
13
13
5
3
14
10
11
9
44
10
9
11
17
10
10
10
13
12
8
10
8
4
2
7
15
2
12
13
5
3
14
10
11
9
44
10
10
11
17
11
10
10
14
12
9
11
8
5
2
7
58
1
13
13
5
3
14
10
11
10
44
10
10
11
18
11
11
10
14
12
9
11
9
5
2
8
45
3
13
13
5
3
15
10
11
10
45
10
10
11
17
11
10
11
14
12
8
11
9
5
2
7
29
2
13
14
5
3
15
10
11
10
45
10
10
11
18
11
10
10
14
12
9
10
8
4
2
7
11
2
13
13
5
3
15
10
11
10
44
10
10
11
18
11
10
10
14
13
9
11
9
5
3
8
42
2
13
13
5
3
15
10
11
10
45
11
10
11
18
11
10
10
14
12
9
11
9
5
3
8
53
2
13
14
5
3
15
11
12
10
45
11
10
12
18
11
10
10
14
12
9
10
8
5
2
7
15
2
14
14
5
3
15
10
12
10
46
11
10
11
18
11
10
11
14
13
9
11
9
5
3
7
13
2
13
14
5
3
15
11
11
10
46
11
11
12
18
11
11
10
14
13
9
11
9
5
3
8
2
13
14
5
3
15
11
12
10
46
11
10
12
18
11
11
11
14
12
9
11
9
5
2
7
71
2
13
14
6
3
15
11
11
10
47
11
10
12
18
11
11
11
14
13
9
11
9
5
3
8
76
2
13
14
5
3
15
11
11
10
47
11
10
12
18
12
11
11
15
13
9
12
10
5
3
8
2
14
14
5
3
15
11
12
10
47
11
11
12
18
12
11
11
15
13
9
11
9
5
3
8
21
2
14
14
5
3
16
11
12
11
47
11
10
12
18
12
11
11
15
13
9
11
9
5
3
8
41
1
14
14
5
3
16
11
11
10
47
11
11
12
18
12
11
11
15
13
9
12
9
5
3
8
52
2
14
14
5
3
16
