3
1
4
1
10
1
3
7
2
1
16
76
2
1
2
9
48
2
1
8
1
1
1
19
1
6
1
1
8
28
75
1
2
1
17
9
1
1
11
19
62
1
5
4
5
2
4
2
4
1
13
14
1
6
8
1
6
9
6
5
5
1
2
8
13
1
1
9
1
6
6
3
14
1
4
3
6
4
5
1
15
17
64
7
4
5
1
5
5
8
5
1
4
5
1
14
17
64
4
8
1
2
7
5
6
16
4
35
2
6
1
1
2
10
6
11
3
1
9
2
1
10
10
7
2
10
1
1
1
1
8
4
2
1
9
6
2
2
22
5
9
6
13
1
1
1
5
14
12
10
3
1
20
5
72
4
1
2
1
23
7
11
6
4
4
1
1
13
23
6
8
9
3
4
22
1
7
2
8
7
7
1
1
20
10
12
15
7
5
10
1
3
3
1
18
7
10
2
1
21
9
10
14
6
5
1
1
12
8
3
1
14
4
10
2
1
26
12
52
9
9
18
6
4
4
1
2
14
10
2
5
10
6
11
3
18
11
37
5
9
9
5
5
22
3
14
3
1
9
8
8
2
17
5
8
9
3
3
3
16
1
15
2
10
7
5
20
3
3
3
4
1
14
14
2
13
1
1
11
76
4
2
5
7
1
1
4
1
1
8
71
1
2
12
1
1
1
2
1
4
3
4
2
1
1
4
5
4
7
3
2
67
3
3
4
2
87
5
3
5
1
4
1
3
3
1
10
2
7
1
2
41
5
2
6
1
3
79
5
4
1
18
1
2
79
1
1
13
5
6
1
1
10
5
3
3
3
8
1
10
6
13
1
5
7
2
1
14
78
2
5
1
1
4
3
14
5
3
1
1
1
5
44
2
3
4
24
19
13
4
9
5
2
14
9
5
7
3
3
2
15
19
7
3
21
15
1
2
19
19
1
5
2
4
2
5
12
2
11
25
2
7
21
13
1
14
5
5
88
4
3
5
3
7
10
9
7
10
3
9
9
9
2
9
59
1
1
4
4
7
9
1
7
9
4
8
3
10
3
7
1
1
3
5
6
5
9
4
5
2
10
6
3
14
8
1
4
2
4
2
1
2
5
5
3
18
59
1
1
3
1
5
1
6
2
25
62
1
2
2
4
6
1
3
27
1
1
2
40
1
1
3
1
3
4
3
41
32
1
1
3
2
27
57
1
1
2
21
1
1
2
21
2
1
2
1
1
6
22
9
2
1
2
1
2
2
4
2
3
2
6
14
56
2
2
1
2
9
12
1
2
7
4
2
1
1
1
3
1
2
8
2
1
3
1
4
1
3
6
1
2
3
1
1
1
1
1
10
52
2
2
1
9
2
5
2
4
1
1
3
2
1
4
5
1
2
5
6
2
6
13
5
1
3
2
1
9
11
5
14
1
1
7
2
13
13
69
3
1
1
1
9
14
1
2
1
12
2
9
25
2
11
1
2
1
10
3
1
10
6
3
3
16
4
3
2
4
1
6
3
6
3
16
3
1
4
1
24
2
12
2
10
5
1
12
56
1
10
4
11
9
3
7
4
1
14
27
7
5
14
2
1
14
3
6
9
92
7
3
3
2
4
272
33
2
7
2
4
10
2
521
39
2
13
4
7
2
760
1
4
9
4
21
2
1
869
1
3
9
6
30
2
8
832
32
12
3
19
2
453
37
49
1
1
82
1
84
1
80
11
1
1
60
50
2
30
1
2
25
3
2
5
1
1
19
2
1
2
1
1
3
49
6
1
2
1
1
7
3
6
1
1
7
1
11
1
2
3
1
8
8
4
2
1
4
3
16
5
18
4
16
12
2
1
1
19
6
3
3
4
5
5
2
10
5
5
7
13
3
2
14
37
1
2
1
1
3
2
7
3
15
6
1
5
2
7
3
2
3
3
1
8
4
7
6
3
7
3
3
3
8
9
7
7
4
3
4
4
5
18
16
9
13
9
3
9
65
3
1
4
4
5
8
8
5
4
3
14
35
2
3
1
10
3
3
8
5
3
7
1
2
2
8
1
5
3
4
3
8
5
4
1
1
12
5
3
5
3
10
12
41
1
9
9
3
1
1
1
3
7
45
1
7
8
3
16
2
2
3
22
7
5
1
12
19
11
6
2
1
5
1
8
3
1
11
9
34
1
1
1
3
2
1
6
2
3
1
3
5
10
6
1
6
2
2
6
12
5
1
3
3
1
5
11
39
4
2
1
2
6
1
4
1
5
10
12
3
3
3
5
4
16
2
3
6
1
1
16
4
9
8
2
4
1
1
9
4
7
2
14
11
4
5
20
7
2
1
1
19
2
13
6
3
11
7
1
1
13
5
60
4
6
8
4
13
5
6
6
2
1
6
4
2
13
3
7
5
7
1
1
3
1
12
7
5
5
7
6
10
3
15
3
8
1
3
15
3
8
9
4
1
15
1
45
3
3
1
7
14
1
3
1
1
14
4
3
2
1
2
14
16
7
1
19
3
1
10
16
2
11
2
14
7
2
3
2
9
11
1
13
14
21
4
3
9
9
8
13
11
3
1
1
10
11
3
3
4
1
9
23
5
2
3
1
1
1
14
9
5
12
5
2
13
29
3
6
4
1
1
12
4
9
7
2
17
34
27
2
1
2
1
7
2
1
7
3
2
13
41
18
2
2
2
5
3
1
2
11
38
1
1
1
3
3
1
9
36
16
9
1
10
44
35
3
7
2
6
1
59
52
6
4
2
1
5
61
1
1
3
3
1
1
3
71
2
2
4
3
1
9
2
3
75
21
2
1
3
8
5
2
4
79
70
1
4
1
2
1
96
1
1
1
98
3
2
1
2
3
3
11
2
6
6
1
8
115
1
1
1
4
2
5
6
3
5
135
52
1
2
9
4
2
2
141
1
7
1
2
1
3
3
163
1
5
7
2
10
1
168
3
14
4
1
9
12
168
62
1
5
8
10
195
10
3
1
11
11
4
6
10
214
1
1
20
16
5
20
1
17
239
14
3
2
15
1
13
249
36
1
4
7
247
12
2
1
1
5
267
6
6
11
4
8
2
14
282
11
6
13
3
17
4
18
294
18
10
7
13
9
1
5
14
307
21
1
1
12
15
4
4
1
12
323
1
3
2
9
22
6
18
2
5
323
1
2
1
10
4
20
2
6
327
20
4
8
2
7
1
1
329
54
1
1
8
318
1
2
3
2
319
5
2
4
7
6
4
15
1
3
317
21
3
7
6
1
4
8
3
12
3
306
72
3
8
7
7
1
2
4
283
3
6
3
2
7
2
3
4
251
1
4
5
1
219
1
4
178
68
1
4
1
161
3
3
136
1
3
2
4
1
8
2
4
113
2
4
4
11
2
3
97
74
2
4
4
6
3
3
2
59
28
2
3
1
4
5
16
1
2
7
43
2
6
1
1
8
1
11
16
9
1
5
1
13
20
3
5
10
2
2
12
3
10
3
8
1
16
9
73
9
5
1
10
5
3
12
32
3
3
1
5
4
1
7
1
2
4
10
2
7
13
10
15
2
8
4
3
7
8
3
9
2
5
10
11
3
1
11
44
5
6
3
8
8
7
2
10
5
6
3
5
39
2
3
1
5
3
3
3
9
1
6
5
1
9
2
10
4
5
4
1
4
3
6
7
4
10
3
3
1
7
5
9
1
5
2
3
11
6
6
5
7
4
8
47
3
6
2
5
5
1
1
1
6
2
4
2
1
23
2
1
1
2
3
2
63
1
2
1
1
1
1
1
2
3
1
6
3
12
1
4
7
1
5
2
4
9
2
4
2
2
1
48
3
1
2
2
1
2
3
1
9
5
5
3
4
9
2
4
9
53
2
2
1
1
3
1
3
4
1
1
7
10
12
5
12
8
3
9
8
4
1
1
10
1
1
7
1
8
2
13
9
6
9
10
4
4
3
14
2
5
9
1
1
18
14
52
9
9
12
3
7
1
13
6
1
9
2
4
19
1
20
7
10
10
1
4
13
4
11
12
5
1
4
19
6
9
13
1
1
7
2
6
6
8
6
4
1
7
24
3
8
10
12
3
1
1
9
1
4
7
6
5
20
4
54
1
10
3
5
8
2
1
23
8
10
5
3
4
5
1
19
13
46
4
7
10
5
3
6
1
16
6
9
12
4
2
10
7
2
19
7
6
9
10
4
6
14
7
15
10
9
7
2
3
24
1
6
7
1
5
2
13
4
5
14
5
3
2
7
18
17
52
5
3
14
3
1
1
10
12
64
3
4
1
1
7
10
12
5
12
8
3
9
8
4
1
1
10
1
1
7
1
8
2
13
9
6
9
10
4
4
3
14
2
5
9
1
1
18
14
52
9
9
12
3
7
1
13
6
1
9
2
4
19
1
20
7
10
10
1
4
13
4
11
12
5
1
4
19
6
9
13
1
1
7
2
6
6
8
6
4
1
7
24
3
8
10
12
3
1
1
9
1
4
7
6
5
20
4
54
1
10
3
5
8
2
1
23
8
10
5
3
4
5
1
19
13
46
4
7
10
5
3
6
1
16
6
9
12
4
2
10
7
2
19
7
6
9
10
4
6
14
7
15
10
9
7
2
3
24
1
6
7
1
5
2
13
4
5
14
5
3
2
7
18
17
52
5
3
14
3
1
1
10
12
64
4
2
1
1
3
1
28
3
1
3
2
5
3
1
3
3
3
1
6
1
1
2
10
62
2
4
2
1
2
1
1
12
29
3
5
3
2
4
3
3
1
9
4
3
2
3
7
22
1
9
8
1
16
7
4
3
1
1
18
7
1
3
1
2
24
47
5
3
4
4
1
1
4
2
4
21
38
5
2
2
3
6
5
1
3
17
6
1
1
3
3
7
5
3
7
12
1
5
7
6
8
2
5
5
8
10
4
16
14
50
2
4
2
4
1
2
3
1
4
8
72
5
1
1
5
8
3
3
3
12
1
14
1
7
7
16
7
8
9
11
2
5
7
2
14
19
9
5
3
20
11
28
12
11
14
7
7
2
16
3
18
5
12
7
11
2
3
25
24
65
9
13
15
8
8
2
16
7
9
2
2
7
13
3
3
14
17
9
9
13
4
7
2
21
2
1
7
5
9
2
2
20
7
10
7
9
5
2
1
15
1
3
14
5
1
24
4
3
3
6
4
2
5
2
9
7
1
1
12
50
1
6
3
2
2
2
4
12
3
1
2
12
5
1
5
1
7
5
3
1
8
7
2
6
9
3
5
6
11
10
7
4
3
3
1
12
4
10
69
3
12
5
7
2
5
10
5
4
16
6
12
6
4
1
3
6
9
3
8
3
7
3
1
2
6
3
12
3
9
3
2
1
1
1
1
1
15
4
1
10
55
3
3
9
3
4
6
2
14
33
2
5
6
9
8
2
3
2
2
6
2
8
5
2
6
19
12
2
2
12
7
1
13
10
13
11
5
4
10
17
2
2
21
2
11
1
22
44
9
10
9
4
6
10
16
4
11
7
9
1
17
31
6
4
7
3
8
1
3
1
2
19
1
1
2
1
2
1
2
6
3
2
7
2
19
2
3
8
7
2
10
4
2
1
12
14
7
3
13
7
17
12
6
3
4
19
22
4
2
6
2
21
23
10
8
6
1
21
4
3
11
4
14
15
3
2
8
3
15
7
4
12
1
5
15
7
2
10
11
4
21
1
5
2
5
1
2
10
2
1
7
3
16
3
47
1
4
2
6
16
2
3
1
10
3
5
12
4
9
13
2
1
2
2
3
1
15
7
15
1
1
10
1
4
5
80
4
2
1
1
3
16
7
3
1
1
6
2
10
2
1
1
3
3
5
4
5
1
5
10
1
2
3
3
1
1
6
92
3
1
5
39
1
13
6
1
1
4
3
5
4
1
1
5
1
2
2
2
2
1
2
5
3
2
3
7
61
1
2
2
1
3
31
2
8
4
8
5
6
2
8
9
3
5
8
10
3
10
2
8
7
3
4
9
2
4
7
1
11
32
4
4
9
5
4
4
10
21
11
6
1
8
1
2
1
7
2
1
11
2
4
1
7
10
7
5
3
15
5
4
2
11
30
3
9
4
9
10
7
3
18
3
5
10
8
1
3
4
16
2
4
1
2
4
5
6
4
1
1
9
4
1
2
15
1
2
2
1
2
3
3
9
9
1
2
7
2
17
22
2
2
5
6
11
7
4
3
4
10
3
7
3
5
9
10
11
3
4
6
4
3
8
5
1
2
3
5
6
3
8
3
11
2
11
1
10
5
2
2
4
5
5
1
7
2
5
1
11
2
33
1
10
6
9
7
3
7
7
3
12
6
3
3
1
5
1
5
2
2
2
1
14
3
2
3
3
8
5
12
2
11
1
1
1
3
3
12
6
1
1
12
3
2
3
63
4
3
7
1
3
2
2
5
2
5
1
1
2
1
3
4
2
2
1
2
3
4
1
4
9
7
2
3
6
1
5
1
2
10
5
10
2
1
3
6
26
5
7
3
11
2
1
4
3
5
5
2
3
1
7
3
7
5
2
1
3
5
1
1
1
2
3
3
5
4
5
2
1
4
43
1
3
8
12
1
6
1
4
5
38
1
2
1
3
15
6
1
9
2
1
12
10
1
1
6
1
1
1
1
9
4
1
4
1
1
16
22
1
5
3
1
3
1
1
1
11
2
7
7
10
2
16
26
24
3
4
7
1
1
1
1
16
1
8
2
2
18
19
40
5
2
9
2
2
6
1
12
24
3
14
1
1
11
26
1
4
1
1
1
3
1
16
35
7
4
2
1
10
36
40
3
6
2
2
1
2
1
11
37
1
2
2
2
1
2
8
41
1
1
2
3
3
2
1
5
3
3
43
1
1
3
4
4
3
3
3
5
37
53
3
3
5
9
3
21
1
3
2
2
1
2
9
12
2
1
5
2
1
3
7
5
2
4
2
2
2
17
12
2
4
5
1
5
3
15
7
1
2
1
3
12
3
2
1
16
25
62
6
8
6
1
3
6
7
14
10
2
3
4
1
10
4
3
8
18
26
2
7
10
6
4
5
3
8
16
2
2
9
12
4
3
10
18
32
1
9
2
4
3
1
5
8
7
21
4
3
9
2
7
15
34
7
2
1
1
4
3
8
13
10
7
1
3
12
76
6
24
2
2
1
3
4
3
1
1
6
2
9
226
1
9
4
12
1
5
5
4
10
451
7
6
15
6
3
1
18
6
4
26
7
1
3
23
705
12
9
14
4
1
5
1
11
13
7
32
7
2
30
830
23
7
6
12
2
1
5
2
13
16
7
30
5
2
23
832
7
1
4
3
18
18
6
19
3
18
519
21
1
2
3
3
3
9
3
8
45
65
1
1
2
1
4
3
3
77
1
1
5
58
24
3
1
1
34
1
3
4
2
1
27
1
3
3
1
1
9
3
5
29
36
2
3
3
3
9
2
3
7
23
73
3
3
1
3
6
1
3
12
1
2
3
2
10
5
3
5
14
1
3
2
4
1
3
3
10
16
12
2
1
1
2
2
2
11
25
70
5
1
1
1
10
2
1
1
12
27
1
8
1
3
4
1
1
18
20
4
1
1
6
5
2
18
19
7
3
4
4
1
1
2
4
6
16
84
5
3
1
2
7
36
5
1
5
6
13
9
5
15
1
3
91
4
47
3
3
4
1
4
3
2
6
65
1
2
47
13
1
1
2
51
79
1
2
14
6
2
3
1
1
3
1
4
1
9
4
3
7
8
77
1
1
2
4
3
3
1
2
2
5
3
4
7
122
4
3
3
3
3
1
2
3
3
7
36
4
3
7
3
1
2
15
3
2
2
1
3
1
16
5
10
7
5
8
3
3
8
6
4
7
3
13
10
7
1
6
23
56
2
9
7
3
3
4
2
3
16
25
5
9
7
7
2
9
23
3
122
2
3
9
4
2
16
1
22
9
7
1
5
18
43
2
4
1
15
3
1
5
13
4
5
18
1
2
1
4
3
2
12
4
1
1
2
1
8
23
5
13
41
3
3
1
14
6
8
1
5
3
1
12
22
104
1
7
9
3
1
8
2
17
39
1
2
22
1
6
1
7
16
3
2
5
7
3
7
2
14
14
85
1
1
4
5
1
5
3
1
3
4
17
48
2
2
5
7
3
2
4
5
17
4
6
9
11
1
4
6
1
1
6
27
2
8
9
11
1
2
10
6
6
1
32
69
2
4
6
9
1
3
5
38
63
1
2
5
7
1
4
4
33
1
2
3
3
3
3
34
1
2
3
1
1
3
9
50
34
1
4
3
12
2
3
3
57
36
2
2
1
5
4
2
67
1
72
5
5
8
1
83
29
10
1
7
96
3
62
2
3
5
106
9
4
13
10
1
13
118
7
2
7
4
7
3
17
131
9
8
1
5
7
4
1
9
149
69
1
2
9
155
1
1
1
1
8
2
4
174
2
3
3
3
5
5
11
1
15
198
1
2
3
4
1
4
5
2
12
205
9
60
2
1
3
4
1
3
2
7
218
6
18
4
4
3
11
6
3
13
228
2
4
6
3
5
3
3
2
244
3
6
3
4
4
11
3
2
257
77
3
4
1
2
4
3
2
7
268
41
4
5
2
6
3
274
7
3
5
2
3
3
8
3
283
19
1
2
5
4
2
9
3
296
23
57
2
1
5
5
3
3
296
10
51
3
5
3
5
3
10
297
10
4
1
8
5
5
9
12
4
5
304
14
4
4
10
9
9
13
11
3
21
5
5
302
14
61
2
4
10
9
5
5
9
5
17
1
4
4
295
13
73
1
1
7
6
1
7
5
3
1
280
4
2
7
5
3
7
7
2
7
256
8
1
4
9
7
2
8
19
6
3
8
235
15
50
4
10
7
11
16
16
9
18
3
10
215
12
83
4
10
8
15
23
11
10
4
13
4
12
187
10
8
5
1
12
10
2
15
1
11
5
13
7
4
11
160
5
4
10
5
8
5
3
10
20
5
3
9
128
13
26
1
2
3
6
1
4
3
6
10
1
2
93
11
84
1
3
3
5
3
6
6
1
1
69
17
19
1
2
5
3
10
2
4
2
5
1
7
55
17
1
1
5
7
4
10
12
6
10
16
2
9
35
20
30
3
6
4
9
11
7
14
7
2
11
14
25
110
1
3
3
1
7
1
5
23
53
1
1
3
2
1
1
22
1
1
1
25
11
1
28
98
1
22
56
1
6
2
1
25
1
2
2
4
2
1
27
2
2
3
1
3
30
63
32
44
31
2
30
1
3
4
3
1
34
53
2
2
6
1
32
58
1
1
1
1
25
1
16
9
48
2
