2
7
1
9
6
5
1
342
5
4
8
2
25
2
10
5
2
8
3
6
335
1
7
6
16
24
19
22
3
21
12
31
30
6
4
12
370
2
9
1
4
22
372
8
8
15
24
18
2
28
3
23
11
26
30
15
7
12
390
2
16
10
17
10
8
25
4
17
6
19
21
11
4
8
379
34
1
6
7
387
14
5
1
7
2
24
11
10
3
5
474
2
2
5
6
4
1
588
18
9
3
11
8
6
6
9
18
12
7
11
694
37
10
3
2
9
670
14
9
9
6
7
5
600
11
16
13
11
6
10
13
22
25
8
6
4
927
1
5
1
27
18
15
10
1
6
11
23
27
7
2
10
852
3
4
17
23
20
18
14
12
19
15
46
2
10
699
4
10
5
11
3
3
5
14
22
8
6
515
15
7
11
15
11
10
6
1
19
10
7
7
473
13
5
1
9
6
1
405
11
24
32
7
12
3
6
3
12
18
10
6
10
402
19
21
28
12
12
5
4
5
26
9
7
10
1
398
17
24
7
11
10
2
1
366
11
6
1
13
1
16
12
24
23
7
4
406
12
8
1
4
18
4
3
366
14
30
23
3
6
2
8
2
2
9
354
20
33
38
1
2
10
4
22
1
8
4
3
362
23
17
9
6
5
8
16
15
5
13
16
43
1
358
18
24
1
4
8
3
1
3
21
1
356
14
43
1
9
15
5
338
5
47
3
20
18
4
342
3
22
5
2
11
328
16
8
27
15
15
13
4
5
9
316
16
29
7
8
9
8
4
5
5
333
13
27
2
2
15
17
7
10
1
20
13
1
309
23
12
10
6
28
18
6
1
339
22
12
4
6
5
26
328
28
13
6
36
3
4
9
4
4
1
300
28
21
11
4
12
4
3
9
18
2
1
323
17
14
9
7
11
4
12
9
7
23
4
1
12
306
20
8
30
13
11
9
9
10
5
9
18
8
6
9
315
16
24
3
1
3
15
6
303
16
32
78
39
3
20
4
290
12
15
12
7
1
4
2
2
5
4
22
3
3
311
6
9
36
13
2
23
292
5
13
42
26
6
7
19
7
4
286
4
24
1
16
3
1
10
1
1
29
290
10
20
11
9
283
4
8
3
10
1
12
9
5
7
6
22
5
1
3
295
21
7
1
5
7
272
41
10
5
3
21
12
3
291
44
5
1
3
18
5
281
14
2
15
9
266
5
13
1
7
5
10
6
276
7
16
16
4
3
10
6
260
11
17
14
8
1
4
5
11
27
5
269
7
15
13
3
5
21
12
7
249
9
14
8
2
6
8
5
7
237
11
37
10
16
7
238
14
49
12
2
12
3
12
14
7
1
3
232
16
33
3
10
2
2
3
15
5
3
222
11
25
5
1
7
2
1
5
219
11
43
3
2
5
6
5
3
2
2
214
4
53
6
5
1
7
6
1
4
2
193
37
8
8
4
8
6
9
16
5
1
6
5
207
29
6
11
9
13
10
23
2
7
6
212
2
45
1
5
7
7
10
8
5
9
1
6
9
221
3
52
1
3
8
11
13
9
5
8
24
21
3
5
6
226
23
6
8
11
14
7
8
10
22
24
5
4
8
228
10
1
4
6
9
11
6
7
6
7
21
2
2
12
233
18
2
4
6
7
7
6
3
9
19
2
2
10
235
21
6
7
7
11
5
6
10
9
26
4
4
10
236
3
5
6
4
5
5
6
6
10
20
5
3
11
248
2
2
2
12
7
22
12
3
13
253
5
3
3
4
8
5
5
7
20
1
14
264
19
1
6
5
5
1
12
1
6
8
12
28
2
1
13
270
14
5
5
5
2
13
1
6
7
14
25
4
17
255
3
2
6
12
5
18
247
2
3
7
240
16
1
7
5
6
246
20
6
1
20
7
11
251
9
7
3
2
9
13
6
3
12
240
8
9
5
1
10
6
18
3
3
16
257
4
27
9
7
6
23
3
1
6
13
243
5
16
6
4
10
5
3
9
11
231
7
5
7
2
7
16
222
8
7
4
3
1
7
11
216
5
7
6
3
3
6
13
231
21
8
7
5
3
4
2
12
4
1
5
15
220
4
11
10
3
3
2
5
4
9
2
21
4
2
6
11
217
1
4
4
3
2
11
5
1
3
1
22
214
5
7
8
2
4
9
4
7
12
3
3
16
210
1
14
9
9
7
6
6
1
4
16
205
6
3
2
5
8
6
3
3
7
3
21
197
13
5
8
4
8
5
5
2
14
199
23
3
1
1
5
7
2
1
13
3
2
1
24
199
32
7
3
6
8
3
1
4
3
25
195
29
6
6
7
3
1
5
3
25
200
20
5
5
6
1
4
1
5
3
25
193
23
2
2
4
2
20
191
23
14
5
5
7
2
4
4
3
20
197
7
10
8
9
3
7
3
3
4
12
5
1
6
20
195
3
4
5
4
5
19
198
4
1
3
2
8
5
2
19
188
10
3
3
1
6
22
182
9
1
6
1
3
17
188
4
1
1
6
6
3
20
196
3
2
5
3
5
1
19
212
10
1
7
15
198
17
5
8
21
198
4
2
7
21
211
3
2
2
2
5
6
20
213
6
3
2
5
6
7
7
24
213
6
9
4
5
5
4
5
1
4
8
25
223
7
4
8
11
6
8
8
9
7
26
231
4
6
5
9
11
6
1
7
11
11
12
7
5
25
232
3
6
9
11
5
3
8
12
7
12
6
5
21
230
4
7
11
13
9
5
14
1
14
18
6
2
9
23
235
4
7
11
2
12
8
7
13
1
1
14
16
12
6
2
10
23
246
3
6
9
1
10
4
4
10
11
14
13
6
1
5
19
244
5
2
3
2
4
8
2
13
6
1
20
241
4
6
7
9
1
21
244
5
9
10
5
9
2
23
247
1
8
11
12
6
20
257
4
8
6
16
259
3
5
7
4
8
20
248
6
8
8
1
9
1
22
236
7
11
4
2
6
1
18
252
5
5
5
17
250
6
9
6
16
262
10
3
2
3
1
7
1
5
16
260
2
2
5
1
4
8
4
19
249
1
7
8
6
18
244
15
3
2
5
7
11
5
1
1
14
213
18
4
4
8
1
13
11
2
7
2
1
3
17
213
2
4
4
7
3
7
8
9
19
243
4
5
8
4
6
4
6
10
17
264
5
7
2
9
3
9
5
5
6
6
16
282
7
9
3
7
6
7
13
9
12
16
278
1
8
10
6
9
8
9
5
7
8
8
14
18
282
2
7
10
7
10
5
9
6
12
16
7
11
18
294
1
6
9
3
10
3
11
3
14
11
7
11
17
305
4
7
9
5
13
4
12
7
11
15
7
13
21
304
4
5
6
5
18
3
16
1
3
9
7
8
12
25
288
2
4
4
4
2
2
17
3
16
1
1
3
7
13
23
292
13
7
8
9
6
17
9
18
5
8
20
14
6
21
19
305
12
6
9
10
9
5
18
11
18
7
7
20
19
6
21
26
295
12
7
3
9
11
11
5
19
12
22
11
6
18
21
7
2
22
23
306
8
1
6
8
9
16
8
18
7
11
10
7
2
16
19
301
13
11
5
6
6
13
5
12
2
18
9
6
3
13
18
292
13
20
3
5
4
14
5
14
3
10
2
7
3
12
18
299
8
12
2
3
5
1
13
5
11
1
9
1
4
13
20
297
1
4
6
2
12
6
12
10
9
7
4
15
18
299
2
2
13
3
11
6
5
11
16
296
15
1
2
1
13
2
10
6
3
7
10
17
291
12
5
7
5
14
11
9
4
10
1
22
21
292
2
9
8
12
12
10
25
5
9
2
19
19
304
4
1
7
7
12
9
12
25
18
7
15
18
318
24
5
7
7
1
13
11
11
1
2
10
8
19
21
344
19
6
7
8
1
7
18
12
16
1
4
13
12
9
18
24
402
4
8
12
5
12
18
15
19
5
10
18
18
9
1
23
20
494
3
10
12
3
12
17
18
16
3
2
12
14
24
7
29
19
588
3
5
7
10
1
8
16
14
11
9
11
7
19
21
623
3
6
10
3
12
17
5
15
2
9
12
7
7
1
8
21
593
7
12
5
14
18
5
19
4
11
22
12
5
3
4
18
493
9
5
11
5
11
22
5
21
3
7
15
8
3
3
6
22
309
27
5
4
9
5
8
20
6
18
3
1
21
1
3
3
9
23
64
46
7
4
7
10
6
7
23
12
22
5
1
26
2
4
1
6
18
23
55
6
8
1
10
10
7
21
21
27
12
2
41
7
4
5
26
20
45
9
8
7
6
9
11
21
12
6
23
5
5
2
27
15
43
7
5
3
14
16
15
19
11
22
10
6
1
18
13
19
9
5
5
8
1
3
14
17
29
26
16
37
18
7
2
35
9
69
8
10
1
9
2
8
10
34
16
10
9
17
9
1
2
45
8
316
7
7
10
5
14
9
33
15
2
10
15
18
7
1
3
36
5
534
10
14
3
10
5
14
13
38
19
3
7
21
15
7
1
4
43
6
670
2
8
4
14
1
10
16
5
9
39
18
5
8
6
17
25
8
3
8
42
832
2
5
4
16
13
16
13
11
38
20
9
9
13
27
29
9
4
8
37
886
7
6
3
13
11
12
12
12
36
17
7
3
10
12
20
7
1
3
39
4
828
4
4
4
15
13
15
23
9
36
15
6
3
14
8
22
8
1
4
38
700
18
5
8
8
19
18
15
29
10
40
17
11
5
22
30
27
10
4
7
43
507
41
1
2
8
19
19
14
27
8
38
14
7
3
17
23
22
11
5
9
36
423
43
1
2
5
17
17
11
29
7
33
13
1
16
9
20
9
4
9
30
390
42
1
6
17
17
8
25
5
37
14
10
19
5
29
8
2
6
37
368
38
5
14
14
5
22
5
36
12
3
14
19
21
9
1
4
40
352
37
4
2
5
14
14
6
25
11
36
14
5
18
29
23
10
1
5
43
2
354
36
3
1
4
14
13
6
24
12
37
17
8
17
19
24
8
4
37
2
353
31
1
3
12
10
1
20
2
32
3
1
12
16
8
3
32
339
28
9
8
1
12
4
27
11
7
9
16
6
1
4
29
342
34
3
11
9
1
14
6
34
12
2
1
9
20
15
7
2
5
35
336
41
3
9
6
2
12
6
31
11
1
3
6
3
8
1
4
30
329
35
7
2
4
5
8
28
19
4
8
14
5
3
31
331
33
1
8
2
5
2
3
31
10
3
12
17
6
1
4
33
337
31
7
3
7
2
1
27
9
5
21
12
7
3
6
26
339
28
1
9
1
4
8
2
6
33
15
7
9
13
7
4
7
37
331
34
3
9
3
10
4
34
12
5
5
4
6
3
6
37
321
32
2
7
14
5
29
13
6
20
7
7
3
32
323
39
4
9
16
5
34
14
9
10
9
9
1
3
32
331
48
5
8
16
4
35
16
10
25
10
9
1
1
36
332
44
4
5
19
4
9
32
17
11
36
23
8
39
342
42
5
7
18
8
7
36
12
3
7
10
20
8
38
338
40
5
10
2
20
16
8
38
18
7
11
7
18
22
8
45
340
48
3
10
5
22
24
9
33
17
4
12
14
26
25
9
36
340
53
4
13
10
24
32
6
36
13
7
9
21
23
22
9
2
41
338
55
6
18
17
23
34
7
39
16
15
8
26
17
33
8
3
5
54
348
53
7
20
19
17
33
5
37
12
10
3
26
35
32
9
5
8
39
337
48
3
11
22
22
12
37
40
7
15
32
25
33
12
6
7
39
341
48
10
21
19
8
31
3
40
8
12
27
13
28
11
5
5
47
339
44
10
20
18
6
27
4
36
6
9
24
17
26
10
5
4
37
335
38
8
18
15
2
24
32
5
7
21
17
19
8
4
3
31
337
32
7
18
15
21
5
34
10
8
17
10
19
8
6
6
25
330
30
4
15
14
19
30
8
5
12
11
24
7
5
6
34
338
42
11
8
11
24
4
3
23
10
5
4
4
22
334
40
12
9
5
5
23
7
8
8
5
4
4
26
330
30
18
7
3
24
9
3
9
6
5
3
3
41
329
26
5
1
9
3
2
1
26
10
5
6
10
6
3
4
11
328
16
1
7
1
8
2
22
6
5
3
8
6
2
2
13
337
1
9
2
7
10
23
6
4
38
4
6
2
1
22
332
22
3
9
2
14
5
27
9
7
12
11
7
3
3
29
317
16
1
9
2
4
23
13
1
24
15
14
11
16
6
3
5
26
331
4
1
11
4
7
30
18
1
26
16
1
17
46
21
5
4
6
15
331
5
14
1
12
4
8
33
21
27
13
3
17
45
21
5
3
6
26
330
10
22
3
12
3
8
33
23
28
14
2
18
1
46
25
5
3
6
34
327
8
2
11
2
7
31
24
26
16
1
18
2
35
19
6
3
4
25
323
14
3
13
1
10
31
29
7
29
16
5
17
7
27
21
5
3
5
27
322
13
3
15
3
14
36
37
29
16
10
20
17
32
43
4
4
6
39
331
11
3
18
5
18
37
41
1
30
19
14
24
24
44
40
4
4
8
29
326
7
4
20
5
21
36
47
3
31
18
16
24
31
53
41
5
5
9
33
330
8
5
21
4
24
34
49
29
15
15
23
36
40
47
5
5
9
36
333
13
5
23
5
28
33
50
35
14
21
21
41
41
49
5
7
12
36
339
9
7
23
6
27
32
51
24
15
17
20
42
46
49
5
7
13
35
352
19
1
9
2
4
23
13
1
24
15
14
11
16
6
3
5
26
331
4
1
11
4
7
30
18
1
26
16
1
17
46
21
5
4
6
15
331
5
14
1
12
4
8
33
21
27
13
3
17
45
21
5
3
6
26
330
10
22
3
12
3
8
33
23
28
14
2
18
1
46
25
5
3
6
34
327
8
2
11
2
7
31
24
26
16
1
18
2
35
19
6
3
4
25
323
14
3
13
1
10
31
29
7
29
16
5
17
7
27
21
5
3
5
27
322
13
3
15
3
14
36
37
29
16
10
20
17
32
43
4
4
6
39
331
11
3
18
5
18
37
41
1
30
19
14
24
24
44
40
4
4
8
29
326
7
4
20
5
21
36
47
3
31
18
16
24
31
53
41
5
5
9
33
330
8
5
21
4
24
34
49
29
15
15
23
36
40
47
5
5
9
36
333
13
5
23
5
28
33
50
35
14
21
21
41
41
49
5
7
12
36
339
9
7
23
6
27
32
51
24
15
17
20
42
46
49
5
7
13
35
352
19
7
15
5
13
30
27
19
15
17
26
25
56
54
5
3
4
25
423
12
3
1
16
7
12
35
34
4
21
23
16
32
29
48
50
5
2
5
35
429
1
1
3
13
5
11
32
31
11
35
23
14
28
24
42
40
2
3
23
421
7
21
1
12
3
10
28
28
36
14
16
22
21
48
51
1
1
2
35
422
4
29
16
23
1
14
20
26
26
9
10
17
17
52
48
6
5
5
36
418
18
5
28
1
16
16
28
5
28
14
11
16
14
46
40
6
7
7
22
416
5
14
13
12
27
31
10
8
11
11
27
37
4
3
5
34
413
1
16
13
12
14
6
22
2
9
9
6
7
29
25
3
3
3
9
403
10
23
14
26
20
6
26
23
3
5
6
10
32
32
5
7
7
11
406
6
13
10
28
24
10
33
23
8
7
11
18
35
30
8
8
10
12
414
7
4
14
7
29
2
2
9
9
13
44
24
2
1
3
1
410
18
8
9
15
5
24
14
1
3
10
26
24
4
1
3
5
400
23
2
16
1
21
13
32
8
12
14
13
12
22
34
28
4
3
8
8
408
23
1
3
11
13
29
1
35
12
18
14
20
34
43
3
1
7
2
3
407
18
6
12
11
7
18
12
4
7
7
11
21
5
1
5
9
391
20
3
3
10
13
5
9
7
10
3
21
21
2
14
397
14
12
3
8
6
4
3
3
5
12
16
5
15
388
7
14
12
13
2
1
4
26
9
8
10
384
5
10
7
4
7
21
16
4
12
392
7
8
6
3
7
2
5
15
14
2
18
391
12
15
10
8
5
6
1
3
3
16
11
4
31
388
17
11
15
9
12
1
5
24
22
12
9
19
11
19
14
38
31
6
1
1
22
407
21
13
6
7
2
21
21
8
10
13
8
36
22
6
22
408
17
12
7
12
17
2
18
17
9
3
9
17
5
25
390
14
13
18
12
1
1
17
19
2
7
6
12
14
3
34
392
12
26
18
8
12
1
1
5
6
1
37
364
19
20
12
6
16
9
11
21
9
6
5
16
15
6
1
1
9
372
21
19
17
10
2
13
25
19
4
6
8
7
11
27
17
5
1
34
390
19
30
18
18
4
9
9
5
2
28
367
25
44
21
18
1
3
2
13
1
11
3
30
368
19
43
26
15
1
16
3
3
6
8
37
366
17
27
29
17
1
6
1
13
9
34
372
21
37
20
12
6
36
365
19
38
20
12
4
347
15
14
13
10
11
2
12
3
23
361
18
4
39
30
3
7
5
1
14
25
16
2
1
8
9
2
5
56
375
25
18
28
33
320
17
25
25
21
28
14
20
5
3
7
19
5
17
2
3
8
33
365
8
47
45
30
22
19
22
28
32
2
44
11
31
17
27
27
13
7
13
63
395
31
11
7
6
1
15
19
378
16
28
18
10
3
18
9
9
16
22
16
11
14
9
14
14
7
2
5
53
378
43
25
11
12
6
1
4
17
21
6
18
17
9
13
11
3
43
355
36
5
1
22
4
7
321
13
2
28
4
10
267
4
38
29
2
14
4
28
28
38
18
21
11
37
7
11
1
3
57
323
19
12
22
2
22
320
16
19
1
10
4
3
1
46
332
9
41
28
2
3
6
7
1
17
5
5
62
363
13
4
7
3
6
9
3
6
6
369
2
32
26
11
1
17
21
43
5
28
4
23
6
33
24
8
1
28
384
16
15
4
10
41
339
19
11
12
16
1
5
40
361
8
4
17
22
3
14
337
8
24
17
8
16
2
18
13
25
7
15
16
20
5
353
20
43
36
2
22
6
8
44
31
41
5
25
23
18
68
361
5
4
13
7
6
321
27
17
8
14
11
1
20
4
15
7
21
357
15
9
3
9
1
7
24
334
4
3
324
2
18
10
1
1
11
10
10
2
7
27
349
17
7
5
1
1
36
323
20
15
7
6
9
8
8
12
9
8
3
7
18
7
2
21
355
13
14
12
7
10
4
3
3
9
6
13
6
3
350
17
11
6
5
3
3
13
2
5
9
11
4
28
341
15
6
8
5
1
5
9
21
9
8
12
25
13
1
