4999
4744
4833
4833
4833
4833
4999
4833
4833
4999
4834
4833
4833
4834
4999
4835
4999
4833
2448
4832
4999
4910
4905
4826
4994
4736
4826
4826
4826
4826
4999
4826
4826
4999
4826
4826
4826
4827
4999
4867
4999
4826
2368
4826
4999
4903
4898
4820
4999
4730
4820
4820
4820
4820
4999
4820
4820
4999
4821
4820
4820
4821
4999
4977
4999
4820
2295
4820
4999
4897
4892
4813
4999
4724
4813
4813
4813
4813
4999
4813
4833
4999
4814
4813
4814
4814
4999
4997
4999
4813
2227
4813
4999
4890
4886
4807
4999
4718
4807
4807
4807
4807
4999
4807
4929
4999
4808
4807
4808
4808
4999
4999
4999
4807
2155
4807
4999
4884
4879
4801
4999
4727
4801
4801
4801
4801
4999
4801
4999
4999
4801
4801
4801
4801
4999
4999
4999
4801
2091
4800
4999
4877
4873
4795
4999
4827
4795
4794
4795
4795
4999
4795
4994
4999
4795
4794
4795
4796
4998
4999
4999
4795
2024
4794
4999
4871
4866
4861
4801
4977
4867
4854
4866
4860
4850
4859
4935
4872
4859
4858
4865
4865
4888
4865
4814
4864
656
4863
4868
4864
4860
4994
4267
4995
2045
4996
4990
4996
4993
4426
4993
4852
4510
4993
4992
4995
4995
4556
4562
4332
4994
1372
4994
4504
4858
4853
4980
4109
4981
1985
4981
4980
4981
4980
4287
4981
4760
4394
4981
4980
4980
4980
4445
4440
4198
4980
1331
4980
4393
4851
4847
4985
4072
4956
1460
4985
4984
4985
4984
4258
4984
4611
4376
4984
4984
4985
4985
4428
4345
4168
4985
972
4985
4367
4845
4841
4975
3895
4829
1907
4975
4975
4976
4975
4117
4975
4479
4257
4976
4975
4975
4975
4319
4190
4013
4974
1282
4974
4246
4839
4834
112
113
10
115
33
117
118
45
9
5
37
139
140
267
93
94
84
69
95
143
96
96
282
60
60
59
274
56
56
315
8
7
7
374
3
3
7
7
8
374
10
10
440
16
16
16
448
16
16
494
8
8
8
518
7
7
547
581
1
603
2
2
635
2
657
2
2
684
1
708
1
1
732
755
776
799
820
840
859
879
896
914
932
948
964
980
995
1009
1024
1039
1052
1066
1079
1092
1104
1116
1128
1138
1150
1160
1170
1179
1188
1197
1206
1214
1221
1228
1236
1243
1249
1256
1262
1268
1273
1278
1284
1289
1294
1298
1302
1307
1311
1314
1318
1322
1325
1328
1331
1335
1337
1339
1343
1345
1347
1349
1352
1353
1355
1357
1358
1360
1362
1363
1364
1365
1367
1367
1369
1369
1370
1370
1371
1372
1372
1373
1373
1373
1374
1374
1374
1374
1374
1374
1373
1374
1373
1373
1372
1372
1372
1371
1371
1371
1370
1369
1369
1368
1367
1367
1366
1365
1365
1363
1363
1362
1361
1360
1359
1358
1357
1356
1356
1354
1353
1352
1351
1349
1348
1347
1346
1345
1344
1342
1341
1340
1339
1337
1336
1335
1333
1332
1331
1329
1328
1327
1326
1324
1323
1322
1319
1318
1317
1315
1314
1313
1311
1309
1308
1307
1305
1304
1303
1301
1299
1298
1296
1294
1293
1292
1290
1288
1287
1285
1284
1301
1299
1298
1296
1294
1293
1292
1290
1288
1287
1285
1284
1264
1262
1261
1260
1261
1261
1258
1257
1255
1255
1252
1250
1249
1248
1246
1244
1243
906
340
83
125
34
260
353
223
340
56
329
80
42
320
330
298
214
34
61
47
247
15
238
30
346
346
77
138
152
60
106
75
120
81
113
89
170
93
90
89
99
129
88
165
130
121
47
126
105
124
92
106
124
134
153
58
134
122
139
123
104
127
155
85
125
125
128
139
77
145
113
136
40
136
89
241
123
49
72
51
60
22
67
72
65
72
39
73
57
30
70
71
69
65
28
52
41
67
14
66
30
122
73
6
13
5
14
2
12
13
10
12
9
1
5
5
4
57
14
7
20
21
9
12
6
14
6
17
9
25
13
7
7
9
16
13
23
20
14
7
14
14
46
6
12
44
19
19
23
9
20
19
21
19
16
21
24
12
19
19
19
21
12
21
18
22
7
21
13
80
19
7
12
12
7
8
3
10
11
10
11
6
12
8
4
10
11
10
10
5
7
7
11
2
10
4
51
11
57
2
1
1
2
1
1
1
28
2
3
4
4
2
3
2
3
1
4
3
5
2
1
2
2
3
3
4
5
4
2
3
2
2
2
4
3
3
1
3
3
3
3
4
5
5
2
3
4
3
4
3
3
4
5
2
3
2
3
1
2
1
1
1
1
2
1
2
2
3
2
1
2
1
2
1
1
2
3
1
2
1
2
1
1
1
1
1
1
2
1
1
1
1
1
1
1
2
1
1
1
1
2
2
1
1
1
2
1
1
1
1
1
2
2
2
1
1
1
2
1
2
2
1
1
1
1
1
1
1
1
1
1
15
2
1
1
1
1
1
2
2
2
1
1
2
2
1
2
2
1
2
1
35
1
1
1
2
1
1
1
1
1
1
1
1
2
1
1
1
1
1
2
2
2
1
1
2
2
2
2
1
1
1
1
1
1
1
1
1
2
1
2
1
1
1
1
2
2
2
1
1
1
1
37
1
1
1
1
1
1
1
1
2
2
2
1
2
1
1
2
2
2
1
1
1
1
170
1
2
1
1
1
1
1
2
2
2
1
1
2
2
1
1
2
1
1
1
43
1
1
1
1
2
2
1
1
1
1
2
2
1
1
3
1
1
1
1
2
1
1
1
1
1
1
2
2
2
1
2
1
2
2
1
2
3
1
1
1
1
1
2
1
1
1
1
1
2
2
2
1
1
1
2
1
2
2
1
1
1
2
1
1
2
1
1
1
2
2
2
1
1
1
2
2
1
2
2
1
1
1
1
2
1
1
1
1
1
2
2
2
1
2
1
2
2
1
2
2
1
2
1
1
1
1
1
1
2
1
2
1
2
2
1
1
1
1
2
2
1
2
2
1
1
1
1
85
2
1
1
2
1
2
1
2
2
2
1
1
1
2
2
1
2
3
1
1
1
1
237
2
1
1
1
1
2
1
2
2
2
1
1
1
2
2
1
2
2
1
2
2
1
232
2
1
1
1
1
2
1
2
2
2
1
2
2
2
2
1
2
3
1
2
2
2
81
2
1
1
1
1
1
1
2
2
2
1
1
1
2
2
1
2
3
1
1
1
1
2
1
1
1
1
1
1
2
2
2
1
1
2
2
3
1
2
3
1
1
2
1
1
2
1
1
1
1
2
1
3
2
2
1
2
2
3
2
1
2
3
2
2
1
2
1
2
1
1
2
1
2
1
3
2
2
1
2
2
3
2
1
2
3
1
2
2
2
1
2
2
1
2
1
2
1
1
3
2
2
1
2
2
3
3
1
2
3
1
2
2
2
1
2
1
1
2
1
2
1
3
2
2
1
2
2
3
3
1
3
3
2
2
2
2
221
3
1
1
2
2
2
1
3
2
2
1
2
2
3
3
1
2
3
1
2
2
2
414
1
3
1
2
2
2
2
1
3
2
2
1
2
2
3
2
1
2
3
2
2
2
2
471
2
1
1
1
1
2
1
3
2
2
1
2
2
2
3
3
2
3
3
2
2
2
2
532
1
2
1
2
2
1
2
1
3
2
3
1
2
2
3
3
1
2
3
2
2
2
2
462
1
3
1
2
2
2
2
1
1
3
2
2
2
2
2
3
2
1
2
3
2
2
2
2
198
2
1
1
2
1
2
1
3
2
3
1
2
2
2
3
3
1
3
3
2
2
2
3
1
3
1
2
2
1
2
1
1
3
2
3
2
2
2
3
3
2
3
3
2
2
2
3
1
3
2
2
2
2
2
1
1
3
2
3
2
2
2
3
2
1
2
3
2
2
2
2
3
2
2
2
2
2
1
3
2
3
1
2
2
3
3
3
1
2
3
2
2
2
2
1
2
1
1
2
1
2
1
3
2
2
1
2
2
3
2
1
2
3
1
2
2
2
1
2
2
1
2
1
2
1
1
3
2
2
1
2
2
3
3
1
2
3
1
2
2
2
1
2
1
1
2
1
2
1
3
2
2
1
2
2
3
3
1
3
3
2
2
2
2
221
3
1
1
2
2
2
1
3
2
2
1
2
2
3
3
1
2
3
1
2
2
2
414
1
3
1
2
2
2
2
1
3
2
2
1
2
2
3
2
1
2
3
2
2
2
2
471
2
1
1
1
1
2
1
3
2
2
1
2
2
2
3
3
2
3
3
2
2
2
2
532
1
2
1
2
2
1
2
1
3
2
3
1
2
2
3
3
1
2
3
2
2
2
2
462
1
3
1
2
2
2
2
1
1
3
2
2
2
2
2
3
2
1
2
3
2
2
2
2
198
2
1
1
2
1
2
1
3
2
3
1
2
2
2
3
3
1
3
3
2
2
2
3
1
3
1
2
2
1
2
1
1
3
2
3
2
2
2
3
3
2
3
3
2
2
2
3
1
3
2
2
2
2
2
1
1
3
2
3
2
2
2
3
2
1
2
3
2
2
2
2
3
2
2
2
2
2
1
3
2
3
1
2
2
3
3
3
1
2
3
2
2
2
2
1
3
2
2
2
1
2
1
1
3
2
3
2
3
2
4
3
2
3
4
2
2
2
2
1
3
2
2
2
2
2
1
2
4
3
3
2
2
3
4
3
2
3
4
3
2
2
3
3
2
2
2
2
3
1
2
3
3
3
1
2
2
3
3
3
1
3
4
3
2
2
2
3
2
2
2
2
2
1
1
3
2
3
1
2
3
3
4
3
2
3
4
3
3
3
3
156
1
3
2
1
3
2
3
1
2
3
3
3
2
3
3
4
3
2
3
4
3
2
3
3
174
1
3
2
2
3
2
3
1
2
3
3
3
2
2
3
4
3
2
3
4
3
2
3
2
152
1
3
2
2
2
2
2
2
3
2
3
1
3
3
3
4
3
2
3
5
3
3
3
3
72
1
3
2
2
2
2
3
1
2
4
3
3
1
2
3
3
4
3
2
3
4
3
2
3
3
1
3
2
2
3
3
3
1
2
4
3
3
1
3
2
3
4
3
2
3
4
3
2
3
3
1
3
2
2
3
2
3
1
1
4
3
3
1
3
3
3
4
3
2
3
5
3
2
3
2
1
3
2
2
3
2
3
1
2
4
3
3
1
2
3
3
4
4
2
3
5
3
3
3
3
1
4
2
2
3
3
3
1
2
4
3
3
1
2
3
3
4
3
2
3
4
3
3
3
3
4
2
2
3
2
3
1
2
4
3
3
1
3
3
3
4
4
2
3
4
3
3
3
3
1
3
2
2
3
2
3
1
2
4
3
3
1
3
3
3
5
4
2
3
4
4
3
3
3
1
3
2
2
3
2
3
1
2
4
3
3
3
3
3
4
3
2
3
4
3
3
3
3
4
2
3
3
3
3
1
2
4
3
3
1
3
3
3
4
3
2
3
4
3
2
3
3
60
4
2
2
3
3
3
1
2
4
3
3
3
4
4
4
4
2
3
4
3
3
4
3
145
1
4
2
2
3
3
3
1
2
4
3
3
1
3
3
3
4
4
3
3
4
4
3
3
4
164
4
2
2
3
3
3
1
2
4
3
3
1
3
3
4
5
3
2
3
5
4
3
3
3
178
4
2
3
3
3
3
2
4
3
3
3
3
4
5
4
2
3
5
3
3
3
3
135
4
3
3
3
3
3
1
2
4
3
4
1
3
3
4
5
4
3
3
5
4
3
4
4
1
4
3
3
3
3
4
1
2
4
3
4
1
3
3
4
4
4
2
3
5
4
3
4
3
4
3
2
3
3
4
1
2
5
3
4
1
3
3
3
5
4
3
3
5
4
3
3
3
4
3
3
3
3
4
1
2
4
3
4
1
4
3
4
5
4
3
3
5
4
3
4
4
1
4
3
3
3
3
4
1
2
4
3
4
1
3
3
5
5
4
3
3
5
4
3
4
4
5
3
3
4
4
3
1
3
5
3
4
1
4
4
4
5
4
3
3
5
4
3
3
3
4
3
3
4
3
3
1
2
4
3
4
1
4
4
4
5
4
3
3
5
4
3
4
4
1
5
3
3
4
3
3
1
2
5
3
4
1
4
4
5
5
4
3
4
5
4
3
4
4
1
5
3
3
4
3
4
1
3
5
3
4
1
4
3
5
5
4
3
3
5
4
3
4
4
66
4
3
3
3
3
4
3
5
3
4
1
3
3
4
5
4
2
3
5
4
4
4
4
138
4
3
3
3
3
3
2
5
3
4
1
4
4
5
6
5
3
4
5
4
3
4
4
152
1
4
3
3
3
3
3
2
5
3
4
1
4
3
4
5
4
3
4
5
5
3
4
4
146
5
3
3
4
4
4
1
3
5
3
4
1
4
4
4
5
5
2
3
5
5
3
4
4
54
5
3
3
3
3
4
1
2
5
3
5
1
4
4
5
6
5
3
4
6
5
3
4
4
5
3
3
4
3
4
1
2
5
3
4
1
4
4
5
6
4
3
3
6
5
3
4
4
5
3
3
4
4
4
1
3
5
3
4
1
4
4
5
6
5
3
4
6
5
3
4
4
5
3
3
4
3
4
1
3
5
3
4
1
4
4
5
6
5
3
4
6
4
4
4
5
1
5
3
3
4
4
4
1
3
5
3
4
1
4
4
5
6
4
3
4
5
5
4
4
5
5
3
3
4
4
4
1
3
5
3
5
1
5
4
5
6
4
3
4
6
5
3
4
4
26
5
4
3
4
4
4
1
3
5
3
5
1
4
4
5
6
5
3
4
6
5
3
4
5
90
5
4
3
4
4
4
1
3
5
3
5
1
5
4
5
7
5
3
4
6
5
4
5
5
122
5
4
3
4
4
4
1
3
5
3
4
1
4
4
5
6
5
3
4
6
5
4
5
5
148
5
3
3
4
4
5
1
3
5
3
5
1
4
4
5
6
5
3
4
5
5
4
4
5
120
5
3
3
4
4
4
1
3
5
3
5
1
5
4
5
7
5
3
4
6
6
4
5
5
1
5
4
3
4
4
4
1
3
5
3
5
1
5
4
5
6
5
3
4
6
6
4
5
5
1
6
4
3
4
4
5
1
3
5
3
5
1
5
5
5
6
5
3
4
6
5
4
5
5
5
3
4
4
4
4
1
3
6
4
5
1
5
4
5
7
5
4
4
6
5
4
5
5
5
4
3
4
4
5
1
3
6
3
5
1
5
5
6
7
5
4
4
6
5
4
5
5
6
4
3
5
4
5
1
3
6
3
5
1
5
4
5
7
5
3
4
6
5
4
4
5
5
4
4
4
4
4
1
3
5
3
5
1
5
4
5
7
5
3
4
6
5
4
5
5
5
4
4
4
4
5
1
3
6
3
5
1
5
5
6
7
5
3
4
6
6
4
5
5
5
4
4
5
5
5
1
3
6
3
5
1
5
4
5
7
5
3
4
6
6
4
5
5
6
4
4
5
5
4
1
3
6
4
5
1
5
5
6
7
5
3
4
6
5
4
5
5
23
6
4
4
4
5
4
1
3
6
3
5
1
5
5
6
7
5
3
4
7
6
4
5
5
21
6
4
4
4
5
5
1
3
6
3
5
2
5
5
6
7
5
4
4
6
6
4
5
5
10
6
4
4
5
5
5
1
3
6
3
5
1
5
4
6
7
5
3
4
6
6
4
5
5
6
3
4
5
4
5
1
3
6
3
5
1
5
4
6
7
6
4
4
7
6
4
5
6
5
4
4
5
5
5
1
3
6
3
5
1
6
5
6
7
6
4
4
7
6
4
5
5
6
4
4
5
5
5
1
3
6
3
5
1
5
5
6
7
5
3
4
7
6
4
5
5
6
5
4
5
5
5
1
3
6
4
5
2
5
5
7
8
5
3
5
7
6
5
5
6
6
4
4
5
5
5
1
3
6
4
6
2
5
5
7
8
6
4
5
7
7
5
6
6
6
4
4
5
5
5
1
3
6
3
6
2
5
5
6
7
5
4
4
7
6
4
5
6
6
5
4
5
5
5
1
3
6
3
6
2
5
5
6
7
5
4
4
7
6
5
5
5
5
5
4
5
5
5
1
3
6
3
5
2
5
5
7
7
6
4
5
8
6
5
5
6
6
4
4
5
5
5
1
3
7
4
5
1
5
5
7
7
6
4
5
7
6
5
5
6
6
5
4
5
5
5
1
3
6
3
5
1
6
5
7
7
5
4
4
7
6
4
5
6
6
6
5
4
5
5
5
1
3
7
4
5
2
6
5
7
8
6
4
5
7
6
5
6
6
6
4
4
5
5
5
1
3
6
4
5
1
6
5
6
8
6
4
4
7
7
5
6
6
6
4
4
5
5
5
1
3
6
4
6
1
6
5
7
8
6
4
4
7
7
4
5
6
6
4
4
5
5
6
1
3
7
4
6
2
6
5
7
8
6
4
5
7
7
5
6
6
6
4
4
5
5
5
1
3
6
4
6
1
6
5
7
8
6
4
4
8
7
5
6
6
6
5
5
6
5
5
1
3
7
4
6
1
6
5
7
8
6
4
5
7
7
5
6
6
7
5
4
5
5
5
1
4
7
4
6
1
6
5
7
8
6
4
5
7
7
5
6
6
7
5
4
5
5
5
1
4
7
4
6
2
6
5
8
8
6
4
5
8
7
5
6
7
7
5
4
5
5
5
1
4
7
4
6
2
6
5
7
8
6
4
5
8
7
5
6
6
7
5
5
5
5
6
1
4
7
4
6
2
6
5
7
8
6
4
5
8
7
5
6
6
6
5
5
6
5
5
1
3
7
4
6
2
7
6
7
8
7
5
5
7
8
5
6
7
24
6
5
5
6
5
6
1
3
7
4
6
1
7
6
7
8
6
5
5
8
8
5
6
7
61
6
5
5
6
5
6
1
4
7
4
6
2
6
5
7
8
6
5
5
8
7
4
6
6
65
7
5
5
5
5
6
1
4
7
4
6
2
7
5
7
9
6
4
5
8
7
5
6
7
30
6
5
5
5
5
5
1
4
7
4
6
2
6
6
7
9
7
5
5
8
7
5
6
7
6
5
5
6
6
6
1
3
7
3
6
2
6
6
7
8
6
5
5
8
7
5
6
6
7
5
5
6
6
6
1
4
7
4
6
2
7
5
7
8
6
4
4
8
7
5
6
6
6
5
5
5
5
5
1
4
7
4
6
2
7
6
7
9
7
5
5
8
8
5
6
7
7
5
5
6
6
5
1
4
7
4
7
2
7
6
7
9
7
5
5
8
8
5
6
7
7
5
5
6
5
6
1
4
7
3
6
2
7
6
7
9
6
4
5
8
7
5
6
7
7
5
5
6
6
6
1
4
7
4
6
2
7
6
7
9
7
5
5
9
8
5
7
7
7
5
5
6
6
6
1
4
7
4
6
2
7
6
8
9
7
5
5
9
8
5
6
7
7
5
5
6
6
6
2
4
7
4
6
2
7
6
8
9
7
5
5
8
8
5
6
7
7
5
5
6
6
6
1
4
7
4
6
2
7
6
8
9
7
5
5
8
8
6
7
7
7
5
5
6
6
6
1
4
7
4
6
1
7
6
8
9
7
5
5
9
8
6
7
7
7
5
5
6
6
6
2
4
8
4
7
2
7
6
8
9
7
5
5
9
8
5
6
7
7
5
5
6
6
6
1
