4979
4979
1602
1216
4191
1518
232
4985
1644
2305
2260
950
790
3703
4979
3395
4793
4890
4841
4836
4984
4984
4983
1311
893
4215
1832
292
4980
1976
2162
2106
1154
959
3683
4984
3335
4957
4883
4834
4830
4968
4969
4968
1432
1021
4364
1742
269
4970
1883
2174
2127
1091
907
3787
4968
3424
4910
4855
4828
4824
4968
4968
4968
1381
970
4176
1586
242
4964
1713
2208
2154
991
822
3668
4968
3339
4945
4847
4821
4817
4958
4958
4958
1373
959
4330
1705
265
4894
1841
2144
2095
1066
885
3755
4958
3390
4907
4830
4815
4811
4952
4953
4952
1414
1007
4207
1483
224
4744
1604
2205
2154
923
766
3688
4952
3355
4920
4817
4808
4804
4947
4947
4946
1355
942
4270
1578
242
4602
1705
2149
2099
983
816
3715
4946
3360
4906
4804
4802
4798
4938
4938
4938
1406
999
4240
1443
216
4474
1560
2181
2131
894
742
3703
4938
3361
4898
4789
4796
4792
4933
4934
4933
1366
956
4227
1440
216
4338
1557
2162
2111
893
740
3689
4934
3343
4898
4778
4789
4785
4925
4926
4925
1385
977
4245
1395
208
4214
1509
2161
2111
862
715
3700
4926
3353
4884
4763
4783
4779
4920
4920
4920
1377
969
4211
1334
198
4089
1443
2165
2114
823
682
3678
4920
3337
4884
4751
4777
4773
4887
4887
4888
1372
964
4216
1324
196
3963
1432
2152
2102
816
676
3687
4913
3340
4873
4739
4770
4766
16
16
8
385
6
15
89
13
360
12
15
15
16
368
371
16
16
424
99
397
406
409
8
8
1
445
6
103
1
417
1
4
3
8
426
429
7
7
1
469
108
2
438
2
449
452
497
114
465
477
480
1
2
516
1
2
118
3
482
3
3
3
1
494
497
2
2
543
125
508
521
524
2
1
562
2
128
1
526
1
2
2
2
539
542
2
2
585
133
547
561
564
1
605
137
566
1
581
584
1
1
625
142
583
21
600
602
644
146
603
138
620
622
662
150
619
299
637
639
681
154
636
424
654
657
697
157
652
563
672
674
714
161
668
691
688
690
731
164
683
816
704
706
747
168
698
940
719
721
762
171
712
1056
734
736
777
174
726
1172
749
750
791
177
739
1282
763
764
804
180
752
1390
776
778
818
183
765
1494
790
791
831
186
776
1595
802
804
844
188
789
1694
815
816
857
191
801
1788
827
829
869
195
812
1881
840
840
882
199
824
1972
853
854
894
203
836
2060
865
866
907
3
206
847
2145
876
877
918
60
209
858
2226
888
888
929
208
212
868
2306
899
899
940
348
216
878
2384
910
909
951
474
220
888
2459
921
921
961
608
223
898
2533
932
931
972
730
227
908
2603
942
942
982
855
230
918
2672
951
951
990
970
232
925
2737
960
959
999
1084
235
933
2801
969
968
1008
1196
238
942
2863
978
976
1016
1302
240
949
2921
985
984
1023
1407
242
956
2980
993
992
1030
1507
244
963
3035
1000
998
1037
1604
245
969
3087
1007
1004
1043
1699
247
975
3140
1013
1012
1049
1791
248
981
3190
1020
1018
1055
1880
250
986
3238
1026
1023
1061
1966
251
991
3285
1032
1029
1067
2050
252
997
3330
1037
1034
1072
2131
253
1002
3373
1042
1039
1077
2210
254
1006
2
3415
1047
1044
1082
2286
255
1011
54
3456
1052
1049
1086
2360
257
1015
203
3496
1057
1054
1091
2432
257
1019
350
3534
1062
1058
1095
2502
258
1023
477
3571
1066
1062
1099
2569
259
1027
616
3606
1070
1067
1104
10
2635
260
1031
739
3
3641
1074
1071
1107
98
2698
261
6
1035
866
63
3674
1079
1075
1111
255
2760
262
81
1038
985
215
3707
1082
1079
11
1114
382
2819
263
236
1041
1102
356
3737
1086
1082
102
1118
512
2877
263
367
1044
1215
483
3767
1089
1085
263
1121
641
2933
264
495
1047
1325
1
619
3796
1093
1089
393
1124
761
2987
265
626
1050
1432
49
741
3824
1096
1092
527
1128
884
3040
266
746
1053
1535
192
866
3851
1100
1095
658
1130
997
3091
267
869
1056
1635
336
984
3877
1103
1098
780
1133
1111
3140
267
983
1058
1732
459
1100
3901
1105
1100
905
1136
1219
3188
268
1097
1061
1826
595
1212
3926
1108
1103
1021
1138
1326
3235
269
1207
1063
1916
716
1320
3949
1111
1105
1137
1140
1428
3279
269
1313
1065
2005
840
1426
3972
1113
1108
1248
1142
1527
3323
270
1416
1067
2090
957
1527
3993
1116
1110
1355
1145
1624
3365
270
1516
1069
2173
1071
1626
4013
1118
1112
1460
1147
1718
3405
271
1614
1071
2253
1184
1722
4034
1121
1115
1561
1149
1809
3445
271
1707
1073
2331
1290
1815
4052
1122
1116
1660
1151
1898
3483
271
1799
1074
2406
1396
1905
4071
1124
1118
1754
1152
1983
3520
272
1888
1076
2480
1497
1992
4089
1126
1120
1847
1154
2066
3555
272
1974
1078
2550
1595
2077
4106
1128
1122
1936
1156
2147
3590
273
2057
1079
2618
1690
2159
4122
1129
1123
2023
1157
2225
3623
273
2138
1080
2685
1783
2239
4138
1131
1125
2107
1158
2301
3655
273
2217
1082
2749
1873
2316
4153
1133
1126
2188
1160
2375
3687
274
2293
1083
2810
1960
2391
4167
1134
1127
2267
1160
2446
3717
274
2367
1084
2871
2045
2463
4181
1135
1129
2343
1161
2515
3746
274
2438
1085
2929
2126
2533
4195
1137
1130
2418
1163
2582
3774
274
2508
1086
2985
2205
2601
4207
1138
1131
2489
1164
2647
3802
275
2575
1087
3040
2283
2667
4219
1139
1132
2559
1165
2710
3828
274
2640
1088
3093
2358
2731
4231
1140
1133
2626
1165
2771
3853
275
2703
1088
3144
2430
2793
4242
1141
1134
2692
1166
2830
3878
275
2764
1089
3193
2500
2852
4253
1142
1134
2755
1167
2887
3901
276
2824
1090
3241
2568
2911
4264
1143
1135
2816
1168
2943
3923
276
2882
1090
3287
2634
2967
4273
1143
1136
2875
1168
2997
3946
275
2937
1091
3332
2697
3021
4282
1144
1136
2933
1168
3049
3967
276
2991
1091
3375
2759
3073
4291
1145
1137
2988
1169
3100
3987
276
3044
1092
3417
2819
3125
4299
1146
1138
3042
1169
3149
4007
276
3094
1092
3457
2877
3174
4306
1145
1138
3094
1170
3196
4026
276
3143
1092
3497
2934
3221
4314
1146
1138
3144
1170
3242
4044
276
3191
1092
3534
2989
3268
4322
1147
1139
3193
1170
3286
4061
276
3237
1092
3571
3041
3313
4328
1147
1139
3240
1171
3330
4078
276
3281
1092
3606
3092
3356
4335
1147
1138
3286
1170
3371
4094
276
3325
1092
3640
3142
3397
4341
1147
1139
3330
1170
3411
4111
276
3367
1093
3673
3190
3438
4347
1148
1139
3373
1170
3450
4126
276
3407
1093
3705
3236
3477
4352
1147
1139
3414
1170
3488
4140
276
3446
1093
3736
3281
3515
4357
1147
1139
3454
1170
3524
4154
276
3484
1093
3766
3325
3551
4362
1148
1139
3493
1170
3560
4167
276
3521
1093
3794
3367
3586
4366
1148
1139
3530
1170
3594
4180
276
3556
1092
3822
3407
3620
4370
1147
1138
3566
1169
3627
4192
276
3591
1092
3849
3447
3654
4374
1147
1139
3601
1169
3659
4204
276
3624
1092
3874
3485
3686
4377
1147
1139
3635
1169
3690
4215
276
3656
1092
3899
3522
3716
4380
1147
1138
3667
1169
3719
4226
276
3687
1091
3922
3558
3746
4384
1147
1138
3699
1168
3748
4236
275
3717
1091
3946
3592
3775
4386
1147
1138
3730
1168
3777
4246
276
3745
1091
3968
3625
3803
4388
1146
1137
3759
1167
3803
4255
276
3773
1090
3989
3657
3829
4391
1146
1136
3787
1167
3829
4264
275
3800
1089
4010
3689
3855
4393
1146
1137
3815
1167
3854
4273
275
3827
1089
4029
3719
3880
4395
1145
1136
3841
1166
3879
4281
275
3852
1089
4048
3748
3904
4396
1145
1135
3866
1165
3902
4289
275
3876
1088
4067
3776
3927
4398
1145
1135
3891
1165
3925
4296
275
3900
1087
4084
3803
3950
4399
1144
1134
3915
1164
3946
4303
275
3922
1087
4101
3829
3971
4400
1143
1134
3937
1163
3967
4310
274
3944
1087
4117
3855
3992
4400
1143
1133
3959
1163
3987
4316
274
3965
1086
4133
3879
4012
4401
1143
1133
3980
1162
4007
4322
274
3985
1085
4148
3902
4031
4401
1142
1132
4001
1161
4026
4328
274
4005
1085
4162
3925
4049
4402
1141
1132
4021
1161
4044
4333
274
4024
1084
4176
3948
4067
4402
1141
1131
4040
1160
4062
4338
273
4042
1083
4189
3968
4084
4401
1140
1130
4058
1159
4078
4342
273
4059
1082
4202
3989
4101
4401
1139
1129
4075
1159
4094
4346
273
4076
1082
4214
4009
4117
4400
1138
1129
4092
1158
4110
4351
273
4092
1081
4226
4027
4132
4400
1138
1128
4108
1157
4125
4355
273
4107
1080
4237
4045
4146
4399
1137
1127
4124
1156
4139
4358
273
4123
1079
4247
4063
4160
4398
1136
1127
4139
1155
4152
4361
272
4137
1079
4257
4080
4174
4397
1136
1126
4153
1154
4166
4364
272
4151
1078
4267
4096
4186
4395
1134
1125
4166
1153
4178
4367
272
4164
1077
4276
4111
4199
4394
1134
1124
4180
1152
4191
4370
272
4177
1076
4285
4127
4211
4393
1133
1123
4193
1151
4202
4372
272
4189
1075
4293
4140
4222
4391
1132
1122
4205
1151
4213
4374
271
4200
1074
4301
4154
4233
4389
1131
1121
4216
1150
4224
4376
271
4212
1074
4308
4168
4244
4387
1131
1121
4227
1149
4234
4377
271
4222
1073
4315
4181
4253
4385
1129
1119
4238
1148
4244
4379
271
4232
1071
4322
4192
4262
4383
1128
1118
4248
1146
4253
4380
271
4242
1071
4329
4204
4272
4381
1128
1118
4257
1145
4262
4380
270
4252
1069
4335
4215
4280
4379
1127
1117
4267
1145
4270
4382
270
4260
1068
4340
4226
4288
4376
1125
1115
4275
1143
4279
4382
270
4269
1067
4346
4236
4295
4374
1125
1114
4283
1142
4286
4382
269
4277
1067
4351
4246
4303
4372
1124
1114
4292
1141
4294
4384
269
4285
1066
4356
4255
4310
4369
1122
1112
4299
1141
4301
4384
269
4292
1064
4360
4264
4316
4366
1121
1112
4306
1139
4307
4383
269
4299
1063
4364
4273
4323
4364
1121
1110
4313
1138
4313
4383
268
4306
1063
4368
4281
4329
4360
1119
1109
4320
1137
4319
4383
268
4312
1061
4371
4289
4334
4357
1118
1108
4326
1135
4325
4382
268
4318
1060
4374
4296
4339
4354
1117
1107
4331
1134
4330
4382
267
4323
1059
4378
4303
4344
4351
1117
1106
4337
1133
4335
4381
267
4328
1058
4380
4309
4349
4348
1115
1105
4342
1132
4339
4380
266
4333
1057
4383
4315
4353
4345
1114
1103
4346
1131
4344
4378
266
4338
1056
4385
4322
4357
4341
1113
1103
4351
1129
4348
4378
267
4342
1055
4387
4327
4361
4338
1112
1101
4355
1129
4351
4376
266
4346
1053
4389
4332
4364
4335
1111
1100
4358
1127
4355
4375
265
4350
1052
4390
4337
4367
4331
1110
1099
4362
1126
4358
4373
265
4354
1051
4392
4341
4370
4327
1109
1098
4366
1125
4361
4372
265
4357
1050
4393
4345
4373
4324
1107
1096
4369
1124
4364
4369
265
4360
1049
4394
4350
4376
4320
1106
1096
4371
1123
4366
4368
265
4363
1048
4395
4353
4378
4317
1105
1095
4374
1122
4369
4366
264
4365
1047
4395
4356
4380
4313
1104
1093
4377
1120
4371
4364
264
4368
1046
4396
4360
4382
4309
1102
1092
4379
1119
4372
4362
264
4370
1045
4396
4363
4383
4305
1102
1091
4381
1118
4374
4359
264
4371
1043
4395
4365
4384
4301
1101
1090
4382
1117
4375
4357
263
4373
1042
4396
4368
4385
4297
1099
1088
4384
1115
4376
4354
263
4375
1041
4396
4370
4386
4293
1098
1087
4385
1114
4377
4352
262
4375
1040
4395
4372
4387
4289
1096
1086
4386
1113
4378
4349
262
4377
1038
4394
4374
4388
4284
1095
1085
4386
1111
4379
4346
262
4377
1038
4394
4375
4388
4280
1094
1083
4387
1110
4380
4344
262
4378
1036
4392
4377
4389
4276
1093
1082
4388
1109
4380
4341
262
4379
1035
4391
4378
4388
4272
1092
1081
4388
1108
4380
4338
261
4379
1034
4390
4379
4388
4268
1091
1080
4388
1106
4380
4335
261
4379
1033
4389
4380
4388
4264
1089
1079
4388
1105
4380
4331
260
4379
1032
4388
4380
4387
4259
1088
1077
4388
1104
4380
4329
260
4378
1030
4386
4381
4387
4254
1086
1076
4387
1102
4379
4325
260
4379
1029
4384
4381
4386
4250
1085
1075
4387
1101
4378
4322
260
4378
1028
4383
4381
4385
4246
1084
1074
4386
1100
4378
4319
259
4377
1027
4381
4381
4384
4241
1083
1072
4385
1098
4376
4315
259
4376
1026
4379
4381
4383
4237
1082
1071
4384
1097
4375
4312
259
4375
1024
4377
4380
4381
4233
1081
1070
4384
1096
4374
4308
258
4374
1023
4374
4380
4380
4228
1080
1069
4387
1110
4380
4344
262
4378
1036
4392
4377
4389
4276
1093
1082
4388
1109
4380
4341
262
4379
1035
4391
4378
4388
4272
1092
1081
4388
1108
4380
4338
261
4379
1034
4390
4379
4388
4268
1091
1080
4388
1106
4380
4335
261
4379
1033
4389
4380
4388
4264
1089
1079
4388
1105
4380
4331
260
4379
1032
4388
4380
4387
4259
1088
1077
4388
1104
4380
4329
260
4378
1030
4386
4381
4387
4254
1086
1076
4387
1102
4379
4325
260
4379
1029
4384
4381
4386
4250
1085
1075
4387
1101
4378
4322
260
4378
1028
4383
4381
4385
4246
1084
1074
4386
1100
4378
4319
259
4377
1027
4381
4381
4384
4241
1083
1072
4385
1098
4376
4315
259
4376
1026
4379
4381
4383
4237
1082
1071
4384
1097
4375
4312
259
4375
1024
4377
4380
4381
4233
1081
1070
4384
1096
4374
4308
258
4374
1023
4374
4380
4380
4228
1080
1069
4358
1079
4348
4257
254
4350
1007
4338
4360
4351
4167
1063
1052
4356
1078
4346
4253
254
4347
1006
4334
4358
4349
4162
1061
1051
4353
1076
4343
4249
253
4344
1005
4331
4356
4346
4157
1060
1049
4350
1075
4340
4245
253
4342
1003
4328
4353
4343
4152
1059
1048
4347
1073
4338
4241
253
4339
1002
4324
4351
4340
4147
1057
1047
4346
1075
4336
4238
255
4338
1003
4322
4350
4339
4145
1059
1049
4343
1076
4334
4235
258
4335
1004
4319
4348
4336
4143
1061
1050
4336
1074
4326
4228
257
4328
1002
4312
4340
4329
4136
1058
1047
4331
1072
4321
4223
257
4323
1001
4307
4335
4324
4131
1057
1046
4325
1071
4315
4218
256
4317
1000
4302
4330
4318
4126
1056
1045
4319
1070
4310
4212
256
4311
998
4296
4323
4312
4120
1054
1044
4313
1069
4304
4206
255
4306
998
4290
4317
4306
4114
1053
1042
4307
1067
4298
4201
256
4300
997
4284
4312
4300
4109
1052
1041
4302
1066
4293
4195
255
4295
995
4279
4306
4295
4104
1050
1040
4296
1064
4287
4189
255
4288
994
4273
4300
4289
4098
1049
1038
4290
1063
4281
4184
254
4283
993
4267
4294
4283
4093
1048
1037
4284
1062
4276
4179
254
4278
991
4262
4289
4278
4088
1046
1036
4261
1060
4254
4158
254
4264
990
4253
4283
4272
4082
1044
1034
2681
760
2686
2642
183
2715
717
2715
2742
2745
2652
763
756
355
361
337
34
5
154
30
18
13
309
3
313
347
70
69
78
65
10
146
68
44
35
99
10
30
93
144
90
147
151
21
152
84
153
153
157
164
90
90
121
120
123
61
10
147
61
39
31
127
9
43
124
95
44
96
96
11
97
39
97
96
97
98
41
41
71
72
70
24
4
62
22
15
11
70
3
73
48
8
50
47
2
49
6
47
47
48
44
5
6
13
14
11
4
2
4
10
4
6
15
5
5
6
11
2
19
9
8
5
8
1
7
12
12
14
14
3
15
10
14
14
15
16
10
12
18
18
18
11
2
22
8
7
5
19
2
20
15
8
17
16
2
17
6
16
16
17
17
5
7
10
11
10
5
1
9
2
4
1
10
1
12
6
1
7
6
2
1
8
1
7
2
1
6
7
6
1
1
1
2
1
1
1
1
2
2
1
2
1
4
1
1
4
1
3
1
2
1
2
1
3
3
3
1
2
4
2
3
1
2
3
4
1
3
71
72
70
24
4
62
22
15
11
70
3
73
48
8
50
47
2
49
6
47
47
48
44
5
6
13
14
11
4
2
4
10
4
6
15
5
5
6
11
2
19
9
8
5
8
1
7
12
12
14
14
3
15
10
14
14
15
16
10
12
18
18
18
11
2
22
8
7
5
19
2
20
15
8
17
16
2
17
6
16
16
17
17
5
7
10
11
10
5
1
9
2
4
1
10
1
12
6
1
7
6
2
1
8
1
7
2
1
6
7
6
1
1
1
2
1
1
1
1
2
2
1
2
1
4
1
1
4
1
3
1
2
1
2
1
3
3
3
1
2
4
2
3
1
2
3
4
1
3
3
3
3
4
1
1
4
1
3
2
3
1
5
1
2
4
3
2
1
4
1
2
1
2
3
3
1
1
2
1
1
3
1
1
2
1
1
3
1
2
1
3
1
1
2
1
2
1
2
2
1
1
1
1
2
1
2
2
1
1
1
2
1
1
1
1
1
1
1
1
1
3
1
1
1
1
2
1
1
1
1
2
2
2
1
2
2
2
1
1
2
1
2
2
2
1
1
1
2
1
2
1
1
1
1
2
1
1
1
3
2
2
1
3
2
1
2
1
1
2
1
1
1
1
1
1
1
2
1
3
2
1
1
1
1
3
1
1
1
1
1
2
2
1
3
1
1
2
1
3
1
1
1
1
1
2
1
2
2
3
2
1
2
1
3
1
1
1
1
1
2
1
2
2
3
3
2
1
2
2
2
1
4
2
1
2
2
2
2
1
1
1
3
2
1
3
2
1
1
3
2
1
4
2
1
2
2
2
2
2
1
1
1
3
2
1
3
3
1
2
3
2
1
4
3
1
1
2
3
1
2
2
3
1
1
3
3
1
4
3
1
2
3
2
1
4
2
1
2
3
1
3
2
3
1
2
1
3
3
1
4
3
1
2
3
2
1
4
2
2
2
2
2
2
2
1
2
1
3
3
1
4
3
1
2
3
1
2
4
2
1
1
3
3
1
3
3
2
2
2
1
3
3
4
3
1
2
3
2
2
4
3
1
3
3
1
2
3
3
2
2
1
4
3
1
4
3
1
2
3
2
1
4
3
1
2
3
1
2
3
2
2
2
1
3
3
1
4
3
1
2
3
2
1
4
2
1
2
3
1
3
3
3
1
2
1
3
3
1
4
3
1
2
3
2
2
4
3
1
1
3
3
1
3
3
2
2
2
1
3
3
1
4
4
1
2
3
2
2
4
3
1
1
3
3
1
3
3
2
2
2
1
4
3
1
4
3
1
2
3
2
2
5
3
1
1
2
3
1
3
3
3
1
2
2
3
3
2
1
2
2
2
1
4
2
1
2
2
2
2
1
1
1
3
2
1
3
2
1
1
3
2
1
4
2
1
2
2
2
2
2
1
1
1
3
2
1
3
3
1
2
3
2
1
4
3
1
1
2
3
1
2
2
3
1
1
3
3
1
4
3
1
2
3
2
1
4
2
1
2
3
1
3
2
3
1
2
1
3
3
1
4
3
1
2
3
2
1
4
2
2
2
2
2
2
2
1
2
1
3
3
1
4
3
1
2
3
1
2
4
2
1
1
3
3
1
3
3
2
2
2
1
3
3
4
3
1
2
3
2
2
4
3
1
3
3
1
2
3
3
2
2
1
4
3
1
4
3
1
2
3
2
1
4
3
1
2
3
1
2
3
2
2
2
1
3
3
1
4
3
1
2
3
2
1
4
2
1
2
3
1
3
3
3
1
2
1
3
3
1
4
3
1
2
3
2
2
4
3
1
1
3
3
1
3
3
2
2
2
1
3
3
1
4
4
1
2
3
2
2
4
3
1
1
3
3
1
3
3
2
2
2
1
4
3
1
4
3
1
2
3
2
2
5
3
1
1
2
3
1
3
3
3
2
2
1
3
3
1
4
3
1
3
4
2
2
5
3
1
1
3
3
1
3
3
2
2
1
1
3
3
1
4
3
1
3
4
2
2
5
3
1
1
3
3
1
3
3
2
2
2
1
4
4
1
4
3
1
2
4
2
2
5
3
1
1
3
3
1
3
3
2
2
2
1
3
3
1
4
3
1
3
4
2
2
5
3
1
1
3
3
1
3
3
2
2
2
1
4
3
1
4
3
1
3
4
3
2
5
3
1
1
3
4
1
3
3
3
2
2
1
4
4
1
4
3
1
3
5
3
2
5
3
1
2
3
3
1
3
3
2
2
2
1
4
4
1
4
4
1
3
5
3
2
5
3
1
1
3
3
1
3
4
3
2
2
1
4
4
1
4
4
1
3
5
3
3
5
3
1
2
4
4
2
4
3
3
2
2
1
4
4
1
4
3
1
3
5
3
3
5
3
1
2
3
3
1
3
3
2
2
2
1
4
4
1
4
4
1
3
5
2
3
5
3
1
1
3
4
1
3
3
3
2
2
1
4
4
1
4
4
1
3
5
3
3
6
4
1
2
3
4
2
4
4
3
3
2
1
4
4
1
4
4
1
3
5
3
3
5
3
1
2
3
4
1
4
3
3
3
3
2
4
4
1
4
4
1
3
5
3
3
5
3
1
2
4
4
1
3
3
3
2
2
1
4
4
1
4
4
1
3
5
3
3
5
3
1
2
4
4
1
4
4
3
2
2
1
4
4
1
4
4
1
3
5
3
3
6
4
1
2
3
4
1
4
4
2
3
3
2
4
4
1
5
4
1
3
5
3
3
6
3
2
2
3
4
2
4
4
2
3
2
2
4
4
1
