14
23
21
22
18
8
7
15
17
149
17
13
18
29
5
6
18
4
22
21
25
16
8
4
13
16
148
15
12
18
29
12
13
6
20
21
28
15
7
1
11
16
147
13
13
19
30
4
4
7
4
20
21
23
12
3
8
14
144
11
12
20
29
6
9
6
7
23
22
21
13
5
2
14
15
145
12
13
19
29
17
12
26
24
24
15
5
3
3
18
16
146
16
15
20
29
8
11
10
26
25
28
16
7
3
7
14
18
148
19
16
21
29
14
23
14
29
25
26
17
8
11
18
17
148
18
17
21
30
16
3
28
16
31
25
22
15
6
8
15
16
147
16
19
21
29
26
16
15
29
25
23
14
6
6
5
13
13
147
14
20
21
29
24
21
20
29
24
26
13
7
5
7
12
12
147
14
22
21
29
10
25
17
30
25
25
14
9
6
10
14
14
150
17
23
22
29
5
2
24
15
28
22
20
18
14
8
8
14
17
152
16
20
21
29
14
26
22
29
23
20
22
15
10
10
18
3
19
153
16
21
21
30
19
12
23
15
28
23
23
21
12
7
11
15
4
18
151
17
21
21
29
14
17
23
18
26
24
27
21
13
8
8
15
19
151
18
19
19
29
22
14
18
22
23
24
26
25
16
9
16
17
6
22
153
18
16
19
31
20
17
9
15
17
22
24
24
28
18
5
15
17
7
25
156
18
13
18
32
2
13
19
14
21
24
28
28
20
7
10
21
5
27
157
21
13
17
31
11
21
18
19
22
25
32
27
21
9
11
22
7
27
159
25
14
17
31
10
36
1
20
26
22
25
30
28
21
9
14
24
6
28
160
25
16
17
32
7
34
26
25
17
25
25
27
30
21
12
15
24
7
29
159
23
16
18
32
25
30
21
21
13
24
25
29
31
22
9
4
22
4
27
159
20
15
18
32
21
25
18
16
23
24
31
31
20
8
6
21
27
157
21
16
19
32
13
23
15
16
21
23
28
30
18
4
8
21
27
153
20
15
18
32
3
25
13
19
16
21
22
25
30
16
6
5
21
26
153
16
14
18
32
9
32
14
15
8
21
23
27
31
16
8
6
21
30
153
20
11
17
32
12
31
2
12
12
19
23
31
32
19
4
9
23
2
31
156
23
12
17
31
5
31
21
22
21
22
29
32
20
7
18
28
8
29
159
26
1
15
18
32
9
45
19
14
13
20
24
26
34
22
9
14
26
9
33
161
28
5
12
17
31
9
41
29
15
14
18
25
27
36
24
7
15
29
10
34
164
28
6
10
16
32
13
45
2
17
16
17
25
31
37
24
7
16
30
11
35
165
33
9
9
15
32
7
51
14
18
17
25
32
37
26
10
13
30
10
36
165
34
10
10
15
32
10
34
11
17
21
18
23
26
36
23
8
17
29
10
34
162
30
7
12
16
32
14
39
9
18
18
19
22
23
32
19
10
15
25
7
30
158
27
3
12
16
31
16
40
17
18
20
22
26
30
19
9
16
23
7
28
160
26
5
13
17
30
15
31
20
20
22
22
27
30
21
8
20
25
11
29
161
30
8
16
17
30
11
36
24
24
24
23
24
31
23
14
26
27
13
29
163
30
9
15
17
31
17
50
28
22
24
24
24
32
22
14
23
27
12
29
163
30
9
13
17
32
24
50
23
20
24
25
27
30
18
11
20
26
6
28
159
28
3
12
16
31
18
32
13
20
21
24
29
29
19
7
28
25
9
28
159
29
5
12
16
31
7
29
28
29
24
25
27
29
20
10
21
26
13
29
159
31
6
15
17
31
17
27
29
32
25
25
24
29
18
15
23
26
9
29
158
30
4
17
17
31
23
25
21
28
21
26
28
32
20
8
23
25
12
32
161
32
7
16
17
32
9
25
30
34
23
27
32
32
20
13
27
31
13
31
162
35
11
16
17
31
24
18
31
32
23
26
29
34
21
14
33
29
14
31
161
35
12
17
18
32
30
24
14
26
32
22
25
26
34
21
10
26
27
13
31
160
35
9
18
18
33
14
25
1
32
38
25
26
27
34
20
14
28
30
12
31
159
40
10
19
18
31
21
21
34
34
26
26
31
34
23
17
31
30
13
32
161
42
10
18
17
32
32
26
36
27
26
25
28
33
23
20
26
30
12
31
159
39
9
15
17
33
33
22
31
27
23
25
24
32
20
16
24
28
10
30
156
36
5
13
16
32
23
13
33
36
22
24
24
33
20
13
24
28
13
30
157
34
7
13
16
31
19
10
32
32
22
24
27
32
22
15
28
28
15
28
160
36
11
14
17
31
23
13
32
31
19
22
26
29
21
14
24
26
12
26
158
34
7
14
16
31
25
3
36
36
19
23
23
29
19
15
23
26
10
27
156
32
6
12
15
33
26
32
29
19
24
24
32
21
16
25
29
13
30
159
35
10
12
15
33
26
1
29
29
22
26
29
34
22
21
27
32
14
31
160
40
14
13
16
33
24
6
37
34
25
27
31
36
25
21
32
32
14
33
160
42
14
16
17
33
26
10
43
36
27
26
25
35
23
20
29
30
13
32
157
37
12
18
18
32
33
2
39
37
27
25
23
33
20
18
23
27
13
28
156
33
13
20
18
32
28
1
32
36
24
23
24
29
18
12
32
23
12
25
155
31
10
21
19
31
24
28
34
24
25
25
26
17
14
28
19
11
23
155
28
10
20
19
30
21
34
36
23
22
19
26
19
10
29
23
15
21
157
30
13
21
19
31
21
32
34
21
21
17
25
17
9
24
20
14
18
155
25
14
19
19
31
17
19
27
17
20
21
26
17
3
20
14
11
20
154
21
10
16
17
32
11
3
19
25
14
18
24
29
21
2
24
15
9
21
156
22
9
15
16
32
16
12
19
27
17
20
22
30
23
2
23
14
9
21
156
21
8
17
18
32
1
24
23
31
21
21
19
33
23
4
23
17
14
24
156
21
8
19
18
32
4
31
22
26
19
21
21
33
23
4
22
16
9
23
155
21
7
18
18
33
11
46
15
22
15
21
25
31
22
23
14
10
23
155
20
8
16
19
32
43
22
22
16
21
23
30
20
21
14
9
22
151
18
5
17
19
33
7
29
23
25
16
20
19
29
17
19
13
5
20
149
14
17
19
32
10
38
16
20
16
21
21
28
15
20
14
4
20
146
13
16
19
31
5
27
17
12
17
24
26
26
14
14
13
20
144
14
15
19
32
7
10
16
19
18
23
24
24
14
11
14
19
142
12
16
18
31
6
9
12
18
18
22
19
27
17
13
14
19
145
13
15
18
32
4
16
16
18
22
20
29
21
10
15
20
148
15
15
18
33
2
15
15
19
22
23
28
23
14
15
19
149
15
16
18
32
2
17
13
21
22
21
26
22
17
14
17
149
13
18
19
32
5
20
22
24
23
18
27
22
2
13
14
2
19
150
11
20
20
32
3
21
23
25
24
19
27
21
16
14
4
20
151
13
21
21
32
5
1
18
20
24
23
23
27
23
2
24
21
9
20
155
18
3
21
21
32
1
1
23
27
23
22
23
28
26
6
29
21
14
23
158
23
11
20
20
32
9
24
25
23
24
21
30
26
8
28
21
14
24
160
25
10
18
19
32
6
18
27
24
24
19
26
22
5
23
20
12
22
158
21
8
18
19
32
25
28
23
24
22
21
16
2
20
17
8
20
155
20
2
19
19
31
9
24
18
22
24
23
19
16
2
18
16
4
19
154
19
18
18
31
10
64
18
21
19
22
19
23
17
18
16
3
22
152
21
16
17
32
7
163
15
24
19
23
19
30
21
18
20
4
26
155
28
16
17
33
1
313
18
26
20
25
25
37
26
2
19
22
5
32
159
34
16
18
34
2
410
15
23
20
27
30
43
31
3
18
27
5
38
162
39
16
18
34
489
18
17
21
27
27
43
31
2
16
27
4
38
160
43
16
17
34
549
28
24
22
26
23
42
28
1
20
26
1
36
160
39
16
18
34
7
407
16
22
18
25
24
45
32
19
24
11
35
165
33
16
18
33
4
130
10
12
22
15
23
25
42
32
34
22
20
32
168
28
10
15
17
32
35
20
31
16
22
21
38
31
31
20
20
29
168
23
16
17
18
32
49
22
31
17
22
18
34
28
2
29
20
22
26
167
21
16
18
19
32
3
22
28
35
20
24
20
33
26
6
39
21
24
27
168
27
20
18
19
31
13
28
35
20
25
24
35
28
9
35
23
27
30
171
34
28
18
19
31
13
28
41
20
24
21
34
26
8
42
28
27
28
168
33
25
18
18
31
10
28
37
21
23
17
32
23
9
38
24
23
27
164
29
20
17
18
30
8
30
34
18
23
19
33
20
8
36
24
22
28
163
32
17
17
18
31
16
31
37
19
23
22
31
20
6
37
23
23
27
163
31
19
18
19
31
20
30
35
20
22
20
29
20
9
37
20
24
25
162
28
21
19
18
30
11
30
37
19
22
17
31
19
9
41
23
24
27
161
32
21
19
18
31
15
31
42
22
23
18
30
17
12
38
23
24
28
160
32
23
20
19
31
12
28
33
18
21
21
29
16
9
37
23
22
26
159
31
21
17
18
31
9
23
32
17
22
22
29
18
5
35
21
21
25
158
31
20
16
18
31
9
27
39
20
22
18
28
16
8
34
20
21
23
157
27
18
16
18
31
6
31
32
20
22
16
28
16
10
37
23
20
23
157
29
17
15
17
32
12
28
33
21
24
20
28
16
9
32
23
19
24
156
32
17
15
18
32
10
30
37
21
23
22
28
16
10
38
22
18
23
156
30
17
16
19
31
11
30
37
20
22
18
30
17
8
37
21
17
24
155
28
15
17
18
31
10
32
37
21
23
18
32
19
9
26
23
17
27
157
30
15
17
18
32
11
2
28
32
22
25
23
35
21
12
30
24
15
29
157
33
15
16
18
32
12
26
36
23
27
25
37
23
8
31
23
15
30
158
33
16
16
19
31
9
2
37
36
26
27
21
36
21
12
32
26
16
31
157
35
18
16
19
32
19
17
11
36
36
26
25
17
35
20
15
31
31
16
28
155
35
17
17
18
31
18
9
32
35
26
27
21
35
21
14
31
27
17
29
157
37
18
18
19
32
20
29
34
25
27
24
34
20
14
33
27
18
30
157
38
20
18
19
31
18
27
36
23
25
19
33
20
11
31
25
18
27
156
33
18
16
18
31
4
28
34
23
23
14
30
18
8
33
23
16
25
155
33
16
17
18
32
4
28
33
25
23
15
29
17
12
36
26
17
25
155
33
17
18
19
32
11
27
31
24
24
21
32
20
11
35
26
17
27
158
37
21
17
20
32
3
1
32
35
26
25
20
34
20
13
34
28
21
28
158
38
22
18
20
32
9
5
31
37
29
24
16
34
19
15
37
27
24
28
157
34
20
20
20
32
13
26
31
25
23
18
34
18
9
35
26
18
27
156
33
17
19
18
33
7
27
33
25
25
22
33
17
9
33
27
19
27
156
35
18
18
18
32
7
9
30
34
28
26
22
33
17
11
37
27
17
28
155
34
16
19
20
32
7
16
4
33
33
28
26
17
32
16
8
31
25
14
26
152
28
13
19
19
32
12
17
4
26
30
28
27
18
31
17
7
28
25
13
26
153
27
11
19
19
32
7
5
22
28
28
28
21
30
17
8
35
25
12
25
154
28
10
21
20
32
7
24
26
28
28
21
27
17
6
33
23
14
23
153
25
10
20
20
31
6
11
23
26
25
25
18
28
15
6
23
23
13
23
151
24
10
18
18
32
3
16
19
26
23
24
16
29
16
4
29
21
13
22
153
21
7
18
18
32
19
21
25
24
19
27
16
2
24
17
11
20
153
18
4
19
19
32
19
21
25
24
19
21
14
2
21
14
7
18
150
16
1
21
20
31
18
23
26
24
14
20
11
23
12
7
15
147
11
23
21
30
3
25
25
30
25
13
20
8
3
23
19
2
14
143
13
25
22
29
24
21
30
26
17
21
7
4
18
19
1
18
142
17
24
22
29
18
19
27
26
20
23
9
2
21
18
4
19
145
21
1
22
22
29
1
24
22
26
25
18
23
13
2
23
22
5
19
146
23
1
22
22
30
5
11
25
19
28
25
15
24
13
5
19
20
5
18
147
22
2
22
21
30
4
5
4
14
19
27
24
17
23
11
5
22
21
5
18
146
22
2
22
21
30
17
17
17
26
24
21
23
11
1
20
21
5
20
145
24
4
21
21
30
36
20
23
27
25
21
25
12
5
24
23
5
21
146
26
1
21
19
31
44
26
26
29
26
20
29
16
8
25
26
8
25
149
29
3
21
19
31
51
30
27
30
26
21
33
20
12
24
29
14
27
156
35
12
22
19
32
8
70
5
26
30
31
28
27
36
23
14
30
31
15
29
158
39
13
25
20
31
7
93
15
34
32
34
29
25
35
23
14
31
30
14
28
155
36
10
28
22
32
10
102
20
7
38
42
35
28
20
32
18
15
33
30
16
25
154
36
13
31
22
32
7
107
19
33
43
35
28
21
33
19
12
39
30
16
26
154
39
13
31
23
31
1
125
7
31
33
35
30
26
36
21
17
32
33
18
29
156
46
18
28
21
31
10
155
34
29
32
27
25
37
22
21
33
36
21
31
156
50
23
24
20
32
15
172
37
31
28
22
22
41
27
16
37
34
24
31
161
49
22
20
18
33
12
177
34
37
28
24
23
44
28
18
36
36
24
33
163
52
24
19
18
33
12
193
35
39
30
26
27
41
26
20
39
37
23
32
163
53
24
21
19
32
15
211
7
35
35
30
26
26
36
26
21
35
34
22
30
164
53
26
22
19
32
16
220
10
31
38
29
26
21
36
25
19
37
35
23
31
161
52
25
21
19
32
6
219
21
38
38
34
27
21
39
25
21
37
43
27
32
162
55
23
23
18
32
14
220
23
43
35
35
29
26
42
28
26
39
41
25
35
166
58
29
23
19
32
27
232
11
37
41
33
30
29
43
29
20
41
41
29
36
166
62
33
25
20
32
17
242
4
4
37
47
34
29
24
41
26
19
42
40
29
33
164
58
32
28
21
31
1
10
222
5
5
40
43
35
29
22
39
22
22
44
39
27
32
162
55
28
29
23
31
22
203
7
43
43
35
29
24
37
18
18
43
37
27
29
159
54
26
30
22
29
16
187
6
40
40
34
28
26
34
17
18
39
32
23
27
157
50
27
30
22
29
12
167
12
38
45
33
27
23
33
17
16
42
31
24
26
157
47
25
30
22
31
10
134
13
16
43
45
32
25
19
31
16
12
43
28
22
24
155
42
22
28
21
30
12
96
19
28
38
28
25
22
30
15
9
35
26
20
22
155
38
20
27
21
31
2
79
31
25
35
25
22
23
28
14
3
33
20
18
19
155
34
19
25
21
30
56
24
27
35
24
21
18
25
13
1
30
16
16
16
153
29
16
25
21
29
26
24
23
29
23
21
16
27
12
29
18
14
17
152
26
13
24
19
30
24
29
31
26
21
18
28
12
1
31
18
14
18
152
28
13
25
21
31
24
28
31
28
23
22
25
12
3
33
18
18
17
153
28
17
28
22
30
4
25
35
36
30
24
22
25
10
6
30
20
15
18
152
28
16
30
23
30
7
16
33
38
31
24
18
26
11
8
31
22
15
20
151
29
15
29
23
30
5
6
25
37
27
23
19
25
10
4
29
21
14
17
150
28
15
26
21
29
27
38
27
24
22
21
7
1
27
18
12
15
147
27
12
25
22
28
25
28
26
22
21
20
8
4
27
15
12
16
148
24
13
23
21
28
1
30
33
24
19
18
23
11
4
28
20
16
15
151
26
16
22
19
29
8
30
40
24
19
17
24
12
1
38
20
20
16
155
27
19
23
19
30
3
25
32
24
20
22
24
13
2
36
18
19
18
155
27
19
23
20
29
23
34
26
22
23
25
15
30
22
18
18
154
29
19
24
20
30
29
40
29
24
21
24
12
1
33
20
18
19
151
24
17
25
21
30
27
34
28
24
20
25
13
1
31
21
16
20
153
22
14
25
22
31
23
28
26
24
25
27
16
32
21
17
21
157
25
16
25
21
30
26
31
27
24
28
28
19
1
35
22
21
23
160
28
19
27
22
31
30
39
29
23
23
29
21
2
35
21
24
23
162
29
22
29
22
32
35
42
31
24
21
32
21
8
43
25
27
26
163
34
27
29
22
30
3
33
41
31
26
26
35
23
10
42
28
29
28
165
38
29
27
21
30
4
29
34
29
25
29
33
22
6
35
25
26
26
163
36
27
23
20
30
29
32
27
22
23
29
19
32
20
22
22
159
28
20
23
19
30
31
31
25
21
20
29
18
28
19
19
21
157
26
19
22
20
31
23
29
22
20
23
29
19
30
21
19
23
158
30
20
20
18
32
20
30
22
22
28
30
20
1
28
23
19
24
158
33
20
19
18
32
18
30
21
22
25
29
20
31
23
19
24
157
33
19
17
16
32
23
32
21
21
22
31
20
31
23
20
24
157
31
20
14
15
32
26
32
23
22
26
36
22
30
25
22
27
160
35
22
16
16
32
20
26
21
24
31
36
23
1
33
24
24
30
161
36
24
16
17
32
27
28
23
25
30
37
22
3
32
27
23
30
158
37
22
18
18
32
11
26
30
26
25
25
35
17
5
32
30
18
28
155
34
19
20
18
32
1
25
28
25
25
25
34
16
6
29
25
17
28
154
33
21
19
19
32
24
33
21
24
28
34
17
34
27
24
27
155
39
23
18
18
31
22
34
22
23
26
33
17
2
35
27
23
25
155
35
23
18
18
30
24
31
31
25
21
20
29
18
28
19
19
21
157
26
19
22
20
31
23
29
22
20
23
29
19
30
21
19
23
158
30
20
20
18
32
20
30
22
22
28
30
20
1
28
23
19
24
158
33
20
19
18
32
18
30
21
22
25
29
20
31
23
19
24
157
33
19
17
16
32
23
32
21
21
22
31
20
31
23
20
24
157
31
20
14
15
32
26
32
23
22
26
36
22
30
25
22
27
160
35
22
16
16
32
20
26
21
24
31
36
23
1
33
24
24
30
161
36
24
16
17
32
27
28
23
25
30
37
22
3
32
27
23
30
158
37
22
18
18
32
11
26
30
26
25
25
35
17
5
32
30
18
28
155
34
19
20
18
32
1
25
28
25
25
25
34
16
6
29
25
17
28
154
33
21
19
19
32
24
33
21
24
28
34
17
34
27
24
27
155
39
23
18
18
31
22
34
22
23
26
33
17
2
35
27
