9
11
2
8
2
5
7
13
1
5
8
5
1
5
2
3
8
1
5
9
3
3
5
1
3
2
5
4
9
10
2
1
1
5
6
3
4
1
6
1
4
2
10
1
12
13
5
4
2
8
9
6
4
5
7
10
5
4
4
1
4
4
9
5
17
17
6
1
6
1
10
9
9
6
2
6
9
10
5
2
9
4
7
12
10
21
21
8
3
6
8
4
5
6
5
4
6
6
2
1
9
11
14
9
20
22
7
5
7
6
4
5
3
9
2
3
5
10
1
8
1
12
9
18
21
1
6
8
2
3
5
9
7
1
2
7
12
8
13
18
5
6
3
5
1
2
5
4
9
15
4
5
1
2
1
3
2
5
14
5
5
3
4
1
3
5
4
3
11
2
4
2
1
1
1
1
3
11
2
13
3
9
2
1
1
68
1
5
7
7
1
1
7
125
7
7
12
7
5
4
13
202
1
7
10
13
12
1
8
5
14
321
3
8
10
13
16
3
12
2
4
16
322
2
8
11
14
2
20
7
16
9
5
18
177
4
8
14
12
3
20
9
14
8
5
17
86
5
8
11
10
6
18
10
12
10
4
16
3
3
12
5
4
9
10
16
10
2
8
6
5
16
2
5
15
6
6
7
10
10
7
3
4
7
6
14
1
4
11
4
8
4
10
4
6
5
2
8
13
3
11
2
8
4
11
4
6
9
4
7
9
13
2
2
1
8
12
7
3
11
2
6
9
3
7
8
12
1
5
1
8
14
6
1
9
3
8
5
7
9
3
6
2
12
16
7
7
1
2
7
2
7
9
3
9
1
17
18
2
8
8
3
3
4
7
1
3
6
9
3
10
3
14
17
2
8
7
3
2
6
2
4
8
5
9
4
11
16
3
9
7
3
5
2
4
8
5
8
4
3
13
16
5
10
7
1
4
5
2
4
5
6
24
4
4
12
14
4
10
3
3
1
1
4
4
4
32
8
2
6
13
5
10
1
5
3
44
6
7
12
4
9
5
2
27
1
8
12
4
9
2
6
2
33
8
12
3
7
5
4
7
1
2
4
37
4
13
17
6
9
5
9
7
4
4
10
11
4
3
6
2
10
7
37
3
3
16
19
1
6
9
10
11
14
11
10
2
15
14
10
3
10
1
15
4
43
5
8
17
18
4
5
10
10
16
13
8
3
13
14
9
6
11
14
8
44
8
9
14
18
7
6
8
10
13
13
12
1
16
12
12
5
14
3
14
13
51
5
12
10
19
7
5
4
7
8
9
10
1
12
7
8
4
12
3
10
10
56
10
10
12
21
8
5
3
3
8
7
1
3
3
8
4
6
15
55
9
11
9
19
10
4
7
5
4
4
2
8
53
6
6
11
17
10
2
1
3
2
45
6
17
19
12
3
1
4
3
5
43
1
2
13
21
12
3
1
3
3
4
48
2
11
17
8
3
1
4
1
50
6
14
16
7
6
1
1
2
6
4
5
5
7
1
56
6
3
18
26
9
9
6
6
6
2
4
11
4
13
9
3
10
5
11
13
65
12
10
23
30
7
9
8
8
8
4
7
14
7
15
13
2
11
11
4
11
17
2
67
15
13
16
19
1
8
7
8
6
3
5
9
7
14
12
3
10
10
3
9
12
67
14
12
17
21
2
8
1
5
7
9
6
13
8
3
7
9
3
4
12
69
14
9
22
25
3
6
9
1
5
12
4
16
1
3
6
10
3
13
2
74
13
10
18
19
2
5
7
3
3
10
1
7
1
6
73
9
5
13
17
5
2
63
5
10
20
12
6
3
2
3
2
67
13
24
13
6
1
3
5
1
61
10
13
5
3
6
59
10
9
1
2
7
6
66
9
8
1
4
7
14
66
4
2
3
14
7
7
4
9
24
78
2
5
5
18
10
10
5
8
7
27
80
5
6
2
16
8
10
5
8
4
24
97
7
10
14
6
9
5
8
3
20
95
1
5
9
12
3
6
3
6
3
17
94
3
5
11
2
8
5
8
1
2
16
106
2
2
1
9
2
5
3
2
2
14
108
2
5
3
6
2
2
3
11
114
1
12
7
4
1
2
8
116
3
9
3
1
1
3
6
116
3
5
2
3
1
120
2
8
7
2
2
2
124
8
10
14
2
5
3
1
4
2
1
134
9
14
16
3
7
3
7
1
2
10
1
1
138
17
1
15
17
2
6
3
7
3
2
3
12
1
11
142
19
4
10
16
4
3
5
1
4
1
7
15
2
1
8
145
18
2
6
9
4
5
6
1
11
15
2
5
139
17
1
4
4
5
2
10
4
17
22
3
3
4
2
137
15
1
7
1
3
8
3
15
20
2
6
131
15
9
2
3
3
9
11
9
116
8
11
4
5
3
3
7
4
1
14
94
9
2
13
6
7
5
5
1
2
17
81
5
2
13
6
10
8
1
5
5
3
19
80
4
1
4
2
14
8
11
9
1
5
4
5
21
62
6
3
5
14
10
11
10
5
1
3
7
22
52
4
1
4
13
9
10
9
5
7
22
43
6
2
3
11
7
4
4
1
8
21
29
2
3
3
8
6
8
20
13
2
4
1
5
3
6
16
4
5
1
1
7
12
1
7
3
2
12
2
3
3
3
6
6
5
5
5
2
7
13
3
3
3
4
5
2
2
10
2
7
12
4
5
6
4
4
4
9
16
4
7
14
1
8
7
5
8
5
4
10
12
7
7
11
3
7
4
3
4
2
3
9
9
5
5
11
1
7
1
2
1
6
9
1
4
10
9
1
1
2
1
5
10
10
2
1
2
1
7
12
10
5
2
1
3
5
3
1
3
9
6
5
1
5
4
1
1
1
5
2
6
1
6
1
3
2
1
2
3
7
5
1
3
4
2
7
11
5
4
2
4
10
15
11
10
2
4
5
11
12
5
1
12
7
21
8
8
6
2
10
22
18
22
13
5
7
14
18
12
6
13
5
27
12
10
9
9
25
21
28
22
1
6
14
21
17
6
15
4
30
8
7
5
10
26
23
32
29
3
8
16
23
23
9
17
4
32
10
9
7
1
12
24
23
32
31
5
7
18
21
25
9
20
5
31
10
11
9
1
3
12
22
23
31
32
7
9
20
21
27
12
23
6
29
11
1
9
11
7
5
9
18
18
24
26
8
6
16
17
22
13
18
4
24
13
9
9
5
10
4
8
15
15
20
23
2
8
5
14
12
19
8
16
3
21
15
3
13
10
4
8
3
6
14
12
16
21
2
5
5
12
10
15
6
13
3
20
12
11
8
1
4
3
12
10
12
17
7
5
9
3
7
2
18
7
3
1
1
11
9
9
13
3
2
5
5
1
18
4
3
9
5
6
3
16
5
1
7
2
5
15
6
5
12
2
7
9
1
1
6
8
1
4
6
6
5
1
7
10
12
1
5
7
6
3
3
7
3
10
10
12
6
8
3
5
9
2
1
11
12
11
8
5
1
2
7
1
4
10
9
7
4
1
2
6
1
5
11
8
1
2
3
1
1
2
11
8
2
3
2
1
2
9
8
2
3
1
6
15
9
1
3
5
3
7
5
14
9
4
3
1
2
1
1
4
3
1
7
7
8
14
3
3
10
6
5
2
1
8
2
2
3
6
5
7
7
7
15
9
15
6
6
12
5
6
8
8
14
7
7
5
7
14
10
8
12
16
8
23
16
7
19
13
7
12
1
2
6
14
14
20
17
9
9
12
17
16
16
20
25
7
28
18
20
23
16
6
15
1
4
18
18
24
22
12
13
14
20
19
20
22
30
5
31
27
15
26
23
9
14
1
5
21
21
26
25
14
13
15
23
19
26
21
32
4
33
23
18
27
22
7
15
2
5
21
20
22
23
10
13
12
20
17
22
18
25
3
31
19
9
23
17
10
16
3
2
6
21
20
20
21
9
10
10
17
14
20
10
20
3
29
19
1
5
22
16
10
16
5
6
10
20
20
19
21
9
9
10
16
14
20
12
19
4
27
22
3
21
16
4
13
2
8
12
18
19
16
18
7
7
8
14
12
17
9
16
4
24
13
17
9
5
11
2
8
12
13
15
9
11
2
3
11
7
13
4
10
3
18
4
10
2
3
15
2
13
15
7
10
4
4
10
2
9
8
2
4
11
9
7
3
3
13
13
15
3
7
1
10
8
8
3
4
5
1
9
5
15
14
14
2
3
10
5
2
5
4
3
6
8
1
5
16
1
14
14
5
4
11
3
5
7
6
4
2
10
11
5
9
18
3
13
13
6
9
9
14
6
4
7
14
3
3
16
18
10
9
19
4
10
10
6
8
9
12
5
8
11
2
3
13
17
8
6
14
6
7
1
7
2
9
7
4
7
3
5
3
14
3
2
12
3
4
1
1
6
1
5
8
4
2
6
3
1
3
8
7
4
8
10
8
8
16
3
5
15
6
8
26
1
4
8
20
16
9
5
2
8
32
5
5
10
22
22
14
15
8
5
5
8
33
7
3
12
22
27
21
25
3
1
17
8
17
11
8
34
9
4
3
5
9
19
25
23
27
1
1
18
9
20
4
13
6
32
5
4
2
3
7
17
22
21
27
3
17
9
19
2
15
6
28
7
1
6
9
16
20
21
25
1
5
18
10
18
3
13
8
27
12
12
5
1
10
2
11
12
18
19
22
2
4
5
19
9
17
7
14
8
25
13
13
7
2
10
1
5
13
5
15
15
21
2
5
4
20
5
17
8
18
8
21
9
16
9
9
18
2
10
13
11
10
17
7
9
3
21
1
16
9
18
2
8
16
15
2
23
12
12
23
4
12
11
6
5
11
10
12
3
19
13
12
19
3
8
10
15
6
22
13
11
18
5
9
7
1
6
9
10
1
17
8
10
16
2
6
3
17
5
20
14
12
21
5
9
4
8
12
17
5
7
16
2
5
20
5
2
20
16
13
21
6
8
7
11
14
1
5
18
2
3
23
4
6
22
17
14
21
5
8
8
9
4
11
11
14
2
2
19
4
12
21
14
10
19
4
7
6
3
4
5
9
7
1
1
9
5
15
17
6
7
14
5
5
1
3
5
1
12
12
6
15
3
7
5
4
3
3
5
10
7
15
4
8
3
4
2
2
1
1
10
2
10
1
7
3
9
4
3
4
8
7
12
2
4
5
2
3
13
3
6
5
3
2
9
2
12
6
5
2
3
12
4
1
1
5
18
5
1
2
6
15
7
10
3
6
5
2
2
7
23
3
3
2
6
12
10
8
5
7
1
5
23
5
6
10
6
8
14
15
11
11
11
2
7
3
5
6
27
1
12
11
16
7
10
14
17
11
13
1
12
2
10
6
5
6
28
5
2
12
1
6
4
11
16
21
12
17
12
3
13
2
6
8
30
7
1
3
12
16
23
13
19
2
15
4
14
4
7
7
30
7
6
3
9
11
16
6
12
11
7
6
5
23
4
1
7
1
2
7
7
10
1
7
6
3
16
2
6
6
4
4
5
5
4
1
2
1
1
11
1
9
5
5
4
1
3
3
4
6
3
3
2
9
1
12
3
5
3
3
4
3
5
4
10
3
5
4
1
2
9
11
3
9
4
9
6
5
3
9
1
2
10
3
2
3
7
10
10
17
4
15
10
6
3
9
6
12
4
20
2
10
3
9
3
4
18
16
11
16
21
6
14
5
2
10
8
7
15
6
3
11
9
4
13
11
20
6
16
20
7
12
2
3
6
1
2
4
7
8
11
6
16
4
10
1
4
4
3
5
10
2
8
5
3
5
6
3
4
4
6
3
4
8
7
4
4
7
7
3
3
5
2
9
8
5
1
6
2
5
4
6
5
12
1
6
4
2
1
7
2
4
5
3
12
8
11
2
3
2
5
3
8
6
3
7
7
1
15
2
7
13
2
4
2
1
7
2
2
11
9
4
8
8
1
15
5
9
14
1
4
4
3
2
4
4
6
4
2
14
1
4
14
5
11
18
4
17
12
11
14
2
5
5
6
3
7
8
5
3
2
13
1
4
14
5
14
15
4
16
10
9
13
2
4
6
9
4
9
8
2
2
11
3
14
4
16
9
2
14
5
8
10
2
4
8
14
7
13
11
3
2
2
11
2
1
11
5
20
12
1
15
7
5
6
2
3
9
20
10
19
16
4
3
7
14
11
3
8
11
7
27
12
18
8
2
5
1
9
25
13
24
18
5
3
12
16
20
6
18
13
7
30
11
17
6
2
7
25
12
25
18
3
2
14
12
23
3
18
11
5
29
7
16
3
5
3
8
23
10
21
13
7
5
16
13
24
2
13
11
5
26
6
1
18
4
3
5
2
4
8
18
8
14
6
11
4
17
15
24
4
17
11
4
20
12
21
7
4
5
3
4
5
7
1
8
4
12
13
15
11
11
2
9
15
3
19
9
9
10
4
5
2
5
6
6
11
4
1
3
12
7
5
14
6
12
12
5
6
1
7
3
5
10
3
6
5
1
5
4
45
15
2
13
16
4
9
3
11
7
5
13
1
4
11
2
14
5
115
18
9
12
15
5
9
2
7
5
1
12
10
2
13
10
182
17
7
11
13
4
9
3
5
6
11
6
8
1
1
10
5
294
15
7
9
11
5
10
5
3
5
1
10
2
11
5
2
2
6
5
364
13
2
8
10
4
11
8
2
1
8
1
1
3
4
10
8
18
2
1
4
9
2
1
251
16
4
9
12
9
3
2
10
4
2
8
7
18
5
13
3
117
12
4
9
5
2
8
4
12
5
13
19
4
2
6
1
4
7
4
12
5
14
2
1
5
5
5
1
6
5
16
2
1
5
4
17
2
6
4
20
4
4
18
4
1
1
2
4
16
5
2
2
1
1
5
17
4
7
6
4
1
5
12
4
8
7
7
3
4
7
4
7
8
9
4
1
4
1
2
9
9
9
1
7
2
3
7
6
9
3
12
2
3
12
1
1
3
1
2
6
12
2
2
31
5
1
4
2
4
8
1
14
6
4
1
30
7
3
5
2
4
5
1
2
3
14
7
1
11
5
36
10
2
5
4
3
1
2
10
5
5
5
9
6
45
10
1
4
3
11
5
2
10
12
7
9
8
3
5
39
9
1
1
3
5
22
16
3
8
17
10
5
10
1
11
1
45
9
1
1
13
4
30
23
5
9
22
12
9
8
3
20
2
45
8
2
1
1
22
10
39
31
2
12
11
28
14
11
10
5
30
4
52
13
3
1
25
10
39
31
6
14
9
29
11
14
11
4
33
4
55
14
2
3
2
3
26
11
38
29
5
3
13
12
27
9
13
10
5
33
10
55
14
5
6
3
2
3
24
10
34
26
7
1
15
12
25
7
9
7
5
31
2
1
61
19
3
2
3
4
19
8
25
17
3
12
10
19
13
5
27
55
16
1
7
1
5
3
10
1
14
7
5
2
10
8
4
20
2
47
7
7
7
7
4
1
1
4
12
43
5
7
7
10
8
2
1
4
8
1
43
3
5
8
11
9
2
3
5
5
40
3
6
9
13
12
2
3
2
6
1
35
4
5
11
12
1
3
5
38
6
5
9
10
2
4
4
46
2
4
5
8
9
1
1
4
47
3
5
3
42
2
1
1
2
1
2
2
1
49
3
1
3
3
2
2
7
57
6
2
3
5
6
9
64
10
3
5
6
8
1
8
1
67
11
1
3
7
7
10
3
5
7
3
66
12
5
5
8
9
14
7
13
2
9
9
7
76
16
5
1
1
10
5
11
10
10
18
15
20
15
19
12
1
13
3
100
21
1
4
10
11
19
20
7
17
20
23
23
20
21
2
18
3
107
21
4
4
11
15
25
26
4
13
20
23
25
19
19
4
21
1
111
19
3
1
5
12
15
28
29
2
11
20
24
25
19
21
5
22
7
116
15
7
3
4
1
4
4
9
12
28
25
2
7
11
19
22
21
22
19
3
20
11
124
17
12
18
13
5
5
2
2
6
20
17
9
7
9
16
15
14
17
11
1
13
13
13
123
20
8
23
21
8
5
1
14
10
13
5
9
12
12
6
18
8
3
8
10
19
121
24
6
20
17
6
4
8
3
10
3
7
9
10
19
5
3
6
7
16
131
20
4
13
9
3
4
2
3
1
2
9
1
9
2
1
2
5
12
124
14
1
15
11
3
5
1
5
3
3
1
12
125
12
18
16
1
7
1
2
1
5
1
9
119
11
10
10
9
2
8
3
4
117
5
5
2
8
7
2
122
10
9
10
8
2
3
113
12
9
1
10
6
5
104
5
7
1
3
1
101
5
3
2
3
98
1
1
1
96
8
2
3
92
10
1
4
4
94
1
1
93
3
1
78
6
1
7
72
1
5
3
1
2
4
72
1
6
4
2
1
3
7
7
6
3
2
9
8
5
76
11
17
7
8
1
2
5
4
12
15
12
14
14
10
14
18
10
12
21
68
20
21
10
10
4
4
5
7
17
22
14
2
15
17
13
19
20
16
15
2
20
65
22
3
9
5
4
3
5
9
17
22
8
11
14
12
18
19
12
16
11
54
16
5
1
3
3
8
17
21
3
7
13
10
16
13
12
1
17
1
7
39
11
2
3
5
9
19
22
4
11
10
16
11
12
3
20
32
6
1
4
5
11
19
21
8
8
13
5
3
3
22
1
16
5
6
6
5
13
20
23
10
6
13
3
5
3
24
5
10
8
10
3
9
6
14
20
24
13
5
15
2
5
5
26
6
3
4
7
3
10
7
16
21
26
15
4
15
7
7
28
5
5
5
2
3
1
11
6
15
19
23
3
15
2
11
1
10
7
27
5
6
2
7
1
8
10
12
1
9
2
5
20
10
6
3
5
1
1
2
3
12
6
10
5
1
1
1
1
3
4
1
2
3
3
7
2
4
5
3
4
1
1
2
3
2
1
3
2
3
7
2
1
6
3
3
8
3
14
5
4
8
6
6
3
16
1
4
4
3
2
10
4
27
19
5
10
18
4
12
12
6
27
9
3
3
17
12
36
30
9
12
25
12
15
16
7
34
3
2
9
5
21
19
42
36
12
16
28
20
16
18
8
39
5
12
5
18
18
35
33
8
13
22
18
11
13
5
35
10
3
13
14
26
25
3
8
13
13
4
4
30
3
4
9
12
18
19
7
7
9
3
26
5
5
9
11
13
5
1
5
2
22
8
4
10
9
11
9
7
2
20
10
6
13
10
12
10
2
7
1
21
7
1
1
1
12
6
13
9
10
1
10
4
2
2
21
3
5
4
3
13
3
13
4
4
11
1
1
3
18
2
2
3
12
1
10
7
4
16
3
2
10
5
1
1
5
