1
4
12
2
4
2
8
12
14
17
7
16
8
8
10
27
7
7
8
12
2
5
12
3
1
7
13
14
16
7
16
9
9
10
27
11
5
12
5
12
4
1
6
10
12
13
6
14
9
10
9
25
14
8
3
9
6
1
7
6
9
11
4
10
6
9
9
21
17
5
1
8
8
1
8
7
9
12
7
11
5
9
10
21
25
1
5
7
7
9
1
10
7
8
11
9
11
6
9
10
21
25
3
9
1
7
1
11
3
13
9
9
10
10
12
7
8
11
23
27
2
9
1
6
2
11
1
11
8
6
8
9
10
6
7
10
24
36
7
4
2
10
10
4
3
6
9
8
5
8
10
21
40
2
4
1
9
8
3
3
5
7
7
5
9
10
18
40
5
6
3
10
9
4
2
3
8
6
5
8
9
20
48
6
5
4
12
11
4
2
2
10
7
3
7
8
20
59
16
3
2
7
4
8
13
5
3
6
11
3
5
9
32
171
19
8
5
7
5
7
14
5
2
6
12
6
8
9
34
184
1
21
9
5
7
5
7
15
5
1
8
13
8
9
8
34
196
19
4
5
8
4
7
15
6
6
12
6
8
8
34
213
15
3
4
8
4
7
13
5
1
5
10
5
6
7
33
228
17
5
4
8
3
7
12
6
2
6
12
6
7
7
33
252
21
11
6
8
2
5
14
7
3
4
15
9
7
7
36
276
23
12
9
9
2
4
16
8
4
2
16
9
7
7
36
293
25
11
11
11
1
5
20
12
7
2
18
8
6
7
39
317
26
12
11
12
2
4
7
23
15
12
4
24
9
6
9
43
346
27
9
11
13
2
5
10
23
16
14
6
27
10
6
10
45
370
30
14
15
12
3
4
11
25
16
12
6
27
12
7
9
46
385
33
18
16
13
3
4
10
26
15
13
7
28
13
6
10
48
407
35
21
18
2
15
2
3
5
10
27
16
15
9
30
16
7
11
50
429
1
33
21
18
4
14
3
2
5
9
27
19
18
10
32
20
9
11
49
448
35
27
19
5
15
5
1
6
9
26
18
20
10
32
21
8
10
49
462
37
27
21
5
17
7
2
8
11
28
18
20
10
33
19
6
11
49
469
34
23
19
4
15
7
3
10
12
28
20
22
11
35
18
6
12
50
481
4
36
20
18
3
16
7
2
10
13
28
21
24
13
37
18
7
12
51
486
6
38
20
21
3
18
8
1
9
11
29
22
26
12
37
19
8
12
52
481
40
25
23
6
19
10
4
9
12
32
23
25
13
37
21
7
11
53
472
43
26
26
9
20
2
11
7
10
14
34
23
24
15
36
23
7
12
55
445
8
44
25
26
8
21
3
9
7
10
15
32
22
24
15
34
26
9
12
56
422
14
40
29
24
8
22
3
9
7
9
15
31
22
24
15
32
25
9
12
54
391
10
41
27
27
10
22
3
11
6
8
14
32
21
23
15
29
25
10
11
54
346
19
42
26
26
10
21
2
11
7
9
15
31
20
23
17
29
25
9
11
55
309
19
14
40
29
23
8
19
1
9
7
7
14
28
19
23
16
27
24
9
12
52
265
15
35
39
27
24
9
19
2
8
7
5
13
27
17
20
16
23
24
9
11
51
219
6
39
28
22
9
18
3
8
9
7
14
26
15
1
19
18
21
23
7
11
51
180
8
39
26
21
7
16
3
7
10
6
15
25
12
1
17
18
19
20
7
11
50
139
9
37
23
19
3
14
2
3
10
5
16
22
10
14
18
16
19
6
11
48
103
20
31
21
17
3
12
3
10
3
15
19
5
10
16
11
19
7
12
44
72
2
30
19
16
5
11
4
11
2
14
18
3
7
14
8
17
8
11
44
41
33
17
17
5
11
5
11
1
12
18
2
5
14
6
18
7
9
46
20
33
19
18
5
11
5
11
11
18
1
3
13
6
19
8
9
44
1
32
19
17
3
11
4
10
10
18
2
1
11
5
19
8
10
44
28
14
13
2
11
4
10
6
17
2
2
9
2
16
7
10
43
27
14
11
8
2
11
5
12
1
6
12
6
9
38
26
9
10
6
9
5
9
4
10
5
8
37
24
6
10
7
8
5
9
3
11
6
10
35
20
6
7
6
8
3
6
1
9
5
11
32
3
16
3
3
4
8
3
3
1
4
2
10
30
9
15
2
2
4
8
3
3
3
2
10
27
9
13
3
5
2
3
2
3
12
26
15
14
1
2
6
3
2
2
2
2
11
26
8
17
4
3
4
8
4
6
4
3
1
10
30
1
18
3
4
5
10
8
9
2
7
2
1
11
33
4
19
3
5
4
9
9
7
3
8
5
3
12
30
5
21
5
8
7
8
7
10
2
6
6
3
7
3
12
32
7
21
10
8
9
1
8
6
14
6
8
5
5
8
4
11
36
12
23
11
10
11
2
8
6
14
8
8
5
6
8
5
11
37
13
25
12
11
11
3
7
1
6
16
9
12
8
10
11
7
11
39
1
4
26
13
12
12
3
6
1
5
19
12
14
9
14
12
8
10
41
2
28
15
13
13
4
6
1
5
22
15
17
9
16
11
7
9
43
13
29
12
14
13
6
8
3
7
24
17
19
10
18
10
7
9
45
13
8
30
14
15
13
2
5
10
4
9
24
18
1
21
14
19
12
9
10
46
18
35
30
21
15
1
13
5
3
11
2
10
22
15
4
19
16
16
14
10
10
45
28
23
31
16
15
14
5
3
12
1
11
21
14
5
17
16
15
12
9
8
45
35
34
20
17
2
13
5
2
12
10
22
13
3
14
15
16
14
10
5
46
42
3
32
22
17
3
13
4
1
10
9
22
14
12
13
14
16
11
7
45
52
27
32
20
16
1
14
1
1
9
8
21
13
12
13
12
16
11
8
44
43
7
32
20
15
13
1
9
9
18
11
11
12
11
14
9
7
42
34
30
21
16
1
14
2
3
10
9
22
13
12
13
13
14
9
7
45
42
1
34
24
18
6
17
4
5
11
9
24
17
15
14
16
17
12
8
48
37
25
33
19
18
3
18
3
5
9
6
23
18
16
12
15
16
12
9
45
24
15
32
21
16
1
17
1
5
8
5
23
16
14
10
14
14
10
9
45
25
34
20
18
16
6
9
7
23
16
13
10
14
13
9
8
46
35
33
22
16
15
5
9
7
19
14
13
9
11
13
10
8
44
34
28
18
13
13
4
9
7
16
12
13
9
10
12
10
9
40
27
31
19
14
14
5
9
6
18
13
14
10
11
14
9
8
43
33
34
24
17
3
15
3
7
10
1
8
20
15
16
12
12
16
10
7
44
35
35
21
19
5
17
4
8
10
1
8
24
18
15
11
13
17
11
7
47
32
34
20
18
3
17
3
5
10
8
24
18
15
11
14
16
12
8
47
35
1
32
18
16
17
2
7
11
9
20
17
15
11
13
13
11
9
43
30
32
15
17
17
2
8
12
9
19
16
14
10
11
12
10
7
42
24
30
19
15
15
8
10
1
8
17
14
15
8
10
10
8
8
41
30
28
16
10
13
8
8
3
7
15
14
16
7
10
10
8
11
39
34
23
14
8
13
7
9
2
7
15
14
15
7
9
7
7
11
36
26
22
12
7
13
8
9
2
7
15
13
13
7
7
3
4
10
36
27
22
8
8
14
10
9
4
9
15
15
14
8
8
2
4
11
36
36
21
9
8
14
11
9
7
10
16
16
16
10
10
1
3
12
36
32
16
18
6
6
16
11
8
7
10
15
18
18
7
12
3
13
33
17
19
7
7
16
11
8
7
11
17
19
19
7
13
2
12
35
5
21
8
9
17
12
7
7
9
19
20
18
7
13
12
38
5
21
9
7
16
13
7
7
8
17
21
20
7
14
1
13
35
13
4
18
5
3
15
12
7
9
10
14
18
21
7
13
14
32
15
13
8
12
11
6
7
9
10
15
18
6
10
14
27
7
13
4
10
12
7
7
11
10
15
18
7
10
14
26
4
15
1
1
11
12
8
9
13
13
18
21
10
13
14
29
5
28
20
9
4
14
12
9
11
14
18
19
23
12
16
17
36
32
19
3
4
13
12
8
12
13
16
18
22
12
14
17
34
8
14
2
12
12
8
12
13
11
14
20
11
10
16
29
17
12
20
4
5
12
13
10
13
16
18
15
19
14
13
16
37
18
44
27
16
10
13
12
10
14
18
22
19
21
17
17
1
18
43
16
35
23
13
9
13
11
11
13
17
19
18
21
16
17
18
38
19
21
3
7
13
13
12
13
17
18
18
21
13
15
17
36
19
20
7
13
13
10
12
16
18
19
21
12
16
16
35
20
9
21
4
9
14
11
10
10
14
20
20
21
12
18
16
38
17
27
26
8
10
13
9
11
10
16
21
19
21
16
18
1
17
41
5
25
12
10
12
11
13
13
18
21
19
22
17
18
16
41
5
23
11
8
11
11
13
12
18
18
18
21
15
17
16
37
4
2
25
8
10
10
7
12
8
16
17
15
16
14
15
16
37
1
10
24
8
8
10
5
12
6
15
17
14
14
14
14
15
38
6
24
8
8
10
6
12
5
15
18
15
14
13
14
14
40
6
28
7
11
11
7
11
4
14
21
15
12
12
14
13
43
8
22
7
9
11
4
10
3
13
17
14
12
12
14
1
1
13
36
8
5
23
7
10
12
4
11
4
15
17
14
12
13
14
2
3
14
36
22
3
9
12
7
12
7
16
18
16
13
14
13
14
37
4
24
9
10
12
9
11
8
15
20
16
15
14
15
13
40
9
22
9
8
10
7
10
7
13
17
15
15
13
14
12
37
7
18
6
10
5
8
5
11
13
13
14
11
11
1
12
31
25
6
11
13
6
8
5
11
18
15
14
11
12
2
12
37
22
11
10
14
8
9
6
12
18
16
15
12
13
1
1
12
37
1
22
7
11
13
6
8
5
11
17
15
15
12
12
3
2
12
37
4
22
9
11
11
3
8
3
9
14
12
12
12
9
4
4
12
34
1
18
5
9
10
2
8
1
8
11
9
9
11
6
3
3
12
29
18
3
7
10
3
10
2
9
12
8
9
10
7
2
12
32
17
4
4
9
1
11
1
11
10
7
8
11
7
1
12
29
28
18
5
6
8
11
13
11
7
8
14
7
1
2
13
30
48
21
7
8
10
12
2
14
13
8
10
15
7
2
2
14
33
13
18
4
7
11
2
11
4
13
11
7
11
13
6
1
1
13
30
2
16
5
6
12
5
12
7
14
12
10
14
14
9
1
14
31
27
19
7
9
12
4
13
8
16
15
11
16
16
10
2
1
15
33
27
18
5
7
11
4
13
8
16
13
9
16
16
9
1
1
16
30
5
6
19
8
8
11
7
13
11
17
14
11
18
16
10
15
32
7
4
19
9
7
10
7
13
12
17
15
12
20
17
10
15
33
2
31
16
7
4
10
7
12
13
17
13
12
21
17
12
15
31
34
17
2
6
10
7
10
13
17
14
13
22
16
14
15
29
2
19
8
13
6
9
12
16
16
15
22
16
14
14
31
17
2
5
11
6
9
10
15
16
16
21
15
15
12
34
6
3
15
2
3
8
4
8
9
13
14
13
19
15
13
11
30
4
31
17
4
9
3
8
7
13
15
14
18
16
13
11
31
4
17
13
2
7
4
10
8
16
12
14
20
19
13
10
26
7
16
4
2
7
5
13
9
18
14
13
2
23
23
14
1
9
30
11
11
24
12
8
9
6
12
6
16
21
16
2
23
22
18
1
9
41
9
31
19
1
7
9
6
11
7
15
17
15
25
21
18
1
10
33
3
11
16
2
4
9
6
10
5
12
14
14
24
19
17
10
29
9
23
7
8
11
7
9
3
11
19
15
1
21
18
18
8
37
5
20
4
7
11
7
9
5
12
18
14
23
18
19
9
37
23
11
8
5
8
5
10
13
12
21
15
16
9
27
18
13
1
7
5
7
3
8
13
14
20
14
15
9
27
4
5
16
7
3
8
5
6
1
6
15
14
19
12
14
7
31
7
9
15
1
7
5
6
5
14
13
18
10
14
7
32
25
11
6
3
6
4
11
12
19
9
16
8
26
19
10
5
3
5
3
8
10
17
7
14
8
24
12
7
6
5
2
5
12
12
19
4
16
9
26
11
7
7
5
2
4
12
12
20
3
15
10
26
14
6
6
3
2
11
12
18
2
16
12
27
15
11
6
6
3
3
10
14
19
2
17
12
25
10
7
7
4
3
12
14
18
2
15
10
27
12
6
6
4
1
3
12
12
16
1
15
10
28
9
4
3
3
3
10
10
15
1
13
10
25
9
4
4
1
1
11
12
15
13
11
25
10
5
4
1
1
1
11
12
14
12
11
26
10
3
4
1
1
7
8
12
9
10
22
8
1
2
1
1
1
4
5
11
8
11
19
9
6
1
2
3
5
5
10
7
12
21
9
1
3
3
4
5
5
9
6
12
21
8
2
2
4
4
5
6
4
9
6
11
23
9
2
5
4
6
6
2
8
2
5
11
23
8
1
5
4
8
3
1
7
3
3
11
19
7
5
3
8
2
6
3
2
11
18
10
1
5
3
5
4
1
7
1
3
10
21
10
1
3
4
6
2
6
1
4
1
8
22
6
4
5
4
1
5
2
4
1
8
18
6
5
5
4
2
1
8
17
3
11
5
5
3
5
3
2
6
21
11
1
5
5
4
7
4
4
1
5
21
14
6
1
1
5
4
7
3
7
5
6
5
6
24
18
6
3
3
4
4
12
6
9
5
9
7
5
29
18
7
6
3
4
3
13
7
10
5
7
4
5
30
19
9
7
4
6
4
14
5
9
5
7
3
5
32
21
8
8
5
6
5
12
3
10
7
7
5
6
32
21
12
9
3
6
6
12
2
11
9
7
3
6
6
31
22
14
9
4
6
7
13
4
13
9
9
3
6
6
32
2
20
10
8
4
6
6
13
3
13
8
7
1
4
7
32
23
13
8
4
5
6
12
2
12
8
9
3
4
6
33
24
14
9
3
6
6
13
4
13
9
10
5
6
5
33
26
14
11
5
4
4
15
5
12
7
11
7
7
4
35
26
17
12
6
4
6
17
7
14
8
13
7
8
4
35
3
24
15
11
5
3
4
16
8
15
7
13
5
8
5
34
23
12
8
5
2
1
14
6
14
6
12
3
8
4
34
22
13
7
5
4
5
15
7
17
8
14
2
8
5
34
23
15
10
6
4
4
6
18
11
21
9
18
2
5
5
36
24
15
11
9
1
3
6
8
19
12
24
11
20
3
6
7
37
6
24
12
11
9
2
5
6
18
11
21
9
18
2
8
7
36
27
16
15
11
1
6
5
21
13
21
9
17
5
9
6
41
28
17
16
12
1
1
6
5
24
13
21
9
17
4
8
6
42
26
17
14
12
1
3
5
22
13
20
7
16
3
9
6
39
98
18
28
17
16
14
3
3
25
15
21
5
21
5
10
7
41
236
9
26
11
15
13
1
3
3
25
18
22
4
27
3
10
7
40
342
25
13
15
14
4
5
6
25
20
25
5
33
3
9
5
39
433
24
15
11
5
3
4
16
8
15
7
13
5
8
5
34
23
12
8
5
2
1
14
6
14
6
12
3
8
4
34
22
13
7
5
4
5
15
7
17
8
14
2
8
5
34
23
15
10
6
4
4
6
18
11
21
9
18
2
5
5
36
24
15
11
9
1
3
6
8
19
12
24
11
20
3
6
7
37
6
24
12
11
9
2
5
6
18
11
21
9
18
2
8
7
36
27
16
15
11
1
6
5
21
13
21
9
17
5
9
6
41
28
17
16
12
1
1
6
5
24
13
21
9
17
4
8
6
42
26
17
14
12
1
3
5
22
13
20
7
16
3
9
6
39
98
18
28
17
16
14
3
3
25
15
21
5
21
5
10
7
41
236
9
26
11
15
13
1
3
3
25
18
22
4
27
3
10
7
40
342
25
13
15
14
4
5
6
25
20
25
5
33
3
9
5
39
433
24
17
9
11
10
2
13
11
30
27
3
33
16
34
11
5
8
43
4
1
20
18
5
9
7
2
10
10
26
24
2
32
16
34
10
7
8
36
11
17
15
3
7
5
2
9
11
21
23
28
16
31
8
6
8
30
8
18
16
5
9
5
4
9
12
23
23
3
27
18
30
9
5
8
34
20
18
5
9
2
6
6
9
12
25
23
5
27
19
32
9
4
7
36
22
21
7
9
2
7
6
9
13
24
24
5
28
20
32
11
1
5
8
35
1
5
25
21
10
11
3
6
7
10
15
27
25
8
27
23
35
15
4
5
8
40
15
27
22
13
13
3
8
6
11
15
31
26
9
28
23
35
15
5
5
9
43
12
26
21
12
14
1
10
6
11
16
28
26
7
26
22
31
13
1
5
8
41
14
20
13
8
11
7
6
9
15
24
23
6
23
23
28
11
5
8
35
16
4
22
13
9
11
6
5
8
14
24
22
4
21
22
27
8
5
9
38
15
19
9
9
11
6
5
9
15
23
23
2
20
21
27
7
4
9
36
24
18
9
9
13
9
5
10
14
23
23
1
20
20
27
6
2
9
34
25
21
14
10
15
10
4
9
13
24
23
19
18
25
4
4
9
35
25
19
11
10
13
7
4
7
13
23
21
18
19
24
4
5
8
33
30
21
13
11
13
9
3
8
11
25
24
19
18
25
4
4
9
36
34
19
13
8
14
12
3
9
10
25
24
19
15
24
1
2
8
36
39
18
9
7
12
10
3
8
10
23
22
18
13
24
1
1
7
34
48
3
19
10
10
12
9
3
8
10
22
23
20
13
24
1
3
9
34
55
21
22
14
12
15
9
2
7
9
24
23
18
11
23
1
4
9
37
51
23
10
12
15
10
3
5
7
26
24
18
9
24
3
8
39
58
18
7
9
13
10
1
4
4
21
21
17
4
22
2
7
34
61
18
5
7
11
7
2
1
20
18
14
2
19
3
6
32
64
16
5
6
11
6
18
17
14
2
18
3
7
29
70
12
4
3
10
7
1
17
17
14
3
18
1
7
28
68
10
2
10
8
2
1
2
17
18
15
5
19
7
28
76
10
2
10
8
2
1
3
15
18
18
5
22
7
26
86
5
13
4
11
8
2
2
17
19
19
5
23
7
28
91
10
2
11
8
3
2
3
16
19
21
7
23
6
26
101
10
1
1
10
9
4
4
5
16
18
21
7
23
7
27
109
16
8
5
10
10
4
5
5
18
19
22
8
24
9
30
116
2
15
5
5
11
8
