27
51
24
13
12
25
36
9
42
7
34
39
15
23
186
38
37
54
28
14
20
28
42
10
48
5
39
44
20
29
185
29
26
55
30
9
18
23
40
8
47
6
42
40
16
30
188
37
18
54
30
9
17
19
40
8
46
6
38
39
15
30
188
43
22
54
30
12
15
25
38
9
48
7
39
42
18
25
189
27
26
54
29
12
14
25
33
10
47
7
38
44
19
26
186
34
34
55
31
14
19
27
41
11
47
6
38
48
24
27
189
34
26
55
29
15
17
28
37
10
43
7
38
46
21
28
193
31
21
53
25
17
13
27
34
10
40
7
35
44
19
24
191
33
29
48
20
17
13
25
34
8
36
7
33
39
15
23
186
24
26
49
20
14
11
27
31
8
34
7
31
35
12
21
188
28
20
50
22
15
9
29
32
9
34
4
30
34
12
19
191
30
22
48
19
11
10
27
31
7
32
4
29
30
8
25
192
26
20
46
16
13
11
27
33
6
31
7
33
28
5
22
189
23
7
42
13
8
7
23
26
2
27
2
29
25
1
19
189
28
17
45
16
9
10
23
26
2
29
6
26
26
3
22
196
31
23
44
16
14
15
25
35
3
31
9
32
29
5
25
195
28
23
43
15
11
14
23
30
2
31
3
31
32
7
22
193
25
28
47
19
10
19
23
38
4
35
5
36
35
10
26
194
33
28
47
21
14
20
25
39
5
35
6
36
37
13
29
196
37
23
47
21
15
16
26
37
6
35
6
33
39
16
25
198
36
26
46
19
14
17
28
39
7
36
7
37
39
16
27
189
44
32
48
20
16
19
31
38
10
37
7
37
42
19
28
2
189
49
32
49
20
20
19
33
38
10
37
7
35
45
22
28
6
193
44
39
51
21
19
19
32
38
11
38
6
37
44
22
28
4
195
32
32
50
20
11
17
27
35
11
37
4
36
41
19
25
190
17
10
49
19
3
11
29
32
10
36
4
31
38
16
19
186
21
22
49
19
8
12
26
29
8
33
5
30
35
13
22
191
39
31
50
22
16
13
26
30
9
34
5
29
37
13
24
5
190
28
18
53
25
12
8
25
29
10
37
5
30
37
15
17
189
36
21
49
21
18
5
21
20
5
33
5
26
31
9
18
5
186
45
22
52
26
22
7
23
28
7
37
5
29
35
13
21
11
186
36
18
53
28
18
4
21
30
7
39
5
32
34
14
16
6
193
36
21
52
27
20
3
20
26
7
38
5
28
33
13
13
8
191
32
20
51
26
15
5
18
30
6
39
4
30
32
12
12
3
186
41
29
50
26
21
9
19
29
5
38
7
33
34
13
17
11
187
50
29
51
25
23
12
23
32
7
39
7
31
41
18
19
16
187
52
30
47
22
24
12
22
32
6
37
6
32
43
19
19
18
187
55
47
46
20
31
19
25
36
6
38
7
35
47
21
23
25
181
52
49
47
22
27
25
29
40
6
40
5
39
48
24
31
20
186
46
42
46
19
25
24
28
41
5
37
8
38
47
23
31
16
189
51
34
44
16
25
20
25
36
5
35
9
36
43
19
22
19
182
42
28
44
17
23
18
28
33
6
36
6
37
40
18
22
14
182
32
28
48
19
22
17
28
39
7
36
6
37
36
15
23
9
182
38
17
45
16
18
7
26
30
3
30
4
28
27
7
11
9
178
43
27
49
21
22
12
30
32
7
34
5
31
30
9
19
12
185
38
32
48
21
21
12
29
33
7
34
6
34
28
6
19
8
177
33
11
44
17
18
4
27
25
3
29
8
28
21
10
6
173
37
20
46
21
21
5
28
29
4
32
6
30
23
2
13
11
177
32
23
41
17
17
1
28
26
2
28
7
28
22
1
8
7
172
32
11
42
17
18
2
31
21
3
29
8
29
24
3
9
7
175
43
22
42
17
22
8
27
23
5
32
5
29
30
8
16
15
172
45
27
44
17
24
8
24
30
6
30
6
29
31
9
15
14
174
47
24
44
17
23
7
27
28
7
29
6
26
30
9
11
14
175
42
25
44
16
23
8
25
25
7
31
5
26
31
10
14
14
171
35
27
46
16
21
9
25
26
8
33
5
32
30
11
16
9
172
38
25
46
16
19
7
24
30
6
31
5
29
31
12
14
10
175
40
18
45
15
21
5
23
29
6
31
7
30
33
13
15
10
177
41
27
42
13
20
11
23
31
5
32
5
31
36
16
19
12
172
52
30
43
14
21
14
26
35
6
33
3
34
40
19
19
15
173
50
35
43
15
25
14
24
34
7
34
6
31
42
19
20
18
175
35
29
40
14
20
15
22
33
5
30
7
25
38
15
21
12
170
42
26
39
14
19
15
25
33
5
30
5
31
36
14
20
10
173
46
34
39
13
22
17
25
32
5
28
6
31
33
10
24
14
169
36
24
39
13
19
12
24
28
3
25
6
29
25
3
19
9
169
33
21
40
12
17
9
23
27
2
23
7
30
21
16
6
173
36
26
39
12
19
9
23
29
2
23
6
31
20
20
8
171
36
17
39
10
20
5
23
21
2
23
5
29
19
15
9
172
36
14
41
11
23
7
24
26
4
24
6
29
23
1
16
12
170
39
30
42
14
26
12
28
33
6
26
8
33
26
5
22
15
175
45
35
40
12
27
13
32
31
6
26
9
32
28
6
19
19
172
41
23
38
7
22
14
29
33
6
25
7
31
28
6
21
13
166
41
21
35
5
21
10
27
29
6
22
6
27
25
4
17
12
162
48
28
39
10
29
14
35
33
9
28
11
29
31
10
21
20
167
42
21
39
10
27
12
30
32
7
28
10
31
29
9
21
15
168
40
22
35
7
23
8
27
28
4
27
7
27
26
5
16
12
163
39
26
38
10
25
9
28
33
5
30
8
29
29
8
17
13
164
41
19
38
10
20
6
25
29
3
28
8
30
28
7
13
10
167
46
17
38
9
18
6
27
22
3
26
7
25
27
6
14
13
167
33
18
39
9
18
5
24
25
4
25
4
26
26
5
14
10
165
26
18
37
8
18
2
22
23
1
24
8
25
21
2
11
3
165
33
24
41
12
19
5
25
23
3
27
7
24
23
4
14
8
163
37
29
47
18
20
7
26
25
7
31
5
29
26
9
17
11
169
37
25
46
18
16
5
25
23
7
31
5
25
26
9
13
5
168
37
13
47
19
17
5
25
24
9
32
4
25
23
8
15
7
160
37
21
50
23
19
6
25
27
11
35
5
29
25
10
17
9
164
36
26
50
24
17
8
25
25
13
36
4
27
29
14
17
9
167
40
21
49
24
20
12
26
25
13
39
5
30
30
14
20
11
168
44
26
49
25
21
14
27
36
13
41
6
37
32
16
23
12
165
43
27
50
26
22
14
28
35
12
41
5
35
33
15
25
13
164
33
24
47
25
19
8
29
30
9
37
7
30
25
9
18
7
167
30
19
44
22
16
5
25
30
7
35
6
32
20
5
13
5
166
29
14
44
20
14
5
19
26
6
33
5
30
17
2
16
2
160
32
11
44
19
15
3
22
20
5
31
6
29
14
16
3
161
38
16
46
20
15
4
20
25
5
31
5
31
16
17
5
168
30
12
45
17
13
4
20
24
4
28
6
29
13
16
1
165
24
7
43
14
12
3
23
21
4
26
7
27
15
11
157
28
13
45
15
14
5
23
25
6
28
6
28
20
4
12
161
33
18
43
14
17
11
23
27
4
28
7
28
22
5
19
6
167
33
31
42
14
16
14
23
31
4
30
5
29
25
8
21
7
162
30
23
39
12
15
11
22
30
1
30
4
29
24
6
19
4
157
34
16
40
14
15
13
24
34
2
33
10
34
23
7
22
7
159
27
15
41
16
13
7
17
32
2
33
8
35
19
4
19
1
163
29
12
40
15
13
6
16
28
2
30
7
32
18
2
18
1
162
30
14
41
15
14
9
21
30
4
32
7
33
21
3
20
2
163
31
20
41
15
15
10
19
29
4
31
3
33
20
3
21
2
163
34
23
43
16
17
10
22
29
4
29
5
33
21
3
18
5
162
30
11
41
15
14
3
21
21
3
27
5
31
18
12
1
160
37
16
41
15
17
6
23
21
4
29
5
30
21
2
16
6
157
23
21
40
13
14
6
22
26
3
28
5
27
21
2
17
157
27
17
43
16
15
1
24
23
6
30
6
25
23
6
7
157
29
6
46
19
11
24
23
7
33
7
26
25
10
3
157
21
6
45
20
12
22
24
7
33
5
28
23
9
6
160
30
13
46
21
22
6
24
26
9
35
4
30
26
12
16
8
157
32
14
46
21
20
7
24
28
8
35
5
32
25
11
21
7
161
29
16
45
23
17
10
24
30
9
37
5
35
25
12
24
3
169
32
20
44
20
16
10
23
30
9
34
5
31
25
9
22
4
166
39
23
41
16
17
8
23
28
7
30
5
28
23
6
13
5
164
45
23
41
16
20
12
24
27
7
30
7
31
22
5
21
11
172
33
22
42
17
15
9
24
22
7
29
8
30
20
3
17
6
184
21
20
42
15
11
9
22
28
6
28
5
31
19
2
17
191
28
13
39
12
15
6
20
26
5
26
2
31
16
1
18
1
190
28
7
37
9
12
19
15
3
23
2
26
11
10
186
22
12
37
8
10
20
19
2
21
5
25
10
9
185
23
8
35
5
12
19
21
1
19
6
26
9
8
184
28
12
36
6
15
1
22
23
1
23
5
26
11
13
1
173
24
13
36
8
13
2
22
26
1
25
5
29
12
15
167
28
5
35
7
7
12
21
23
4
29
8
10
169
47
11
37
10
11
14
22
25
5
28
11
10
5
166
26
15
38
13
8
16
25
29
3
29
13
11
169
12
11
37
12
4
13
22
28
2
27
11
8
163
30
9
43
19
13
2
20
20
2
33
6
31
15
13
5
172
17
10
44
20
9
5
18
23
3
33
4
32
13
17
177
22
12
43
19
9
5
19
26
3
32
3
32
9
17
169
28
11
42
17
13
4
21
22
3
30
4
27
8
14
1
166
25
12
42
16
7
2
18
22
2
28
2
26
6
12
168
33
16
45
19
6
9
20
27
4
32
2
34
10
19
180
25
12
43
16
8
9
20
28
4
29
1
31
11
21
184
30
18
43
16
14
12
20
33
6
32
4
34
16
2
25
1
169
28
29
44
17
11
14
20
35
6
32
5
36
18
5
22
1
148
27
19
44
16
11
13
20
34
5
29
3
37
16
3
23
1
148
33
9
39
11
13
12
20
31
2
24
5
34
15
1
25
4
146
39
17
37
8
17
12
23
30
2
23
6
35
18
2
24
8
141
37
18
38
10
16
11
20
30
23
5
36
20
2
24
7
148
39
18
38
10
13
8
13
27
22
5
33
19
2
20
7
152
45
30
42
16
21
13
19
24
5
28
4
34
25
8
21
13
152
30
32
41
15
13
11
17
23
3
28
4
32
22
6
20
3
149
29
17
41
17
11
10
20
29
4
29
3
33
22
6
20
3
152
30
21
44
19
11
8
16
26
7
31
3
32
23
9
18
3
151
25
23
44
19
6
6
12
26
6
30
30
22
9
14
154
35
11
46
22
13
6
19
24
8
34
4
34
25
12
18
6
154
40
10
46
22
17
5
19
22
8
34
7
33
23
11
16
9
151
36
12
46
21
13
6
20
30
8
33
2
34
22
10
18
5
156
33
15
44
18
14
6
18
27
6
30
4
31
22
9
19
5
157
34
26
43
17
19
9
20
30
7
31
5
31
24
11
19
8
177
40
29
42
16
18
13
22
33
7
32
5
34
25
11
23
8
212
44
23
42
15
19
15
23
36
7
30
4
35
23
9
27
10
241
30
23
38
11
18
14
23
30
4
29
4
35
19
5
28
7
295
28
17
34
7
14
9
22
26
1
26
7
26
15
1
21
1
354
28
3
32
4
9
20
23
22
4
20
9
4
366
19
3
35
8
9
22
21
25
2
23
7
10
370
19
34
8
8
16
18
22
3
18
3
5
388
16
29
2
1
9
7
15
11
354
15
1
34
6
3
14
10
19
14
1
2
221
18
3
33
7
6
12
9
18
1
17
2
7
28
17
34
10
13
15
13
21
3
24
6
9
3
26
12
35
10
11
15
16
22
3
27
6
14
21
2
35
11
14
18
18
24
4
33
5
18
1
24
11
38
13
11
1
19
21
25
6
35
8
17
1
22
12
39
14
5
16
20
24
3
29
8
13
34
27
7
39
15
14
2
14
23
26
3
30
10
16
2
76
28
6
40
16
12
4
14
22
29
3
34
12
20
1
110
29
10
42
17
14
3
17
26
1
30
3
33
14
1
17
4
133
37
14
43
18
17
4
17
28
3
30
4
34
18
5
18
9
143
38
16
43
17
14
3
18
24
5
29
3
30
19
6
17
7
153
33
19
42
17
15
3
20
25
6
29
1
30
20
7
17
5
152
35
16
46
21
14
6
20
27
9
33
1
35
23
10
18
5
151
27
14
46
21
13
2
18
24
7
31
5
32
18
6
15
4
156
16
9
45
20
10
1
17
23
4
29
4
30
15
3
17
157
28
44
18
13
18
23
3
29
3
32
14
1
14
3
157
30
9
42
16
16
2
21
26
2
26
5
30
16
14
5
158
33
17
45
18
20
8
24
23
4
28
4
32
22
6
18
10
161
35
23
45
17
19
9
18
18
5
28
5
31
23
8
20
10
162
32
23
41
13
18
11
22
31
6
26
5
30
25
10
20
7
160
41
20
41
12
24
12
25
31
8
27
3
30
27
11
23
14
157
43
16
42
14
20
12
25
29
8
28
5
31
27
11
24
12
163
35
19
43
16
22
12
30
30
11
29
9
33
28
13
21
10
167
27
8
39
13
18
5
26
23
8
26
7
29
19
6
16
4
162
25
37
12
15
25
20
6
24
6
25
14
1
12
161
24
11
40
15
16
2
25
21
6
27
5
29
15
2
15
2
166
25
13
40
17
14
4
27
22
5
28
6
30
15
2
16
3
167
28
10
40
15
17
5
25
22
5
27
6
26
18
4
18
4
164
32
12
39
15
15
4
22
24
3
29
4
32
19
4
13
5
169
36
20
39
15
12
8
24
26
3
29
6
30
21
6
19
6
167
27
9
41
17
14
6
22
28
2
30
3
32
23
8
20
3
168
21
5
41
18
16
4
20
26
3
32
3
36
23
9
17
3
172
28
18
42
18
19
10
22
26
5
35
8
35
28
13
22
6
166
31
7
46
21
21
9
24
33
7
37
4
36
28
14
21
8
169
32
11
45
21
22
7
27
30
7
36
6
32
26
14
21
10
172
32
16
43
20
22
8
21
31
7
36
6
34
26
14
21
11
173
35
19
43
20
22
14
21
37
9
38
5
38
29
16
26
10
168
38
24
44
21
22
15
23
36
9
39
5
36
31
17
24
11
168
34
24
46
24
21
20
22
40
11
40
4
41
33
19
30
10
175
3
27
23
45
23
18
19
24
37
10
38
6
37
31
18
30
3
172
1
27
26
43
21
19
16
23
36
9
37
5
35
29
17
24
4
170
34
19
43
20
21
16
25
38
9
38
5
38
29
16
23
7
169
30
10
45
23
18
15
24
31
7
38
5
36
27
15
26
6
170
27
13
45
23
18
12
23
32
6
37
4
37
23
13
25
6
179
29
14
43
20
20
12
26
35
7
36
6
38
24
13
22
7
176
28
14
43
20
23
14
23
34
7
36
4
36
26
15
27
8
170
22
10
41
17
19
9
21
31
3
32
3
37
21
11
22
3
173
25
13
39
15
20
13
26
29
3
30
7
33
23
11
25
6
174
27
14
39
17
19
16
31
30
4
32
5
36
25
13
27
5
175
24
20
38
14
20
14
21
29
4
30
4
36
22
10
23
2
172
28
12
36
13
20
10
19
25
3
27
5
30
18
6
21
4
173
17
38
16
13
8
25
27
4
29
5
34
18
7
17
177
13
37
14
12
6
23
23
3
28
5
31
14
4
19
178
16
35
14
13
23
21
1
27
5
30
12
2
14
175
14
7
38
16
12
4
19
24
1
30
5
31
14
4
17
181
19
2
39
16
13
4
18
24
29
2
30
12
2
18
190
24
1
35
14
15
5
18
27
29
2
34
14
2
18
194
33
10
34
14
15
9
15
25
31
3
35
17
4
23
3
193
32
10
37
17
16
10
17
29
33
4
37
19
5
23
4
193
16
19
39
18
17
14
18
36
33
5
40
22
7
26
1
200
19
12
37
16
13
11
16
31
31
3
40
22
6
24
206
23
4
35
12
10
8
18
28
27
4
32
20
6
22
205
17
8
37
12
14
7
18
25
1
24
3
31
21
8
18
204
18
12
41
16
16
11
20
22
4
28
3
33
25
12
22
209
24
7
40
15
18
10
25
25
6
28
4
29
25
13
24
2
210
21
5
41
16
19
10
26
31
7
30
5
34
26
14
22
3
213
18
11
39
16
16
11
24
31
5
31
4
33
24
10
20
211
25
8
40
18
20
11
25
32
5
32
4
37
24
10
21
3
213
21
3
41
18
18
9
27
25
4
32
4
36
21
8
20
3
218
18
5
38
15
14
6
21
27
2
29
5
31
18
4
17
210
24
18
40
17
18
7
21
28
5
31
5
31
18
5
18
204
22
10
38
16
15
3
23
23
3
28
5
28
15
2
15
206
21
39
17
13
1
20
25
3
28
3
30
15
3
15
206
13
3
37
15
12
1
22
23
2
28
3
30
14
2
14
200
9
35
11
10
21
23
26
3
29
12
1
15
191
19
36
14
14
3
19
25
27
3
32
16
4
16
187
18
7
36
14
17
4
18
25
27
6
31
18
5
14
183
15
2
36
13
16
4
19
24
25
3
30
20
7
18
175
15
6
38
14
18
8
22
25
2
27
1
31
24
9
22
165
21
11
40
16
15
6
21
22
2
26
4
31
25
10
17
161
24
16
43
19
15
7
21
23
5
28
3
32
28
15
19
1
162
22
9
46
21
18
8
22
24
8
31
2
30
31
18
17
1
155
23
6
44
19
13
7
20
24
6
30
3
31
28
15
17
150
29
12
43
19
17
8
21
26
6
30
3
30
29
16
20
3
151
22
4
43
20
19
5
23
21
6
30
2
30
29
15
16
4
149
13
40
17
14
1
22
18
4
28
2
28
25
11
13
150
33
6
41
19
25
6
27
29
7
33
5
33
30
15
19
10
146
32
7
39
18
19
7
19
27
4
32
2
36
26
12
21
6
143
19
7
37
15
11
