1
1
2
10
84
1062
3
1
2
2
15
77
1061
2
1
7
20
84
1060
2
18
88
1058
2
17
90
1057
1
5
15
93
1055
1
4
13
94
1054
7
4
3
19
4
104
1053
9
5
1
21
2
105
1051
3
6
5
2
1
1
25
4
103
1050
1
5
6
1
3
1
2
3
28
10
110
1048
5
1
6
1
10
2
5
5
28
8
118
1047
9
1
1
5
1
3
5
6
6
1
2
4
7
6
33
8
115
1045
3
3
9
3
1
5
5
9
6
3
5
3
9
5
31
10
116
1044
9
2
7
5
2
5
6
9
5
2
5
5
9
8
26
12
112
1043
7
3
13
6
2
3
6
5
4
5
3
6
6
12
31
10
112
1041
6
5
16
7
1
1
2
12
4
1
3
4
10
2
31
5
117
1040
4
5
5
8
1
1
3
1
4
1
1
3
2
23
9
105
1039
1
2
5
5
1
3
3
18
7
102
1037
6
2
7
4
1
6
1
7
3
21
7
101
1036
5
5
3
3
20
3
101
1034
4
5
2
21
98
1033
2
6
1
10
4
92
1032
1
6
7
92
1030
3
4
20
96
1029
5
5
2
14
1
92
1028
6
8
74
1026
4
11
83
1025
5
3
13
87
1024
3
4
72
1022
4
3
70
1021
5
5
70
1020
3
5
11
77
1018
5
2
2
4
16
73
1017
6
10
1
73
1015
5
6
1
4
2
17
70
1014
5
5
1
3
1
18
74
1013
8
7
3
3
2
16
1
77
1011
8
8
1
2
1
3
4
1
3
12
2
65
1010
9
2
4
3
8
1
1
3
3
7
8
70
1009
2
2
8
3
5
1
6
13
3
3
1
21
81
1007
1
4
8
3
3
5
3
12
70
1006
3
11
9
1
1
1
21
5
62
1005
5
7
2
1
18
59
1003
4
1
1
56
1002
4
2
54
1001
2
3
48
999
3
4
37
998
5
4
1
14
46
997
4
2
7
15
4
52
995
5
4
1
2
16
48
994
1
6
1
1
2
3
3
2
1
1
9
42
993
1
1
6
1
1
2
2
7
1
3
1
14
4
42
991
3
9
6
2
3
7
4
1
1
2
3
3
21
9
47
990
2
2
6
6
3
4
8
1
3
2
2
5
9
4
17
5
47
989
4
2
11
6
3
5
9
3
11
5
5
5
13
7
18
6
44
987
8
1
16
9
3
4
8
1
3
4
3
4
9
5
1
25
2
31
986
3
4
13
7
2
1
4
6
4
13
1
3
7
3
1
17
5
33
985
3
9
13
1
7
1
1
8
7
3
1
9
2
3
12
14
31
984
5
4
9
7
2
2
4
1
1
3
2
2
8
1
2
17
5
14
982
3
1
13
1
7
1
4
4
3
8
3
13
4
16
981
4
8
1
7
1
2
1
4
2
12
2
13
980
8
7
1
3
2
12
1
978
6
6
1
1
1
5
977
6
1
1
1
1
976
6
2
1
3
974
5
1
973
5
2
1
1
972
7
4
5
3
1
11
971
6
3
1
969
5
2
1
3
6
968
6
2
2
4
2
6
967
6
3
2
5
2
1
1
965
8
4
2
4
7
7
4
3
8
1
2
12
964
5
14
5
4
1
5
4
13
9
5
8
14
1
2
1
24
12
15
963
11
2
13
3
6
2
7
7
7
8
7
1
12
6
3
1
20
5
14
962
7
10
15
2
6
2
7
7
10
11
7
3
15
10
4
1
20
10
22
960
12
6
14
3
6
2
5
4
7
6
4
6
1
14
8
4
1
1
19
12
32
959
12
5
16
4
7
2
2
4
13
8
5
3
3
10
8
4
1
27
9
39
958
10
7
16
2
8
2
1
9
9
5
2
4
5
5
3
24
11
35
956
7
5
14
10
3
11
8
2
1
6
5
3
21
11
37
955
4
5
14
10
3
1
5
12
7
4
6
10
4
2
29
10
54
954
11
8
18
2
10
2
4
11
1
1
3
9
6
2
28
12
52
953
9
7
16
1
9
2
2
7
12
10
2
2
11
3
2
22
11
53
951
2
5
11
9
4
1
5
14
8
14
6
3
11
1
20
11
52
950
3
11
15
1
10
9
11
6
5
8
5
2
26
14
56
949
9
6
14
2
7
1
8
14
9
7
8
2
1
1
26
10
62
948
7
2
10
1
7
1
1
4
9
6
9
1
3
9
1
27
7
54
946
6
3
10
1
7
9
9
3
6
1
1
1
22
7
54
945
9
1
12
6
1
2
5
5
3
4
2
22
7
49
944
7
2
11
3
5
4
2
1
19
7
53
942
6
4
1
4
1
1
1
3
2
11
4
45
941
1
1
5
2
1
2
2
12
1
39
940
2
5
3
2
4
2
3
3
5
4
11
50
939
2
4
8
10
4
5
5
7
6
17
3
50
937
2
2
3
3
7
9
1
2
5
4
10
4
22
54
936
2
4
3
3
8
10
8
4
2
6
8
14
5
15
4
60
935
4
5
13
6
3
7
9
7
9
5
4
5
11
16
5
25
9
57
934
8
14
25
1
8
4
6
7
7
17
8
3
5
12
16
3
4
31
14
63
933
9
11
24
1
8
4
6
9
15
11
11
3
7
12
15
5
1
3
32
15
69
931
11
11
21
1
11
2
2
3
9
19
5
3
10
15
8
4
2
30
12
64
930
11
14
23
3
12
1
7
20
9
8
13
11
5
1
22
14
52
929
9
14
23
5
11
3
1
14
16
18
5
8
13
12
5
1
22
19
61
928
14
18
22
6
11
1
18
18
1
2
6
11
14
5
1
23
22
60
926
13
17
28
6
11
12
14
13
3
6
14
6
27
18
48
925
9
7
16
3
10
2
1
4
9
4
3
7
7
4
1
10
8
46
924
4
8
15
5
9
10
8
2
1
2
5
8
4
1
12
9
51
923
6
12
23
5
9
13
10
7
1
1
5
9
4
1
27
14
54
921
7
6
11
2
8
2
1
4
5
7
3
5
6
4
2
2
5
8
52
920
1
3
13
1
9
2
1
5
5
2
3
4
2
2
10
7
47
919
3
8
1
10
3
8
5
2
6
2
2
3
12
45
918
5
2
8
3
9
3
3
7
6
1
3
2
2
3
2
6
51
917
2
2
12
1
8
2
7
1
3
1
2
6
7
48
915
7
9
3
2
8
5
3
1
1
3
4
40
914
10
8
3
3
6
1
1
1
1
3
2
2
41
913
2
12
4
6
2
2
1
2
5
6
51
912
2
5
13
3
7
1
1
2
9
5
2
2
1
3
16
8
50
911
1
3
10
1
6
1
2
3
5
9
8
1
5
1
3
9
8
50
909
2
6
16
2
7
1
2
10
9
3
4
3
1
3
2
8
51
908
5
3
16
4
9
9
7
4
7
3
1
2
16
5
53
907
8
4
11
5
8
5
5
6
4
4
4
2
1
12
9
57
906
7
12
24
4
7
8
13
4
5
8
7
2
1
14
12
50
905
9
12
20
3
10
1
2
4
14
4
4
7
11
7
3
1
12
15
52
903
12
12
17
5
10
2
2
4
15
14
9
1
6
8
11
8
3
1
12
15
59
902
11
11
24
5
9
2
1
3
13
15
5
1
4
6
9
8
2
1
23
12
57
901
7
11
24
2
9
1
2
4
10
3
3
4
4
9
3
1
15
14
50
900
7
11
23
4
9
1
11
11
1
7
8
10
3
2
9
10
46
899
9
8
22
5
9
1
2
8
11
3
2
1
8
10
3
2
16
10
47
897
7
8
24
5
8
1
1
3
11
7
2
3
10
8
2
1
14
12
54
896
9
5
18
4
9
1
1
2
10
10
3
3
9
5
2
1
7
7
49
895
3
13
23
3
11
1
9
17
18
2
3
3
9
4
1
11
14
48
894
5
12
24
5
11
1
8
18
9
1
3
10
8
3
1
14
12
49
892
7
10
26
5
9
1
7
15
2
3
9
7
3
2
18
12
53
891
7
13
33
4
9
1
7
14
12
2
1
7
7
3
2
24
14
50
890
8
6
16
2
9
1
11
4
2
1
4
3
2
2
4
37
889
5
4
9
1
1
6
5
1
2
2
5
41
888
2
1
16
5
8
1
7
9
2
1
1
2
10
6
42
887
3
10
3
7
2
4
8
2
5
3
1
40
885
8
8
2
2
3
6
3
5
3
32
884
8
7
2
2
3
4
2
1
4
1
37
883
6
2
4
39
882
3
6
1
3
3
32
881
17
22
1
7
1
12
9
9
3
3
1
3
15
19
39
880
8
8
16
1
10
1
3
3
7
4
3
2
10
32
878
2
3
8
4
2
1
2
36
877
1
5
7
5
5
13
3
1
4
3
2
1
3
13
44
876
8
16
21
4
9
14
5
1
2
8
4
1
9
23
39
875
9
7
18
4
8
6
5
1
1
2
2
4
3
1
5
13
36
874
5
1
4
5
3
3
8
3
2
2
1
4
2
6
38
873
6
4
4
5
1
6
1
1
1
11
35
872
4
2
7
2
5
2
1
2
2
2
3
6
37
870
3
1
6
1
2
2
1
4
3
3
8
38
869
1
4
13
2
7
1
3
2
3
5
1
3
2
13
30
868
4
9
13
3
6
2
8
2
8
1
4
1
1
2
15
41
867
5
8
13
2
7
7
8
2
6
3
2
2
2
17
39
866
7
7
14
8
1
12
7
1
7
3
2
2
2
15
34
865
8
10
12
2
6
1
1
15
6
8
2
1
6
1
3
19
37
863
8
11
17
3
7
1
10
9
1
2
7
2
1
3
3
21
42
862
9
13
21
2
7
9
12
5
3
9
4
1
2
7
18
41
861
6
11
24
2
8
1
10
10
6
2
5
12
2
3
4
16
38
860
10
13
26
2
8
11
9
4
2
5
6
2
1
4
11
18
37
859
9
13
15
4
7
13
7
7
3
2
6
2
1
2
8
19
41
858
9
11
16
3
7
9
8
5
3
4
10
2
1
2
1
21
40
856
13
7
17
1
7
1
8
6
13
2
1
6
1
1
2
3
17
35
855
6
6
14
2
9
2
7
1
1
3
8
1
3
12
40
854
4
8
15
3
6
1
10
2
4
3
9
1
3
6
14
38
853
8
12
20
2
4
1
1
12
10
6
5
2
6
2
9
20
37
852
8
7
12
7
2
1
5
5
3
1
2
14
30
851
2
3
7
1
1
8
4
1
2
10
31
850
3
5
11
1
6
1
1
2
3
2
2
12
37
857
4
2
10
1
5
1
1
2
2
9
32
858
2
9
1
6
4
2
1
12
22
842
5
7
4
1
2
1
9
19
846
6
2
7
1
1
1
5
32
850
6
16
5
6
2
2
1
1
13
35
852
6
6
14
3
6
2
2
1
2
13
31
840
5
6
12
3
7
1
15
6
1
1
3
2
2
12
31
840
1
6
18
4
8
1
12
1
3
4
3
1
8
13
31
841
5
3
16
2
6
2
1
10
4
3
3
8
1
1
1
5
12
36
837
4
7
10
2
5
1
10
7
16
2
5
2
1
1
16
30
839
3
6
9
1
7
7
3
2
2
1
10
24
836
2
5
12
7
5
1
1
3
1
1
11
25
835
2
6
14
3
6
1
3
4
2
1
4
12
31
834
4
10
15
2
6
3
3
1
1
2
14
37
833
4
11
18
1
7
17
4
1
5
3
2
1
17
28
832
5
13
9
1
5
6
2
1
6
30
830
3
3
14
1
6
2
6
2
3
10
2
9
34
830
3
6
20
3
5
9
9
3
3
9
1
9
13
28
828
1
1
10
6
1
2
1
8
26
827
3
7
3
5
4
4
4
2
5
3
7
3
10
32
826
6
5
14
1
3
5
2
7
1
3
3
3
5
3
1
14
34
825
5
2
9
1
2
6
4
3
3
3
1
4
2
7
31
825
2
13
3
4
2
3
4
3
4
3
4
7
27
823
2
2
13
3
5
1
4
2
2
3
3
12
32
823
4
3
7
5
1
2
3
4
1
9
4
8
34
846
5
2
14
1
5
2
5
6
7
6
2
4
9
35
852
7
7
14
2
5
9
2
1
3
1
14
32
806
6
5
13
6
3
3
4
2
11
25
825
7
21
3
7
1
4
7
5
3
1
1
5
12
30
923
7
19
2
7
6
1
6
3
1
1
1
14
31
987
5
10
16
1
8
5
1
3
4
1
1
17
27
802
3
8
14
7
12
2
1
4
2
2
12
25
802
8
17
7
4
2
2
8
1
1
12
30
972
3
11
17
1
8
7
7
1
3
4
1
1
4
18
32
1047
7
4
14
7
1
7
3
3
1
3
10
27
843
9
17
7
1
5
3
3
4
2
12
24
771
1
7
16
6
6
5
1
3
3
1
16
30
1015
4
1
7
1
5
3
2
1
3
4
1
8
34
1168
3
3
9
1
5
1
3
7
28
940
2
6
5
1
1
2
7
22
740
8
3
2
1
4
4
1
6
2
10
27
1031
1
9
4
1
6
1
1
4
30
1260
3
3
3
2
2
2
2
23
1045
10
3
1
2
1
3
2
7
20
747
8
5
2
2
1
2
6
5
1
9
3
7
30
1009
1
12
5
4
3
4
3
5
1
15
3
4
32
1361
1
15
1
5
5
5
3
7
2
2
6
30
1178
7
14
6
1
9
5
3
2
2
6
2
15
33
791
3
5
11
6
11
3
3
2
10
2
14
28
963
3
10
1
5
6
4
4
7
1
9
27
1410
3
10
1
6
3
1
3
3
30
1298
7
7
1
3
5
4
1
5
23
871
1
5
8
2
2
5
5
4
1
10
27
924
12
6
2
3
3
1
7
6
5
2
6
29
1427
1
3
19
1
6
2
1
2
8
2
3
1
5
8
1
7
13
36
1389
3
7
1
8
2
3
4
11
4
4
1
3
41
911
9
8
2
1
1
4
3
2
3
45
840
12
6
1
1
5
5
7
2
9
45
1287
9
5
1
1
2
3
3
1
1
38
1363
8
18
5
2
14
63
907
1
12
5
2
2
2
2
6
95
763
9
4
3
3
1
99
1131
1
12
4
2
8
93
1337
12
5
1
1
7
82
980
1
1
16
5
1
3
1
10
63
732
2
14
1
2
1
1
5
2
2
1
7
2
14
41
1059
1
9
1
3
2
2
3
2
5
1
8
22
1301
1
2
8
3
1
1
1
1
9
13
981
2
2
14
6
2
1
4
1
11
14
705
6
12
7
6
4
11
2
2
6
1
7
19
893
3
1
13
6
8
1
2
1
3
1
13
26
1125
4
2
12
7
5
2
3
4
14
20
964
4
16
1
9
1
8
9
7
2
2
5
6
12
695
4
15
1
10
2
6
9
4
6
10
6
8
827
3
8
1
7
1
2
1
3
3
5
2
7
1
10
10
1036
4
3
16
2
7
1
1
2
3
1
5
1
4
10
25
994
4
3
14
7
1
2
1
6
3
10
35
713
9
5
1
1
1
5
8
4
3
6
50
781
13
1
5
1
4
1
3
3
1
10
50
1026
13
4
9
28
1048
1
15
5
1
5
28
756
4
16
6
4
2
5
22
737
13
4
1
1
8
10
1024
1
16
1
3
5
3
11
12
1108
5
4
21
2
3
11
5
2
11
10
814
3
5
19
5
2
3
5
1
12
14
710
2
8
21
1
7
5
6
6
7
1
14
21
1052
6
11
27
3
7
4
7
5
9
2
8
17
24
1224
8
7
24
2
8
6
3
4
2
7
3
5
13
19
923
3
3
20
7
8
11
3
1
6
3
1
9
15
687
13
8
1
8
9
1
8
1
4
18
997
3
13
8
1
4
7
5
9
7
17
1238
1
10
7
1
1
4
5
6
4
4
12
967
6
6
1
2
3
5
686
15
8
1
3
1
3
6
4
12
934
16
9
1
4
6
4
5
3
7
17
1270
16
7
2
1
2
4
2
7
19
1083
11
7
2
2
1
1
1
1
4
4
5
19
706
2
6
7
2
1
3
5
1
16
895
6
4
1
4
1
2
5
21
1296
4
7
1
3
8
7
22
1152
8
3
1
25
742
1
3
2
45
811
1
3
86
1239
3
2
1
112
1216
9
4
1
4
86
785
10
5
757
5
4
1
1209
7
4
2
2
1306
14
2
5
2
6
3
6
880
11
5
6
2
1
731
7
1
4
3
1
1161
5
4
3
3
1
5
1324
5
2
5
2
1
907
8
6
1
1
669
4
9
1
1
2
960
4
7
3
3
3
5
1195
1
5
3
2
2
5
886
4
7
4
3
6
9
639
2
6
4
4
6
5
1
9
3
847
7
5
3
4
4
1
2
6
7
1
2
1090
2
13
6
3
4
4
5
3
6
6
6
26
938
16
8
2
2
4
2
3
1
9
1
5
53
632
4
21
8
1
2
1
4
6
1
2
3
11
6
10
73
779
9
22
5
1
3
4
5
8
10
5
2
11
6
12
87
1025
7
1
21
1
6
9
5
1
1
2
8
1
4
13
100
954
10
5
19
1
6
10
7
5
2
7
2
10
16
98
651
10
18
7
9
6
5
3
1
8
5
10
99
724
9
19
7
7
6
3
2
7
2
4
12
105
988
9
5
24
5
2
3
1
7
2
8
17
108
998
8
1
21
5
9
1
4
10
101
692
6
10
6
11
1
3
1
11
100
687
4
11
5
1
3
101
1010
8
7
95
1098
12
5
2
4
94
768
15
5
1
2
88
651
14
7
3
5
2
3
91
1024
20
6
2
2
6
1
7
97
1208
1
18
1
8
9
7
2
14
92
885
3
14
1
7
3
4
1
3
96
645
1
11
1
6
4
1
1
2
98
1035
1
14
1
4
1
6
3
1
9
103
1340
8
20
1
3
2
1
2
1
8
104
1034
3
4
20
6
1
9
3
16
98
690
5
1
19
8
1
1
8
7
1
2
4
5
1
1
13
104
1010
9
5
22
3
8
1
2
2
9
10
11
3
4
11
6
1
4
19
111
1444
14
9
29
4
9
12
9
16
1
4
12
7
1
11
24
111
1194
17
4
29
1
10
1
12
10
1
5
10
5
1
7
16
104
811
12
3
24
1
9
1
9
6
5
1
2
5
10
3
1
7
16
102
1015
15
2
24
1
9
7
9
7
1
1
8
1
3
13
102
1493
12
2
22
2
8
1
7
9
2
9
2
13
96
1327
9
10
7
1
5
4
6
2
6
12
92
884
9
15
7
7
7
2
3
8
88
970
3
24
6
9
2
3
1
4
10
89
1477
2
16
5
3
4
84
1461
3
9
4
4
81
1010
10
1
4
6
81
987
13
2
3
71
1486
10
3
1
2
79
1583
12
1
1
2
2
3
2
5
75
1147
16
3
1
1
3
4
68
1005
9
3
1
4
2
2
3
9
