47
25
56
10
48
1
45
37
48
4
41
53
28
44
37
31
29
42
30
10
42
91
86
60
46
24
57
7
46
39
32
52
3
43
49
32
39
41
28
30
42
29
5
44
96
75
56
41
21
55
5
41
30
25
47
39
45
32
34
38
19
29
42
27
4
37
81
54
42
21
55
5
38
25
16
42
38
32
27
26
30
11
28
44
25
5
34
82
60
48
23
56
7
37
24
11
43
38
34
29
21
30
12
30
45
24
6
41
79
44
62
46
1
22
56
5
35
21
11
47
42
38
33
24
33
15
31
45
25
3
45
86
83
63
49
24
56
4
34
19
9
51
45
34
37
20
36
16
32
45
24
5
45
102
63
52
1
27
58
6
36
23
9
54
47
34
41
21
37
12
33
45
24
6
48
101
64
52
2
27
59
8
38
31
16
54
43
41
39
30
40
16
34
45
26
8
50
112
34
69
54
7
26
62
9
41
36
22
59
1
56
46
45
36
48
23
38
45
27
8
54
120
97
71
53
11
27
65
10
45
2
40
29
65
2
63
44
52
44
54
32
40
44
29
7
56
123
68
49
8
25
65
11
50
3
50
35
60
1
56
34
58
45
59
29
36
43
30
8
52
142
73
53
9
31
63
11
44
41
22
55
47
32
40
30
43
9
42
47
27
6
56
216
80
59
15
32
69
12
46
45
25
62
2
47
46
44
34
46
9
45
50
28
11
66
207
95
78
57
15
30
69
10
47
42
26
64
4
48
40
46
35
49
18
44
48
29
10
60
207
96
73
51
10
26
65
9
44
37
24
57
50
39
44
34
43
15
40
46
28
7
54
206
72
49
7
25
63
11
43
38
22
58
46
34
42
33
43
18
37
45
28
8
57
211
66
45
2
22
61
12
43
42
26
57
56
24
42
39
45
17
32
43
29
5
52
206
82
66
46
3
22
61
12
44
2
44
33
57
56
29
47
46
49
20
31
40
30
6
51
209
120
67
45
5
23
62
11
45
2
44
34
62
59
41
50
44
54
27
32
39
31
8
51
216
1
70
47
7
25
65
10
46
48
31
66
64
37
52
40
57
26
33
40
30
10
56
209
72
47
8
25
64
11
47
1
55
34
67
63
42
56
42
61
27
34
42
31
11
61
210
66
69
42
7
23
63
12
48
3
59
38
69
1
62
50
60
46
64
30
31
40
32
10
58
207
127
72
43
8
24
65
13
49
57
35
74
4
60
44
62
39
70
27
31
39
31
18
59
184
17
75
49
9
26
65
13
49
56
30
74
7
70
35
63
30
70
22
32
41
30
24
64
189
70
44
6
24
66
14
52
61
33
74
7
68
37
62
32
67
23
29
43
30
24
62
183
34
67
41
6
23
68
13
53
60
33
71
6
64
48
63
34
66
20
29
45
29
20
58
151
118
70
45
9
26
71
11
55
58
34
72
9
69
43
63
35
67
21
32
45
30
25
56
149
29
68
45
7
26
70
12
56
59
36
71
7
59
47
56
36
64
25
33
44
31
24
54
153
63
45
3
25
67
14
55
60
32
63
6
55
47
52
31
59
35
32
43
31
19
50
126
59
41
25
64
16
55
62
36
59
6
58
44
58
35
55
42
29
41
32
19
43
120
107
63
43
1
28
63
16
53
58
36
61
8
57
47
57
36
55
38
31
40
32
19
46
106
49
65
47
1
31
60
18
46
50
30
59
10
54
48
48
36
51
31
32
40
31
26
45
77
63
47
33
56
20
41
1
45
27
55
11
46
45
40
40
43
26
32
42
30
24
42
72
65
46
2
33
57
21
36
3
38
23
57
11
40
43
32
42
39
22
34
43
29
20
46
61
92
68
48
7
34
58
20
33
3
29
19
59
13
38
46
28
44
37
23
37
43
28
22
47
42
65
72
45
10
32
60
19
33
2
26
18
60
10
46
41
27
42
36
24
39
45
28
17
50
36
71
42
9
28
60
20
33
3
25
16
54
6
43
52
25
43
27
28
37
47
28
13
50
33
68
40
7
26
61
18
33
22
11
52
5
39
58
22
38
27
28
36
48
27
12
48
21
65
63
34
3
21
60
12
33
19
12
50
41
47
21
35
23
23
32
47
28
3
40
16
68
58
27
19
59
10
34
17
12
46
38
41
21
32
20
15
30
46
29
3
33
5
57
29
1
21
62
10
37
23
15
49
41
34
24
31
26
4
32
47
30
7
36
4
61
36
3
24
64
12
38
26
18
52
41
36
24
33
27
5
35
48
30
10
42
10
53
65
38
5
26
62
12
37
25
21
55
43
33
28
35
30
9
37
45
30
10
44
2
87
63
38
4
27
58
12
36
23
22
54
42
35
28
36
31
15
36
43
30
9
40
66
40
3
27
56
15
36
1
27
23
55
3
43
46
28
38
36
23
34
43
31
17
44
13
69
43
4
27
57
17
38
4
37
28
58
6
46
47
38
43
42
28
32
42
31
18
51
16
29
67
36
3
24
55
17
39
6
44
35
57
6
48
52
47
50
47
30
29
40
32
13
48
16
87
66
36
2
23
55
16
40
7
50
39
57
7
49
47
53
51
53
32
29
40
32
20
45
13
64
39
1
23
57
16
44
5
58
41
56
6
45
36
56
45
55
36
30
41
32
17
41
11
61
32
17
59
14
48
6
67
46
57
55
46
56
49
56
32
28
42
33
12
43
16
59
30
12
58
10
50
6
70
50
54
55
47
57
52
56
22
26
40
34
12
44
12
76
55
29
9
57
7
52
5
68
48
53
49
45
57
47
52
24
21
37
34
8
42
8
54
25
10
57
8
52
3
66
45
50
49
45
52
44
47
30
19
36
35
7
40
2
55
27
13
57
9
53
1
66
43
46
39
43
48
42
44
26
21
38
34
4
41
59
30
14
59
7
53
62
41
47
39
42
48
42
37
16
23
39
33
1
45
63
59
31
14
58
5
51
56
40
46
45
38
43
43
34
14
25
38
33
45
22
64
32
2
16
59
6
49
49
30
52
42
34
38
37
32
16
28
40
32
51
67
32
2
15
60
7
49
49
26
52
41
32
36
33
29
15
29
43
32
55
65
28
1
10
60
6
48
46
24
49
40
34
33
33
26
12
26
44
31
55
63
63
20
5
58
4
45
36
20
47
37
34
30
34
20
8
22
41
30
55
17
57
18
4
56
5
42
30
15
40
34
35
27
31
17
14
17
39
29
49
57
20
8
58
9
40
25
8
44
33
28
24
28
17
10
17
42
28
55
62
25
12
59
13
39
25
13
47
37
38
25
37
21
7
20
43
28
59
31
59
26
16
58
14
39
3
22
18
46
39
54
28
47
27
19
23
41
29
56
25
66
31
20
60
15
41
5
23
21
52
44
47
33
49
34
24
27
41
30
64
75
41
3
24
62
18
44
8
30
25
58
46
52
39
53
36
29
30
42
31
75
78
42
5
22
64
19
45
8
34
25
61
46
54
42
55
37
31
30
41
32
81
4
11
82
41
7
18
65
16
48
7
37
29
65
52
54
46
55
41
36
30
40
33
84
7
44
84
35
8
16
63
13
47
5
37
30
65
56
51
48
52
47
37
29
38
33
86
15
78
36
4
16
61
14
48
7
44
35
63
54
39
50
55
48
29
26
37
34
81
25
82
44
4
19
59
16
50
9
54
43
64
52
48
53
59
49
32
27
39
34
86
15
4
27
87
44
6
20
60
16
50
10
57
49
65
51
57
51
62
52
29
29
40
35
5
91
24
15
97
85
43
7
20
59
14
48
9
55
49
65
48
50
51
60
52
32
31
39
34
2
88
21
7
5
91
54
9
24
59
16
47
5
55
41
66
39
51
49
47
51
37
36
42
32
7
96
21
83
48
4
20
58
17
47
7
60
44
59
42
52
45
50
45
34
32
43
32
91
28
3
18
77
35
14
55
15
45
7
57
43
52
47
52
41
51
34
33
27
42
31
83
22
16
106
78
35
1
13
54
11
43
3
49
35
50
37
37
39
41
31
27
27
41
31
81
9
11
21
77
34
1
13
55
10
44
2
47
30
48
37
39
38
35
33
18
27
43
30
80
78
35
1
12
55
10
44
1
50
29
47
34
43
36
34
29
14
27
44
29
83
8
1
78
33
3
11
58
7
45
2
51
31
48
36
33
37
38
29
8
28
44
31
82
11
114
79
32
5
11
58
5
45
2
47
29
51
38
40
37
38
32
11
30
43
32
84
50
84
37
5
12
56
5
43
2
44
26
52
38
35
36
36
29
14
30
43
31
88
1
83
37
3
12
56
8
43
2
45
23
52
39
33
35
36
30
8
28
41
31
91
79
36
1
12
55
10
41
1
43
20
51
35
32
35
35
30
15
26
41
31
90
8
93
79
34
2
13
56
11
41
2
39
19
55
41
38
38
34
34
21
27
40
31
84
16
1
72
78
33
13
56
13
42
3
40
21
55
44
48
39
37
36
26
25
38
31
85
23
81
39
3
18
58
15
42
2
44
20
59
43
45
40
38
37
28
28
39
31
91
18
86
44
8
20
63
15
44
48
21
64
46
32
43
38
43
19
32
42
29
97
13
71
86
43
11
19
66
13
46
48
24
64
51
39
47
41
46
22
33
43
30
95
12
75
88
44
15
20
69
10
47
47
25
71
58
56
51
40
49
31
36
45
30
96
12
95
50
19
23
71
11
50
52
28
77
59
45
55
38
54
26
40
48
31
4
107
21
96
50
20
22
72
12
52
52
28
77
64
47
56
38
51
14
39
49
32
1
109
19
55
87
33
16
15
71
9
52
41
25
73
58
46
50
36
46
18
34
46
32
99
7
98
84
26
13
11
70
5
51
30
24
68
56
37
43
37
41
16
31
44
32
93
5
79
25
8
9
69
5
50
25
19
66
59
37
37
32
37
14
26
43
32
87
5
79
27
7
10
69
7
48
24
18
67
54
35
33
31
37
16
25
42
31
89
9
12
46
89
37
13
14
69
9
47
23
23
73
56
40
32
37
38
16
30
42
32
100
9
20
120
90
36
14
12
69
7
47
3
26
30
74
55
38
36
46
39
17
31
41
34
98
5
13
86
36
10
12
67
9
46
5
31
33
69
51
34
36
47
37
16
30
40
34
94
8
87
44
10
18
66
13
44
2
34
25
69
49
34
35
36
41
28
31
42
32
2
96
6
23
91
48
10
21
63
15
43
4
38
30
67
49
42
36
43
41
29
35
44
32
2
97
14
110
95
52
13
25
62
16
41
3
36
27
72
52
52
38
40
40
30
39
45
30
9
99
13
29
90
53
9
27
60
15
40
1
36
24
67
48
44
36
38
40
28
37
46
30
10
92
1
83
48
3
22
58
14
40
2
39
23
56
41
52
30
40
34
28
33
46
30
84
2
75
35
14
56
11
38
1
35
19
51
35
51
23
40
25
33
28
45
30
77
106
70
25
9
54
8
36
1
29
18
47
32
40
21
42
21
29
25
42
30
69
43
70
23
7
54
7
36
27
12
47
33
38
25
36
23
15
21
41
30
70
70
22
5
56
7
40
32
11
50
34
41
28
28
27
10
16
39
30
72
1
75
25
5
58
8
43
37
14
57
39
43
34
31
33
15
16
38
31
78
4
57
82
31
1
10
59
9
45
37
17
61
40
42
39
34
37
11
19
36
32
83
23
82
37
1
15
59
11
46
39
18
60
39
42
42
32
43
21
23
36
32
4
82
12
85
44
4
21
61
15
47
1
43
18
62
47
36
43
32
48
33
27
39
32
7
84
11
88
46
10
25
65
16
48
1
45
20
68
55
36
47
34
50
25
32
43
32
10
88
14
47
93
51
15
27
66
14
45
37
16
72
2
57
39
46
33
48
15
37
45
30
15
90
12
2
53
88
50
12
26
65
12
43
31
11
67
1
56
43
41
26
46
17
36
44
29
14
79
15
76
41
4
20
61
10
43
31
12
55
47
49
37
28
41
18
29
43
30
5
67
10
72
36
15
60
8
43
29
11
50
42
38
33
28
34
11
25
44
29
1
63
34
70
35
15
60
8
43
26
12
50
44
42
29
29
34
13
24
41
28
58
6
63
76
39
2
17
61
9
45
29
21
57
46
46
30
39
37
19
25
38
30
5
65
5
83
45
5
20
63
12
46
2
35
26
60
45
47
33
39
37
30
28
40
31
7
70
9
81
46
4
21
62
15
46
2
37
25
57
2
36
46
31
35
35
32
29
41
30
9
67
16
84
45
7
20
62
15
46
3
39
28
59
1
42
46
32
37
35
28
30
42
30
15
70
19
8
55
87
45
9
21
60
15
44
3
37
30
62
3
48
44
31
38
37
29
32
43
30
18
70
19
81
38
5
20
56
15
42
5
36
31
53
37
43
27
42
32
23
30
43
31
3
63
16
73
33
18
54
15
40
5
38
31
46
30
47
21
42
27
15
25
45
31
3
57
36
70
31
16
50
14
40
5
36
31
42
27
44
18
42
28
15
23
44
31
1
52
49
82
69
28
15
48
10
37
1
32
25
37
26
34
21
36
27
14
23
45
29
46
57
67
30
16
46
12
36
33
22
34
21
36
22
31
26
11
23
45
28
45
70
70
35
19
46
15
37
37
20
37
19
51
23
29
30
21
25
46
27
3
48
68
73
38
21
48
16
38
1
38
20
38
2
19
49
26
36
31
33
27
45
27
9
49
67
64
76
41
21
49
17
37
2
36
19
41
2
30
60
30
39
35
37
27
43
27
7
50
89
14
78
42
21
51
18
37
32
11
46
4
37
59
34
32
39
36
25
41
25
11
55
107
80
45
22
55
19
39
1
37
11
50
9
39
56
40
34
43
32
24
41
26
18
61
91
82
49
1
23
59
19
41
2
39
12
57
11
43
55
43
34
47
25
25
42
26
21
65
93
48
81
47
3
24
62
18
41
2
36
14
61
13
49
54
44
37
49
32
27
42
27
23
63
99
30
84
48
7
28
63
18
42
3
36
20
61
14
59
59
43
41
48
31
31
45
27
23
64
98
86
50
11
29
66
18
44
2
40
25
65
13
57
57
43
41
50
30
35
49
27
24
68
90
86
46
12
27
67
17
46
5
45
31
63
10
55
56
45
46
51
35
36
50
28
25
67
92
36
87
46
14
27
65
16
46
5
44
36
64
9
54
54
46
49
53
32
37
48
30
21
66
85
41
90
47
15
27
65
15
47
3
41
37
65
7
53
45
42
47
52
34
39
47
30
15
65
59
91
48
15
27
65
15
46
1
41
31
60
5
49
40
38
36
48
33
39
48
28
18
66
60
92
48
15
25
66
15
48
44
32
60
5
48
38
40
33
48
30
38
48
28
18
68
57
17
90
44
10
21
64
13
50
4
44
37
57
1
48
46
41
43
47
32
35
44
30
12
64
36
46
84
41
4
19
59
11
49
6
42
40
52
44
56
39
45
46
25
30
39
32
10
56
27
75
34
15
53
12
50
9
48
46
43
38
45
34
52
40
21
23
36
34
7
49
19
70
31
11
50
12
50
9
52
43
37
32
44
36
47
36
31
17
35
34
5
46
9
67
30
11
49
12
49
11
55
47
34
30
50
38
48
35
33
15
34
34
42
3
51
68
32
14
48
13
50
11
56
50
35
29
44
39
51
36
28
16
34
34
4
41
72
41
19
48
15
50
8
58
45
38
2
28
41
41
44
39
22
18
36
33
14
46
72
41
22
48
18
48
7
57
41
39
5
36
52
39
41
35
20
18
37
32
15
48
77
44
24
51
17
47
3
54
34
46
7
45
51
42
33
40
24
23
39
30
20
53
87
78
45
24
52
16
47
6
53
39
46
6
43
51
43
44
38
32
25
38
30
18
52
7
80
44
24
54
18
45
7
51
36
47
7
45
46
42
45
40
25
27
40
29
18
52
84
45
4
23
57
21
44
6
51
30
53
8
46
43
42
42
44
17
28
42
28
18
60
85
45
4
22
56
22
42
8
50
30
53
8
45
47
40
48
40
26
27
41
28
19
60
93
80
38
1
19
53
19
39
6
41
26
50
4
41
52
37
48
36
30
24
40
27
18
53
32
76
33
18
49
17
37
6
34
24
41
32
61
30
50
27
29
22
40
27
9
49
72
34
19
49
17
37
7
32
23
39
30
51
27
52
26
25
20
41
28
4
46
75
36
19
50
17
35
7
27
19
43
30
47
24
49
27
14
22
42
28
2
49
4
72
79
40
21
50
16
33
5
19
14
43
31
46
22
45
25
16
26
42
28
6
51
44
80
41
22
52
16
35
6
20
15
45
1
33
45
24
45
29
22
27
42
28
10
52
82
45
20
52
16
38
7
25
19
41
29
46
23
46
23
19
27
42
28
9
54
80
43
17
54
14
43
7
33
27
41
32
45
31
48
25
16
27
43
30
7
52
43
82
44
3
19
58
12
48
6
38
32
47
41
45
40
46
36
19
30
43
30
8
52
62
83
45
4
21
59
12
50
7
45
41
47
1
46
44
47
50
42
19
31
43
32
14
52
84
47
5
23
62
14
56
9
57
48
51
4
46
47
56
53
48
26
30
44
34
17
56
85
47
5
22
62
14
57
6
63
47
52
4
49
41
55
46
50
30
29
44
33
14
60
18
83
44
3
19
60
11
57
7
64
52
49
1
49
28
49
52
47
29
25
42
33
14
55
55
81
43
1
19
58
12
56
6
63
48
49
1
42
41
52
47
46
32
24
41
34
13
54
73
36
16
56
12
55
4
65
44
43
48
50
52
41
43
26
19
41
32
12
48
69
33
14
54
12
56
4
70
45
41
43
49
48
41
41
25
17
41
32
13
44
75
35
15
56
13
54
2
67
41
45
1
43
50
51
36
41
21
19
41
31
11
49
83
54
74
33
18
55
13
52
1
64
40
43
2
51
44
53
33
43
16
21
41
30
13
45
221
68
31
19
52
15
52
3
63
39
42
3
44
48
50
35
43
13
18
39
31
14
38
324
70
36
20
53
17
52
5
64
41
46
4
48
50
49
41
44
16
18
40
32
12
44
366
75
42
23
54
19
49
5
58
36
48
7
47
51
45
40
47
28
22
41
31
17
48
385
40
69
35
19
50
16
45
6
50
33
41
42
50
39
41
46
24
19
38
31
3
40
498
61
29
15
47
15
42
6
46
30
34
36
42
33
38
42
21
15
37
29
32
547
62
30
17
47
17
39
5
42
23
38
31
40
26
35
37
18
16
40
28
34
268
69
38
20
48
18
36
3
37
19
41
29
39
22
35
32
10
22
44
27
3
40
21
