4865
4999
4865
4865
4865
3292
458
1649
611
4999
3056
4866
4865
4865
4866
4865
4968
4969
4939
4935
4856
4856
4991
4856
4856
4856
3176
451
1600
592
4990
2939
4857
4856
4856
4857
4856
4995
4987
4933
4928
4852
4851
4972
4852
4852
4852
3092
455
1545
580
4967
2865
4852
4851
4851
4852
4851
4984
4957
4926
4922
4844
4844
4996
4844
4844
4844
2999
442
1487
565
4992
2781
4845
4844
4844
4847
4844
4997
4991
4920
4915
4838
4838
4988
4838
4838
4838
2933
457
1485
574
4987
2719
4839
4838
4838
4889
4838
4978
4989
4913
4909
4832
4831
4972
4832
4833
4832
2812
410
1433
530
4974
2604
4832
4832
4831
4987
4831
4932
4965
4907
4902
4825
4825
4998
4825
4857
4825
2700
365
1344
490
4998
2489
4825
4825
4825
4996
4825
4987
4992
4900
4896
4836
4819
4996
4835
4957
4819
2636
370
1315
492
4996
2431
4834
4819
4819
4999
4819
4995
4995
4894
4889
4935
4814
4983
4932
4999
4812
2533
345
1266
458
4985
2329
4931
4812
4812
4996
4812
4989
4985
4887
4883
4999
4859
4999
4999
4996
4806
2465
356
1245
457
4999
2270
4999
4806
4806
4999
4806
4999
4998
4881
4876
4995
4980
4992
4994
4999
4799
2395
346
1206
451
4991
2209
4995
4799
4799
4999
4801
4997
4985
4874
4870
4999
4995
4996
4999
4999
4794
2325
337
1168
440
4994
2141
4999
4793
4793
4999
4839
4978
4984
4868
4863
3861
784
3932
638
3517
3897
3717
4523
1373
565
823
3634
3953
4926
4926
3490
4113
3286
3951
4785
4780
3740
743
3814
605
3446
3775
3605
4382
1300
535
780
3568
3830
4921
4920
3384
3990
3207
3903
4778
4774
3615
739
3688
601
3364
3649
3485
4230
1293
532
776
3498
3708
4914
4914
3281
3873
3123
3852
4772
4767
2292
500
2335
408
2205
2324
2249
2607
883
364
532
2305
2388
2871
2875
2189
2486
2127
2522
3023
3025
99
14
46
18
83
228
34
117
46
223
2
7
2
1
3
22
5
61
140
140
312
46
157
61
298
171
23
86
34
167
96
96
332
48
167
65
317
325
47
165
64
315
56
56
370
54
187
73
356
440
65
223
86
424
3
3
441
64
224
86
426
10
10
518
76
262
101
498
528
77
268
103
509
16
16
581
85
295
114
560
611
90
310
119
588
7
7
645
94
327
126
620
684
101
347
134
658
709
104
360
139
682
2
2
747
110
379
146
717
773
114
392
151
743
2
2
805
119
409
157
773
832
122
423
163
800
1
1
860
127
436
168
826
888
131
451
174
853
913
134
464
178
876
939
138
476
183
901
962
142
489
188
923
986
145
501
193
946
1009
149
512
197
968
1031
152
524
202
989
1052
155
534
206
1009
1073
158
545
209
1028
1093
161
555
213
1047
1112
164
565
217
1065
1131
167
574
221
1083
1150
170
584
225
1100
1168
174
594
230
1119
1187
178
604
234
1136
1204
182
613
238
1152
1221
185
623
243
1169
1237
188
631
246
1183
1253
191
639
250
1197
1268
194
647
253
1212
1282
196
655
257
1226
1296
199
662
260
1238
1310
202
670
263
1251
1324
205
677
266
1264
1336
208
684
270
1276
1347
209
689
272
1286
1358
211
695
274
1297
1370
213
701
276
1307
1380
214
706
278
1316
1390
216
710
280
1326
1399
217
716
282
1335
1408
218
720
284
1343
1418
220
725
285
1351
1427
221
730
287
1360
1435
222
734
289
1367
1443
223
737
290
1374
1451
225
742
292
1382
1458
226
745
293
1389
1465
226
749
294
1395
1472
228
752
295
1401
1479
229
755
297
1408
1485
230
759
298
1413
1491
230
762
299
1419
1497
232
765
300
1424
1502
232
767
301
1429
1508
233
770
302
1434
1512
233
773
303
1439
1518
234
775
304
1444
1523
235
778
305
1447
1527
236
780
306
1452
1531
236
782
307
1456
1535
237
784
307
1459
1540
238
786
308
1463
1543
238
788
309
1467
1547
238
790
310
1470
1550
239
792
310
1473
1554
240
793
311
1476
1557
240
795
311
1479
1559
241
796
312
1481
1562
241
798
313
1483
1565
242
799
313
1486
1567
242
800
314
1488
1570
242
802
314
1490
1572
242
803
315
1492
1574
243
804
315
1493
1577
243
805
315
1495
1578
243
806
316
1497
1580
243
806
316
1499
1582
243
807
316
1500
1583
244
808
316
1501
1584
244
809
316
1503
1586
244
809
316
1503
1587
245
810
317
1504
1588
244
811
317
1506
1589
244
811
317
1506
1590
244
812
317
1507
1591
245
812
318
1508
1592
245
812
318
1508
1593
245
812
318
1509
1593
245
812
318
1509
1593
245
813
318
1510
1594
245
813
318
1510
1594
245
813
317
1510
1594
245
813
318
1510
1595
245
813
318
1510
1595
245
813
317
1510
1595
245
814
318
1510
1595
246
814
318
1510
1595
245
813
318
1510
1595
245
814
318
1510
1595
245
813
318
1510
1594
245
813
317
1509
1594
245
813
317
1509
1594
245
813
318
1508
1594
245
813
317
1508
1593
245
812
317
1507
1593
245
812
317
1507
1592
245
812
317
1506
1591
245
812
317
1505
1591
244
811
317
1505
1590
244
811
317
1504
1589
244
811
316
1503
1589
244
810
316
1502
1588
244
810
316
1502
1587
244
809
316
1501
1586
244
809
316
1500
1585
243
808
316
1499
1584
243
807
315
1498
1583
243
807
315
1497
1583
243
806
314
1496
1581
243
806
314
1495
1580
242
805
314
1494
1579
242
805
314
1493
1578
242
805
314
1492
1577
242
803
314
1491
1576
242
803
313
1489
1575
242
803
313
1488
1573
242
802
313
1487
1573
241
801
312
1486
1571
241
801
312
1485
1569
241
800
312
1483
1569
241
799
312
1482
1567
241
799
311
1481
1566
241
798
311
1480
1564
240
797
311
1478
1563
240
796
311
1477
1562
240
796
311
1476
1560
240
795
310
1474
1559
239
794
310
1472
1557
239
794
310
1472
1556
239
793
309
1470
1554
238
792
308
1468
1553
239
791
308
1467
1551
238
791
308
1465
1550
238
790
307
1464
1548
237
789
307
1462
1547
237
788
307
1461
1545
237
787
307
1459
1544
237
787
306
1457
1542
237
786
306
1456
1540
236
785
306
1455
1539
236
784
306
1453
1537
236
783
306
1452
1535
236
783
305
1450
1534
236
782
305
1448
1532
235
781
304
1447
1531
235
780
304
1446
1529
235
779
304
1444
1527
234
778
303
1442
1526
234
777
303
1441
1524
234
777
303
1439
1522
233
776
302
1437
1520
233
775
302
1436
1519
233
774
302
1434
1517
233
773
301
1433
1515
232
772
301
1431
1513
232
771
301
1429
1512
232
771
300
1427
1510
232
769
299
1426
1508
231
769
299
1424
1506
231
768
299
1423
1505
231
766
299
1420
1503
230
766
298
1419
1502
230
765
298
1417
1499
230
764
298
1415
1498
230
763
297
1414
1517
233
773
301
1433
1515
232
772
301
1431
1513
232
771
301
1429
1512
232
771
300
1427
1510
232
769
299
1426
1508
231
769
299
1424
1506
231
768
299
1423
1505
231
766
299
1420
1503
230
766
298
1419
1502
230
765
298
1417
1499
230
764
298
1415
1498
230
763
297
1414
1474
226
751
292
1391
1472
226
750
292
1390
1470
226
749
292
1388
1469
225
748
292
1386
1467
225
747
290
1384
1465
225
746
291
1383
1463
224
745
290
1381
1462
224
745
290
1379
1461
225
745
290
1378
1462
228
747
294
1380
1462
229
747
294
1380
1458
227
745
293
1377
1457
228
745
294
1376
1455
227
743
293
1374
1454
227
743
293
1372
1452
227
742
292
1371
1450
227
741
292
1369
1448
227
740
292
1367
1446
226
740
292
1366
1445
226
739
291
1364
1443
226
737
291
1361
1441
226
737
291
1360
1036
163
533
211
988
115
18
123
15
58
111
88
198
29
10
15
40
94
305
300
57
117
43
25
422
342
154
32
151
27
103
159
167
131
61
25
36
101
170
102
102
171
168
141
82
162
93
121
19
62
25
117
154
31
151
26
99
155
157
144
56
23
32
90
154
129
127
148
153
120
70
98
123
58
9
28
12
55
61
12
59
9
37
60
59
65
21
8
12
32
58
71
70
53
61
42
26
139
73
9
2
4
3
9
1
5
1
1
2
7
10
9
13
23
5
20
4
16
24
25
18
9
4
5
14
24
10
9
25
24
20
14
30
6
15
3
7
4
16
38
23
5
21
4
16
24
25
23
9
3
5
14
23
21
19
23
24
18
13
18
19
9
2
3
3
9
9
2
7
1
6
10
9
11
3
1
1
5
9
12
11
9
11
6
6
11
12
1
1
1
1
1
3
40
1
1
1
2
2
2
1
1
1
2
5
2
3
1
4
6
6
5
3
1
2
1
1
4
5
4
3
6
7
4
5
3
3
2
1
2
4
1
10
5
2
2
1
4
5
6
6
2
1
1
1
1
3
4
5
4
5
6
3
5
67
4
1
1
2
1
2
1
2
3
3
19
2
1
1
3
3
3
3
2
2
1
1
2
2
1
3
4
3
3
4
1
4
2
2
2
2
2
2
2
1
1
1
1
1
2
1
2
1
1
2
3
3
10
1
2
2
2
2
2
1
1
2
1
2
1
2
1
2
1
1
2
3
97
1
3
2
3
3
3
3
2
2
2
1
3
2
1
3
3
2
3
4
1
4
86
1
2
2
3
2
2
2
1
1
2
2
1
1
2
1
2
1
2
1
1
2
3
1
3
2
1
3
3
3
3
1
2
2
1
1
2
2
2
2
3
2
2
3
1
4
1
2
2
3
2
2
2
1
2
2
2
1
1
3
2
2
2
3
2
3
3
1
4
75
1
3
3
1
3
3
3
3
1
2
2
2
1
1
3
2
2
2
3
2
3
3
1
4
58
2
3
3
1
3
3
3
3
1
2
2
2
1
3
2
2
2
3
2
2
3
4
3
1
3
3
3
3
2
3
2
2
2
2
1
1
3
2
3
2
3
2
2
3
4
7
1
3
3
3
3
3
3
2
2
3
2
2
1
3
2
3
3
4
3
3
3
1
4
66
2
3
3
1
4
3
3
3
2
2
3
2
2
1
3
2
3
3
3
3
3
3
1
5
79
2
3
3
1
3
4
3
3
2
2
2
2
1
1
3
3
2
3
3
2
3
3
1
4
11
1
3
3
4
3
3
3
2
2
3
2
2
1
3
3
3
3
4
3
3
3
1
5
1
3
4
4
3
3
3
3
3
3
3
2
1
3
2
3
3
3
3
3
3
1
5
25
2
4
3
1
4
3
4
3
2
3
3
3
2
1
3
2
3
3
3
2
3
4
1
5
76
1
4
3
1
4
3
3
3
3
3
3
3
2
2
3
3
3
4
3
3
3
4
1
5
14
2
4
4
1
4
3
4
3
3
3
3
3
2
1
3
3
3
3
4
3
3
4
1
5
2
4
4
1
4
4
4
4
3
3
3
3
2
1
3
2
3
3
4
3
3
4
1
5
46
2
4
4
1
5
4
4
3
3
3
3
3
2
1
4
3
3
4
4
4
3
4
1
5
70
2
4
4
1
5
4
4
4
3
3
3
3
2
2
4
3
3
4
4
4
3
4
2
5
14
2
4
4
1
5
5
4
3
4
3
3
3
3
2
3
3
3
4
4
3
3
4
1
5
2
4
4
1
5
4
4
3
3
3
4
3
3
2
4
3
3
4
4
4
4
3
1
5
9
2
4
4
1
5
4
4
4
3
3
4
3
3
2
4
3
4
4
5
4
4
4
2
6
81
2
4
5
1
5
5
4
4
4
3
4
3
3
2
4
3
3
4
5
4
4
4
1
5
69
2
5
5
1
5
5
4
4
4
3
4
3
2
2
4
3
4
4
5
4
4
4
1
6
2
5
5
1
5
5
4
4
4
3
4
4
3
2
4
4
4
5
5
4
4
4
1
6
3
5
5
1
5
5
5
4
4
4
4
3
3
3
4
4
4
5
5
5
5
4
2
5
56
2
5
5
1
1
6
5
5
4
4
4
4
4
3
2
4
4
4
4
5
5
4
4
1
5
39
2
5
5
1
6
5
5
4
4
3
4
4
3
3
5
4
4
5
5
5
4
5
2
6
2
5
5
1
6
5
5
4
5
4
5
4
3
3
5
4
5
5
5
5
4
5
1
6
3
5
5
1
1
6
5
5
4
4
4
4
4
3
2
4
4
4
5
5
5
4
4
1
6
35
2
6
6
1
6
5
6
4
4
4
4
4
3
3
5
4
4
5
5
5
5
5
1
6
21
2
5
6
1
6
5
5
4
5
4
5
4
3
3
5
4
5
5
5
6
5
5
1
6
3
6
6
1
1
6
5
5
5
5
4
4
4
3
3
5
4
5
5
5
5
5
4
2
6
3
6
6
1
1
6
5
5
5
5
4
4
4
4
3
5
4
5
5
5
5
5
4
1
6
8
2
6
6
1
1
6
5
5
5
5
4
5
4
4
3
5
5
5
6
6
6
5
5
2
7
32
3
6
6
1
1
7
5
5
5
5
4
5
4
4
3
5
5
5
5
6
5
5
5
2
7
3
6
7
1
1
7
6
5
5
5
4
5
5
4
3
5
5
5
5
6
6
5
5
1
7
3
6
7
1
1
7
6
5
5
5
4
5
5
4
3
5
5
5
6
6
6
5
5
2
7
1
3
6
7
1
1
7
6
5
5
5
4
5
5
4
3
5
5
5
6
6
6
5
5
2
7
55
3
7
7
1
2
7
6
6
5
6
4
5
5
4
3
5
5
5
6
6
6
5
5
2
7
3
7
7
1
1
7
6
6
5
6
5
6
5
4
4
5
5
5
6
6
6
5
5
2
7
3
7
7
1
1
7
6
6
5
6
5
6
5
4
4
5
6
5
6
7
7
6
5
2
7
3
7
7
1
1
7
6
6
5
6
5
6
5
4
4
5
5
5
6
6
6
5
5
2
7
31
3
7
7
1
1
7
6
5
5
6
5
6
5
4
4
5
5
5
6
6
6
5
5
2
7
6
3
7
7
1
1
7
6
6
5
6
5
6
5
4
4
6
6
6
7
6
7
6
6
2
7
4
7
7
1
1
8
6
6
5
6
5
5
5
4
4
6
5
6
7
6
7
5
5
2
7
3
7
8
1
1
8
7
6
6
7
5
6
5
5
4
5
5
6
7
6
7
5
5
2
7
44
3
7
8
1
1
8
7
6
5
6
5
6
5
5
5
6
5
6
7
7
7
6
6
2
8
4
7
8
1
1
8
7
6
6
7
5
6
6
4
4
6
6
6
7
7
7
6
6
2
8
4
8
8
1
1
8
7
7
5
7
5
6
6
5
4
5
6
6
7
7
7
6
5
2
8
3
8
8
1
1
9
7
7
6
7
5
7
6
5
5
6
6
6
7
7
7
6
5
2
8
42
4
8
8
1
2
8
7
7
5
7
5
7
6
5
5
6
7
7
7
7
8
6
6
3
8
26
4
8
8
2
1
9
7
7
5
7
6
7
6
5
5
7
6
7
7
7
8
6
6
2
8
4
8
9
2
2
9
7
7
6
7
6
7
6
5
5
6
6
7
7
7
8
6
5
2
8
4
8
8
1
2
9
7
7
6
7
6
7
6
5
5
7
7
7
8
7
8
6
6
3
8
48
4
8
9
1
2
9
7
7
6
7
6
7
7
5
5
7
7
6
7
7
8
6
6
2
8
53
4
9
9
2
2
9
7
7
6
7
6
7
6
5
5
6
7
6
7
7
8
6
6
2
8
3
8
9
2
2
9
7
7
6
7
6
7
7
5
5
7
7
7
8
8
8
6
6
2
8
4
8
9
2
2
9
7
7
6
7
6
7
7
5
5
7
7
7
8
8
8
7
6
3
9
12
4
9
9
2
2
9
8
7
6
7
6
7
7
5
5
7
7
7
8
7
8
7
6
2
9
51
3
9
9
2
2
9
8
7
6
7
6
7
6
5
5
7
7
7
8
8
8
7
6
2
9
3
9
9
2
2
9
8
7
6
7
6
7
6
6
5
7
7
7
8
8
9
7
6
3
9
4
9
9
2
2
9
8
7
6
8
6
7
7
6
6
7
7
7
8
8
9
7
6
2
9
19
3
9
9
2
2
10
8
7
6
8
6
7
7
5
6
7
7
7
8
8
9
7
6
3
9
53
3
9
9
2
2
9
8
7
6
8
6
7
7
6
6
7
7
8
9
8
9
7
6
3
9
1
4
9
9
1
2
10
7
8
7
8
6
8
7
6
6
7
7
8
8
8
9
7
6
3
9
4
9
10
2
2
10
8
8
7
8
7
8
7
6
6
7
7
7
8
8
9
7
6
3
8
4
9
10
2
2
10
8
8
7
8
6
8
7
6
6
7
7
7
8
8
9
7
6
3
9
61
4
9
10
2
2
10
8
8
7
8
7
8
7
5
6
8
7
8
9
8
9
7
6
3
9
14
4
10
10
2
2
10
8
8
7
9
7
8
7
6
6
7
7
7
9
8
9
7
6
3
9
4
10
10
2
2
10
9
8
7
9
6
8
7
6
6
7
8
7
9
8
9
7
7
2
9
2
4
10
10
2
1
10
9
8
7
9
7
8
8
6
7
8
8
8
9
9
10
7
7
3
10
61
4
10
10
2
2
10
9
8
7
9
7
8
8
6
7
8
8
7
9
9
10
7
7
3
9
25
4
10
11
2
2
11
9
8
7
9
7
8
8
6
7
8
8
7
9
9
10
7
7
2
9
4
10
10
2
2
11
9
8
7
9
7
8
8
6
7
8
8
8
9
9
10
7
7
3
10
4
10
10
2
2
11
9
9
7
9
7
8
8
6
7
8
8
8
10
9
10
7
7
3
10
51
4
10
11
3
2
11
9
8
7
9
7
9
8
6
6
8
8
8
9
9
10
7
7
3
10
47
4
10
11
2
2
11
9
8
7
9
7
9
8
7
6
8
8
8
10
9
10
8
7
3
10
4
10
11
2
2
11
9
8
7
9
7
9
8
7
7
8
8
9
10
9
10
8
7
3
10
4
11
11
2
3
11
9
9
7
10
7
9
8
6
7
8
8
8
9
9
10
7
7
3
10
54
4
11
12
2
2
11
9
9
7
10
8
9
8
7
7
8
8
8
10
9
10
8
7
3
10
52
4
11
12
3
2
11
9
8
7
10
7
9
8
7
7
8
9
9
10
10
11
8
7
3
10
1
4
11
12
2
2
12
10
9
8
10
7
9
9
7
7
8
8
9
10
9
11
8
7
3
10
4
11
11
3
2
12
10
9
7
10
8
9
9
7
7
9
8
8
10
9
11
8
7
3
10
19
4
11
11
3
2
12
10
9
8
10
8
9
9
7
8
9
9
9
10
10
11
8
7
3
10
53
4
11
12
3
2
12
10
9
8
10
8
9
9
7
8
9
9
9
10
9
11
8
7
3
11
4
11
12
3
3
12
10
9
8
10
8
9
9
7
8
9
9
9
10
10
11
8
7
3
11
4
12
12
3
2
12
10
9
8
10
8
10
9
7
8
9
9
9
11
10
11
8
7
3
11
22
4
11
12
3
2
12
10
9
8
10
8
10
8
7
8
9
9
9
11
10
11
8
7
3
11
81
4
12
12
3
2
12
10
9
8
11
8
10
9
7
8
9
9
9
11
10
11
8
7
3
10
25
4
12
12
3
2
12
10
9
8
11
8
9
9
7
8
9
9
9
11
9
11
8
7
3
10
4
11
12
3
2
12
10
9
8
11
8
10
9
7
8
9
9
9
11
10
12
9
8
3
11
31
4
12
13
3
3
13
10
10
8
11
8
10
9
8
8
9
