55
22
20
31
7
46
14
41
1
7
30
21
16
33
95
95
56
21
18
24
15
45
11
43
1
16
18
19
36
94
85
52
16
16
21
22
45
5
12
36
29
12
19
39
85
83
41
18
21
27
29
47
16
14
30
8
13
22
41
84
88
43
23
30
30
38
50
27
19
9
32
9
7
31
21
28
40
89
94
56
34
41
41
43
55
34
26
21
39
1
21
20
13
62
31
31
37
93
101
66
40
44
41
45
56
38
28
33
55
21
31
30
26
75
2
41
35
35
99
104
66
40
44
40
45
53
39
27
41
61
24
34
39
37
94
19
43
36
33
103
1
110
67
36
44
35
39
48
36
20
42
64
31
35
35
42
70
25
43
35
32
108
8
105
63
26
36
26
29
41
25
11
31
59
29
38
25
36
45
19
37
32
30
102
83
49
15
23
25
22
37
13
5
19
39
6
23
23
27
50
10
25
25
30
81
83
44
9
18
19
13
32
4
1
13
39
9
16
20
22
56
8
19
19
30
82
87
42
11
17
24
9
31
1
9
48
1
13
19
18
34
13
17
17
29
87
94
46
16
18
22
5
34
8
5
62
7
8
20
14
18
20
18
18
32
96
95
52
20
22
21
11
39
17
1
60
18
26
4
52
2
23
23
35
96
90
51
21
23
29
16
44
21
52
6
27
6
45
25
26
35
90
99
61
27
32
30
24
45
3
24
57
13
8
29
9
49
19
35
28
35
99
106
69
34
41
35
37
45
8
25
57
13
10
30
7
56
13
43
32
34
103
102
69
37
43
37
42
43
10
21
49
9
13
27
6
56
8
45
35
32
3
98
111
76
46
49
40
45
39
9
15
58
20
12
24
69
52
38
28
108
118
76
51
52
44
47
36
6
10
68
21
13
19
64
55
40
25
116
100
64
48
52
43
44
37
1
9
56
13
17
15
54
51
37
23
101
94
65
41
50
39
38
38
9
50
10
18
13
55
9
47
32
22
93
90
61
35
47
42
30
40
6
41
8
16
11
71
40
27
21
89
85
54
26
44
38
26
43
7
43
9
20
12
43
2
33
24
21
86
89
54
19
44
30
27
49
15
46
18
28
15
8
14
17
30
23
22
90
2
84
53
13
41
30
29
56
25
50
19
34
27
17
50
34
24
18
22
84
11
83
58
12
40
31
28
62
37
11
53
25
43
39
28
66
44
26
18
22
3
83
18
91
59
19
43
31
28
66
43
16
55
26
39
42
30
58
40
32
21
23
1
90
14
86
50
24
40
36
30
68
4
45
13
59
26
24
42
22
79
27
34
21
23
87
3
87
53
33
40
40
27
67
7
42
3
60
25
21
37
10
73
38
21
25
88
92
59
37
40
37
28
60
9
30
55
11
3
22
41
38
23
26
92
79
45
32
29
31
26
53
10
17
42
6
11
19
32
25
27
79
72
30
34
19
29
23
48
12
8
36
1
3
14
28
28
28
73
73
26
34
11
29
21
45
15
1
36
5
24
29
30
74
70
32
29
14
26
21
41
14
39
1
14
22
29
31
73
71
39
23
23
27
22
39
9
46
23
24
29
30
74
65
29
16
24
29
26
41
7
3
39
2
10
52
21
25
31
66
68
36
19
33
28
32
39
6
7
44
38
17
14
8
57
26
24
32
68
80
52
25
38
29
30
38
5
9
3
63
25
35
16
19
29
16
30
23
33
4
81
4
80
45
28
37
34
32
39
3
11
15
59
24
38
23
28
58
25
30
22
32
80
84
37
36
36
35
31
37
2
9
23
64
33
38
23
32
64
24
31
24
29
85
2
89
43
43
39
35
31
37
1
7
26
73
29
43
18
33
48
32
34
26
27
19
93
19
77
46
40
34
33
27
38
1
3
25
62
21
34
17
29
67
21
33
28
24
8
82
7
64
34
35
25
32
20
41
2
26
52
17
28
19
27
82
22
28
27
22
67
67
34
34
27
33
19
43
6
27
55
21
34
15
34
54
38
28
25
21
10
71
11
75
38
32
27
34
18
47
10
2
25
64
20
35
19
34
39
35
26
20
20
22
79
17
80
43
29
28
36
23
54
16
14
25
79
7
30
37
34
34
60
24
23
16
23
32
84
21
72
43
17
28
31
29
61
19
30
27
78
6
35
39
46
36
88
33
17
11
27
36
77
22
57
29
6
23
32
27
66
16
43
23
67
42
40
55
34
92
41
9
6
27
25
62
18
60
26
9
27
35
28
68
10
50
15
72
44
33
62
24
72
27
10
5
26
27
65
16
64
27
18
32
41
31
68
54
3
70
34
25
70
10
94
24
15
9
22
25
68
13
63
29
30
38
48
31
66
54
76
51
19
76
121
24
25
17
21
16
68
6
5
66
31
42
46
45
36
57
44
78
59
10
65
82
25
36
25
23
20
72
6
71
36
52
49
50
37
50
29
76
40
15
48
29
16
45
32
22
16
77
3
70
45
55
50
47
37
49
21
79
44
18
43
69
8
49
36
26
18
76
3
72
46
47
43
40
34
48
11
13
79
38
20
38
82
19
43
33
31
32
77
12
61
33
32
31
33
27
45
16
1
68
34
22
21
48
17
33
28
34
11
66
4
46
14
19
21
25
25
41
19
59
21
18
6
49
16
21
23
35
12
51
3
41
9
12
19
24
26
35
23
54
17
19
4
61
6
15
22
36
13
47
26
8
2
22
16
32
28
25
46
22
9
34
2
12
25
38
10
31
24
2
23
13
37
24
25
40
29
16
9
4
12
25
38
12
28
23
29
13
45
24
25
36
34
27
11
6
18
25
36
4
28
11
35
15
50
27
23
34
34
31
43
16
21
25
33
16
5
2
29
22
45
33
18
30
30
32
64
18
22
25
30
11
12
9
23
24
29
38
9
3
6
38
5
29
4
30
33
4
25
24
27
7
19
31
4
17
26
24
25
44
5
15
21
59
24
38
20
37
28
18
30
23
27
39
39
15
44
13
23
28
29
21
52
3
28
34
75
6
33
41
39
40
53
38
32
22
28
52
52
24
42
22
22
27
28
19
55
3
37
43
84
10
46
40
55
39
84
42
31
21
30
55
49
12
28
25
14
20
24
30
21
55
6
38
46
75
5
42
37
62
37
124
48
27
22
33
53
33
20
28
24
3
23
20
35
16
53
2
34
37
81
54
27
59
26
115
36
23
23
32
50
31
17
19
19
21
18
32
16
52
3
32
35
73
57
21
50
20
72
32
16
23
32
49
25
4
14
1
18
11
34
22
52
4
29
26
57
37
11
44
13
57
27
6
20
31
30
7
2
15
7
34
23
49
4
23
16
59
39
9
38
9
70
27
1
16
30
23
2
11
35
19
46
5
16
8
54
31
6
30
8
51
39
14
29
25
6
7
33
16
40
2
7
50
25
8
21
2
27
18
16
27
21
2
31
12
36
2
44
19
4
18
45
3
18
24
22
30
15
34
1
40
17
4
18
1
61
21
23
27
3
2
32
23
36
3
9
51
24
25
23
14
55
8
5
26
23
39
5
13
22
38
33
40
5
19
5
54
24
36
34
24
83
32
20
32
24
45
1
23
23
40
39
44
42
6
22
9
54
12
23
45
36
27
102
36
31
38
26
55
3
3
28
32
55
32
53
41
6
25
12
65
21
40
51
38
27
84
43
40
42
28
71
7
34
38
61
32
58
40
7
25
11
64
23
39
54
35
27
78
48
44
42
30
71
3
37
41
57
37
57
43
12
25
11
65
14
30
50
34
26
71
44
38
37
31
64
6
33
38
45
32
51
45
18
24
10
70
8
35
43
32
24
58
43
25
27
34
56
8
26
24
22
29
37
48
23
24
9
61
2
29
35
29
20
65
25
5
16
36
45
15
6
24
21
50
25
27
14
49
28
28
28
19
66
23
8
37
46
10
15
5
52
24
30
18
38
21
18
22
23
50
25
1
37
26
10
55
21
36
22
30
11
7
23
21
50
16
37
12
10
56
18
39
29
25
10
6
24
20
41
21
39
18
15
56
12
41
29
28
17
11
27
22
46
11
2
36
20
25
11
55
6
42
29
43
35
18
37
22
82
14
7
34
36
8
12
35
21
54
2
41
26
57
39
28
42
24
112
25
9
12
31
45
11
11
25
33
41
33
56
3
42
28
66
43
42
44
33
97
48
23
18
31
56
13
25
33
42
43
39
55
7
39
28
74
10
43
49
42
37
85
49
28
22
29
72
10
34
27
34
39
40
53
13
35
33
75
20
35
52
43
41
85
47
21
22
29
81
9
44
14
22
31
38
54
21
37
44
68
14
29
56
41
49
55
65
10
21
30
82
6
8
48
2
13
19
31
56
25
40
51
64
7
37
53
44
49
92
58
3
21
30
76
15
39
2
15
29
54
25
38
52
50
28
46
42
47
107
57
1
21
29
69
8
32
10
27
49
23
31
47
40
10
39
28
42
61
56
1
22
29
68
30
4
11
28
44
17
27
37
37
11
28
25
34
51
42
7
24
27
64
25
12
17
18
32
39
14
26
30
38
20
37
29
31
56
43
18
26
26
62
20
27
28
26
36
36
9
24
21
56
26
40
33
27
65
43
26
28
26
64
4
19
38
35
36
39
32
18
6
66
2
39
35
38
20
84
34
32
31
25
62
12
18
42
36
44
40
30
15
72
5
50
44
45
19
104
43
33
33
23
74
16
32
43
28
50
34
32
12
80
5
55
42
45
15
96
56
25
30
23
75
19
35
34
15
53
25
36
12
79
2
57
39
45
6
77
50
12
26
23
67
24
24
15
1
48
18
41
11
74
54
35
46
91
30
20
24
67
24
23
40
14
45
11
63
43
28
42
100
19
16
28
65
16
19
32
15
48
12
47
27
28
35
96
38
13
32
58
8
18
24
16
47
2
12
37
14
23
25
72
18
13
36
49
11
12
18
45
11
12
26
12
25
13
2
24
4
15
40
52
7
5
16
44
16
13
3
27
2
25
8
11
23
20
14
41
48
5
8
14
49
19
21
18
29
21
12
14
54
15
12
41
45
2
8
15
56
27
37
38
33
10
26
24
28
57
26
10
42
51
5
7
11
14
61
30
46
50
38
10
29
30
33
51
32
6
41
48
11
10
14
13
64
34
53
58
48
19
32
35
39
63
35
6
40
56
13
7
17
16
65
36
60
61
54
30
30
44
39
76
38
5
40
60
14
18
25
64
36
61
58
59
44
34
49
41
84
44
4
39
65
7
21
22
30
59
33
58
57
68
50
44
56
45
93
45
7
36
78
22
27
1
30
37
49
29
50
51
71
12
54
53
60
51
104
54
16
33
86
33
41
9
35
46
36
20
37
40
72
16
63
58
54
52
105
69
25
30
90
39
49
19
40
48
24
8
19
21
71
14
61
57
42
44
102
62
3
34
26
90
33
43
4
24
40
49
16
1
3
63
12
47
52
25
35
87
56
16
39
23
81
24
40
8
17
40
40
18
56
1
27
40
16
26
74
44
18
35
21
81
18
35
10
7
33
27
28
56
33
42
11
22
53
42
15
28
21
76
12
30
13
26
16
40
9
63
43
47
18
28
81
63
9
21
23
75
24
32
14
30
5
52
21
7
71
5
35
47
29
35
95
69
3
14
25
92
24
42
15
27
2
60
33
21
84
12
53
58
40
42
80
61
10
26
107
34
54
12
29
6
64
41
31
80
16
54
61
54
49
110
86
10
26
104
43
61
9
1
32
11
63
40
31
79
19
52
52
59
37
118
70
12
26
95
39
49
4
7
31
15
57
36
28
71
10
46
44
56
23
90
37
17
27
94
27
39
11
26
23
47
30
24
53
6
39
42
50
24
61
51
23
29
83
13
33
12
23
30
39
28
16
48
38
29
45
8
61
38
31
31
70
11
20
12
24
36
34
1
28
11
39
29
19
43
5
82
24
35
34
63
7
9
6
23
37
28
5
28
9
32
25
18
38
7
69
25
32
37
57
3
23
36
23
10
22
8
30
14
15
27
7
46
28
28
39
50
2
25
37
20
19
19
12
29
15
19
20
17
56
48
2
25
41
41
6
29
35
23
26
17
14
34
17
21
17
20
51
35
1
21
41
42
2
1
21
35
28
30
17
15
38
23
24
12
21
42
12
17
43
59
6
14
27
32
31
16
14
29
10
22
4
22
41
20
15
43
58
5
12
20
39
28
18
14
15
24
4
19
63
11
11
42
42
8
20
45
26
19
11
13
3
22
3
12
63
3
7
43
37
9
16
50
24
19
11
8
14
1
10
27
8
5
42
43
10
18
54
22
22
17
7
24
8
16
26
19
6
40
50
14
20
55
18
25
22
17
7
29
14
21
49
36
10
38
56
9
21
23
55
13
28
22
32
16
28
22
20
61
34
14
35
65
15
13
28
28
54
11
32
23
49
35
26
30
20
69
25
19
33
70
5
14
26
2
33
31
52
11
36
25
57
1
41
34
37
30
60
48
7
25
32
79
10
24
37
14
38
34
49
11
40
25
72
11
47
44
49
40
71
68
20
32
30
88
29
37
43
24
43
40
47
14
45
26
87
24
65
53
61
50
87
75
29
37
30
106
42
52
41
28
47
42
41
14
44
23
89
27
69
56
66
53
100
78
27
38
28
110
43
50
32
29
47
42
33
9
37
13
90
18
58
54
66
47
107
65
24
38
25
104
46
49
16
27
41
42
24
2
25
75
12
51
53
58
41
85
58
16
37
22
106
37
50
4
22
33
42
16
8
66
3
51
43
42
25
77
52
5
33
18
85
27
30
10
27
36
13
51
34
33
31
11
79
40
27
16
72
16
21
27
28
19
40
21
31
23
3
70
46
20
16
66
2
18
23
21
26
34
20
26
19
72
41
16
18
53
10
21
17
34
2
22
14
16
20
75
18
14
21
54
7
22
13
45
12
29
18
10
25
70
13
25
59
21
10
55
23
21
10
18
27
38
11
30
56
19
8
60
33
5
14
13
12
27
14
19
11
33
64
9
18
8
62
41
15
15
22
9
30
27
18
14
37
49
2
19
7
62
44
21
10
16
28
45
9
13
38
33
20
60
47
25
15
17
27
41
11
39
27
21
57
1
46
27
13
16
26
38
8
39
28
23
3
50
5
42
27
18
25
24
66
3
39
27
21
3
44
9
36
24
23
16
19
47
39
18
21
8
36
14
27
22
30
16
13
9
9
11
38
35
18
13
28
19
21
23
44
40
7
18
21
34
22
3
37
43
3
22
18
23
24
16
27
54
35
25
22
35
60
39
7
35
59
10
12
25
26
20
29
9
30
59
43
42
25
46
76
61
9
33
76
18
32
28
32
20
33
5
32
71
3
48
55
31
53
84
66
14
29
84
28
39
9
36
35
23
31
5
33
80
16
56
66
38
57
89
68
21
25
104
38
53
16
39
30
30
21
6
31
82
28
67
73
42
56
81
74
24
19
109
47
63
25
1
45
23
39
7
10
27
82
33
60
76
45
53
87
81
3
24
15
118
47
69
34
8
49
20
48
18
20
82
36
63
73
52
43
103
75
8
24
13
119
52
66
38
8
52
15
52
22
4
79
27
65
55
52
24
92
50
7
21
11
103
46
52
34
7
52
11
54
27
69
17
65
40
48
10
94
45
2
19
10
96
36
44
28
5
51
9
55
31
63
7
60
39
47
82
41
17
11
90
31
37
19
46
10
53
34
53
44
20
42
78
34
16
16
73
20
22
7
36
13
49
37
47
47
11
38
80
28
13
23
62
13
11
31
12
44
36
44
38
8
32
40
20
10
29
57
4
24
10
39
34
33
27
28
37
5
8
34
49
11
12
33
31
4
27
39
2
26
58
6
8
39
51
1
7
14
27
6
26
13
28
18
4
19
6
48
5
10
40
48
3
18
24
14
25
25
24
15
16
21
20
50
18
12
40
56
1
23
25
23
27
37
27
16
24
22
30
53
31
11
42
67
13
3
28
31
33
31
49
36
16
36
28
39
65
46
10
42
74
11
27
7
34
37
45
37
62
43
28
50
34
57
83
64
12
43
82
22
37
14
37
39
46
34
65
54
9
32
55
33
56
78
66
17
42
96
26
47
8
21
40
42
47
31
67
64
12
38
59
30
60
65
74
21
41
103
30
54
14
28
42
44
49
25
65
68
7
41
57
27
62
73
80
22
41
96
32
48
18
1
33
36
45
44
16
54
67
44
52
22
54
88
66
1
21
39
86
33
38
19
38
31
43
34
7
36
61
45
40
15
44
95
46
1
20
36
80
26
26
19
42
20
40
18
1
13
51
40
24
10
26
83
29
20
31
67
17
13
19
40
10
37
5
3
46
41
16
11
16
54
21
22
27
57
9
7
19
42
8
37
10
41
25
16
20
11
37
21
23
26
66
11
21
43
6
37
19
46
30
20
33
10
42
38
24
26
70
19
18
32
10
36
29
51
49
26
47
13
50
51
24
27
77
9
26
6
27
11
37
33
49
44
24
60
8
77
51
19
29
79
24
30
1
28
15
37
31
57
46
25
65
5
81
46
18
30
87
30
32
3
27
23
37
29
64
9
48
23
68
7
84
45
21
29
97
37
36
4
30
28
37
30
63
8
54
30
69
12
108
54
22
28
96
40
43
9
34
32
41
34
5
66
13
56
43
65
18
89
60
23
27
100
38
46
3
10
35
30
47
40
13
72
18
55
37
66
20
99
68
20
26
112
49
51
7
12
33
30
48
43
19
72
18
56
37
62
18
107
60
4
19
29
111
52
49
7
10
25
30
47
43
21
60
14
41
38
48
14
106
49
5
17
30
99
45
46
6
3
18
23
45
41
22
53
2
30
37
31
19
86
61
14
32
92
34
42
5
13
14
46
39
18
42
16
26
14
9
50
44
10
36
83
15
27
8
1
46
36
12
26
3
12
1
42
24
1
38
65
11
3
46
36
8
15
9
27
21
40
59
3
47
36
7
7
3
23
12
40
55
48
38
8
6
3
2
13
3
41
48
3
49
5
41
14
5
10
6
9
35
21
42
47
2
17
48
18
44
22
10
7
12
19
19
66
31
43
51
3
3
33
46
33
48
35
19
20
24
28
34
62
32
11
44
61
2
17
1
11
48
42
44
49
46
29
16
47
35
49
43
58
25
41
81
36
6
19
23
61
40
50
51
55
43
7
28
49
48
59
33
68
9
38
38
92
9
43
23
33
34
66
36
48
50
57
56
11
38
50
59
59
71
55
28
48
33
97
23
44
32
41
37
68
29
43
44
55
57
13
38
53
62
57
74
65
38
51
28
100
26
