6
24
15
12
9
9
12
12
15
21
10
13
9
5
12
6
9
13
10
6
25
26
10
25
16
11
9
9
14
16
20
20
11
11
9
3
15
5
11
13
10
5
27
20
8
23
16
9
9
8
14
17
20
18
11
9
10
14
1
13
11
6
23
15
2
19
14
7
10
8
16
17
22
11
9
4
10
1
15
1
12
10
1
15
24
17
1
17
10
6
10
9
16
16
22
7
7
5
9
4
16
18
9
9
1
13
6
10
15
8
5
7
9
12
17
19
6
3
5
6
5
14
10
7
8
1
10
12
16
11
5
7
9
12
19
17
8
5
5
5
6
14
7
8
8
12
21
1
21
13
9
10
10
12
18
14
14
8
10
5
10
12
16
11
9
1
20
12
23
2
23
14
11
9
12
10
18
9
19
7
14
8
13
9
11
11
9
1
2
24
13
14
20
11
9
5
12
9
18
6
15
1
11
3
12
4
14
2
7
8
1
19
17
21
11
9
4
9
6
15
14
2
11
8
5
7
8
18
21
5
24
14
11
5
7
4
12
17
7
12
1
6
3
13
12
21
4
10
14
16
7
7
3
7
8
12
5
10
13
13
2
17
8
10
10
156
18
11
12
15
10
7
6
7
11
14
11
6
9
8
6
3
10
10
6
64
16
2
3
11
9
4
5
5
10
15
13
5
4
6
3
6
9
18
14
16
11
6
4
6
9
17
13
5
3
4
6
9
9
7
1
9
13
18
14
9
6
6
8
13
11
11
2
8
3
3
14
12
10
12
17
44
10
17
12
9
5
7
7
12
8
10
8
5
2
10
9
12
72
29
15
18
11
9
3
5
3
10
3
11
4
1
9
9
14
75
6
16
5
9
1
2
3
6
8
1
7
8
6
53
7
14
7
7
2
1
3
1
4
4
8
9
4
25
8
29
9
15
8
6
3
3
3
1
9
10
4
18
15
3
12
3
5
2
2
5
5
5
9
15
7
12
5
4
2
3
6
8
1
3
5
9
3
10
5
12
6
5
4
3
8
7
4
3
6
10
3
16
9
11
15
8
7
6
4
8
7
5
5
2
8
10
6
17
24
10
14
6
6
5
5
8
9
3
7
5
6
9
4
6
10
6
4
5
4
7
11
1
5
4
3
7
10
4
10
8
4
6
4
8
11
7
8
19
24
4
10
6
5
5
4
6
7
1
2
7
8
19
24
4
12
1
4
2
3
4
5
1
4
7
1
21
1
7
1
1
7
20
7
1
1
6
13
4
9
3
4
2
6
16
15
3
1
2
7
1
7
17
2
2
2
9
7
2
7
4
3
8
2
3
5
11
13
6
2
3
3
2
7
1
2
11
1
5
5
6
14
14
11
4
7
6
8
5
8
2
1
5
7
14
4
6
7
8
16
17
16
6
7
2
10
11
1
2
6
9
3
4
9
13
3
5
4
8
14
19
15
5
7
10
10
5
9
2
6
1
4
11
1
4
3
7
13
18
13
1
5
9
8
3
4
9
1
6
3
10
5
3
6
12
15
10
3
7
5
4
9
4
10
5
1
5
9
8
8
3
4
3
2
10
4
2
12
5
4
7
6
4
3
2
2
10
8
5
13
1
4
1
6
5
5
10
11
7
14
2
6
2
2
6
3
3
3
8
11
20
1
11
16
2
8
4
5
5
4
5
8
3
9
12
3
27
2
1
14
1
5
2
3
2
5
4
6
11
23
12
4
2
5
4
2
9
25
10
5
2
1
4
4
2
11
29
2
9
5
1
3
3
5
3
1
11
40
9
1
9
4
1
4
5
6
5
1
10
52
9
3
4
4
7
5
9
56
5
11
5
1
5
7
10
5
2
1
3
10
68
7
13
7
3
6
10
9
2
4
8
4
1
1
5
12
2
75
12
5
3
5
8
8
1
2
6
3
1
4
11
80
10
4
1
4
6
8
5
1
1
10
91
3
13
6
1
4
6
7
3
9
1
5
10
106
10
18
5
10
2
6
6
5
8
16
6
12
9
11
6
119
6
14
5
8
2
6
5
8
4
9
6
6
7
10
3
132
2
12
4
4
4
5
7
13
1
2
1
3
4
10
144
3
12
2
7
2
7
10
16
6
6
12
9
3
6
3
8
2
159
10
15
3
9
3
11
12
20
12
10
15
2
14
8
13
8
4
7
1
8
176
13
16
1
9
3
12
12
20
15
10
14
1
14
9
14
2
5
2
8
189
10
6
10
11
21
15
4
12
11
9
7
2
4
1
203
7
5
9
11
21
16
1
10
9
9
2
4
4
216
6
6
10
11
20
18
1
13
12
12
13
2
3
1
238
10
8
1
12
13
23
19
5
14
2
14
15
14
15
5
3
250
1
9
6
12
11
25
16
6
10
14
11
10
6
4
2
1
257
8
6
12
9
25
13
6
11
12
7
10
1
3
2
269
11
9
12
9
24
11
7
12
14
6
9
2
6
1
282
6
14
2
9
2
11
9
20
10
10
13
15
5
8
3
7
1
5
299
7
13
1
9
2
11
8
21
9
8
10
14
3
11
1
7
1
5
309
6
6
9
6
23
6
1
9
10
9
4
316
7
8
9
7
19
6
2
10
10
1
12
5
320
11
11
9
7
16
6
4
12
11
2
7
7
1
330
12
10
8
6
15
4
5
11
9
1
7
6
333
13
10
7
4
14
1
7
11
6
7
1
328
12
9
4
4
8
5
9
1
5
2
8
324
14
9
1
7
1
3
3
6
1
6
15
3
9
309
22
5
13
9
7
3
11
6
13
7
3
2
7
3
292
1
12
7
8
4
16
8
10
8
16
5
6
274
10
7
10
7
21
3
5
11
12
2
20
5
2
246
6
12
1
9
2
13
10
25
11
5
12
17
8
17
10
3
6
4
213
34
11
3
9
4
13
12
28
17
5
12
3
19
12
16
6
4
7
5
179
21
1
10
3
6
3
12
12
29
18
3
10
1
17
13
8
9
1
6
4
148
3
7
3
4
5
11
15
29
21
7
3
15
15
19
6
6
4
114
25
7
2
7
6
12
16
26
23
2
11
3
16
16
9
8
6
5
85
10
48
1
10
3
7
6
10
13
19
19
6
9
1
12
13
1
6
1
7
4
3
52
5
21
9
1
7
2
9
12
18
16
6
9
2
11
10
12
1
6
3
4
29
1
10
3
8
2
9
12
18
17
9
12
4
10
12
1
7
1
6
2
5
16
11
3
13
6
9
6
7
13
16
18
9
2
13
6
8
13
8
4
8
2
4
1
36
2
11
4
8
5
9
11
16
15
6
13
4
12
13
17
12
2
8
2
2
11
9
6
4
5
6
10
17
12
3
2
9
8
13
7
14
3
8
1
10
7
5
4
7
9
18
9
5
2
4
8
8
10
7
9
4
9
7
15
7
10
5
9
10
19
9
9
16
6
13
10
10
7
7
9
6
22
5
14
7
10
6
10
11
19
12
10
2
11
11
14
13
1
13
7
9
3
8
17
1
12
5
8
3
11
9
20
10
7
11
4
14
8
7
5
4
8
2
3
10
3
6
8
7
18
8
4
8
9
5
1
5
2
8
7
3
5
1
8
8
15
8
2
6
9
5
3
8
2
8
1
38
1
9
7
5
4
6
7
10
6
2
6
7
3
2
4
9
1
50
1
10
5
5
2
5
6
10
3
5
6
1
5
1
3
7
2
8
1
2
9
9
1
5
5
4
9
3
6
4
7
6
2
11
3
8
5
4
7
9
8
2
3
7
3
20
2
14
8
12
3
9
5
10
11
1
16
5
10
12
7
6
8
2
4
44
7
16
10
12
6
11
6
14
2
12
5
18
9
13
3
10
12
7
9
3
7
21
7
18
11
13
5
11
6
19
1
19
6
21
9
14
4
7
11
7
9
3
4
14
3
11
19
14
13
7
12
8
21
3
20
13
21
13
16
8
15
3
9
8
2
6
14
23
10
18
13
12
9
13
12
24
12
18
11
16
16
18
16
20
6
9
8
4
4
13
40
7
14
10
12
5
16
12
26
17
15
6
20
12
21
19
16
26
4
7
6
2
11
16
10
9
9
5
16
12
30
19
10
5
14
11
21
19
17
21
2
6
6
3
5
7
5
8
3
15
14
32
23
8
1
11
10
21
20
15
19
5
6
8
8
3
9
3
15
16
31
26
9
2
16
9
22
23
17
26
5
7
2
39
6
12
4
8
5
14
16
28
27
14
15
7
20
21
16
15
1
5
7
12
16
6
14
5
6
4
12
14
23
23
16
15
6
16
18
8
17
1
5
5
13
1
14
8
7
3
10
12
19
19
14
3
14
9
11
16
15
10
4
6
3
8
14
4
15
10
10
7
9
12
15
18
13
5
15
9
12
15
8
15
7
7
3
9
40
6
15
10
11
6
10
10
13
14
13
4
16
8
11
11
10
10
6
8
3
1
7
35
1
11
7
7
2
9
5
13
7
9
10
2
7
4
7
3
2
7
1
3
2
13
5
7
1
7
4
14
2
13
6
5
6
4
1
6
8
7
16
5
11
2
8
4
13
1
19
12
2
8
12
3
3
6
14
3
16
4
15
6
10
3
10
6
15
2
19
2
19
8
13
4
7
8
3
5
3
14
7
11
5
8
1
12
6
20
2
13
17
4
13
2
5
5
3
3
9
2
5
4
11
5
21
2
6
10
10
1
12
10
1
2
7
3
5
9
6
19
2
9
10
8
1
9
2
2
2
4
14
8
1
10
5
8
1
11
6
16
3
10
12
1
10
3
6
11
4
2
6
8
17
7
3
5
10
4
14
1
7
7
8
1
2
5
2
1
7
9
4
6
9
2
13
10
10
6
6
1
5
11
9
5
6
7
1
9
11
10
5
8
1
8
7
14
13
2
11
8
8
1
8
1
7
11
10
8
2
3
9
7
24
30
7
14
9
9
1
8
1
10
13
1
8
7
4
10
11
7
1
4
12
7
5
6
1
12
14
4
5
7
2
10
12
2
9
8
4
3
7
4
14
4
12
21
6
2
4
2
9
8
12
22
1
7
9
3
4
7
6
13
8
8
10
7
6
6
1
9
4
12
44
5
7
3
4
7
5
15
9
4
8
9
7
3
9
10
22
4
7
2
4
6
7
17
12
3
8
7
8
2
3
9
10
7
6
5
2
10
9
20
18
7
10
6
12
14
1
7
7
1
2
28
9
8
9
5
13
12
20
23
12
14
7
16
19
13
7
3
7
6
42
3
11
10
7
7
12
15
20
26
12
7
8
13
22
5
18
1
7
4
10
3
26
9
8
4
4
11
12
19
22
9
9
7
12
18
10
15
6
2
6
5
7
1
4
6
10
16
17
4
4
4
7
14
17
10
7
2
6
6
3
3
7
9
15
15
5
5
3
7
12
1
10
7
2
10
22
9
5
5
3
8
8
14
11
9
5
7
7
4
6
2
7
11
5
1
10
5
4
1
7
5
14
5
6
3
2
6
1
5
15
7
3
3
6
2
12
1
1
2
6
12
7
5
6
1
7
2
11
2
3
1
7
15
18
10
7
7
4
9
3
14
4
2
8
1
3
3
10
1
16
22
5
12
8
5
3
9
1
14
8
10
9
2
4
10
1
6
13
1
11
7
5
1
7
12
9
7
5
4
9
8
12
7
5
4
6
1
9
3
3
3
9
1
15
19
7
6
4
1
7
3
9
3
2
6
2
9
1
2
13
26
10
5
5
9
3
12
6
8
8
1
7
2
5
8
5
3
8
5
14
1
5
4
7
7
6
1
4
11
4
5
2
8
7
15
4
11
9
9
5
1
8
1
8
9
3
11
5
6
4
9
9
18
9
11
8
3
10
11
5
7
2
9
3
9
25
4
10
10
4
7
8
10
19
11
10
2
6
8
14
10
12
5
10
3
9
7
8
10
2
6
7
8
19
9
6
5
5
7
12
10
3
11
1
3
7
6
2
4
5
7
16
8
4
4
1
2
10
9
9
2
10
7
11
10
5
8
6
8
14
10
10
5
3
5
10
5
6
10
5
44
5
14
10
6
6
6
8
14
11
13
3
6
6
8
3
7
11
1
12
13
7
13
7
6
2
7
5
14
8
14
5
3
13
5
10
13
1
10
4
5
5
2
11
5
8
2
2
4
10
7
9
1
5
5
3
11
7
3
6
3
1
3
11
3
30
7
5
4
1
7
2
14
7
1
5
3
11
18
3
2
1
5
14
4
3
8
4
2
1
8
2
18
5
1
5
7
1
2
8
10
6
4
5
1
9
4
18
6
7
8
12
6
11
7
1
8
2
6
34
2
10
2
7
10
3
16
6
10
9
15
6
2
3
1
9
7
9
17
9
12
5
5
1
9
3
18
5
11
7
10
7
9
3
10
12
12
10
4
5
1
7
3
17
2
10
4
6
4
5
9
3
11
7
19
8
3
7
1
6
3
12
6
7
6
3
2
7
3
12
27
6
3
12
8
7
3
2
1
7
9
10
9
7
14
7
28
10
6
14
8
7
2
4
10
3
4
6
13
10
29
9
3
3
4
3
3
11
3
28
8
1
5
3
1
2
12
28
20
7
2
6
2
4
1
1
1
1
2
12
26
33
7
1
3
4
10
2
3
10
16
5
2
7
17
7
2
10
5
4
3
10
2
20
7
1
12
9
8
9
6
3
5
3
13
9
24
16
2
16
8
3
11
3
10
14
5
3
4
4
13
10
27
22
18
13
2
2
10
4
5
1
4
2
15
13
32
26
19
17
8
8
5
9
7
6
4
15
15
33
28
4
3
16
20
1
12
2
7
6
1
4
14
8
7
6
13
13
27
25
11
9
2
15
19
8
10
4
7
5
9
7
7
15
9
7
5
12
10
23
19
10
5
3
12
14
4
7
5
10
5
10
5
14
8
6
3
9
6
17
11
9
1
5
6
3
8
2
10
3
13
7
5
1
6
2
12
3
10
11
2
3
8
8
8
4
5
1
6
1
11
1
2
3
2
9
3
15
5
3
4
7
9
3
4
1
8
1
7
3
3
7
9
2
2
9
1
9
3
5
7
12
2
2
1
8
12
4
7
9
13
7
6
5
2
9
1
4
12
10
2
5
8
15
4
3
7
4
1
9
3
8
12
5
5
8
1
18
7
4
6
1
2
10
6
13
9
7
2
9
2
19
2
8
8
7
2
3
5
12
4
12
9
8
5
9
4
18
5
7
9
10
7
3
4
6
12
1
20
2
12
11
9
5
10
5
15
5
9
9
1
11
8
7
7
6
11
2
5
16
11
6
7
2
10
3
11
6
5
7
3
1
3
8
1
3
10
4
5
4
1
7
7
2
2
9
2
12
7
6
2
9
8
5
10
4
22
2
14
7
8
1
9
5
6
10
7
28
11
4
4
5
4
9
3
9
3
6
2
1
2
2
7
7
3
2
4
1
9
2
2
2
8
9
10
2
5
8
15
4
3
7
4
1
9
3
8
12
5
5
8
1
18
7
4
6
1
2
10
6
13
9
7
2
9
2
19
2
8
8
7
2
3
5
12
4
12
9
8
5
9
4
18
5
7
9
10
7
3
4
6
12
1
20
2
12
11
9
5
10
5
15
5
9
9
1
11
8
7
7
6
11
2
5
16
11
6
7
2
10
3
11
6
5
7
3
1
3
8
1
3
10
4
5
4
1
7
7
2
2
9
2
12
7
6
2
9
8
5
10
4
22
2
14
7
8
1
9
5
6
10
7
28
11
4
4
5
4
9
3
9
3
6
2
1
2
2
7
7
3
2
4
1
9
2
2
2
8
9
1
13
4
5
4
3
8
8
5
10
1
5
10
1
13
3
7
1
4
1
7
9
1
3
4
10
4
13
2
6
4
3
8
8
8
2
11
4
1
14
3
7
5
7
10
9
3
3
11
7
2
15
5
9
2
8
1
11
12
14
9
7
3
6
12
8
18
14
8
10
5
11
5
13
10
16
3
13
6
10
13
6
12
2
7
20
14
7
8
6
12
8
14
4
9
14
4
11
10
14
12
3
10
4
5
13
5
7
5
10
8
11
3
11
14
2
7
8
5
5
1
9
4
6
2
13
4
7
4
7
6
5
12
12
4
2
1
2
10
2
6
6
9
11
3
5
6
4
4
7
7
5
2
11
2
3
19
11
5
3
5
1
1
3
3
12
9
2
2
2
2
1
1
1
10
8
2
4
5
4
6
4
2
1
9
1
9
4
5
7
7
8
10
5
9
3
4
5
2
10
3
1
16
8
3
5
6
10
9
15
1
4
9
1
4
6
1
9
5
1
7
5
4
7
11
9
19
4
4
6
2
8
8
1
8
4
9
1
5
4
14
10
24
10
9
12
2
14
12
7
19
7
4
3
11
11
1
7
3
15
12
26
17
10
9
6
21
17
18
16
1
7
6
7
12
11
4
7
5
15
12
25
17
8
14
6
21
17
10
16
1
8
6
5
10
5
1
13
9
26
16
9
19
1
19
14
12
10
6
5
5
9
4
14
8
27
16
7
11
1
19
12
7
8
5
6
2
9
6
14
7
25
15
7
13
17
10
12
3
6
5
1
40
13
8
1
14
5
23
12
9
13
16
6
3
1
6
6
5
22
8
16
2
8
2
12
3
20
6
11
11
11
3
4
7
4
11
14
4
6
2
8
3
16
9
6
4
4
8
2
6
7
12
5
6
7
6
4
9
6
8
1
6
10
2
29
12
1
6
6
7
5
6
6
8
1
5
4
10
3
1
1
5
9
3
3
5
4
5
8
3
1
9
3
7
9
3
4
7
6
6
8
4
2
1
1
9
3
4
1
9
3
6
8
8
8
9
5
9
3
1
2
9
4
1
1
34
10
2
6
8
9
9
12
5
14
7
5
2
8
6
2
36
9
6
2
12
7
15
6
9
9
7
6
3
3
7
4
1
9
6
15
5
8
6
8
4
2
3
7
5
9
6
13
5
9
6
12
7
4
1
35
6
5
2
9
7
10
2
4
7
7
3
5
7
5
27
5
3
2
7
6
8
1
3
6
3
3
1
7
4
7
3
6
5
9
6
5
6
2
4
16
7
4
5
7
8
10
3
6
8
1
5
3
8
2
3
15
10
1
12
2
7
6
9
12
12
8
9
11
4
5
9
3
8
3
8
5
6
2
36
4
13
2
7
7
12
11
17
9
13
18
5
8
9
1
2
7
7
11
78
16
9
5
4
12
9
19
6
11
18
9
5
10
2
6
5
8
147
8
7
13
8
21
7
11
16
14
3
27
6
5
6
187
1
21
7
8
1
