4821
4999
4999
4821
4999
4716
4821
4820
4820
4821
4820
4821
4996
4982
4999
918
4821
4820
2242
4895
4891
4814
4814
4999
4999
4814
4999
4722
4814
4813
4813
4814
4814
4814
4993
4998
4999
888
4839
4813
1823
4889
4884
4808
4808
4999
4999
4808
4999
4814
4808
4807
4807
4808
4807
4808
4999
4998
4999
862
4948
4807
1341
4882
4878
4802
4802
4999
4999
4801
4999
4968
4801
4801
4801
4801
4801
4801
4999
4999
4999
835
4998
4801
1086
4876
4871
4795
4795
4999
4999
4795
4999
4999
4795
4794
4794
4795
4795
4795
4999
4999
4999
800
4996
4794
1024
4869
4865
4814
4803
4865
4865
4804
4984
4995
4804
4801
4801
4801
4801
4804
4999
4999
4999
675
4999
4805
883
4863
4859
4952
4927
377
4605
4643
4934
4739
4998
4933
4924
4924
4925
4924
4932
4940
4999
4791
215
4999
4937
4856
4852
4991
4994
1734
4187
4263
4993
4484
4992
4994
4994
4994
4994
4994
4993
4947
4977
4572
1029
4979
4992
4850
4846
4981
4979
1080
4159
4241
4980
4408
4985
4980
4978
4978
4978
4978
4980
4817
4940
4481
630
4924
4980
4843
4839
4983
4985
1233
4018
4118
4984
4251
4971
4984
4984
4984
4984
4984
4985
4635
4790
4324
724
4772
4984
4837
4833
4969
4969
1229
3883
4000
4969
4119
4889
4969
4968
4968
4969
4969
4969
4519
4629
4193
719
4628
4969
4830
4826
4969
4969
1079
3786
3915
4969
3998
4728
4968
4967
4967
4968
4968
4969
4361
4495
4067
628
4497
4968
4824
4820
1
5
120
213
93
94
94
95
95
59
110
96
96
1
124
220
26
59
59
59
59
121
218
56
56
137
245
7
7
7
6
165
295
3
3
8
8
8
8
164
294
10
10
194
347
16
16
16
16
197
353
16
16
218
389
8
8
8
8
229
410
7
7
241
431
256
459
1
1
1
1
266
476
2
2
280
501
2
2
2
2
289
519
2
2
302
540
1
1
1
1
312
560
1
1
321
578
332
597
342
614
352
632
360
648
370
664
377
680
386
695
395
710
402
724
409
737
416
751
423
764
1
430
776
2
438
790
3
446
802
4
453
814
5
459
825
6
466
837
6
471
848
7
477
858
9
485
870
9
491
880
11
496
889
13
503
900
15
509
910
15
514
920
16
518
927
17
524
935
18
528
944
18
532
951
19
536
958
19
540
965
19
543
972
1
20
547
978
1
21
551
985
2
20
554
990
1
19
556
995
20
559
1001
1
20
562
1006
1
21
564
1011
1
21
567
1016
1
21
569
1020
1
20
572
1024
1
21
574
1029
1
21
576
1033
1
21
578
1036
1
21
580
1040
1
21
582
1044
20
583
1047
1
21
585
1050
21
587
1053
21
588
1056
20
589
1059
20
590
1062
21
592
1064
20
592
1067
20
594
1069
21
596
1071
21
596
1073
20
598
1075
21
598
1077
21
599
1079
21
600
1080
20
601
1082
21
601
1084
21
602
1086
20
602
1087
21
603
1088
20
604
1089
20
604
1090
21
605
1092
20
605
1092
20
606
1093
20
606
1094
20
606
1095
20
606
1095
20
607
1096
20
607
1097
20
607
1097
20
607
1097
20
608
1098
20
608
1098
20
608
1099
20
608
1099
20
608
1099
20
607
1099
20
608
1099
20
608
1100
20
607
1100
20
608
1100
20
607
1100
19
607
1099
19
607
1099
20
607
1100
20
607
1099
20
606
1099
20
606
1098
20
607
1099
20
606
1098
19
605
1097
20
605
1097
20
605
1097
19
604
1096
19
604
1096
19
604
1095
19
603
1094
19
603
1094
19
603
1094
19
602
1093
19
602
1092
19
602
1091
19
601
1091
19
600
1090
19
601
1089
19
600
1089
19
599
1088
19
599
1087
19
599
1087
19
597
1085
19
597
1085
19
597
1084
19
596
1083
19
596
1082
19
596
1081
19
595
1081
18
594
1079
18
593
1078
19
593
1078
18
592
1076
19
591
1075
19
591
1074
18
591
1073
18
590
1072
18
589
1071
19
589
1071
18
588
1069
18
588
1068
19
587
1067
18
586
1066
18
585
1065
18
585
1064
18
584
1063
18
584
1062
18
583
1061
18
583
1060
18
582
1058
18
581
1058
18
581
1056
18
580
1055
18
579
1054
18
579
1053
18
578
1052
18
577
1050
18
577
1050
18
576
1048
18
575
1047
18
574
1046
18
574
1044
18
573
1044
18
572
1042
18
573
1041
18
571
1040
18
571
1039
18
570
1037
18
570
1036
18
569
1035
18
568
1034
18
567
1033
18
566
1031
18
566
1030
17
565
1029
18
565
1028
18
564
1026
18
571
1040
18
571
1039
18
570
1037
18
570
1036
18
569
1035
18
568
1034
18
567
1033
18
566
1031
18
566
1030
17
565
1029
18
565
1028
18
564
1026
17
555
1010
18
554
1009
2
20
557
1011
4
23
558
1012
3
22
556
1009
4
22
556
1008
3
22
556
1007
3
22
555
1006
3
22
554
1005
3
23
554
1004
3
23
553
1002
4
22
553
1001
4
23
552
1000
4
23
551
998
4
23
551
997
3
17
401
730
200
341
23
78
64
225
74
113
254
379
378
376
367
246
66
66
56
9
62
144
373
343
122
78
40
136
115
120
146
161
110
71
71
73
75
120
172
178
160
28
183
158
82
93
1
2
47
87
140
125
38
130
110
139
1
136
154
133
120
119
120
119
137
152
157
139
24
157
149
104
124
1
1
21
39
63
73
14
49
41
66
1
50
61
66
75
75
75
73
68
55
56
49
8
56
61
84
72
1
1
3
6
14
3
1
4
18
18
17
1
15
6
2
5
14
15
8
5
20
17
15
1
20
24
11
6
5
6
1
4
14
25
27
22
4
26
21
46
6
1
1
6
11
20
20
5
19
17
22
1
19
25
19
20
20
20
1
18
22
24
25
20
3
24
23
19
1
1
3
6
8
13
1
7
7
10
1
6
10
9
14
13
13
1
11
12
9
9
6
1
8
9
44
11
2
1
1
1
26
3
2
4
4
4
1
2
1
1
1
1
2
4
3
4
4
1
3
7
2
4
4
4
1
2
4
6
7
4
1
5
5
2
1
2
1
3
12
3
6
3
4
5
2
2
6
3
6
6
6
2
4
5
5
6
3
1
4
5
31
4
1
2
1
1
1
2
1
1
1
4
2
3
2
4
1
5
5
5
2
3
4
3
4
1
1
1
2
2
1
2
2
2
1
2
3
3
3
2
2
2
2
3
1
1
1
1
1
1
3
2
1
2
3
3
4
3
2
1
2
2
2
1
1
34
1
4
1
3
2
2
4
1
4
4
4
3
1
3
4
4
1
1
2
2
1
3
1
1
2
3
3
4
3
2
1
2
2
2
1
1
1
1
1
1
4
2
3
2
4
1
4
5
4
2
2
3
3
3
1
1
1
1
2
1
3
2
2
3
3
4
4
3
3
1
2
3
3
1
1
1
1
1
58
1
4
2
2
3
4
1
4
5
4
3
2
3
3
3
1
1
1
1
1
1
4
1
1
4
2
2
2
4
1
4
5
4
3
2
3
3
4
1
1
1
1
1
1
1
1
4
3
2
3
4
1
4
5
4
3
2
3
2
3
1
1
1
1
1
1
1
1
4
3
2
3
5
1
5
6
5
3
2
3
3
4
1
1
1
2
2
1
39
1
1
4
3
2
3
4
1
4
5
4
3
2
3
3
4
1
2
1
1
1
1
19
1
1
5
3
3
3
4
1
5
5
4
3
2
3
3
3
1
1
1
1
1
1
1
1
5
3
2
3
4
1
5
6
4
3
3
3
3
4
1
2
2
2
1
1
1
1
5
3
3
3
4
1
5
6
5
3
3
3
3
4
1
2
2
2
1
2
16
2
2
5
3
3
3
5
1
5
6
5
3
3
3
4
4
1
2
1
1
1
2
2
1
2
5
3
3
3
5
1
5
6
5
3
3
3
3
4
1
2
2
1
1
2
1
2
5
3
3
3
5
1
6
7
5
4
3
4
4
4
2
2
2
2
1
2
2
2
5
3
3
3
5
2
6
7
5
4
3
3
4
4
2
2
2
2
1
2
94
1
2
5
1
3
3
3
5
2
6
7
5
4
3
4
4
4
1
2
2
1
1
2
179
1
2
6
1
3
3
3
1
5
1
6
7
6
4
3
4
4
5
2
3
2
2
1
2
98
1
2
6
1
4
3
3
1
5
2
6
7
6
4
3
4
4
5
2
3
3
2
2
2
1
3
6
4
3
4
6
2
6
8
6
4
3
4
4
5
2
3
2
2
1
2
2
2
6
4
3
4
1
6
2
6
7
6
4
3
4
4
5
2
3
2
2
2
2
1
3
7
4
3
4
1
6
2
7
8
7
5
4
4
5
6
3
3
3
2
2
2
2
3
6
4
3
4
1
6
2
6
8
7
5
4
4
5
5
2
3
2
2
2
2
2
3
6
1
1
5
3
4
1
7
2
7
8
6
5
4
4
5
5
2
3
2
2
1
2
102
2
3
6
1
4
3
4
1
6
2
7
8
6
5
4
5
5
6
3
3
2
2
2
2
187
2
3
6
1
5
3
4
1
7
3
7
8
6
5
4
5
5
5
3
3
2
2
2
2
94
1
3
7
1
5
4
4
1
7
3
7
8
6
5
4
5
5
5
2
3
3
2
2
2
1
3
6
1
4
4
4
1
6
3
7
8
7
5
4
5
5
6
3
4
3
2
2
3
2
3
7
1
1
5
4
4
1
7
3
7
8
7
5
4
5
5
6
3
4
3
2
2
2
2
3
7
1
1
5
4
5
1
7
3
7
9
7
5
4
5
5
5
3
3
3
3
2
2
2
3
7
5
4
4
1
7
3
7
9
7
6
5
5
5
6
3
4
3
3
2
2
1
3
7
1
5
4
5
1
7
3
8
9
7
5
5
5
5
6
3
4
3
2
2
3
59
2
3
7
1
1
5
4
5
1
7
3
8
9
7
5
5
5
5
6
3
4
3
2
2
2
203
2
3
7
1
1
6
4
4
2
8
3
8
9
7
5
5
5
5
6
3
4
3
3
2
2
126
2
4
7
1
5
4
4
2
8
3
8
9
8
5
5
5
6
7
4
5
4
3
2
3
2
4
8
1
1
6
5
5
1
8
3
8
9
8
6
5
5
6
6
3
4
3
3
2
3
2
4
8
1
1
6
5
5
2
8
3
8
10
7
5
5
5
6
6
3
4
3
2
2
2
1
4
8
1
1
5
5
5
2
8
3
8
10
8
6
5
6
6
7
4
5
4
3
2
3
2
4
8
1
6
5
5
2
8
3
8
10
8
6
6
6
6
7
4
5
3
3
2
3
2
5
8
1
1
6
5
5
2
8
4
8
10
8
6
5
5
6
6
3
5
3
2
2
3
21
2
4
8
1
1
6
5
5
2
8
3
9
10
8
6
5
6
7
7
3
5
4
3
2
3
36
2
4
8
1
1
6
5
5
2
9
3
8
10
8
6
5
5
7
7
3
5
4
3
2
3
21
2
5
8
1
1
6
5
5
2
9
4
9
10
8
6
5
6
7
7
3
5
3
3
2
3
2
5
9
1
1
7
5
5
2
9
4
9
11
8
6
5
6
7
7
3
5
4
2
2
3
1
5
9
1
1
7
5
5
2
8
4
9
11
8
6
6
6
7
7
4
5
4
3
2
3
2
5
9
1
1
7
6
6
2
9
4
9
11
8
7
6
6
7
7
4
5
4
3
2
3
2
5
10
1
1
7
6
6
3
9
4
9
11
8
7
6
6
7
7
3
5
3
2
2
3
18
2
5
9
1
1
7
6
6
3
9
4
9
11
9
7
6
6
7
7
4
5
4
3
2
3
97
2
5
9
1
1
7
6
6
3
9
4
9
12
9
7
6
6
7
7
4
5
4
3
2
3
96
2
5
10
1
1
7
6
6
2
9
5
9
11
9
7
6
7
7
7
4
5
4
3
2
3
15
2
6
9
1
1
7
5
6
2
9
5
9
12
9
7
7
6
7
8
4
6
4
3
2
3
2
5
9
1
1
8
6
6
2
9
4
9
11
9
7
7
6
8
8
4
6
4
3
2
4
2
6
10
1
1
7
6
6
2
10
5
10
12
9
7
7
7
7
8
4
6
4
3
3
3
2
6
10
1
2
7
6
6
2
10
5
10
12
9
8
7
7
7
8
4
6
5
3
3
4
10
2
5
10
1
1
7
6
6
2
10
5
9
12
9
8
7
7
8
8
5
6
5
4
2
4
28
2
6
10
1
1
7
6
6
3
10
5
10
12
9
8
7
7
8
8
4
6
4
3
2
4
19
2
6
10
1
1
8
6
6
3
10
5
10
12
9
7
7
7
7
8
4
6
4
3
3
4
29
2
6
10
1
1
7
6
6
3
10
5
10
12
9
8
7
7
8
8
5
6
5
3
3
4
38
2
6
10
1
1
8
6
6
3
10
5
10
12
9
8
7
7
8
9
5
6
5
3
3
4
2
7
10
1
1
8
7
6
3
11
5
10
12
9
8
7
7
8
9
4
6
4
3
2
4
2
6
10
1
1
8
6
6
3
10
5
10
12
9
8
7
7
8
9
5
7
5
4
3
4
8
2
6
10
1
1
8
6
6
3
11
5
10
13
10
8
8
8
8
9
5
7
5
4
3
4
81
2
7
11
1
1
8
7
7
3
11
5
10
13
10
8
7
7
8
8
5
7
5
3
2
4
64
2
7
11
2
1
8
7
7
3
10
5
10
13
10
8
7
7
8
8
5
7
5
4
3
4
2
6
10
1
1
8
7
7
3
10
5
10
13
10
8
8
7
8
9
5
7
5
4
3
4
2
7
11
1
1
8
7
7
3
10
5
11
13
10
8
8
7
9
9
5
7
5
3
3
4
2
7
11
1
1
9
7
7
3
11
5
10
13
10
8
8
7
9
9
5
7
5
4
2
4
2
7
11
1
1
9
7
7
3
11
5
10
13
10
9
8
8
9
9
6
7
5
4
3
4
2
7
11
1
1
8
7
7
3
11
5
11
13
10
9
8
8
9
9
5
7
5
4
3
4
2
8
12
2
2
9
7
7
3
12
6
11
14
10
8
8
7
9
9
5
7
5
3
2
4
9
2
7
12
2
1
9
7
7
4
12
6
11
14
10
9
8
8
9
9
6
7
6
4
3
5
18
2
7
12
1
1
9
7
7
3
12
6
11
14
10
9
8
8
9
9
6
7
6
4
3
5
2
7
12
1
2
9
7
7
4
12
6
11
14
11
9
8
8
9
9
6
7
5
4
3
4
2
8
12
2
2
9
7
7
3
11
6
11
14
10
9
8
8
9
9
6
8
5
4
3
5
2
7
12
2
2
9
7
7
3
12
6
11
14
11
9
8
8
9
9
6
8
6
4
3
5
29
2
7
12
2
2
10
7
7
4
12
6
11
14
11
9
8
9
9
10
6
8
6
4
3
5
2
8
12
2
2
10
8
7
4
12
6
12
14
11
9
8
8
9
10
6
8
6
4
3
5
2
8
12
2
2
10
8
7
4
12
6
12
14
11
10
9
9
10
10
6
8
6
5
3
5
2
8
12
2
2
10
7
7
4
12
6
11
15
11
10
9
9
10
10
6
8
6
5
3
5
41
2
8
12
2
2
10
7
7
4
12
6
11
14
11
9
9
8
9
10
6
8
5
4
2
5
2
8
13
2
2
10
8
8
4
12
6
12
14
11
9
9
9
9
10
6
8
6
5
3
5
2
8
13
2
1
10
8
7
4
13
6
12
15
11
10
9
9
10
10
6
9
6
5
3
5
2
9
13
2
1
10
8
7
4
12
6
11
15
11
10
9
9
10
10
6
8
6
4
3
5
40
2
9
13
2
2
10
8
8
4
13
7
12
15
11
10
9
8
10
10
6
9
6
5
3
5
2
8
13
2
2
10
7
8
4
13
7
12
15
11
10
9
9
10
10
6
8
6
4
3
5
2
9
13
2
1
10
8
8
4
13
7
12
15
11
10
9
9
10
10
7
9
6
4
3
5
2
9
14
2
2
10
9
8
4
13
7
12
15
11
10
9
9
10
10
6
9
6
4
3
5
17
2
9
13
2
2
10
8
7
4
13
7
12
15
12
10
9
9
10
11
7
9
7
5
3
5
17
2
9
13
2
2
10
8
8
4
13
7
12
15
12
10
9
9
10
10
7
9
7
5
3
5
2
9
14
2
2
11
8
8
4
13
7
12
15
12
10
9
9
10
10
7
9
6
4
3
5
1
9
14
2
2
11
8
8
4
14
7
12
15
12
10
9
9
11
11
7
10
6
5
3
5
11
2
9
14
2
2
11
8
8
4
13
7
12
16
12
10
9
10
11
11
7
9
6
5
4
5
2
9
14
2
2
11
8
8
4
14
7
12
16
12
10
9
9
11
10
7
9
6
4
3
5
2
9
14
2
2
11
9
8
4
14
7
12
16
12
11
9
9
11
11
7
9
7
4
3
5
2
9
13
2
2
11
9
8
4
14
7
12
16
12
11
10
9
11
11
7
9
7
5
3
5
68
2
9
14
2
2
11
9
8
4
14
7
12
16
12
10
9
9
11
11
7
9
7
5
3
5
84
2
9
14
3
2
12
9
9
4
14
7
12
16
12
11
9
9
11
11
7
9
7
5
3
5
3
1
10
14
2
2
12
9
9
5
14
7
13
16
12
11
10
10
12
12
8
10
7
5
3
6
2
9
15
2
2
11
9
8
5
14
7
13
16
12
11
10
9
11
11
7
10
7
5
3
6
25
2
10
15
2
2
12
9
8
5
14
8
12
16
12
11
9
9
11
11
7
10
7
5
3
5
49
1
10
15
2
2
12
9
8
4
14
7
13
16
12
11
10
10
12
12
7
10
7
5
3
6
2
10
14
2
2
11
9
9
5
14
7
13
16
12
11
10
10
12
12
8
10
7
5
3
6
2
10
15
3
2
12
10
9
5
15
8
13
16
12
11
10
10
11
11
8
10
7
5
3
5
7
2
10
15
3
2
12
9
9
5
15
8
13
17
12
11
10
10
11
12
8
10
7
5
3
6
46
2
10
15
3
2
12
9
9
5
15
8
13
16
12
12
10
10
12
12
7
10
7
6
4
6
2
10
15
3
2
12
10
9
5
15
8
13
16
12
12
10
10
12
12
7
10
7
5
3
6
1
11
15
3
2
13
10
9
5
15
8
13
17
13
12
10
10
12
12
8
11
7
5
3
6
1
10
15
3
2
12
9
9
5
15
8
13
17
12
12
10
10
12
12
8
11
7
5
4
6
53
2
11
15
3
2
12
10
9
5
15
8
13
17
12
12
10
10
12
12
7
10
7
5
3
6
37
2
11
16
3
2
12
9
9
5
16
8
13
16
12
11
10
10
12
12
7
10
7
5
3
6
1
11
15
3
2
12
10
9
5
15
8
13
17
12
11
10
11
12
12
8
10
8
5
4
6
2
11
15
3
2
12
10
9
5
15
8
13
17
12
12
11
11
12
12
8
11
8
5
4
7
2
11
16
3
2
13
10
9
5
16
8
13
17
12
12
11
10
12
12
8
10
8
5
3
6
2
11
