85
90
83
83
7
87
2
2
83
74
82
5
5
1378
93
102
83
91
83
79
5
84
82
74
79
1376
104
98
84
91
81
71
6
80
81
72
71
3
1372
70
95
84
80
84
74
13
83
1
79
74
77
18
1378
47
96
85
81
84
4
88
19
80
78
75
79
2
3
1374
77
97
86
89
86
86
21
86
78
76
77
29
6
1373
104
96
85
84
2
88
87
22
88
3
78
77
85
27
1362
81
94
87
84
3
82
88
23
87
76
74
77
23
1347
56
5
2
97
89
81
2
79
79
21
85
75
72
78
15
1353
79
97
85
83
5
83
85
23
84
75
76
80
13
1351
111
94
84
80
2
80
84
19
80
75
74
69
13
1349
85
94
84
77
1
79
77
13
76
76
73
70
8
1359
48
4
9
105
85
92
89
9
84
1
16
80
3
7
84
74
87
17
29
1360
40
1
3
11
105
86
91
87
81
17
89
1
6
83
73
82
12
48
1347
94
2
1
104
82
95
87
4
87
14
87
4
84
72
72
9
30
1341
125
100
80
88
83
77
4
72
2
84
69
76
25
1338
91
96
83
73
73
71
6
75
1
81
66
71
28
1335
70
97
84
76
72
76
10
77
1
80
66
72
21
1341
89
91
85
74
75
71
12
74
78
67
70
28
1338
102
89
84
70
73
73
11
71
77
66
58
14
1331
78
90
83
72
72
72
13
71
76
68
63
12
10
1336
49
87
83
73
1
75
77
19
77
74
71
65
2
18
1332
65
88
84
73
1
77
79
19
79
74
72
61
18
1317
92
87
82
70
3
76
70
20
81
74
72
70
20
1311
82
90
81
76
3
79
67
20
75
75
72
72
15
1309
68
89
83
76
3
77
83
21
74
74
73
60
5
1311
89
85
83
68
5
78
79
21
81
73
75
61
31
15
1311
129
1
87
83
72
2
80
77
19
77
74
73
58
52
7
1301
112
2
86
83
73
2
80
79
17
72
73
72
60
22
1303
65
1
85
84
72
4
80
72
19
72
72
73
62
1310
67
2
87
82
75
4
80
83
24
77
73
74
57
12
1305
103
87
83
72
3
78
80
21
76
73
70
65
1308
94
12
4
5
92
86
73
76
83
20
80
74
67
75
1318
61
16
9
9
99
86
78
76
6
2
86
23
82
1
5
76
67
81
34
10
1323
71
12
18
14
103
88
81
78
2
81
24
86
5
8
77
67
84
5
13
1323
98
23
14
15
105
87
84
80
16
93
26
94
10
11
79
68
84
19
22
1325
98
31
24
15
110
83
90
83
1
18
4
93
2
26
3
96
6
13
82
68
83
28
18
1325
67
30
34
18
116
83
92
85
3
5
19
89
8
23
5
92
11
17
83
68
94
34
1
1324
59
33
36
20
117
83
93
83
3
12
18
88
5
21
3
95
5
20
82
66
93
61
18
1318
93
30
15
18
107
81
85
79
10
2
79
1
17
88
8
14
79
63
79
67
12
1318
101
15
15
10
104
78
81
79
12
67
3
11
76
17
8
78
64
85
24
1320
61
9
23
1
103
75
85
81
6
73
8
74
5
78
66
81
3
1312
44
13
4
2
93
76
76
77
77
8
76
1
75
65
70
7
1303
75
12
6
2
94
76
77
78
70
6
72
75
66
64
1311
99
13
10
1
91
75
70
75
69
3
61
74
66
59
5
1318
75
8
18
5
92
76
71
72
61
3
57
73
65
65
1320
44
5
18
94
74
75
75
62
6
56
72
67
60
1323
72
7
86
74
71
75
69
12
59
70
68
51
19
1317
97
5
2
86
75
71
72
68
10
61
71
65
49
12
1311
66
5
84
73
71
73
65
10
59
70
66
45
1309
25
7
2
3
82
76
71
73
62
10
56
69
65
46
19
1317
29
3
7
81
77
63
71
66
13
63
68
66
58
23
1333
57
6
82
72
66
72
65
10
62
69
66
52
1339
41
11
6
86
72
70
74
56
9
56
70
67
57
1335
13
5
13
85
75
68
74
50
11
55
69
67
59
7
1332
33
5
14
87
74
72
75
69
12
56
69
67
53
21
1330
77
7
9
86
73
72
77
70
10
60
69
67
55
19
1328
78
8
6
88
74
77
77
59
6
57
70
65
49
1320
43
18
10
5
88
75
71
75
68
8
57
71
63
50
25
1327
40
19
7
12
87
76
69
72
65
8
57
1
71
61
52
59
1342
74
15
18
2
93
72
77
75
68
7
64
74
62
63
1343
74
29
33
96
69
75
76
6
74
10
72
2
75
62
74
1337
32
27
26
12
99
72
75
74
1
70
8
71
7
76
59
67
31
1331
14
29
18
14
101
73
75
73
7
75
9
73
10
75
59
65
63
3
1328
52
28
26
15
99
74
75
70
6
76
8
75
11
76
58
67
32
3
1317
78
27
32
16
102
74
76
67
4
74
5
76
13
77
56
65
20
1307
47
39
26
22
102
76
68
66
8
73
5
69
16
75
56
68
69
1308
28
38
26
20
102
77
74
69
2
60
7
69
14
73
57
62
43
2
1310
46
31
23
15
101
76
76
71
57
6
64
10
73
59
61
3
3
1308
66
34
31
12
101
74
74
73
6
72
5
56
10
74
60
70
13
1305
53
32
37
9
103
71
79
79
2
4
73
10
68
9
73
63
60
30
1308
30
22
19
8
96
72
77
78
74
15
75
5
70
66
56
27
1311
57
15
10
3
90
71
74
73
68
14
68
67
66
57
20
1315
83
23
21
2
89
68
71
74
63
11
63
67
66
59
13
1316
72
27
15
5
86
68
67
71
58
7
57
66
65
59
1299
41
23
23
89
66
69
73
57
9
54
65
68
54
6
1286
53
18
24
92
64
73
72
2
56
7
48
66
68
56
35
1295
91
9
17
85
67
64
63
49
1
44
66
60
48
27
1297
73
9
12
82
68
54
57
45
43
66
55
35
37
1300
36
9
82
72
55
52
58
41
67
52
33
48
1300
40
12
14
83
74
52
51
68
7
50
66
54
41
1306
63
16
19
89
71
62
59
51
2
45
68
55
44
1316
58
23
13
1
89
73
63
61
61
6
50
1
68
55
47
1324
44
19
17
4
85
75
62
65
61
14
53
1
66
59
45
30
1322
39
22
21
7
91
76
68
68
64
17
54
4
66
61
46
31
1318
74
32
26
12
91
76
66
67
73
18
63
6
66
60
49
29
1319
86
28
28
6
95
71
69
68
62
10
57
4
68
60
51
31
1315
48
25
24
5
95
69
69
70
64
9
57
4
69
61
52
76
1321
41
27
20
13
93
72
67
66
59
5
59
7
69
59
52
63
1318
73
30
37
7
101
70
74
68
3
61
3
63
8
71
59
65
1309
90
43
49
7
108
69
78
73
12
13
74
6
70
13
72
59
65
12
1309
71
50
54
27
105
76
67
67
12
6
72
6
72
3
19
71
53
69
62
1311
54
49
45
25
105
79
70
64
12
9
74
10
73
20
70
52
74
77
1310
75
52
36
21
106
79
73
63
10
9
68
12
81
18
69
52
68
17
12
1293
85
48
44
21
104
78
72
62
5
11
79
10
77
16
70
52
70
6
1281
62
43
35
23
103
79
74
66
9
9
80
12
70
16
70
54
69
72
1280
46
49
46
23
102
80
73
66
10
11
71
18
71
14
67
57
74
86
6
1285
68
43
48
14
101
76
75
69
3
14
74
18
74
11
67
60
72
53
1294
92
32
31
9
93
73
72
73
71
16
75
5
66
63
59
21
1285
78
35
35
9
92
72
70
73
66
16
68
4
65
63
58
10
1281
42
36
36
12
95
73
71
73
2
66
14
65
7
65
63
58
30
1289
41
35
33
10
92
71
70
72
3
6
70
14
66
6
66
63
61
35
1300
80
39
28
7
93
69
71
70
62
9
61
7
66
62
56
17
1307
70
36
34
16
93
72
69
65
54
48
8
66
58
42
36
1304
25
35
39
14
88
73
56
61
52
47
7
63
57
46
52
1304
24
27
21
1
84
70
56
62
44
50
1
63
58
42
53
1302
64
23
24
6
84
70
62
64
49
40
1
64
56
48
43
1294
68
23
21
1
81
69
59
64
59
46
63
56
48
13
1291
29
30
19
83
69
64
69
52
2
50
64
57
41
1286
20
32
28
86
69
66
72
57
5
49
64
59
51
3
1287
56
26
31
86
69
65
70
55
7
53
63
59
56
33
1291
59
32
41
6
92
69
69
72
4
54
3
50
5
65
57
56
52
1288
29
39
32
11
93
71
64
64
70
7
61
9
65
54
54
56
1285
27
38
31
15
93
73
63
57
7
71
9
67
11
66
52
52
48
1288
63
38
35
13
93
71
66
60
62
4
57
13
68
52
44
35
1292
77
39
41
16
96
72
65
55
56
2
57
14
68
50
47
24
1288
42
43
44
20
96
75
58
56
8
58
8
61
15
67
50
64
30
1284
23
59
45
18
99
74
62
59
7
79
10
65
18
66
53
67
39
1284
46
47
50
18
100
72
65
61
4
73
6
63
17
67
53
51
55
1280
61
41
37
16
93
71
62
66
1
1
63
4
59
13
67
55
53
47
1270
42
47
39
17
95
71
68
66
1
63
1
58
14
67
54
59
32
1269
10
39
50
8
98
70
70
67
11
63
6
62
11
66
56
64
30
1274
30
45
42
2
96
67
71
70
5
6
65
6
63
10
66
58
65
39
1269
55
40
28
9
90
67
68
65
53
53
9
67
56
49
32
1257
32
34
31
5
88
66
71
65
54
1
46
7
67
56
38
56
1243
40
37
12
89
70
61
58
58
4
54
10
63
55
51
80
1243
39
43
8
90
70
59
58
4
59
5
59
9
63
56
60
17
1246
35
39
34
7
89
67
65
60
56
50
7
64
56
49
37
1242
24
23
21
6
84
67
59
58
46
48
4
63
55
46
57
1233
25
34
2
85
68
60
61
48
5
46
5
62
57
42
2
1238
35
23
3
81
68
59
62
60
5
46
4
62
58
34
1249
29
27
27
1
81
66
58
62
53
3
50
1
62
56
46
11
1253
41
34
36
85
65
61
62
53
1
49
2
62
54
44
32
1254
18
31
23
82
65
62
67
59
3
48
1
62
55
41
45
1255
24
25
16
10
78
70
59
62
56
4
47
4
61
53
36
78
1257
62
27
18
9
81
69
60
57
59
1
48
5
62
51
38
47
1237
74
31
34
80
65
56
62
5
59
56
4
63
53
46
17
1224
42
41
34
9
86
68
58
58
56
52
10
64
50
48
20
1237
37
39
33
7
87
69
62
57
51
3
48
10
64
51
43
1240
73
37
37
9
84
69
57
56
51
3
54
10
64
50
36
26
1238
89
39
29
13
84
68
58
56
51
1
45
11
65
50
38
38
1222
50
35
23
10
81
67
57
61
60
2
41
9
65
53
37
38
1215
13
28
27
12
82
68
59
63
62
7
51
9
64
54
41
73
1222
44
37
31
15
83
68
59
63
4
60
9
54
10
63
56
48
101
1219
67
43
29
10
83
67
63
66
65
12
60
10
64
57
50
7
1214
37
35
42
7
88
66
70
72
61
16
62
9
63
60
54
1216
18
39
47
11
89
69
63
70
1
3
63
19
67
10
61
60
55
50
1221
46
49
38
11
87
69
60
67
7
60
19
62
9
61
58
62
6
1224
80
41
32
9
86
67
63
66
1
64
16
59
7
63
56
59
39
1229
68
41
34
9
88
66
64
63
6
65
15
61
10
64
53
52
44
1221
26
46
33
18
89
71
65
61
61
13
56
13
65
52
52
46
1217
34
45
32
18
86
73
62
60
2
63
14
58
14
65
54
54
74
1229
79
40
37
6
86
67
61
62
7
64
13
55
10
65
55
50
52
1227
77
34
32
9
81
67
59
62
47
8
54
8
64
56
43
24
1212
46
41
35
6
83
67
60
66
59
17
60
8
63
60
51
3
1203
56
40
37
9
84
67
61
68
67
21
63
10
63
61
49
23
1197
95
39
40
11
83
67
60
67
52
17
58
10
64
59
48
47
1204
104
36
35
6
83
66
60
67
60
19
54
7
63
59
49
43
1209
68
28
19
4
79
66
63
68
52
17
49
4
63
58
39
26
1200
54
34
21
3
77
67
57
64
53
19
47
4
63
56
39
21
1208
97
31
25
3
75
67
52
58
56
19
48
4
62
53
44
18
1209
107
27
24
6
77
66
58
60
54
14
47
5
64
52
39
45
1210
74
28
25
7
75
67
55
60
56
17
49
5
61
54
43
63
1206
63
31
35
5
79
67
58
63
50
17
45
6
61
57
43
5
1210
95
41
30
7
83
66
61
66
47
15
50
9
63
58
50
20
1218
121
34
29
12
82
66
54
60
50
12
46
10
63
56
48
40
1214
83
39
35
7
85
65
55
59
68
15
49
11
63
56
55
28
1213
63
47
39
7
90
64
63
64
10
3
65
16
59
14
65
57
60
36
1212
104
50
39
15
88
67
57
58
60
12
54
16
65
55
47
28
1211
118
45
33
9
86
64
58
57
1
62
11
59
12
65
55
48
21
1207
86
40
38
12
87
66
61
56
1
59
10
52
13
63
54
49
30
1210
64
40
35
14
88
69
61
55
4
61
13
54
13
62
55
44
77
4
1210
90
36
36
16
85
69
55
55
6
58
15
57
12
61
57
53
110
13
1225
115
30
37
7
85
66
63
60
10
55
13
51
8
61
58
59
52
3
1233
100
32
30
2
83
66
63
63
4
56
13
51
6
61
59
53
1224
70
37
40
7
83
67
59
64
54
17
55
8
60
62
59
23
1222
80
31
39
2
82
65
63
67
54
20
54
5
59
65
50
5
1222
117
31
21
1
77
63
60
67
55
19
47
3
59
65
41
1220
114
32
25
1
79
62
60
66
55
21
52
3
60
64
47
17
1212
81
29
39
6
81
65
58
61
54
25
51
6
58
62
46
53
1210
68
35
26
11
78
68
56
57
53
25
49
7
58
59
41
75
1201
95
35
22
9
78
67
56
56
56
22
52
7
59
57
38
10
1186
98
36
31
7
84
67
61
57
61
23
50
9
61
54
42
25
1195
68
41
40
4
86
67
60
60
6
1
60
30
60
10
61
56
53
64
1191
56
39
40
12
78
73
49
56
1
54
31
56
9
58
54
47
41
9
1182
91
43
34
10
79
71
59
61
4
59
30
54
8
59
54
42
38
1182
115
41
29
10
78
68
59
62
7
74
31
60
7
60
56
51
55
1178
85
37
37
11
75
70
51
58
1
64
32
56
6
58
56
48
49
1169
69
32
28
2
78
67
59
65
2
61
37
57
4
58
62
44
15
1174
91
34
25
4
78
66
61
1
68
3
62
37
3
55
4
59
62
51
11
1174
111
41
40
5
83
65
62
1
68
59
34
54
8
61
62
52
45
1175
89
23
37
5
85
66
65
71
58
32
54
8
61
62
53
48
1183
65
31
37
7
84
68
65
71
1
7
9
58
33
2
52
9
61
62
54
29
1176
83
49
58
11
92
69
69
66
1
6
13
65
1
32
5
64
15
62
59
63
4
1168
98
55
46
17
91
69
66
65
4
10
65
27
6
68
4
17
64
56
66
30
1172
79
52
36
24
85
71
57
60
3
10
54
23
3
64
17
63
54
63
60
4
1174
45
52
48
20
90
70
61
56
14
6
69
1
24
3
66
18
63
53
62
68
11
1170
61
52
43
14
89
67
61
56
27
8
76
24
69
5
16
64
54
62
62
11
1166
101
47
49
15
88
66
58
49
12
2
65
19
61
15
63
51
56
41
1163
87
47
51
14
89
65
59
50
7
7
64
15
51
16
64
52
55
73
1160
41
45
45
14
86
65
57
49
9
56
16
50
14
62
53
53
61
1159
48
37
44
7
83
64
56
47
54
16
45
10
60
54
44
37
1155
83
28
38
3
80
63
56
49
52
15
42
5
60
55
42
39
5
1146
77
33
36
4
77
63
51
47
52
15
46
5
60
52
37
1
5
1147
42
31
37
7
84
68
65
71
1
7
9
58
33
2
52
9
61
62
54
29
1176
83
49
58
11
92
69
69
66
1
6
13
65
1
32
5
64
15
62
59
63
4
1168
98
55
46
17
91
69
66
65
4
10
65
27
6
68
4
17
64
56
66
30
1172
79
52
36
24
85
71
57
60
3
10
54
23
3
64
17
63
54
63
60
4
1174
45
52
48
20
90
70
61
56
14
6
69
1
24
3
66
18
63
53
62
68
11
1170
61
52
43
14
89
67
61
56
27
8
76
24
69
5
16
64
54
62
62
11
1166
101
47
49
15
88
66
58
49
12
2
65
19
61
15
63
51
56
41
1163
87
47
51
14
89
65
59
50
7
7
64
15
51
16
64
52
55
73
1160
41
45
45
14
86
65
57
49
9
56
16
50
14
62
53
53
61
1159
48
37
44
7
83
64
56
47
54
16
45
10
60
54
44
37
1155
83
28
38
3
80
63
56
49
52
15
42
5
60
55
42
39
5
1146
77
33
36
4
77
63
51
47
52
15
46
5
60
52
37
1
5
1147
42
31
26
1
69
61
51
1
68
2
57
34
45
54
63
45
61
1180
62
33
36
71
61
52
1
67
5
10
57
36
6
48
53
65
45
2
1165
81
34
33
74
60
59
66
2
7
56
31
4
49
55
65
45
6
1157
102
34
29
8
74
61
54
65
6
55
25
1
52
4
57
62
48
90
1160
86
43
35
12
78
62
49
57
10
47
19
52
9
59
56
49
68
1159
37
43
45
9
84
62
58
57
44
15
45
11
60
54
52
5
1164
49
45
50
12
87
63
56
53
61
13
48
15
62
51
53
2
1164
99
52
54
17
92
63
60
52
1
9
62
11
49
18
63
49
57
22
1164
91
38
49
21
91
64
61
52
10
50
8
42
18
62
49
56
56
1166
58
33
48
18
86
65
57
50
51
11
48
15
59
50
48
52
1157
67
39
36
5
81
62
57
51
8
59
19
49
9
56
52
47
31
13
1157
103
42
26
12
76
64
54
47
55
15
47
9
56
49
43
54
1151
88
31
30
13
73
64
48
48
47
13
39
8
56
48
38
71
1141
52
18
23
2
73
61
47
50
45
16
34
3
56
51
37
39
1132
53
30
26
5
74
62
53
46
48
15
34
6
58
50
30
7
1123
84
32
32
5
76
62
55
52
50
16
34
7
58
50
28
1119
77
29
28
7
78
61
52
55
45
15
34
8
58
52
30
3
1126
38
27
27
8
74
63
50
54
39
19
37
7
56
53
35
24
1128
32
21
36
7
78
63
57
59
42
19
30
6
55
55
36
24
1128
67
25
29
5
75
62
54
58
54
22
34
4
55
56
37
14
1133
82
24
9
64
61
50
58
43
21
34
53
55
27
3
1123
52
17
15
62
62
47
57
48
23
36
52
55
26
9
1116
38
22
13
3
62
63
46
58
1
52
26
39
52
57
30
40
1119
65
20
13
6
63
62
47
56
48
24
38
53
56
29
