17
11
25
16
20
12
14
15
3
5
14
17
11
25
14
18
19
19
17
2
7
11
16
12
25
12
14
16
19
15
1
7
9
13
13
19
8
10
13
16
2
7
7
9
12
16
12
8
7
2
4
9
7
11
17
12
9
8
2
1
1
9
9
20
18
12
10
9
10
9
11
2
7
20
9
9
8
7
1
3
6
10
9
5
19
12
11
9
4
5
9
5
4
1
9
7
15
12
8
10
4
8
14
15
7
5
5
3
5
9
12
7
10
9
6
13
16
11
10
14
1
7
4
16
9
21
14
6
10
8
12
7
2
4
7
4
16
13
18
16
2
7
1
12
4
7
3
2
8
5
13
11
11
14
7
9
6
3
7
3
8
2
1
11
6
2
3
6
1
6
9
6
5
3
7
24
10
3
6
12
3
11
5
4
3
1
8
4
3
8
12
11
6
2
5
3
7
5
2
5
14
7
4
3
2
10
6
2
10
17
10
7
10
5
1
5
8
7
3
19
19
14
24
17
8
1
7
2
11
25
18
17
23
10
4
17
28
25
5
18
21
1
11
7
14
18
32
23
13
24
22
9
14
5
7
14
23
5
16
37
1
14
19
28
27
15
14
4
5
16
25
7
13
37
7
26
21
19
28
20
3
16
4
3
16
26
5
35
19
18
25
10
1
17
4
18
6
5
30
10
14
11
16
12
15
14
6
24
14
10
5
10
10
14
12
7
21
13
17
18
5
11
13
9
2
3
21
11
19
5
11
12
7
7
8
5
4
11
4
12
6
6
6
2
4
10
12
16
9
10
6
11
12
12
3
1
2
7
16
4
9
14
13
12
14
7
13
11
2
8
9
1
3
11
5
14
9
14
4
11
7
1
2
12
3
1
16
5
18
2
5
2
4
2
9
18
5
20
9
7
6
2
3
1
3
6
10
18
12
20
9
12
5
3
3
16
7
17
12
7
9
8
5
3
2
11
13
13
19
7
4
5
19
8
5
2
5
8
2
4
23
12
22
22
2
17
21
7
2
19
17
2
10
3
16
7
27
12
2
11
25
12
10
24
12
3
17
27
15
17
21
9
22
6
6
1
19
25
16
15
16
7
37
6
1
18
27
14
20
22
7
39
24
5
18
22
10
19
21
8
48
1
8
7
11
24
4
3
14
8
42
10
9
24
3
10
16
6
26
5
6
4
16
25
36
7
19
28
4
5
1
38
11
21
5
7
2
15
31
34
12
19
31
7
7
2
41
29
15
7
6
24
13
8
5
18
8
9
44
4
11
4
20
13
5
2
10
10
26
5
8
1
16
9
5
2
2
10
8
13
45
12
2
2
1
11
13
7
9
9
4
45
8
4
6
8
1
9
6
2
6
4
5
9
5
9
2
7
2
2
8
2
4
7
11
13
4
13
1
7
13
13
2
4
26
4
8
15
20
10
9
13
19
14
9
5
50
6
8
17
23
16
4
6
14
18
1
10
12
5
2
7
18
23
21
7
15
16
18
10
10
9
5
4
3
7
19
22
23
16
9
19
18
11
20
16
1
5
5
6
6
20
24
28
12
10
25
14
18
12
25
6
5
20
10
9
21
32
34
18
14
31
25
25
19
33
7
5
13
9
15
32
29
24
17
29
24
20
25
29
7
3
10
3
6
22
18
20
18
22
18
11
19
22
8
12
2
15
14
23
14
18
16
7
14
23
10
9
2
15
13
23
1
17
12
6
13
18
12
5
1
1
13
11
20
15
7
24
12
11
1
3
18
8
11
12
12
2
19
7
1
7
9
14
18
19
3
20
16
13
5
5
4
21
10
4
15
1
12
48
9
7
21
14
9
22
8
99
12
2
5
21
17
6
26
7
213
34
16
9
16
23
23
22
32
6
329
26
19
11
16
21
16
25
28
7
400
3
15
9
10
16
18
12
26
6
438
7
9
12
9
20
14
27
3
410
7
10
11
10
23
21
22
2
1
346
7
15
13
1
19
11
19
23
25
1
3
211
19
11
12
6
18
8
11
22
21
4
65
27
6
9
10
15
5
7
4
1
12
13
4
34
8
12
14
24
15
13
10
17
10
10
5
34
9
14
17
30
19
19
27
23
30
7
17
16
7
21
14
13
19
35
28
16
31
32
35
18
31
18
6
1
14
16
11
18
29
30
22
12
35
22
20
27
32
2
4
5
6
12
9
16
31
29
26
26
35
29
19
25
36
5
3
18
16
9
15
33
29
23
19
33
34
21
23
25
6
3
10
11
6
15
29
28
22
16
32
23
23
25
36
6
2
13
1
6
5
15
34
32
18
14
32
32
25
32
33
6
3
14
5
2
14
27
29
18
11
30
22
24
27
28
7
1
13
6
5
2
13
23
24
16
7
30
17
21
22
32
9
7
7
2
11
20
23
15
30
14
23
22
32
9
7
5
6
10
10
15
25
2
11
20
28
8
21
8
4
8
9
19
7
23
10
8
19
21
9
11
7
16
5
3
8
9
21
7
22
4
5
19
25
11
1
6
5
1
8
18
9
1
14
16
10
12
1
6
11
6
8
10
8
23
1
7
5
5
7
21
3
10
4
5
7
21
1
8
2
11
2
1
5
7
14
6
5
1
13
5
14
2
4
16
6
4
11
1
4
1
21
29
9
3
1
1
16
15
11
29
9
8
4
15
17
14
1
17
25
2
4
4
5
6
14
3
14
32
5
12
21
6
2
8
4
7
7
19
9
13
22
12
20
22
19
2
1
11
12
11
9
25
13
16
28
21
25
22
14
2
3
2
37
16
12
9
28
16
20
29
23
35
3
28
20
4
3
18
14
13
8
33
20
21
19
22
35
8
29
28
2
3
3
10
10
6
28
17
27
24
22
26
8
26
23
3
1
11
6
11
13
8
35
25
32
32
26
38
14
38
25
3
2
24
30
15
12
9
30
27
32
33
27
32
18
39
31
5
1
1
21
11
5
7
30
21
30
23
25
32
13
29
32
7
23
7
8
28
23
30
1
13
32
28
16
29
25
10
23
8
9
24
24
27
6
33
27
19
35
26
13
35
15
12
1
11
25
28
29
18
34
25
25
30
38
12
5
21
2
13
5
13
27
30
29
1
18
35
23
27
30
37
9
5
25
10
6
15
28
32
28
16
33
23
27
27
34
6
1
2
37
3
12
9
15
26
29
28
20
30
19
25
24
33
5
3
2
37
17
20
13
9
13
26
21
22
14
21
25
15
33
22
5
4
29
12
9
7
9
20
16
14
10
13
16
9
23
20
3
2
26
3
5
5
4
16
6
8
1
5
7
15
11
2
30
8
1
2
9
3
1
10
2
14
16
1
1
5
8
14
6
5
2
6
16
6
3
14
16
6
2
2
1
17
23
18
8
4
7
1
2
4
2
12
26
12
3
3
1
7
2
5
2
27
8
1
6
11
7
20
5
1
4
5
3
2
3
35
5
7
5
5
13
6
14
10
8
1
3
46
1
10
8
10
18
4
14
20
23
26
5
4
53
10
7
12
16
8
18
19
2
15
20
5
3
77
11
6
13
21
14
19
20
1
18
19
3
3
72
7
7
17
24
21
19
18
9
21
2
25
7
3
4
68
15
7
9
20
31
32
23
5
25
33
15
33
23
3
5
100
10
5
19
31
33
27
13
21
30
19
37
28
6
3
121
9
3
16
30
32
28
37
20
27
18
37
28
7
1
137
10
2
15
29
30
25
31
26
28
18
35
27
9
1
141
23
15
4
14
32
28
24
30
25
34
18
35
25
11
1
149
12
14
19
6
13
30
28
32
23
27
29
18
37
23
10
1
159
3
19
5
10
26
25
24
14
26
22
18
23
30
8
171
5
17
7
8
30
24
21
16
23
26
15
23
21
4
177
4
39
16
9
8
25
16
21
15
20
25
9
30
25
2
1
177
13
10
7
7
12
7
17
15
17
10
5
19
19
1
175
5
5
3
11
1
13
7
14
7
14
8
190
5
6
11
7
10
12
21
10
190
13
8
9
8
8
7
8
19
7
1
195
11
11
9
8
7
6
10
4
1
205
6
2
1
2
192
2
2
206
16
2
1
193
20
182
174
157
14
155
43
4
2
2
4
136
2
4
4
5
8
2
13
4
3
131
5
2
2
8
11
5
8
17
5
1
113
2
19
5
3
3
16
2
15
9
17
17
9
1
99
10
45
12
6
3
18
3
21
5
19
23
11
1
86
3
17
8
3
22
6
24
24
24
10
70
13
9
4
29
13
24
22
30
27
3
9
63
14
12
8
30
19
22
30
7
31
1
33
10
6
2
54
21
16
13
10
34
25
23
27
14
30
11
32
19
4
3
54
17
15
9
37
24
19
33
17
44
13
26
19
2
3
38
14
12
10
27
20
17
26
20
27
14
23
15
2
28
10
10
8
16
16
15
29
23
6
14
20
20
1
4
17
15
12
6
23
13
17
37
19
26
9
21
16
2
1
6
15
11
2
17
5
11
31
16
18
6
21
15
3
6
3
9
12
5
16
16
18
1
16
17
9
6
7
6
13
10
6
12
21
9
6
9
3
18
10
2
6
15
26
5
4
2
11
1
15
18
17
3
9
9
1
2
3
15
1
7
3
13
15
31
2
5
4
2
4
12
3
5
11
1
49
2
7
4
5
14
1
8
17
3
1
7
5
4
8
13
1
1
2
1
32
1
1
1
5
5
4
48
7
3
5
6
4
3
7
5
4
12
2
7
4
9
5
37
10
5
9
1
11
11
5
9
2
12
14
7
8
16
10
1
6
8
2
3
11
1
3
8
10
8
2
9
5
8
11
5
10
6
8
16
6
2
7
4
5
14
1
8
17
3
1
7
5
4
8
13
1
1
2
1
32
1
1
1
5
5
4
48
7
3
5
6
4
3
7
5
4
12
2
7
4
9
5
37
10
5
9
1
11
11
5
9
2
12
14
7
8
16
10
1
6
8
2
3
11
1
3
8
10
8
2
9
5
8
11
5
10
6
8
16
6
7
2
4
10
7
10
23
7
4
4
14
3
10
71
4
7
3
2
5
5
27
7
5
21
5
7
17
1
3
7
6
5
20
8
20
7
6
1
5
5
17
6
13
7
16
25
2
1
2
4
3
20
3
8
16
6
18
47
1
1
3
6
18
3
15
6
7
2
2
4
3
13
1
13
4
3
3
3
3
2
3
25
7
6
2
3
4
2
76
13
5
5
1
7
5
55
11
2
2
9
1
18
9
4
9
6
43
14
9
9
8
8
83
8
10
6
3
51
3
3
3
5
3
1
5
9
6
1
3
10
56
6
5
9
6
3
1
5
1
3
53
5
5
3
9
4
5
2
7
5
10
9
9
8
11
2
7
4
16
2
13
16
11
18
3
45
9
6
3
16
6
17
16
14
20
3
38
9
7
5
19
10
14
15
2
17
14
7
3
9
1
2
11
7
7
5
2
5
5
1
5
2
7
6
2
9
6
7
10
39
7
2
5
10
8
6
1
13
9
3
3
12
3
3
15
57
14
3
3
4
3
9
22
14
4
6
16
6
1
6
10
3
3
13
11
10
12
14
14
7
11
13
5
2
14
4
4
14
9
11
21
18
10
6
12
16
3
19
8
6
10
11
19
32
22
12
8
28
21
3
2
12
6
16
10
8
11
14
21
22
18
13
10
22
21
3
3
14
8
2
9
8
17
17
9
10
3
18
6
3
1
14
4
3
12
11
10
8
6
4
2
15
3
14
6
2
10
3
10
48
20
5
6
19
10
7
6
11
4
15
29
19
2
2
20
13
6
4
12
7
16
15
18
16
3
2
15
4
12
5
13
16
3
7
1
9
42
2
11
1
1
13
2
8
3
6
9
7
1
9
11
4
1
1
8
2
3
10
3
11
2
2
5
3
2
9
1
2
4
4
38
6
2
10
4
7
22
9
1
4
17
6
12
6
2
1
7
1
16
12
11
6
2
4
18
19
13
5
4
19
4
6
17
8
11
5
1
27
12
3
7
17
1
14
2
1
15
18
16
3
2
15
4
12
5
13
16
3
7
1
9
42
2
11
1
1
13
2
8
3
6
9
7
1
9
11
4
1
1
8
2
3
10
3
11
2
2
5
3
2
9
1
2
4
4
38
6
2
10
4
7
22
9
1
4
17
6
12
6
2
1
7
1
16
12
11
6
2
4
18
19
13
5
4
19
4
6
17
8
11
5
1
27
12
3
7
17
1
14
2
1
10
4
10
1
16
4
3
12
1
1
10
5
14
5
13
8
14
2
28
14
9
3
16
9
18
12
14
5
32
15
12
7
15
10
13
18
4
12
15
5
13
10
6
15
10
12
14
8
13
11
4
4
12
10
6
18
12
15
18
10
16
9
10
4
5
11
10
5
16
9
14
23
16
13
3
24
11
3
25
12
8
3
7
9
17
19
20
9
4
12
12
4
1
13
7
18
6
17
23
16
30
1
16
11
5
14
7
12
5
18
19
16
11
4
21
19
5
9
17
11
11
18
31
18
14
20
18
6
51
20
14
19
18
31
14
30
22
13
8
1
21
20
9
5
17
16
14
4
18
13
8
18
6
4
13
12
9
5
13
8
9
17
4
9
16
14
12
10
13
9
18
14
5
12
12
18
11
7
14
6
8
2
7
6
14
17
4
2
8
18
4
6
7
15
9
15
1
1
7
5
14
5
13
3
32
3
7
6
7
16
1
1
10
15
6
21
2
8
3
7
3
8
1
10
13
5
11
11
5
2
5
10
14
1
4
5
3
4
2
4
3
2
5
1
2
3
2
1
20
4
3
5
10
5
12
1
6
5
15
9
7
9
14
1
9
4
9
10
8
11
12
12
5
14
14
15
16
20
3
5
1
12
4
17
20
24
20
23
9
3
4
16
5
16
22
22
20
24
5
3
6
17
5
18
13
18
5
20
24
5
1
2
5
14
5
18
19
6
13
24
25
13
2
1
37
17
7
20
5
21
21
18
20
3
28
20
3
9
15
16
5
20
2
11
39
18
26
1
21
14
3
19
17
4
15
8
34
15
24
19
12
6
18
20
12
4
17
3
11
30
13
18
22
22
8
28
10
70
13
6
18
3
18
22
16
20
2
25
20
8
23
12
41
15
5
19
8
13
21
12
19
7
20
16
4
10
7
2
16
13
1
10
10
11
11
11
13
14
7
5
2
2
12
13
3
3
16
5
13
16
18
26
69
9
3
7
16
20
6
8
23
9
19
14
16
6
14
60
7
4
9
17
25
4
1
27
8
23
11
22
3
19
2
3
7
19
21
17
14
19
11
24
1
15
13
1
4
12
13
7
5
9
8
9
19
38
3
7
12
6
11
6
12
8
41
2
6
11
8
4
16
7
4
1
2
7
9
26
38
5
41
1
5
3
1
3
26
1
3
65
2
2
3
34
2
1
6
14
7
1
2
2
5
3
7
5
10
2
6
10
2
8
37
9
6
13
3
8
20
10
12
21
8
7
6
84
12
8
2
19
9
9
19
15
16
4
17
18
10
8
58
13
8
5
22
15
15
20
21
10
19
22
1
10
58
6
8
5
6
24
20
1
22
23
26
15
26
20
5
140
3
2
3
5
27
20
10
21
20
25
14
22
12
4
236
33
9
5
7
26
26
8
15
25
18
19
31
9
6
342
16
11
6
8
33
28
4
3
28
38
23
34
26
2
4
371
12
5
7
32
29
6
11
24
35
24
33
25
1
375
11
6
7
28
30
10
45
25
28
25
39
24
1
10
339
25
16
9
6
31
27
10
24
25
36
24
31
25
1
1
12
207
36
16
8
9
30
31
9
20
27
31
29
31
22
2
7
72
10
2
7
20
25
6
19
26
19
25
19
22
11
5
3
3
13
13
7
19
15
13
7
9
4
10
18
2
2
8
10
3
14
8
7
4
16
1
6
8
28
6
5
6
8
1
8
9
3
10
5
5
5
2
6
1
7
3
8
8
6
15
8
2
3
1
10
6
5
9
3
4
7
6
3
7
58
3
8
20
5
9
7
1
4
20
2
1
1
4
2
3
1
4
2
11
8
3
1
1
2
3
13
13
10
1
6
2
41
7
6
7
16
16
10
10
10
3
51
6
8
9
23
21
20
3
23
6
18
4
4
5
5
12
22
25
13
8
15
13
18
10
4
3
11
21
25
12
13
14
17
10
18
3
44
2
4
11
24
27
11
16
18
19
12
10
3
4
47
4
5
10
23
27
12
15
27
21
18
14
1
3
3
8
4
7
19
25
12
17
20
24
17
21
2
4
10
4
2
20
21
1
13
20
13
23
18
19
2
4
43
12
7
22
20
6
13
27
23
25
23
23
3
11
71
15
8
20
8
7
3
25
32
18
26
32
3
11
29
14
4
17
5
13
21
20
8
17
27
2
10
4
14
4
7
8
22
22
9
5
14
22
3
16
35
1
7
7
16
18
17
13
19
4
13
39
9
1
6
4
16
12
9
5
19
5
14
1
11
3
6
2
10
8
8
12
10
6
12
10
3
9
4
3
3
12
17
6
4
14
23
9
3
9
4
7
2
10
17
6
4
15
1
75
9
4
14
4
8
2
9
19
2
5
9
61
3
1
8
4
8
1
12
5
2
20
15
2
11
4
5
5
32
3
2
72
1
2
2
1
37
2
7
8
3
1
1
3
8
3
5
12
1
4
6
2
3
1
61
1
1
8
10
4
2
66
1
3
8
13
1
1
2
7
3
16
1
10
8
2
6
3
1
18
10
20
1
17
10
3
10
4
1
1
1
9
21
12
73
5
2
3
19
15
2
8
16
5
15
10
2
5
26
76
9
2
16
10
5
1
9
15
16
4
22
16
5
14
29
3
31
9
4
23
11
2
9
18
25
7
22
24
6
21
37
7
8
2
10
11
6
16
13
10
17
19
7
10
50
2
60
12
5
17
12
3
15
18
10
16
19
8
13
45
12
93
14
7
18
10
17
21
8
14
17
8
12
42
7
52
14
5
11
3
10
11
12
2
9
10
8
3
50
11
34
18
6
18
2
3
17
9
20
17
14
7
7
71
12
80
14
9
19
6
5
18
14
22
2
20
12
3
1
14
84
4
107
8
11
5
21
7
3
27
11
22
24
13
4
10
70
50
9
9
3
12
3
7
4
10
11
14
4
4
84
10
6
7
2
10
6
4
4
91
51
4
6
7
3
9
1
3
3
76
85
6
7
11
9
10
4
4
3
107
61
12
7
16
1
3
17
21
5
3
5
124
27
12
4
11
4
8
5
2
2
3
130
2
54
7
6
2
20
8
10
17
6
