17
11
1
6
3
24
6
11
8
8
11
12
14
20
1
15
5
2
11
3
30
3
11
15
13
10
15
17
11
10
15
5
2
10
24
8
14
9
9
12
15
5
16
4
9
21
7
14
7
7
8
13
6
8
10
1
9
27
9
13
1
12
5
14
18
15
26
5
3
10
6
32
9
1
11
3
12
2
20
1
18
19
27
6
2
5
12
8
28
5
7
2
12
6
10
1
16
3
6
17
15
23
6
3
6
11
4
25
5
2
11
4
9
2
3
13
14
10
13
4
2
5
8
21
2
1
6
1
3
5
9
10
13
10
1
2
2
16
1
2
5
3
7
3
3
1
2
11
6
3
6
2
1
2
16
6
3
7
9
3
1
1
18
1
3
5
8
7
9
2
17
3
3
8
10
5
1
17
1
4
4
2
9
3
12
1
1
4
6
15
3
5
14
2
4
1
7
3
9
11
1
3
8
3
1
14
3
3
3
1
1
15
1
5
7
1
1
3
13
1
3
1
12
1
8
14
2
1
1
3
6
3
9
1
2
1
11
3
1
1
10
1
3
2
3
1
9
2
1
3
11
1
3
1
2
4
3
9
14
2
8
2
5
1
1
3
4
6
6
3
2
4
1
9
18
3
9
3
4
1
2
4
8
7
8
2
3
9
16
1
6
3
2
1
4
6
11
12
4
1
3
8
19
3
8
4
3
5
7
7
14
9
1
3
9
21
1
5
7
6
6
8
12
3
1
7
3
6
1
18
1
4
3
5
7
8
9
6
2
2
15
1
3
5
7
7
7
11
4
1
1
17
4
5
7
7
12
6
22
4
9
9
3
4
5
15
3
5
7
2
5
13
4
2
3
2
10
15
5
3
4
3
3
16
2
3
5
2
12
14
1
3
11
1
1
3
14
3
5
2
2
6
1
1
7
14
3
7
4
3
4
7
3
1
4
9
17
2
6
12
7
2
6
8
2
5
2
5
8
15
4
10
9
1
2
6
8
4
3
1
1
3
6
14
6
11
7
1
4
8
6
5
1
6
18
7
10
9
7
12
2
7
1
13
1
3
2
5
5
7
2
1
7
8
5
30
7
15
4
7
8
1
7
2
6
1
5
2
2
1
1
1
1
1
3
9
5
1
1
9
2
3
5
12
2
4
1
11
3
5
3
12
3
3
5
17
5
3
2
8
1
20
6
3
8
4
1
1
10
1
22
1
9
1
11
4
5
9
13
3
26
1
4
3
1
6
10
17
12
6
9
10
4
1
3
5
25
6
5
6
6
18
13
3
1
2
6
7
19
1
1
7
6
1
12
8
3
1
3
5
9
19
2
10
8
10
8
2
3
5
11
19
4
9
8
1
10
9
1
3
1
5
10
15
2
7
5
2
9
7
2
1
1
6
9
17
6
4
4
6
5
3
8
8
18
6
6
6
8
7
3
1
5
4
20
2
5
3
4
10
8
2
3
3
23
2
2
3
11
10
1
18
2
8
6
13
1
3
13
4
1
14
2
16
2
3
8
4
18
4
5
6
3
13
5
19
8
7
5
2
4
14
6
23
10
7
7
3
6
18
9
28
3
14
7
12
9
3
4
3
19
11
27
5
4
2
16
8
13
10
4
19
9
29
9
8
7
13
5
15
18
12
2
19
6
27
9
7
4
14
2
14
43
12
2
12
1
19
1
2
11
1
9
72
6
3
16
5
4
108
9
4
2
89
1
8
5
3
15
1
10
8
23
2
3
15
4
12
32
5
2
16
6
9
33
7
2
12
2
6
23
7
3
6
1
6
1
4
5
3
3
3
2
11
2
7
2
21
4
5
3
1
4
5
5
2
25
6
5
1
1
8
10
7
1
26
9
7
1
11
11
5
8
29
10
8
8
11
3
11
9
6
31
10
7
6
12
5
14
2
10
7
30
8
5
3
3
15
14
13
5
14
9
31
8
4
5
5
14
21
12
6
8
25
2
5
6
19
5
5
20
4
3
15
4
6
18
5
2
21
1
6
14
6
28
9
19
9
5
31
5
1
1
9
2
24
4
1
10
9
36
7
4
8
3
21
3
3
5
2
37
4
1
14
4
21
4
2
5
4
8
5
41
6
1
2
15
1
20
4
2
4
3
11
5
45
6
8
2
3
4
5
20
7
2
1
3
2
8
6
45
7
4
1
1
15
1
1
5
3
44
2
1
6
6
13
1
2
3
1
1
3
44
1
9
5
5
11
12
2
16
3
7
6
6
3
3
5
48
5
3
3
1
7
2
14
15
1
13
3
8
7
6
4
7
6
52
4
5
1
1
7
4
16
15
13
5
6
6
7
6
10
9
52
3
5
5
3
1
7
4
15
14
2
17
2
6
6
7
5
10
9
53
2
7
2
5
8
5
14
14
1
21
3
6
7
6
6
10
12
57
1
9
5
2
10
8
18
1
2
5
3
8
7
53
5
1
5
3
5
3
1
21
6
4
7
3
5
9
52
8
6
2
2
3
22
4
6
5
1
8
50
8
9
2
19
3
2
1
5
1
4
49
5
3
12
3
22
5
10
1
8
52
7
5
4
17
5
21
4
14
3
6
49
7
5
1
7
15
5
1
22
3
14
4
5
52
6
5
9
12
3
2
27
4
14
2
6
56
7
5
9
7
14
3
3
25
6
1
13
9
60
9
6
5
10
1
21
3
9
7
67
7
3
1
8
18
2
1
1
5
8
72
7
3
5
19
2
5
76
5
4
1
18
1
4
87
3
3
3
14
2
2
96
1
1
1
5
2
14
2
4
2
98
1
6
2
9
6
13
7
4
3
6
2
106
1
7
3
10
8
14
8
4
5
1
6
1
115
3
4
5
10
10
16
7
2
4
7
5
2
7
4
120
4
5
6
8
9
13
1
4
6
2
8
1
126
2
4
7
8
11
15
4
3
9
4
2
8
4
137
7
4
1
2
4
6
9
11
2
18
3
5
4
9
7
3
1
6
6
149
7
2
2
3
6
8
1
12
2
2
3
5
3
1
4
155
3
1
3
13
4
2
3
157
1
1
1
1
15
5
1
4
1
167
1
8
1
1
16
3
5
2
8
175
1
2
4
14
3
18
4
2
3
12
3
180
5
5
14
4
16
4
5
5
12
3
189
5
5
3
4
7
7
18
7
4
5
8
10
3
191
3
5
2
10
2
8
4
21
4
3
6
1
6
7
199
9
1
6
17
2
8
2
5
199
6
2
1
5
16
1
6
1
3
189
1
1
1
11
6
1
2
188
4
3
8
14
9
12
4
186
6
2
3
2
7
16
3
10
5
177
3
4
1
3
13
3
6
3
155
3
3
1
1
2
4
16
4
6
6
137
4
4
1
10
2
117
1
7
1
1
101
3
8
3
2
3
79
3
4
6
9
8
7
2
5
54
4
6
10
15
6
4
10
3
5
34
4
7
13
20
10
3
4
4
12
7
5
17
3
1
7
9
15
24
4
16
7
7
16
1
10
7
5
6
9
1
7
9
16
24
3
14
7
5
16
1
8
8
4
8
2
6
6
13
20
3
13
1
6
5
12
7
7
2
4
1
4
4
9
15
3
16
4
4
9
11
5
2
5
1
2
3
9
1
15
2
4
4
3
3
4
1
2
9
1
3
4
11
3
3
3
4
6
2
1
1
3
2
10
26
9
1
10
3
10
12
1
12
11
9
3
7
6
4
16
33
14
17
6
15
13
20
2
24
12
23
16
6
7
11
6
4
17
31
22
17
6
16
16
21
6
24
1
16
23
13
2
8
11
7
1
17
30
12
14
7
14
14
18
8
21
12
22
6
6
8
13
4
1
12
30
13
16
2
14
11
18
9
23
9
23
9
4
5
10
2
9
25
5
13
11
4
15
7
17
4
18
1
1
13
1
6
19
1
10
9
1
7
6
11
14
3
1
9
1
24
11
10
13
6
13
16
6
10
3
7
4
29
16
10
1
14
9
17
21
9
14
3
12
6
31
2
16
6
3
13
12
19
21
9
21
3
10
1
6
32
9
7
9
16
15
12
1
10
3
28
7
1
8
14
15
2
10
1
1
24
4
5
2
9
9
12
11
19
2
7
4
7
10
14
5
3
5
12
1
16
2
2
1
6
3
1
4
17
6
6
5
4
3
7
2
6
4
9
11
3
2
9
4
7
4
5
12
9
17
11
4
3
14
7
10
4
1
1
7
15
12
23
14
9
6
21
13
13
3
8
3
1
2
9
18
15
27
19
1
12
8
25
18
15
5
10
3
8
18
15
27
18
12
7
24
16
15
4
9
2
5
16
11
22
8
7
4
20
9
13
3
1
2
11
6
15
10
4
16
5
9
2
2
1
9
3
12
15
7
15
9
1
5
3
7
2
4
4
11
4
11
5
1
4
1
13
2
7
5
5
14
1
5
1
3
7
1
13
4
1
2
3
7
3
2
5
20
2
3
4
4
7
7
10
3
6
8
21
3
3
2
9
6
9
11
6
10
5
10
1
1
12
26
6
8
2
6
10
9
14
6
15
12
5
7
11
1
1
14
26
8
11
1
7
11
10
16
5
18
8
8
13
1
11
23
5
7
5
10
12
11
2
14
5
1
5
12
6
23
7
1
5
10
11
14
3
14
9
1
2
20
6
1
4
6
9
11
9
9
3
1
22
7
4
5
4
7
11
2
10
3
3
2
21
8
8
6
2
2
6
10
3
2
1
8
4
11
17
7
8
7
9
4
8
1
3
4
13
11
16
17
9
1
14
9
14
4
10
2
2
8
14
16
18
17
9
6
15
10
18
6
10
7
10
11
17
15
15
7
7
11
9
17
3
8
4
9
8
15
11
9
2
7
8
7
14
3
6
5
10
7
1
2
3
1
12
3
5
1
7
2
4
1
1
1
2
2
4
2
3
3
2
3
2
3
2
3
9
3
2
3
3
6
1
8
5
1
4
16
6
7
8
1
2
7
2
8
3
10
2
7
2
6
2
17
8
9
1
14
3
5
6
9
6
5
10
10
9
5
4
2
16
7
8
5
13
5
5
8
12
1
2
5
8
12
11
3
3
3
18
12
16
7
9
9
9
9
15
4
1
6
9
11
10
12
4
3
16
14
9
8
8
11
7
8
12
3
8
10
16
8
11
7
1
1
6
12
18
10
14
5
14
9
16
13
7
6
15
15
24
9
6
3
11
14
27
6
17
2
17
11
23
12
13
3
1
18
11
16
4
5
3
2
9
12
22
1
14
15
8
15
7
9
2
15
5
9
2
5
2
2
6
6
18
10
12
5
14
5
5
12
6
15
3
2
3
6
5
18
10
13
2
15
4
5
12
4
7
4
3
4
4
1
16
8
7
9
4
1
1
1
9
1
1
1
2
8
2
2
1
3
1
1
1
4
4
3
6
7
1
1
6
1
2
2
4
3
10
4
7
1
2
8
1
2
2
3
10
2
3
8
2
2
6
11
4
2
9
3
1
3
5
9
5
3
7
1
5
9
9
5
1
2
6
1
5
9
8
6
3
6
2
5
8
4
2
1
6
1
1
5
8
5
3
1
2
6
5
1
1
3
6
4
7
6
1
3
1
2
3
1
1
2
6
3
3
2
2
1
3
1
2
1
1
4
3
1
3
4
4
9
11
7
2
3
1
3
5
8
7
7
1
1
2
3
8
9
3
5
6
1
4
2
9
12
5
2
6
1
1
6
4
5
3
7
9
5
4
4
2
3
4
3
6
2
2
6
15
6
2
2
1
3
6
2
2
7
14
3
3
2
2
1
3
4
1
1
1
2
2
8
1
3
7
2
2
2
6
6
1
3
5
4
2
2
2
2
4
6
3
3
3
12
6
9
6
3
5
26
6
3
10
9
3
7
19
6
3
11
10
4
2
6
17
6
2
10
10
3
4
1
5
16
4
2
9
9
3
3
1
3
1
2
3
8
8
3
2
4
2
1
3
3
10
9
3
1
4
5
2
3
5
2
12
11
8
5
9
7
3
10
3
2
1
11
10
13
10
10
9
8
5
3
1
1
5
4
4
1
8
5
14
8
10
8
7
7
5
3
1
9
1
3
5
1
6
16
7
6
8
4
6
1
6
14
2
3
4
4
18
9
9
2
9
4
10
6
4
7
6
4
9
3
4
7
4
2
18
12
11
3
10
3
10
4
7
5
7
5
9
23
5
3
1
15
13
7
9
10
3
5
3
4
15
19
2
2
2
14
11
6
10
10
7
2
5
1
4
16
20
3
2
15
12
11
9
10
2
10
5
4
13
14
3
1
4
12
13
7
11
10
4
3
2
4
9
4
3
4
7
12
12
2
12
7
2
4
4
12
12
4
5
11
4
15
14
12
2
11
3
10
8
2
5
6
7
13
14
1
4
5
4
13
9
15
13
12
4
10
5
9
11
5
4
4
8
12
15
4
7
4
13
10
17
14
5
4
10
3
5
3
6
9
2
8
10
7
3
5
6
12
11
15
8
7
2
5
3
3
3
8
5
4
5
1
1
6
6
8
12
6
3
5
4
7
1
1
3
4
3
7
7
6
1
1
6
6
15
3
1
7
6
3
5
1
4
2
5
5
3
4
1
2
3
1
1
1
1
1
1
4
6
6
1
10
14
7
12
4
1
11
4
3
7
10
9
11
3
11
3
1
7
9
5
11
13
2
1
12
9
6
13
2
13
2
2
11
2
10
2
12
1
13
1
5
13
11
10
6
18
8
1
15
8
3
13
13
11
7
2
17
6
4
14
6
30
11
4
10
2
2
17
4
4
11
4
53
13
7
7
2
19
3
4
8
5
94
1
12
1
6
2
18
7
1
7
8
109
2
11
7
4
19
9
7
5
9
58
2
4
2
5
13
5
16
3
6
12
14
5
31
6
6
3
7
11
19
16
46
7
6
7
12
4
11
22
48
6
6
6
10
4
15
18
44
5
6
8
12
4
8
19
36
2
4
9
14
6
6
17
19
1
6
3
3
10
16
3
9
6
14
5
6
4
6
8
3
11
1
18
8
9
4
3
15
2
4
6
8
3
3
4
10
3
15
8
8
6
12
1
3
9
5
3
8
1
11
7
12
3
8
8
7
1
5
6
3
12
1
5
5
4
1
1
1
8
1
2
2
1
3
4
2
2
8
4
15
1
5
5
12
3
1
7
7
2
19
7
10
3
2
9
1
8
3
1
22
12
18
7
5
1
16
3
3
10
2
7
30
13
20
8
4
3
18
8
5
2
10
8
40
13
14
6
4
3
17
6
5
2
1
10
7
43
13
12
8
2
4
18
7
4
2
1
3
9
8
49
2
11
11
5
4
14
5
2
1
6
3
49
7
9
3
2
17
6
5
5
54
6
3
1
14
6
4
5
49
1
9
39
3
1
10
1
43
7
1
7
2
42
1
2
1
6
5
37
5
3
4
7
36
3
2
2
1
6
37
2
2
2
3
34
3
3
28
1
5
4
27
1
7
3
32
5
1
8
36
2
4
4
2
12
1
36
4
9
9
5
16
3
40
9
7
4
15
2
44
3
7
7
9
13
1
51
10
5
8
10
11
3
57
7
8
8
4
8
2
12
1
61
7
9
7
14
12
1
68
12
9
2
15
5
4
10
4
76
11
10
7
5
4
14
6
3
2
2
8
4
88
13
16
6
2
6
18
7
7
5
2
5
5
3
6
7
100
1
1
20
8
2
2
7
4
21
15
10
7
7
10
10
10
4
11
113
5
7
16
16
3
8
5
11
4
19
16
9
10
15
12
12
13
3
1
6
125
5
9
16
20
2
8
7
14
3
21
17
13
7
18
7
14
9
2
9
129
7
8
12
7
3
7
6
4
11
18
13
17
7
13
6
15
7
5
6
139
8
7
8
6
1
4
6
6
10
14
12
8
5
13
3
11
4
5
1
142
3
5
14
15
1
3
5
6
10
17
18
9
6
14
1
12
1
4
6
154
5
6
12
16
1
5
4
4
8
16
16
9
7
11
11
1
4
5
162
4
6
11
12
4
3
2
5
14
9
5
1
5
7
3
5
161
2
12
13
1
2
2
1
3
15
8
4
1
5
4
3
5
171
13
15
3
1
2
1
2
15
7
2
2
2
5
5
2
176
13
6
5
5
2
1
1
15
7
4
3
6
5
2
186
10
1
8
7
1
12
6
1
9
4
191
10
6
3
6
14
5
4
5
194
12
5
12
1
2
3
5
201
8
1
9
1
201
2
6
196
2
193
3
3
9
3
191
8
11
4
2
12
3
3
187
8
4
6
3
13
3
5
2
184
12
9
4
19
1
5
10
7
172
14
12
12
5
21
6
7
2
10
7
163
2
12
12
13
4
5
19
8
6
2
11
3
150
14
8
13
1
4
18
7
3
1
13
6
128
6
1
12
2
3
14
2
12
3
106
7
7
8
3
3
13
8
3
78
6
10
7
3
13
5
1
55
4
3
2
9
4
36
2
1
5
2
15
1
1
1
1
5
2
1
7
2
1
1
1
11
4
3
3
3
10
14
1
10
6
2
3
2
4
6
6
9
1
3
3
9
2
1
4
1
3
8
4
3
4
9
4
5
10
4
9
3
6
10
4
9
4
2
9
9
5
11
9
3
14
11
6
16
3
10
9
10
3
7
5
14
4
12
4
8
5
5
9
10
10
2
15
21
6
6
15
9
11
9
23
21
6
4
15
12
9
12
17
12
6
3
1
15
8
6
9
12
12
6
4
17
7
9
8
16
13
7
8
1
15
5
9
10
19
12
10
10
2
20
7
1
1
10
13
23
17
10
7
4
20
9
4
2
8
14
17
19
8
3
3
18
10
2
7
11
1
11
21
4
4
20
8
4
4
3
1
1
3
8
2
16
9
2
5
1
3
3
18
10
5
7
7
5
3
2
11
2
9
7
1
4
4
7
7
16
7
3
8
10
6
4
1
7
2
6
13
1
5
5
9
7
13
1
3
3
10
4
3
9
2
5
6
10
6
13
3
10
3
1
5
16
6
2
4
8
11
9
16
5
1
12
2
1
8
12
8
3
7
10
10
12
10
2
6
3
1
3
4
3
4
8
5
1
7
5
1
9
1
1
2
9
2
9
1
1
8
6
8
2
11
9
2
10
2
5
12
10
4
11
1
5
5
4
5
9
4
1
5
7
1
13
9
3
18
18
7
20
5
6
16
22
22
8
3
20
8
1
8
19
1
18
9
8
5
17
7
5
4
3
8
13
3
19
21
7
1
2
21
9
3
3
6
15
2
18
22
5
2
18
4
6
14
12
5
5
1
12
8
9
13
6
6
12
1
6
