30
18
7
1
22
1
43
25
33
9
15
43
11
20
39
27
11
1
6
17
35
20
9
18
34
19
5
18
34
19
5
23
39
24
11
21
1
1
35
18
4
18
2
11
31
12
13
9
30
8
14
32
7
22
10
2
34
15
4
17
1
2
6
26
12
11
14
28
14
15
31
15
2
10
25
8
2
11
32
2
15
4
19
10
27
7
10
16
32
10
17
17
32
11
28
8
38
21
16
1
7
31
28
13
23
8
28
1
13
14
55
21
38
27
20
8
7
21
58
23
1
34
10
16
3
20
52
17
32
12
42
6
11
22
5
33
4
19
7
37
7
24
12
7
41
3
20
7
26
4
23
10
13
10
27
7
14
4
13
8
25
13
3
9
27
12
3
12
30
11
6
23
10
6
23
10
2
21
10
17
6
16
4
7
28
14
2
10
29
13
5
21
7
3
1
24
6
1
21
5
7
25
10
8
23
15
16
7
13
9
31
41
13
7
4
27
8
10
32
5
18
3
4
25
14
17
21
10
14
9
15
5
26
22
11
6
25
9
13
9
30
1
18
3
6
4
13
34
19
6
7
13
1
33
16
1
4
4
26
10
10
31
11
21
4
41
20
9
9
31
18
5
6
26
13
6
13
24
2
3
12
32
12
2
34
30
18
5
1
37
10
15
4
37
23
10
35
16
4
37
16
4
25
12
21
2
2
22
8
10
1
27
9
10
32
14
1
6
9
47
14
12
13
33
11
3
39
1
13
10
28
5
41
8
2
5
17
20
1
24
6
91
44
19
1
130
67
1
10
25
16
90
40
31
35
8
14
8
31
91
41
27
19
4
4
46
75
32
3
19
98
36
5
76
30
12
15
1
40
26
13
13
50
22
73
26
2
9
33
17
4
2
1
1
78
50
15
7
29
12
60
31
3
12
35
16
3
60
46
10
14
36
18
2
1
85
55
16
16
2
37
16
112
57
25
11
3
9
32
10
122
58
41
6
30
10
112
45
40
11
33
8
13
9
2
109
51
32
7
9
10
26
3
15
110
57
36
1
36
37
23
1
3
11
87
45
39
13
37
17
2
3
3
8
79
44
23
15
1
38
2
22
4
3
7
9
22
24
75
48
19
17
1
1
37
9
22
7
34
23
24
103
61
25
15
35
18
2
16
14
110
52
24
15
36
2
17
4
1
17
11
93
42
17
10
32
14
7
3
98
49
10
8
31
11
1
79
32
4
26
5
77
35
6
1
26
6
81
31
8
8
31
11
19
64
30
13
7
29
2
22
10
94
48
22
3
28
2
18
11
122
58
32
7
1
32
11
36
110
46
24
12
2
39
23
3
58
8
109
45
9
13
2
34
19
70
89
30
5
11
3
4
30
5
28
7
5
63
93
42
18
7
4
49
21
26
1
8
58
4
89
48
27
12
34
15
3
1
86
7
84
37
20
16
2
39
16
3
94
87
33
23
8
4
31
9
77
101
42
23
17
2
43
18
22
10
81
116
54
30
19
4
46
27
14
65
5
106
49
32
17
5
47
21
9
14
5
100
58
21
10
4
40
15
3
4
112
63
25
2
5
49
18
24
7
101
52
27
4
65
32
20
12
90
41
19
5
3
31
10
86
42
16
6
3
8
34
16
2
2
2
12
98
52
23
3
5
12
28
12
4
22
129
62
36
3
9
23
10
18
120
60
37
1
2
8
28
13
6
106
51
38
2
3
28
12
83
39
27
2
21
4
2
72
35
27
13
18
16
91
49
36
5
27
5
6
80
33
20
23
1
13
72
34
10
22
1
8
20
104
67
25
7
32
3
21
119
70
43
7
30
3
35
116
67
42
2
25
21
110
52
37
2
12
8
26
2
102
45
21
4
23
20
11
109
60
25
4
30
2
9
13
85
37
27
9
3
2
33
6
14
82
36
18
3
1
26
9
25
1
8
99
61
21
7
39
17
24
120
62
28
10
36
23
12
4
33
3
119
51
31
3
4
29
1
3
23
18
4
97
48
25
5
36
11
32
77
37
8
3
1
33
13
39
7
71
51
11
6
1
8
11
34
7
20
3
83
49
27
10
36
10
7
18
10
91
45
22
12
1
36
17
22
51
6
72
36
10
11
21
6
22
4
3
34
104
58
30
17
14
22
2
44
1
121
59
36
9
2
1
35
16
10
2
51
95
56
31
9
2
1
33
14
48
7
80
58
35
15
5
6
40
21
2
1
5
25
54
4
69
52
26
14
4
4
43
19
5
8
46
80
40
24
8
4
1
37
9
3
46
69
32
11
1
21
25
2
28
3
42
48
10
1
5
18
8
32
11
3
43
76
27
16
13
2
3
38
18
20
4
67
103
44
26
13
1
2
38
1
19
12
68
1
96
55
22
10
4
5
41
23
2
2
6
2
73
15
93
53
14
11
2
2
42
16
21
5
13
66
16
82
52
13
7
34
13
57
17
83
52
18
14
1
22
4
51
80
39
19
15
22
2
48
61
34
8
5
33
11
55
1
76
39
7
5
8
30
6
46
7
102
39
19
6
4
30
4
36
17
121
61
35
7
31
16
8
55
22
116
53
37
9
38
15
2
74
17
91
43
29
11
40
12
61
86
37
10
4
30
9
69
87
33
13
27
6
60
71
22
13
6
34
9
58
53
23
10
6
32
7
54
10
75
47
22
6
31
8
55
12
111
57
21
19
26
49
95
37
22
3
31
3
9
52
83
23
19
12
2
3
37
15
9
2
56
80
29
15
9
2
33
13
11
67
65
37
15
9
1
35
14
68
64
43
8
12
3
36
9
44
44
15
5
1
30
5
40
47
16
2
28
4
47
7
74
44
15
28
57
3
96
43
23
23
40
100
40
30
31
8
38
73
22
21
5
8
21
41
39
18
54
55
22
25
2
1
44
48
16
32
10
48
3
52
28
30
8
59
9
80
35
12
5
18
46
9
88
40
16
41
45
9
18
13
103
57
30
17
35
12
23
70
32
16
25
2
54
6
52
25
6
29
7
63
15
64
28
26
8
37
8
58
10
64
29
24
29
4
51
3
51
27
8
4
30
4
5
61
45
13
1
3
31
2
62
3
68
29
8
8
2
33
3
57
14
93
44
27
2
28
3
49
18
86
37
35
2
1
32
4
55
11
77
35
29
2
1
28
56
48
23
15
29
37
16
41
55
13
4
25
18
46
60
16
8
7
1
37
12
7
2
57
28
8
13
4
2
41
50
12
4
6
11
75
5
46
24
4
10
39
14
5
3
78
12
71
54
25
10
40
6
73
12
91
61
31
2
28
7
74
65
28
11
1
31
8
81
30
6
3
36
5
76
45
27
10
9
30
1
61
6
53
28
1
1
23
3
66
1
21
11
2
32
11
19
6
90
33
25
8
1
5
3
36
4
16
15
6
22
106
46
30
19
4
33
6
14
2
102
2
74
40
16
2
27
8
89
10
83
54
27
1
31
10
88
51
24
21
16
7
27
4
80
45
21
10
7
9
20
90
46
35
6
4
3
30
11
97
31
25
3
2
27
8
93
34
13
9
4
22
1
94
44
17
14
25
20
4
96
79
36
17
2
33
17
12
110
3
88
38
14
2
1
38
16
6
5
11
118
73
32
12
32
7
104
8
60
36
19
11
24
104
60
35
12
2
33
2
9
120
54
13
4
33
8
108
35
6
30
7
8
110
28
11
33
12
12
51
122
46
25
11
31
14
1
1
128
57
25
12
28
4
116
65
33
17
7
18
29
93
51
31
12
5
30
4
113
5
47
33
1
30
6
135
61
40
4
10
40
6
5
115
48
20
4
1
27
1
114
31
26
8
29
18
6
152
36
23
5
8
39
11
147
58
16
12
1
4
30
4
141
76
47
20
33
20
10
22
3
167
56
39
11
4
1
40
8
13
3
6
161
37
21
1
7
33
5
153
47
39
5
2
4
27
3
155
46
32
10
9
39
15
3
5
17
174
5
49
24
10
5
37
11
20
1
14
157
10
56
13
6
10
2
41
24
8
2
3
151
3
59
11
3
6
37
4
3
155
3
90
40
20
30
2
167
16
79
47
31
2
25
3
150
7
57
29
22
28
5
144
13
45
24
9
35
7
141
4
39
19
8
2
39
30
12
13
1
2
149
22
12
3
31
40
8
147
17
11
30
7
132
36
19
5
5
23
1
130
5
56
26
17
4
28
111
4
74
33
16
29
106
3
72
40
20
27
108
51
19
19
24
3
108
48
20
15
24
2
99
39
19
2
12
36
5
18
69
35
16
2
4
18
19
71
38
24
3
1
39
3
13
1
1
23
95
43
25
4
3
30
15
6
3
96
71
40
9
29
8
63
92
46
20
44
36
15
35
59
19
15
10
19
1
47
35
17
1
5
5
36
36
17
8
5
4
66
21
9
1
3
32
8
4
48
34
16
1
25
1
9
41
41
24
27
1
20
30
18
32
2
11
5
13
42
20
9
2
4
2
38
14
19
5
6
4
2
30
68
39
25
2
35
10
1
16
46
22
22
1
35
13
6
8
31
23
18
1
3
38
17
3
6
11
19
3
35
10
1
8
31
14
2
28
4
7
12
25
5
6
10
4
24
1
7
28
14
4
25
8
57
42
12
29
10
67
38
14
36
12
3
2
37
6
2
1
1
35
1
11
15
8
15
4
36
12
7
9
22
20
28
7
2
13
13
29
7
17
17
1
1
1
28
1
15
3
6
21
13
27
38
20
14
28
9
30
70
43
15
33
3
58
23
3
3
36
60
4
23
40
7
1
31
49
10
34
13
20
2
32
7
20
3
7
21
13
26
11
3
31
8
15
25
3
8
25
12
23
1
53
43
10
27
47
27
11
1
25
34
16
6
28
6
29
7
1
26
7
18
1
24
18
7
6
21
5
7
16
40
17
7
22
2
3
25
3
5
1
30
15
1
36
13
9
48
17
4
3
1
27
2
47
9
3
18
21
18
2
29
5
2
1
30
25
14
9
23
15
2
4
1
49
9
3
24
29
3
19
15
14
16
1
23
5
11
11
7
24
4
16
8
22
37
5
9
29
4
3
53
20
16
1
33
3
5
25
9
3
9
1
38
17
14
5
1
1
33
1
6
9
10
33
2
10
32
24
27
6
21
21
32
1
5
22
3
3
35
1
5
50
35
10
17
2
22
34
24
7
27
30
31
2
2
1
31
17
2
1
17
4
20
9
6
36
1
6
9
15
10
3
1
35
18
5
31
3
11
23
2
29
7
7
21
17
5
7
1
34
10
17
32
21
9
3
36
9
1
6
28
20
6
16
7
24
1
8
16
18
13
4
25
5
1
27
4
14
36
34
3
8
4
4
9
17
38
21
14
14
3
10
11
7
24
12
9
6
1
15
1
5
8
29
6
8
45
18
4
2
1
15
18
38
6
14
4
1
27
17
33
5
8
7
4
32
2
38
3
2
1
3
55
4
30
5
31
21
8
3
1
38
36
6
9
15
1
40
15
8
3
8
11
42
43
4
34
9
10
3
2
49
9
1
5
7
10
3
10
39
2
1
29
6
3
8
11
38
84
14
18
70
5
4
1
29
46
15
34
40
26
17
12
13
35
47
12
1
32
3
32
17
4
28
2
5
8
9
26
3
1
25
32
2
1
41
4
7
25
1
15
22
2
31
11
1
29
29
1
5
24
3
45
30
11
7
2
23
16
11
75
62
10
8
5
7
18
7
29
1
10
6
31
10
34
2
5
4
39
17
28
1
21
9
5
3
42
22
20
17
2
9
61
34
7
22
15
3
9
2
23
9
47
47
22
1
6
33
13
36
12
14
2
3
7
10
39
35
26
19
9
1
11
61
11
5
1
2
1
27
12
2
12
3
2
1
11
8
32
9
5
8
1
36
15
1
2
3
3
3
39
21
17
5
1
3
11
2
3
34
8
5
6
4
3
2
40
11
21
7
5
29
5
18
8
11
55
37
22
3
7
19
31
16
12
47
39
14
6
12
5
1
40
20
6
8
6
33
14
1
7
2
35
6
1
18
40
7
13
19
52
5
33
3
1
5
48
22
47
5
17
19
15
11
4
2
18
2
4
1
39
6
1
32
41
22
24
24
2
3
23
3
8
30
32
2
30
41
20
1
30
2
4
4
3
36
9
21
34
5
3
34
24
31
12
31
6
8
21
25
20
31
13
3
46
39
17
2
18
4
3
31
3
2
33
24
9
3
20
6
30
10
13
38
5
54
19
44
10
5
22
6
2
12
4
6
3
39
80
27
29
4
15
103
34
17
4
32
17
11
2
2
2
21
18
2
1
36
10
4
2
1
37
7
3
50
10
46
10
3
4
28
5
1
4
1
2
25
6
21
3
2
3
13
6
4
1
45
1
13
16
4
10
37
5
33
25
2
11
22
4
55
12
41
7
9
25
12
6
21
26
45
9
3
6
14
4
2
59
33
26
7
5
28
13
3
1
41
22
6
7
31
8
42
16
5
11
1
11
2
46
23
20
28
5
7
9
29
27
10
1
48
13
17
5
8
33
41
1
1
37
15
5
2
66
2
2
34
12
22
45
26
14
2
2
36
6
28
21
14
1
5
35
1
17
29
16
6
21
33
22
17
4
1
7
21
19
3
39
14
1
6
21
5
40
10
37
9
43
14
3
29
5
13
3
4
55
15
24
22
2
3
52
9
7
10
1
24
1
34
14
30
7
12
3
56
24
16
4
8
34
27
16
8
5
38
49
20
30
14
45
7
48
18
9
14
4
47
16
2
24
8
5
5
36
12
21
8
16
9
1
23
2
9
4
3
43
19
5
10
7
7
3
2
2
40
18
11
4
9
22
1
35
7
14
1
35
5
28
6
33
6
3
30
8
8
32
8
24
35
6
28
4
33
5
46
3
34
1
30
5
2
47
6
7
52
1
6
3
41
5
22
14
1
6
35
10
4
1
34
19
8
2
31
6
5
23
28
2
35
3
37
4
7
6
50
9
24
17
17
31
12
64
12
1
9
8
14
71
62
2
45
20
19
1
2
35
1
11
2
1
29
1
5
5
11
32
1
30
7
24
1
1
1
10
3
1
38
8
19
26
1
22
77
40
37
19
10
12
44
3
5
39
1
12
7
1
1
34
4
26
7
1
31
30
17
2
35
28
14
8
11
17
13
22
39
4
3
18
21
5
4
36
7
1
11
47
25
16
3
24
13
1
7
53
19
14
3
23
43
20
25
12
11
91
62
13
3
6
15
1
4
40
10
30
2
35
11
2
26
25
6
8
3
28
23
7
20
26
2
10
16
9
29
21
21
12
1
27
1
3
19
17
20
20
7
6
7
43
11
20
8
11
12
39
21
7
11
4
47
12
37
11
14
1
1
3
1
40
26
19
5
9
15
13
5
3
1
40
3
13
15
4
1
18
4
3
2
44
8
14
7
4
2
41
1
7
46
13
2
5
46
11
5
1
38
3
54
23
15
1
1
39
10
47
10
1
39
9
44
26
50
35
63
8
5
61
21
6
1
74
7
5
47
16
5
37
2
37
23
21
5
4
73
51
26
11
2
49
16
27
4
13
12
8
5
2
16
45
19
14
6
5
7
56
32
15
28
6
10
46
48
25
16
17
18
3
6
47
21
9
7
4
34
10
5
3
1
7
24
7
6
1
29
6
1
4
9
30
19
11
4
40
12
1
10
12
3
7
35
20
7
6
6
13
23
19
12
6
11
19
14
11
4
5
21
7
3
5
1
2
8
24
4
13
4
3
3
29
11
4
4
5
35
39
12
10
5
5
4
36
11
4
22
18
3
1
36
2
1
3
2
1
24
8
10
26
7
4
41
18
2
9
4
26
11
2
11
5
4
1
26
5
1
19
11
6
3
2
30
3
2
10
38
21
9
30
3
7
20
8
7
35
3
36
1
16
32
3
3
41
2
2
52
11
29
7
3
40
8
15
1
33
5
34
24
19
4
2
48
4
15
22
14
15
4
55
4
2
6
3
14
6
16
10
49
1
3
32
38
35
5
13
6
6
20
43
4
5
15
13
1
53
19
5
10
53
18
4
64
42
11
5
1
29
10
3
50
5
7
12
3
38
13
3
14
26
15
15
13
10
18
51
6
6
7
10
3
3
9
22
13
44
5
4
1
42
5
43
7
40
4
47
37
11
2
51
41
9
16
79
1
44
1
59
7
3
1
26
18
18
19
7
6
1
32
15
7
2
28
11
35
8
40
1
47
13
4
40
30
26
8
26
22
4
38
13
18
14
10
7
1
3
13
1
33
1
11
15
4
5
7
42
27
7
8
79
3
5
6
40
17
7
83
2
2
34
7
65
1
31
4
38
29
20
27
7
11
26
16
18
17
17
1
29
10
7
8
6
4
39
4
17
7
26
16
9
8
45
12
39
19
10
5
12
1
5
4
49
6
16
6
9
5
24
58
1
15
4
3
56
17
4
5
44
8
1
1
42
15
2
48
1
15
26
2
43
53
52
11
26
2
19
13
1
5
58
10
9
45
5
6
7
56
26
13
14
71
7
5
2
4
32
16
8
3
7
68
22
15
3
4
27
10
10
5
6
54
8
47
50
14
10
3
32
13
52
13
24
1
40
5
3
5
44
11
4
59
2
4
3
28
3
33
69
29
6
66
16
18
32
47
7
3
38
54
5
16
38
18
39
3
7
2
48
47
2
13
5
5
9
6
40
13
5
11
22
54
14
7
56
60
24
38
6
16
50
62
1
9
5
1
31
22
13
3
4
14
65
5
4
1
43
11
4
11
57
1
48
42
2
35
12
24
2
3
2
1
34
23
5
23
26
5
102
9
49
15
24
9
10
9
96
2
5
58
35
1
1
42
33
30
27
24
49
2
9
23
55
1
40
3
1
9
78
3
11
39
15
14
11
22
79
36
7
14
2
49
11
5
61
13
10
1
44
3
64
2
9
2
42
60
4
67
51
21
8
25
16
79
14
80
61
7
77
2
23
14
6
2
100
24
18
7
38
86
9
4
24
4
2
92
7
11
13
27
13
17
19
23
118
1
7
5
30
11
8
2
89
5
4
20
3
4
85
8
1
10
1
15
7
9
12
110
13
21
3
22
3
19
141
9
12
41
11
116
26
15
8
6
37
2
7
96
28
7
9
8
22
4
8
118
6
1
6
6
16
4
125
8
11
23
9
140
7
1
4
27
4
117
5
5
7
3
12
127
1
19
110
32
20
69
1
5
33
21
8
2
27
92
20
7
2
33
101
12
22
11
35
70
12
13
7
1
12
112
7
22
3
118
35
150
3
70
15
151
1
2
40
14
