4994
4680
3968
4796
4986
4828
4999
4993
4135
4844
4999
4844
4999
4999
4844
4994
4999
4760
4844
4843
4844
4922
4918
4779
4981
4604
3874
4791
4989
4823
4999
4986
4011
4838
4999
4838
4999
4999
4838
4976
4999
4755
4838
4838
4838
4916
4911
4772
4959
4558
3731
4784
4977
4816
4999
4984
3880
4831
4999
4832
4999
4999
4831
4998
4999
4748
4832
4831
4832
4909
4905
4765
4982
4576
3614
4778
4968
4810
4998
4988
3766
4825
4999
4825
4999
4999
4825
4994
4999
4741
4825
4824
4825
4903
4898
4759
4972
4557
3504
4772
4997
4803
4999
4987
3649
4819
4999
4819
4999
4999
4819
4995
4999
4736
4819
4818
4819
4896
4892
4753
4981
4523
3394
4765
4996
4797
4999
4984
3533
4812
4999
4812
4999
4999
4812
4998
4999
4729
4812
4812
4812
4890
4886
4747
4928
4507
3296
4759
4992
4791
4999
4985
3427
4806
4999
4806
4999
4999
4806
4999
4999
4723
4806
4805
4806
4883
4879
4740
4952
4485
3187
4752
4996
4784
4997
4980
3314
4799
4999
4799
4999
4999
4799
4999
4999
4717
4800
4799
4799
4877
4872
4734
4971
4483
3101
4746
4999
4778
4999
4979
3211
4793
4999
4793
4999
4999
4793
4999
4999
4711
4793
4793
4793
4870
4866
2778
4953
4441
1973
3096
4968
3363
4990
4969
1988
4791
4999
4792
4999
4985
4792
4999
4999
1591
4791
4791
4791
4864
4860
2985
4853
4047
2413
4901
2786
4851
4943
4880
4798
4887
4801
4759
4886
4844
4770
2673
4882
4885
4878
4857
4853
4518
4886
3401
4853
496
4587
4924
4998
2131
4425
4998
4433
4345
4997
2003
4590
4360
4320
4999
4997
4999
4851
4847
2642
2783
2348
228
2819
728
2520
2950
2826
848
2323
2835
2361
2246
2857
802
2584
2269
2888
2882
2887
2893
3024
3027
138
122
291
323
16
142
91
201
25
98
84
52
117
116
7
23
31
18
32
9
65
19
128
125
79
127
139
140
404
424
94
26
145
216
14
34
42
77
233
94
212
94
97
96
96
428
446
195
48
97
415
3
8
35
443
464
58
56
56
59
476
2
499
512
65
565
597
678
5
3
3
12
101
566
3
10
597
805
9
10
10
69
666
702
904
16
112
678
2
6
716
1053
16
16
91
748
788
1139
6
113
786
829
1270
7
7
114
829
874
1367
119
880
928
1475
2
130
913
1
963
1578
2
2
129
962
1014
1672
2
140
997
1050
1772
2
2
142
1038
1094
1860
1
149
1074
1132
1953
1
1
153
1110
1169
2038
157
1146
1208
2122
163
1179
1242
2203
166
1213
1278
2281
171
1244
1311
2359
175
1275
1343
2432
24
180
1306
1375
2504
142
185
1334
1406
2575
298
189
1362
1435
2642
420
193
1390
1464
2707
555
196
1416
1492
2770
680
200
1442
1518
2831
803
204
1467
1545
2890
923
207
1490
1569
2948
1036
209
1513
1594
3003
1150
213
1537
1617
3057
1258
216
1558
1640
3109
1364
219
1579
30
1662
3160
1467
223
1600
159
1684
3209
1567
227
1621
315
1706
3257
1664
230
1640
441
1726
3303
1758
233
1660
579
1746
3348
1850
236
1678
706
1766
3391
1938
240
1696
832
1784
3433
2024
242
1713
954
1802
3473
2107
245
1730
1070
1819
3512
2188
248
1746
1186
1836
3550
2266
251
1762
1295
1852
3587
2342
254
1777
1403
1868
3622
2416
256
1791
1507
1
1883
3656
2486
258
1804
1607
47
1897
3688
2555
260
1818
1705
186
1911
3721
2622
262
1832
1799
329
1925
3751
2687
264
1844
1891
451
1938
3780
2749
265
1855
1979
584
1950
3808
2809
267
1866
2065
703
1962
3835
2868
269
1877
2148
825
1973
3861
2925
270
1888
2229
940
1983
3887
2980
272
1898
2306
1053
1994
3911
3033
273
1908
2382
1163
2005
3934
3085
274
1917
2456
1269
2014
3957
3135
275
1925
2527
1373
2023
3979
3183
276
1934
2595
1472
2032
3999
3230
278
1943
2662
1570
2041
4020
3275
278
1950
2727
1665
2049
4039
3319
280
1959
2789
1756
2057
4058
3362
281
1966
2850
1846
2065
4076
3403
282
1973
2908
1931
2072
4094
3442
283
1980
2965
2015
2079
4110
3481
284
1986
3020
2097
2086
4126
3519
285
1993
3073
2176
2093
4142
3554
285
1998
3124
2252
2099
4156
3589
286
2004
3174
2326
2105
4170
3623
286
2010
3222
2398
2111
4184
3655
287
2015
3269
2467
2116
4197
3687
288
2020
3314
2536
2121
4209
3717
289
2025
3358
2601
2126
4221
3747
289
2030
3400
2665
2131
4233
3775
290
2034
3441
2727
2136
4244
3803
291
2038
3481
2787
2140
4254
3829
291
2042
3518
2845
2144
4264
3854
291
2046
3555
2901
2148
4274
3879
292
2049
3591
2956
2151
4282
3903
292
2053
3625
3008
2155
4291
3926
293
2056
3658
3059
2158
4299
3948
293
2059
3691
3109
2161
4306
3970
293
2062
3722
3157
2164
4314
3990
294
2064
3752
3204
2167
4321
4009
294
2067
3781
3249
2170
4327
4029
295
2070
3809
3293
2172
4334
4047
295
2072
3836
3335
2174
4340
4065
295
2074
3861
3376
2176
4345
4082
295
2076
3887
3416
2179
4351
4098
296
2078
3910
3454
2181
4355
4114
296
2079
3934
3492
2182
4360
4129
296
2082
3957
3527
2184
4364
4143
296
2083
3978
3562
2185
4368
4157
296
2084
3999
3596
2187
4372
4171
297
2085
4019
3628
2188
4375
4183
297
2086
4039
3660
2189
4378
4196
297
2088
4057
3691
2190
4382
4207
297
2088
4075
3720
2191
4384
4219
297
2089
4092
3749
2192
4386
4230
297
2090
4109
3777
2192
4389
4240
297
2090
4125
3803
2193
4391
4250
297
2091
4140
3829
2194
4392
4260
297
2091
4155
3854
2194
4393
4268
297
2091
4169
3878
2194
4395
4277
297
2092
4182
3901
2194
4396
4285
298
2092
4195
3923
2194
4397
4293
297
2092
4207
3944
2195
4398
4300
297
2091
4219
3965
2195
4399
4307
297
2092
4230
3985
2194
4398
4314
297
2091
4241
4004
2194
4399
4320
297
2091
4252
4023
2193
4399
4326
297
2091
4262
4041
2193
4398
4331
297
2090
4271
4059
2193
4398
4337
297
2089
4280
4075
2192
4398
4342
297
2090
4288
4091
2192
4397
4346
297
2089
4297
4106
2191
4396
4351
296
2088
4304
4121
2190
4396
4355
296
2088
4312
4135
2189
4394
4358
296
2087
4318
4149
2188
4393
4362
296
2086
4325
4162
2187
4391
4365
295
2086
4331
4175
2186
4390
4368
296
2084
4337
4187
2186
4389
4371
296
2083
4343
4199
2185
4387
4374
295
2082
4348
4210
2183
4385
4376
295
2081
4353
4221
2182
4383
4378
295
2080
4357
4231
2181
4380
4380
295
2079
4361
4240
2180
4379
4381
295
2078
4365
4249
2179
4377
4383
295
2076
4369
4258
2178
4373
4384
294
2075
4373
4267
2176
4372
4385
294
2074
4376
4275
2174
4369
4385
294
2072
4378
4282
2173
4367
4386
294
2071
4381
4290
2171
4364
4387
293
2069
4383
4297
2170
4361
4387
293
2068
4386
4303
2168
4358
4387
293
2067
4388
4310
2167
4355
4387
293
2065
4389
4315
2165
4352
4387
293
2063
4391
4321
2163
4349
4386
293
2061
4392
4326
2162
4346
4386
292
2060
4393
4331
2160
4342
4385
292
2058
4394
4336
2158
4340
4384
292
2056
4395
4340
2156
4336
4384
291
2055
4395
4345
2155
4332
4382
291
2053
4396
4348
2152
4329
4381
291
2051
4396
4351
2151
4326
4380
291
2050
4396
4355
2149
4321
4378
290
2048
4395
4358
2147
4318
4377
290
2046
4395
4361
2145
4314
4375
290
2044
4395
4363
2143
4310
4373
290
2042
4394
4365
2141
4306
4371
289
2040
4393
4367
2139
4303
4369
289
2039
4392
4369
2137
4299
4367
289
2037
4391
4371
2135
4295
4365
289
2034
4390
4373
2133
4291
4362
288
2032
4389
4374
2130
4287
4360
288
2031
4388
4375
2129
4282
4358
288
2029
4385
4376
2126
4278
4355
287
2026
4384
4376
2124
4274
4353
287
2024
4382
4377
2122
4270
4349
287
2022
4380
4377
2120
4266
4346
287
2020
4378
4378
2118
4262
4344
287
2018
4376
4378
2115
4257
4341
286
2016
4374
4377
2113
4253
4338
285
2014
4371
4377
2111
4249
4334
285
2012
4369
4376
2109
4244
4331
285
2010
4366
4376
2106
4240
4328
285
2007
4364
4375
2104
4235
4324
284
2005
4360
4374
2102
4231
4321
284
2003
4358
4373
2099
4226
4318
284
2001
4356
4372
2097
4222
4315
284
1999
4352
4371
2095
4217
4311
283
1996
4349
4369
2092
4212
4307
283
1995
4346
4368
2090
4208
4304
282
1992
4343
4367
2088
4203
4300
282
1990
4340
4365
2085
4199
4296
282
1988
4337
4362
2083
4194
4292
281
1985
4333
4361
2081
4189
4288
281
1983
4330
4359
2078
4185
4284
281
1981
4326
4357
2076
4179
4281
281
1978
4323
4355
2074
4175
4276
280
1976
4319
4352
2071
4170
4272
280
1974
4315
4350
2069
4165
4268
279
1972
4312
4347
2066
4160
4264
279
1969
4308
4345
2064
4156
4260
279
1967
4304
4342
2061
4151
4256
279
1965
4300
4339
2059
4146
4300
282
1990
4340
4365
2085
4199
4296
282
1988
4337
4362
2083
4194
4292
281
1985
4333
4361
2081
4189
4288
281
1983
4330
4359
2078
4185
4284
281
1981
4326
4357
2076
4179
4281
281
1978
4323
4355
2074
4175
4276
280
1976
4319
4352
2071
4170
4272
280
1974
4315
4350
2069
4165
4268
279
1972
4312
4347
2066
4160
4264
279
1969
4308
4345
2064
4156
4260
279
1967
4304
4342
2061
4151
4256
279
1965
4300
4339
2059
4146
4198
274
1934
4246
4297
2027
4082
4193
274
1932
4242
4293
2024
4077
4188
273
1929
4237
4289
2022
4073
4184
273
1927
4233
4286
2020
4067
4179
273
1925
4228
4282
2017
4062
4175
273
1923
4225
4278
2015
4058
4173
276
1925
4223
4277
2017
4056
4169
277
1923
4218
4272
2015
4051
4163
275
1919
4211
4265
2011
4046
4157
276
1917
4206
4260
2009
4041
4152
275
1915
4201
4253
2006
4035
4147
275
1912
4195
4249
2004
4030
4141
274
1910
4190
4243
2001
4025
4135
274
1907
4184
4237
1998
4019
4130
274
1905
4178
4231
1996
4014
4124
273
1902
4172
4225
1993
4009
4119
273
1900
4167
4220
1990
4004
4114
273
1897
4162
4214
1988
3998
4091
272
1895
4141
4194
1985
3993
2586
195
1355
2625
2659
1430
2606
15
13
37
1
325
27
46
259
39
46
310
22
24
40
305
300
306
332
345
25
23
71
3
87
60
106
114
96
116
96
58
68
118
102
105
103
43
91
151
23
157
150
148
168
168
25
22
66
3
125
54
95
135
86
103
126
51
59
102
128
129
127
103
122
99
12
76
97
95
80
97
9
9
25
70
20
35
68
31
38
70
19
21
37
71
70
70
32
72
48
2
13
47
46
14
41
1
6
8
11
6
9
10
9
9
27
12
4
4
12
7
9
15
13
14
17
8
9
9
17
9
9
8
21
5
16
3
19
14
12
21
16
4
4
11
19
9
14
21
13
16
18
8
9
15
19
20
19
18
18
2
11
17
15
12
15
2
2
5
10
4
5
11
4
6
10
3
2
5
10
10
10
37
10
9
1
1
7
1
5
1
1
1
5
1
1
1
1
1
1
1
1
1
1
2
3
1
3
3
4
3
5
2
2
2
4
3
3
3
1
5
1
3
3
1
1
3
3
19
1
2
3
3
2
3
4
3
4
3
2
1
3
3
4
3
15
2
4
1
1
2
1
1
1
1
1
2
1
1
1
2
2
1
2
1
3
1
2
2
1
1
2
2
2
2
1
2
3
1
1
1
1
2
1
1
1
1
2
1
1
1
1
22
2
1
1
2
2
1
1
1
2
1
1
1
1
1
2
1
1
2
3
1
1
1
2
2
3
2
1
2
1
2
1
3
1
1
1
2
2
1
1
1
1
2
1
1
1
1
2
1
1
2
3
1
1
1
2
1
2
1
2
1
1
2
1
3
1
1
1
2
2
1
1
1
1
2
1
1
1
1
1
1
2
1
1
2
2
1
1
2
2
1
3
1
1
1
2
1
3
1
1
1
2
2
1
1
2
2
2
1
1
1
1
1
1
1
3
1
1
2
2
1
1
1
2
2
3
1
1
1
1
1
1
3
1
1
1
2
2
1
1
1
2
2
3
1
2
1
1
1
1
2
1
3
2
1
1
2
2
1
1
1
2
2
2
2
1
1
1
1
1
1
3
2
1
2
2
1
2
2
2
2
3
1
1
1
1
1
1
1
3
1
1
1
2
2
1
2
2
2
2
3
1
2
1
1
1
1
2
1
3
1
2
1
2
2
1
2
2
2
3
1
2
1
2
1
2
1
3
1
2
1
1
2
2
1
1
2
2
2
3
1
1
2
1
2
2
3
1
1
2
2
1
1
2
2
2
3
1
2
1
2
1
1
2
2
3
2
1
1
2
2
1
1
2
2
2
3
1
2
1
2
1
1
2
2
3
2
2
1
1
3
3
1
1
2
2
2
3
1
2
2
1
1
1
1
3
1
2
1
2
3
1
1
1
2
3
2
3
1
2
1
2
1
1
2
2
3
2
1
1
1
3
3
1
1
1
2
3
3
3
1
2
1
2
1
1
2
2
3
2
2
1
1
3
2
1
1
2
2
3
2
3
1
1
1
2
1
1
2
2
3
2
2
1
1
3
3
1
1
2
3
2
4
1
2
1
2
1
1
2
2
3
2
2
1
3
2
1
1
1
2
3
3
4
2
2
2
3
2
2
3
2
3
2
2
1
3
3
1
1
1
1
3
3
3
4
1
2
1
2
1
2
2
2
4
2
2
1
1
3
3
1
1
1
2
2
2
4
1
2
1
2
1
2
2
2
4
2
2
1
1
3
3
1
2
2
2
3
3
4
2
2
1
3
2
2
3
2
1
4
2
2
1
1
3
3
1
2
1
2
3
3
4
2
2
1
3
2
2
2
3
4
2
2
1
1
3
3
1
1
2
2
3
3
4
1
2
1
3
1
2
2
3
4
2
2
1
1
3
3
1
1
2
2
3
3
3
4
1
2
1
3
1
2
3
3
4
2
2
1
1
3
3
1
2
2
3
3
3
4
2
2
1
3
1
2
3
3
4
2
2
1
2
3
3
1
1
2
1
3
3
2
4
1
2
1
3
2
2
2
2
24
4
2
2
1
1
3
3
1
2
2
3
3
3
4
1
2
2
3
2
2
3
3
1
3
2
2
1
1
3
3
1
1
2
2
3
3
3
5
2
3
2
3
2
2
3
3
1
4
3
2
1
1
4
3
1
1
2
2
3
3
3
5
2
3
1
3
2
2
3
3
4
2
2
1
1
4
3
1
1
2
2
3
4
3
4
2
3
2
3
2
2
3
3
4
2
2
1
1
4
3
1
2
2
3
3
3
5
2
3
2
3
2
2
3
3
4
3
2
1
2
3
3
1
1
2
2
3
3
3
5
2
3
2
4
2
2
3
3
4
3
2
1
2
4
4
2
1
2
2
3
3
4
5
2
3
1
4
2
2
3
3
4
2
2
2
1
4
4
2
2
2
3
3
3
5
2
3
1
3
2
3
3
3
36
4
3
2
2
1
4
4
2
1
2
2
3
4
4
5
2
3
1
3
2
3
3
3
4
3
3
2
2
4
3
2
1
2
2
3
4
4
4
2
3
1
4
2
2
3
3
4
3
2
2
1
4
4
1
1
2
2
3
4
4
5
2
3
1
4
2
3
3
3
4
3
2
1
2
4
4
2
1
3
2
3
4
4
5
3
3
2
4
3
3
4
4
4
3
3
2
2
4
4
2
1
3
2
3
4
4
5
2
3
2
3
2
2
3
4
5
3
3
2
2
4
4
2
1
3
2
3
4
4
5
2
3
1
4
3
3
3
3
4
3
2
2
2
4
4
2
1
3
2
4
4
4
5
3
3
1
4
3
3
4
4
4
3
2
2
1
4
4
2
1
3
2
4
4
4
6
2
3
2
4
3
3
4
4
1
5
3
3
2
2
4
4
3
1
3
2
4
4
5
6
2
3
2
4
3
3
3
3
5
3
3
2
2
4
4
2
1
3
2
4
4
4
6
3
3
2
4
3
3
4
4
4
3
3
2
2
4
4
2
1
3
2
4
5
4
6
3
4
2
4
3
3
4
4
1
5
3
3
2
2
4
4
3
1
3
2
4
5
4
6
3
3
2
4
3
2
4
4
5
3
3
2
2
4
4
2
1
3
2
4
5
4
6
3
3
2
4
3
3
4
4
4
3
2
2
2
4
4
2
1
3
2
4
5
5
6
3
4
2
4
3
3
5
5
1
5
3
2
2
2
5
4
2
1
3
2
4
4
5
6
3
3
2
4
3
3
4
4
1
5
3
3
2
2
4
4
2
1
3
2
4
4
5
6
2
3
2
4
3
3
4
4
5
3
3
2
2
5
4
2
1
3
2
4
5
5
6
3
3
2
5
3
3
5
4
5
3
3
2
2
4
4
2
1
3
2
3
4
4
5
2
3
1
4
3
3
3
3
4
3
2
2
2
4
4
2
1
3
2
4
4
4
5
3
3
1
4
3
3
4
4
4
3
2
2
1
4
4
2
1
3
2
4
4
4
6
2
3
2
4
3
3
4
4
1
5
3
3
2
2
4
4
3
1
3
2
4
4
5
6
2
3
2
4
3
3
3
3
5
3
3
2
2
4
4
2
1
3
2
4
4
4
6
3
3
2
4
3
3
4
4
4
3
3
2
2
4
4
2
1
3
2
4
5
4
6
3
4
2
4
3
3
4
4
1
5
3
3
2
2
4
4
3
1
3
2
4
5
4
6
3
3
2
4
3
2
4
4
5
3
3
2
2
4
4
2
1
3
2
4
5
4
6
3
3
2
4
3
3
4
4
4
3
2
2
2
4
4
2
1
3
2
4
5
5
6
3
4
2
4
3
3
5
5
1
5
3
2
2
2
5
4
2
1
3
2
4
4
5
6
3
3
2
4
3
3
4
4
1
5
3
3
2
2
4
4
2
1
3
2
4
4
5
6
2
3
2
4
3
3
4
4
5
3
3
2
2
5
4
2
1
3
2
4
5
5
6
3
3
2
5
3
3
5
4
5
3
3
2
2
5
4
2
1
3
3
5
5
5
6
3
3
2
5
3
3
4
5
1
5
3
3
2
2
4
4
2
1
3
2
4
5
5
6
3
3
2
5
3
3
4
4
4
4
3
2
2
5
4
3
1
3
2
4
5
5
6
3
3
2
5
3
3
4
4
5
3
2
3
2
5
5
3
1
3
3
5
5
5
6
3
4
2
5
4
4
4
5
1
5
4
3
3
2
5
4
3
1
3
2
4
4
5
6
3
3
2
5
4
3
4
5
1
5
4
3
2
2
5
5
3
1
3
3
5
5
5
6
3
4
2
5
3
3
4
4
5
3
3
2
2
5
5
3
1
3
3
5
5
5
6
3
4
3
5
4
3
5
5
5
4
3
3
2
5
4
3
1
3
2
5
5
5
7
3
3
2
5
4
4
4
5
5
4
3
3
3
5
5
3
1
4
3
5
5
6
7
3
4
3
5
4
3
5
5
5
4
3
3
3
5
5
3
1
4
2
5
5
5
7
4
4
3
5
4
4
5
5
1
5
4
3
3
2
5
5
3
1
4
3
5
6
5
7
4
4
2
5
4
4
5
5
5
4
3
3
3
5
4
3
1
4
3
5
5
5
7
3
3
2
5
4
3
5
5
5
4
3
3
3
5
4
3
1
4
3
5
5
5
7
4
4
3
5
4
4
5
5
5
4
3
3
2
5
5
3
1
4
3
5
6
6
7
4
4
3
5
5
4
5
5
1
5
4
3
3
3
5
5
3
1
3
2
5
5
6
7
3
4
2
5
4
3
5
5
5
4
3
3
3
5
4
3
1
3
3
5
5
6
7
4
4
2
5
4
3
5
5
5
4
3
3
3
5
5
3
1
4
3
5
6
6
7
4
4
3
6
4
4
5
5
1
6
4
3
3
3
6
5
3
1
4
2
5
6
6
7
4
4
3
6
4
4
5
5
5
4
3
3
3
5
5
3
1
4
2
5
5
6
7
4
4
3
5
4
3
5
5
5
4
3
3
3
6
5
3
1
4
3
6
6
6
7
4
5
3
6
4
4
6
6
1
6
4
3
3
3
6
5
3
1
4
3
5
5
6
7
4
4
3
6
4
4
5
6
6
4
4
3
3
6
5
3
1
4
3
6
5
6
7
3
4
2
5
4
4
5
5
6
5
3
3
3
6
5
4
1
4
3
6
5
6
8
4
4
3
6
4
4
5
5
6
4
3
3
3
6
5
4
1
4
3
6
6
6
8
