7
3
1
9
6
76
11
14
8
6
30
1
7
4
3
7
2
76
9
11
11
5
11
7
1
4
2
3
78
5
8
18
6
14
5
2
1
6
78
4
7
16
6
13
30
4
1
3
1
4
79
3
5
11
9
6
41
5
6
81
2
3
17
8
25
4
7
81
2
2
18
4
7
4
7
81
3
1
14
8
9
5
4
7
83
5
3
16
9
20
4
5
7
80
3
4
12
3
2
12
3
4
8
7
78
3
13
3
8
4
11
6
12
6
81
2
18
1
9
18
7
16
7
13
5
88
2
23
4
9
29
10
19
5
16
1
82
5
13
9
17
12
20
2
1
16
79
3
9
1
8
14
20
2
2
14
5
80
2
15
9
14
15
19
5
14
2
74
5
9
20
24
13
17
6
12
4
75
6
1
20
18
11
13
1
4
10
5
73
2
4
24
13
10
9
2
1
3
8
3
76
16
24
19
6
2
2
3
5
79
10
12
25
1
2
1
5
72
3
16
1
3
1
5
77
11
3
5
80
19
2
6
76
15
17
6
77
10
5
24
1
6
81
15
4
1
4
8
83
22
3
5
7
83
24
7
18
1
6
7
84
4
19
6
34
8
1
7
87
3
7
18
11
18
1
10
5
5
90
3
7
25
7
1
1
10
7
7
90
1
6
32
11
5
1
3
4
10
11
5
88
7
26
13
9
14
2
4
8
12
15
2
91
6
24
10
5
1
5
13
13
17
1
91
3
28
11
2
7
16
12
17
4
88
3
25
10
8
15
6
13
8
14
3
81
3
21
9
1
38
5
10
4
10
6
81
3
16
10
33
9
11
1
1
10
6
83
6
8
7
7
12
13
3
2
10
2
83
7
16
7
5
11
10
6
2
10
6
86
7
24
12
28
9
7
7
2
10
6
88
7
28
11
37
10
6
7
2
10
7
88
8
27
11
17
12
4
1
4
3
9
7
84
8
19
9
12
10
1
2
3
4
6
82
7
18
11
28
6
1
1
6
81
3
16
10
29
4
6
81
19
9
13
2
6
80
19
12
18
6
78
16
7
44
4
79
18
11
45
3
78
19
9
20
6
87
1
19
7
10
1
4
84
2
21
8
2
20
2
3
6
84
1
21
7
1
19
5
7
5
88
1
19
10
4
8
11
1
88
21
5
6
7
10
89
23
8
3
7
6
11
7
87
20
9
4
6
2
8
4
11
3
85
18
3
1
4
9
10
1
81
1
16
1
6
9
8
3
75
10
8
8
8
4
8
76
3
11
9
6
10
7
5
9
2
80
6
13
6
1
10
7
4
9
1
81
6
11
10
9
5
2
7
1
78
5
12
7
7
1
2
4
2
78
4
13
2
3
17
3
1
4
81
1
16
2
10
1
5
83
20
1
1
5
81
17
16
3
6
81
16
23
25
1
6
83
1
3
23
3
14
20
1
6
81
3
18
9
14
2
3
83
5
17
1
10
15
3
1
1
82
6
20
1
15
19
4
4
8
82
5
20
5
15
21
1
5
7
4
84
5
18
14
9
2
5
9
2
81
5
19
10
9
3
4
8
3
82
3
19
3
3
36
1
4
6
8
1
88
4
19
3
50
4
6
8
10
1
86
5
21
29
8
7
6
9
86
4
21
28
10
4
3
3
6
85
5
19
46
11
3
4
4
6
84
6
18
60
12
3
3
5
6
1
85
6
18
47
13
5
1
5
6
82
6
16
27
12
6
5
5
78
6
15
38
10
5
4
3
77
4
12
51
9
4
3
5
82
4
14
35
9
5
4
3
7
2
79
4
21
20
8
5
2
4
1
7
82
4
22
34
4
3
4
85
5
18
55
2
3
4
1
2
5
81
6
20
43
5
4
4
86
1
4
21
17
4
5
4
85
2
3
24
8
3
3
7
82
1
3
21
4
17
3
6
6
85
3
5
25
6
18
3
7
7
86
3
6
29
1
5
5
85
3
7
22
3
1
4
84
6
23
3
5
3
80
5
19
7
9
1
1
2
80
4
18
11
5
1
5
6
1
81
5
25
16
8
4
5
6
1
81
7
22
21
7
4
5
6
83
7
19
15
5
4
8
6
6
7
83
7
22
17
4
8
6
5
7
81
5
21
23
8
8
5
3
4
81
3
18
35
17
5
1
1
1
80
3
19
41
23
9
5
2
2
82
4
22
36
19
8
1
2
1
3
81
6
20
29
22
7
2
81
5
20
26
21
15
6
1
1
1
79
7
19
22
14
36
2
4
75
6
18
12
11
21
1
81
3
20
8
3
11
1
2
83
3
18
9
4
14
2
3
78
3
20
14
28
4
4
81
3
21
6
19
4
3
5
85
1
25
3
2
4
84
26
1
2
5
84
24
19
2
4
4
85
25
11
2
3
4
82
22
3
2
1
78
22
2
1
2
80
21
3
3
79
15
21
1
2
78
20
5
3
1
80
21
2
1
1
78
1
19
10
1
1
2
1
80
2
23
18
29
5
3
1
3
80
3
23
52
23
9
6
1
5
80
5
22
107
26
8
5
2
2
77
6
16
180
35
5
1
73
4
13
267
29
1
68
7
355
8
58
438
50
417
9
52
216
18
37
62
7
52
28
65
8
61
9
3
67
9
63
8
4
76
1
16
42
25
2
1
76
1
15
18
2
1
76
16
3
76
15
3
3
73
13
25
2
77
16
23
4
79
18
6
1
1
1
78
20
13
5
80
21
41
3
1
77
19
52
3
77
20
16
5
74
19
6
77
20
1
5
1
1
78
18
10
1
6
2
1
77
19
3
3
10
1
2
2
1
84
2
23
4
11
4
2
1
3
3
81
4
25
6
5
10
4
3
3
3
4
1
82
6
24
20
6
9
5
3
7
1
7
86
1
6
30
9
4
10
7
3
8
8
85
1
6
29
3
9
9
2
9
9
1
89
1
7
27
3
4
6
9
1
12
12
92
2
10
35
16
6
1
9
5
10
1
14
14
2
88
6
15
34
4
8
3
12
4
10
2
15
16
90
9
20
36
1
8
3
13
2
7
3
15
14
2
95
12
21
37
8
3
11
3
3
14
11
92
11
20
36
2
7
8
2
12
7
91
10
17
35
9
6
2
11
4
3
89
10
16
34
7
3
1
1
9
2
86
7
12
34
1
2
5
83
2
7
29
7
2
3
83
2
29
23
6
82
2
26
1
16
9
75
1
19
7
8
76
17
3
25
8
1
78
1
17
36
9
3
76
3
18
3
14
10
1
2
81
4
22
10
5
2
1
3
80
5
24
17
7
4
4
4
5
77
5
24
36
5
4
5
5
6
82
3
26
14
5
8
3
5
8
85
3
27
1
4
8
6
5
9
82
4
26
8
16
1
1
7
7
5
9
1
83
5
24
2
32
3
6
8
5
10
4
82
1
7
22
1
23
2
7
7
10
7
12
3
81
5
10
24
2
1
4
2
4
5
8
5
10
4
81
4
9
25
9
13
2
3
8
5
7
4
83
5
10
25
16
27
3
7
7
7
85
6
11
27
18
12
3
6
8
9
2
85
6
11
27
22
4
4
7
8
4
86
8
11
27
25
4
1
4
4
7
7
2
85
10
12
30
29
21
3
4
1
5
8
6
3
84
9
13
28
32
33
3
2
4
6
5
1
79
5
9
26
33
4
5
3
5
5
81
5
8
25
30
4
1
3
3
3
81
3
5
23
34
10
4
1
2
2
1
77
3
23
35
9
4
1
1
79
1
24
31
12
74
19
32
10
1
75
19
31
3
10
73
17
32
23
3
77
17
31
7
2
6
1
9
82
23
29
6
3
12
3
13
78
2
23
34
37
6
6
18
8
20
84
1
8
24
38
52
1
12
9
23
13
25
83
4
12
28
37
33
2
15
10
24
15
27
84
4
14
28
35
29
2
14
11
24
14
27
90
6
14
27
39
36
1
2
12
8
22
1
13
24
86
5
14
28
36
50
2
10
6
16
1
10
21
1
85
5
14
25
32
42
2
6
6
12
8
17
2
81
7
13
25
27
26
2
3
3
4
4
6
12
82
8
12
27
23
43
1
4
1
5
5
2
7
80
9
12
24
22
54
3
2
2
1
2
77
7
10
21
17
4
41
1
4
1
76
6
9
19
13
2
17
1
3
1
1
75
9
10
24
11
2
21
1
3
2
5
2
2
2
75
9
10
24
12
4
50
1
3
6
4
7
5
2
5
79
9
13
25
11
34
1
9
8
3
9
1
11
83
8
13
29
7
2
1
9
10
4
2
10
14
79
9
12
29
7
5
2
9
10
7
1
11
16
82
10
13
28
8
25
2
8
9
7
2
10
2
15
81
9
14
24
4
32
2
2
9
11
9
2
10
3
16
77
10
15
25
17
2
3
10
13
12
1
10
4
18
84
11
16
26
18
3
4
11
13
14
1
9
5
18
80
12
18
25
50
1
5
11
10
13
8
5
17
78
12
19
24
68
4
11
9
14
7
3
18
79
11
18
22
52
1
4
11
10
16
10
3
20
80
11
18
26
44
3
9
7
13
9
1
18
80
10
17
24
50
1
2
10
4
11
10
19
81
10
17
24
43
2
2
11
3
10
12
20
85
11
17
28
27
3
1
10
4
10
13
19
84
13
16
27
15
6
3
11
6
8
14
18
83
17
18
28
16
1
9
6
14
9
7
2
18
2
19
89
20
21
33
31
3
2
8
5
1
12
12
85
12
14
30
17
3
4
5
7
8
2
79
8
8
28
4
7
5
7
1
9
81
8
7
27
3
5
5
4
1
6
74
6
6
21
16
3
3
6
5
1
6
2
79
4
7
18
9
2
3
5
5
1
6
81
2
7
21
1
4
7
4
1
5
3
78
5
8
21
9
2
8
3
5
5
80
6
8
15
22
7
6
7
2
81
5
7
17
12
2
6
8
9
5
84
4
4
25
3
2
5
8
11
5
85
5
4
25
1
3
7
10
5
85
5
4
23
1
7
7
3
85
2
1
24
1
6
6
3
83
22
5
4
1
80
20
2
2
1
78
19
1
1
83
18
1
81
19
80
19
1
80
17
3
3
76
15
15
2
2
2
81
17
3
2
2
1
81
19
11
1
3
2
2
80
20
14
2
7
5
83
1
1
22
4
11
8
2
2
3
10
8
3
83
3
5
21
4
14
6
5
3
14
12
6
89
4
8
25
5
16
5
4
2
3
12
12
3
88
2
7
25
6
18
1
2
2
2
10
11
5
87
5
24
7
15
1
3
3
8
11
1
83
3
24
7
2
2
3
6
9
82
20
3
2
2
3
6
7
4
87
21
4
18
2
4
4
3
3
81
18
5
30
2
4
6
2
3
83
19
7
29
4
4
8
4
3
85
21
5
24
1
2
5
2
4
84
19
3
20
3
3
81
17
3
14
1
1
78
14
1
13
5
1
1
77
12
21
76
12
17
75
12
1
13
2
77
14
3
23
18
1
1
80
18
3
23
1
1
81
19
21
85
17
1
15
12
3
1
86
17
5
1
22
8
9
1
88
22
5
3
2
3
10
12
18
1
90
22
5
6
4
18
1
16
23
2
94
3
2
26
9
16
4
9
2
22
6
19
26
3
95
4
5
29
12
35
9
14
4
27
7
3
2
24
31
8
99
9
10
32
12
20
3
10
15
4
27
8
9
4
25
31
9
100
14
14
34
11
5
3
5
7
10
1
21
10
5
5
19
24
6
95
14
13
31
9
11
15
1
6
4
4
12
9
3
14
17
8
92
14
11
28
8
5
32
3
5
5
3
10
11
5
89
10
9
25
4
2
22
2
5
8
7
2
84
8
7
21
1
1
3
4
3
81
5
4
16
3
1
3
81
1
13
9
14
3
1
77
10
12
10
4
1
76
9
4
4
1
75
8
9
3
1
74
8
14
2
78
13
7
4
78
12
12
2
77
13
8
83
16
2
16
6
2
83
11
1
32
1
3
1
3
1
3
83
4
3
16
11
6
2
3
2
7
83
6
6
16
1
7
9
7
3
3
4
2
11
84
7
7
15
13
42
1
2
7
11
6
4
6
2
15
1
86
8
9
16
1
9
67
4
1
6
8
19
7
5
8
19
85
10
12
16
6
63
5
4
1
10
11
26
4
6
12
24
3
88
14
15
19
63
1
6
5
1
10
9
26
7
5
12
24
2
87
15
16
20
1
80
5
9
7
1
10
5
24
13
6
13
23
5
91
19
18
21
2
7
98
4
10
10
2
12
1
20
12
3
9
15
23
5
94
3
20
19
25
4
12
73
5
9
9
11
17
14
3
7
16
20
7
93
3
20
17
26
3
9
50
6
8
10
11
10
14
5
6
16
16
7
94
5
22
16
25
5
12
66
9
9
9
9
15
3
6
14
10
7
92
4
20
15
24
6
14
82
9
8
7
6
18
3
6
11
4
7
90
3
16
12
24
3
14
77
6
6
4
4
14
1
5
9
1
4
88
14
10
22
19
55
3
3
1
2
10
3
6
1
86
12
9
17
18
55
5
1
2
79
8
6
14
12
62
1
75
5
6
12
7
48
1
1
3
82
5
6
12
8
26
1
2
4
81
3
5
11
6
21
1
1
5
75
1
2
7
5
30
5
1
7
77
3
4
8
11
28
11
2
2
7
7
82
5
8
11
9
8
3
2
5
79
2
3
8
3
6
1
12
3
1
2
76
1
2
6
21
7
6
11
3
2
6
78
2
4
6
1
34
6
9
12
5
1
6
76
1
2
9
9
15
9
6
10
78
2
2
10
11
10
19
4
3
3
13
79
4
3
15
21
31
6
14
14
5
2
12
79
3
4
3
18
30
36
1
7
13
13
6
1
12
78
1
5
19
31
29
4
7
13
13
6
3
13
75
4
9
17
32
28
1
4
4
7
14
7
2
10
1
80
7
11
4
28
31
53
1
3
4
5
2
2
15
7
1
7
2
82
10
15
1
39
29
77
7
7
2
6
9
18
8
6
8
82
15
20
1
41
19
61
9
9
6
4
11
17
7
9
8
86
2
19
20
9
38
13
41
14
12
9
4
13
22
9
9
7
2
85
6
23
20
7
32
7
35
14
13
10
3
11
22
7
8
3
4
87
7
23
18
7
30
5
41
14
11
11
1
10
18
6
8
2
85
7
21
16
10
21
3
27
15
11
11
1
11
1
20
6
9
6
4
86
7
22
16
6
15
3
4
10
9
10
10
3
18
4
6
7
3
83
5
21
15
3
15
5
16
8
8
8
1
10
6
15
4
5
9
79
3
19
15
1
11
6
32
6
8
5
4
9
9
4
14
4
4
11
1
79
16
15
2
18
4
3
4
11
7
10
3
1
9
80
10
12
1
1
1
14
9
8
4
2
8
76
7
10
12
7
6
4
4
7
75
6
8
21
10
7
5
4
5
5
76
5
4
19
8
8
7
4
3
5
74
4
2
7
10
7
3
1
7
77
4
2
4
9
9
5
6
73
5
2
5
4
3
1
7
14
9
1
6
74
8
5
4
6
7
3
1
9
17
10
1
1
9
79
12
9
6
9
2
5
2
12
17
10
3
1
11
78
15
13
7
10
3
5
9
3
12
18
11
5
2
12
82
18
16
14
7
10
4
6
9
6
18
11
6
2
11
1
82
19
17
7
18
6
10
4
5
11
7
16
10
7
13
83
19
18
27
6
10
3
3
11
4
19
9
7
11
2
82
18
16
1
69
6
8
3
9
1
21
13
7
9
8
81
18
14
1
131
5
6
3
8
19
9
6
7
5
85
16
12
212
11
2
1
1
5
17
5
4
2
6
77
10
8
303
14
3
5
68
4
2
395
4
3
57
453
2
2
48
370
17
3
52
94
32
19
1
57
69
6
1
56
87
9
4
1
1
61
86
40
1
8
3
2
4
67
3
3
54
42
9
2
2
67
3
2
17
11
11
4
2
2
2
67
4
2
10
9
2
4
1
2
68
3
3
33
7
1
3
2
73
1
3
40
8
6
3
2
5
76
1
3
13
7
8
4
2
6
75
1
4
2
2
5
7
4
4
76
1
1
12
15
6
2
79
1
1
14
20
7
2
2
80
2
1
1
16
9
1
4
1
81
4
2
2
1
14
9
1
3
3
81
5
4
3
21
2
18
9
4
80
2
3
1
6
43
17
8
5
2
3
86
1
9
41
15
10
7
4
5
93
12
24
17
8
6
2
7
91
14
30
15
8
7
1
4
91
1
12
42
3
3
19
9
9
2
9
94
4
1
14
26
5
4
20
8
7
1
8
92
6
1
16
19
2
4
13
7
3
3
88
6
1
10
33
1
5
14
5
1
4
83
7
3
6
43
1
5
12
4
2
85
10
7
6
38
4
1
1
10
3
5
2
88
11
9
9
12
28
2
2
5
9
3
6
3
87
11
11
8
9
30
4
7
1
7
5
85
8
10
6
47
3
8
1
8
6
84
4
8
7
2
49
9
4
7
6
89
1
3
6
2
28
9
3
4
85
1
3
35
9
1
1
2
85
2
8
54
7
1
1
82
6
69
8
1
2
83
12
51
11
8
2
7
87
2
20
24
9
8
2
3
8
84
2
2
19
28
9
7
6
5
4
9
87
3
3
4
18
32
1
11
11
6
4
4
11
87
1
4
2
18
12
10
12
7
4
4
12
87
3
3
16
1
8
13
8
6
3
12
85
5
4
14
7
3
9
9
4
2
9
2
83
4
11
14
1
7
11
2
5
10
5
90
4
5
5
4
8
10
7
7
11
2
92
5
7
7
6
1
2
5
12
9
5
9
2
88
5
5
4
2
12
13
1
2
1
1
15
6
6
7
5
90
5
4
7
6
25
38
1
2
14
8
5
4
4
89
3
2
5
8
26
29
10
4
1
1
4
85
1
2
8
33
2
9
4
3
83
1
3
10
41
20
1
9
8
81
1
2
15
39
49
1
8
5
1
75
2
19
39
41
6
4
2
82
3
20
32
18
3
6
3
81
3
23
32
13
1
5
1
75
29
27
34
1
1
1
81
3
32
23
49
5
2
2
81
2
7
33
28
22
5
1
1
81
3
6
34
27
6
1
12
4
2
76
2
2
37
20
23
3
17
6
3
74
1
3
37
8
34
7
1
4
10
6
5
2
76
7
10
36
1
18
8
2
7
1
13
7
4
4
73
8
12
34
6
8
2
6
6
13
7
4
7
72
7
12
36
12
7
2
4
9
13
6
4
9
75
6
12
40
6
6
1
5
10
15
5
1
11
77
5
11
39
6
3
3
10
20
7
3
16
1
78
4
13
39
17
9
20
3
1
