145
116
109
130
124
96
99
121
119
129
149
122
144
127
125
91
124
132
145
125
123
123
154
149
118
113
129
124
98
98
124
128
132
144
123
139
129
128
97
130
130
144
126
126
130
151
144
123
115
131
123
98
96
122
122
128
137
122
136
128
125
94
126
130
142
124
119
126
151
147
117
112
126
124
93
95
116
115
132
144
120
140
122
123
87
119
130
140
120
123
127
149
147
111
120
123
124
90
92
115
116
127
145
115
134
119
123
80
118
129
139
118
120
120
149
151
115
110
122
125
89
92
115
120
122
148
115
138
116
123
83
117
127
140
118
121
120
140
139
99
111
112
124
84
92
110
111
123
136
95
130
110
119
85
116
119
137
115
113
114
136
128
104
106
117
122
83
90
108
108
113
131
102
128
108
114
73
111
119
137
114
102
105
138
136
104
109
113
124
82
91
108
108
117
137
117
132
107
112
73
100
122
136
114
110
110
142
140
100
115
114
125
84
93
114
111
123
139
106
136
117
114
85
105
123
135
116
115
114
140
138
103
122
118
122
85
91
112
111
115
134
112
128
115
115
84
121
123
134
116
108
111
139
139
105
103
127
121
93
93
114
112
119
140
112
131
119
117
92
122
123
137
120
114
112
147
146
107
116
116
122
85
95
115
119
130
142
119
135
116
123
82
120
121
125
111
113
120
7
7
148
144
109
113
114
126
82
97
116
121
128
141
115
135
120
126
92
124
121
126
112
118
126
148
147
112
112
117
127
84
100
118
124
129
141
108
145
120
129
95
127
122
129
115
119
127
151
148
114
118
118
125
87
98
118
123
130
140
115
141
123
129
95
130
122
129
115
116
128
156
145
111
125
118
123
86
92
113
117
132
140
128
133
121
118
92
118
121
128
112
115
140
158
148
120
103
131
124
96
99
121
124
138
141
127
140
129
126
96
125
125
135
119
117
140
149
142
118
103
130
123
97
96
120
119
142
138
130
135
130
117
90
109
124
134
119
106
136
144
140
110
115
123
121
96
90
116
112
138
128
122
130
127
108
87
108
121
129
115
102
131
154
146
123
103
137
117
104
90
119
112
134
124
127
122
132
113
93
119
125
131
118
102
138
158
148
119
106
129
118
101
86
119
111
148
138
133
128
132
108
89
110
126
131
116
106
147
157
148
119
105
130
117
101
85
122
113
143
137
131
131
136
106
96
117
127
135
117
114
142
153
146
123
107
137
113
105
79
121
107
135
127
132
117
135
101
96
113
126
135
116
105
140
2
157
148
126
104
137
114
106
81
126
111
139
132
132
128
138
110
95
123
125
135
118
106
146
1
155
143
121
105
133
115
103
83
126
111
143
131
131
131
141
113
106
123
126
135
118
106
143
155
148
122
103
131
116
98
84
121
108
143
140
127
132
133
116
97
123
128
135
116
112
140
158
148
122
107
136
115
96
82
122
114
126
135
120
132
133
114
95
121
127
134
113
109
141
157
148
104
113
115
116
87
81
117
110
146
132
127
134
125
112
90
112
121
127
106
103
145
154
146
112
99
117
118
81
86
108
110
138
137
115
138
110
123
83
124
120
128
105
111
138
149
138
102
104
113
119
78
86
110
117
122
135
101
135
114
119
92
123
117
128
105
103
130
139
136
95
107
103
120
75
87
109
112
124
129
113
129
113
117
83
117
114
124
103
98
126
135
128
98
107
108
121
75
86
100
105
113
125
100
123
101
114
69
108
112
123
101
91
121
139
131
98
116
106
120
76
86
100
106
120
121
101
129
103
112
76
109
113
124
102
92
123
154
148
114
92
121
118
88
93
115
121
137
136
125
139
118
125
90
129
121
131
111
107
137
151
140
109
99
119
117
87
85
112
111
135
127
118
125
119
110
88
113
119
130
108
94
137
151
140
112
101
121
113
89
82
106
103
133
125
121
124
118
101
87
99
117
130
107
95
140
151
140
112
93
127
113
96
85
116
110
139
127
127
122
130
108
93
105
116
133
112
99
136
149
137
107
99
126
113
97
85
119
111
144
124
132
127
132
109
100
114
116
134
114
95
138
152
141
117
95
130
112
99
83
122
112
141
126
133
125
134
104
100
108
120
136
114
94
142
2
150
140
115
99
132
112
103
82
125
113
143
119
134
120
140
109
113
108
119
135
114
88
139
10
150
135
118
97
132
112
103
83
124
112
141
118
130
124
136
110
115
109
118
135
115
83
139
21
145
129
118
94
133
113
102
84
128
109
135
114
120
117
139
107
115
104
119
134
115
79
133
14
140
131
108
95
120
110
92
77
119
107
131
117
125
116
130
106
109
103
118
131
108
78
131
7
135
129
99
93
113
108
88
75
111
107
125
119
123
124
122
106
110
102
114
129
105
78
122
9
132
125
98
96
118
111
92
80
116
107
124
116
119
127
126
108
105
99
111
128
107
78
117
5
142
132
103
98
116
111
87
81
112
109
128
122
119
119
118
109
89
109
115
129
108
86
128
2
148
142
107
95
119
112
89
87
113
109
128
125
112
128
121
116
96
114
117
131
111
98
134
3
147
139
107
97
118
113
89
87
114
113
133
126
121
125
120
117
92
119
114
129
110
99
135
6
148
138
108
97
116
110
85
82
111
114
135
124
120
125
113
114
84
118
113
126
106
97
138
5
153
143
109
98
114
110
81
80
109
106
133
123
112
126
113
114
79
116
115
124
101
95
141
9
158
147
110
99
112
109
79
77
109
107
137
125
111
120
115
110
84
111
119
123
98
96
145
17
152
143
105
98
111
109
78
78
103
105
133
122
105
124
112
111
90
111
117
121
98
94
140
12
149
142
99
100
110
109
81
78
107
108
127
122
111
125
115
114
83
114
113
120
99
91
133
1
149
148
100
101
113
110
84
78
111
108
131
126
123
128
118
112
84
108
113
121
102
97
134
2
148
139
103
99
114
110
86
78
109
106
130
131
112
126
120
111
87
110
117
124
104
97
135
10
149
136
106
98
117
108
89
77
112
106
131
124
121
125
125
108
86
105
118
125
107
92
136
9
147
137
107
97
119
108
91
79
110
103
131
124
119
132
124
106
88
101
113
125
108
91
135
7
146
133
104
97
119
110
88
81
103
104
131
122
115
121
114
112
81
110
110
126
108
90
136
4
3
145
133
105
92
118
106
87
79
103
99
130
113
111
106
116
105
80
97
113
129
109
86
135
1
139
126
103
91
115
106
84
79
101
99
124
113
105
115
110
105
73
100
114
128
106
83
127
4
141
129
102
93
112
106
84
79
104
105
123
115
113
116
112
111
79
114
112
124
105
84
128
11
149
136
105
93
115
105
86
78
107
104
131
115
114
111
117
107
83
104
111
123
105
90
137
19
1
148
137
104
93
115
110
85
83
109
107
128
121
110
120
118
115
82
112
111
123
106
98
134
23
149
139
111
93
121
109
88
83
113
111
125
121
116
122
121
114
86
114
115
125
108
95
138
26
145
136
110
95
120
107
90
80
111
107
126
116
117
118
123
111
91
109
115
123
106
94
135
24
139
130
99
95
111
109
86
81
109
106
130
117
114
116
119
114
85
109
109
121
105
91
132
23
135
129
100
92
112
108
86
82
109
106
122
116
112
116
117
110
78
101
107
123
107
86
123
26
134
135
101
93
120
109
89
84
110
105
112
122
100
127
120
114
80
108
108
123
108
92
116
29
141
132
96
96
126
110
94
86
111
106
131
116
112
122
121
118
84
117
106
122
109
96
135
34
1
139
127
97
109
109
110
89
85
115
114
131
115
126
124
125
116
88
113
103
117
108
97
129
34
13
139
132
102
95
112
113
90
91
114
114
126
128
112
128
121
119
82
110
104
121
112
100
130
34
138
133
101
84
119
115
97
95
120
121
136
133
129
133
126
128
96
122
105
125
117
108
130
35
139
134
97
99
112
110
92
88
116
117
126
124
118
129
124
119
94
113
106
121
112
105
128
29
137
131
97
87
116
107
92
86
109
107
122
120
111
124
115
115
81
104
106
122
111
98
127
18
134
127
99
90
117
108
94
86
114
112
122
120
120
126
123
115
89
109
104
122
112
97
125
17
3
137
132
97
93
116
109
92
85
116
110
125
120
111
119
122
114
78
113
105
121
111
97
122
18
142
133
94
91
113
108
88
82
108
104
123
116
108
118
117
110
79
106
103
120
107
93
127
19
133
130
93
91
111
106
84
79
99
100
114
117
106
119
110
104
82
99
100
118
104
92
123
18
126
121
88
88
110
109
84
82
109
105
106
115
98
119
115
113
74
106
98
119
104
89
117
7
131
121
95
90
110
110
80
83
104
105
117
118
101
123
111
115
81
109
101
119
103
94
115
132
127
94
93
104
109
78
80
101
103
120
122
108
120
108
113
85
111
103
116
99
100
116
1
135
126
93
92
105
106
82
79
106
103
115
116
102
119
110
110
77
104
100
115
100
92
123
135
128
94
94
109
108
84
83
105
104
115
123
102
124
111
114
80
108
98
115
101
97
120
137
132
96
96
110
110
84
86
109
108
116
128
98
127
111
119
76
114
101
116
104
109
124
137
133
95
95
111
108
85
84
109
113
121
124
108
127
111
115
78
108
102
117
105
104
123
131
124
89
94
112
108
85
83
107
107
112
118
110
121
114
112
86
106
99
114
103
100
117
128
124
92
95
109
107
81
82
100
99
105
119
90
117
106
108
68
94
97
114
100
95
113
130
132
94
92
106
108
81
85
105
104
107
127
106
125
112
112
79
102
98
115
101
101
111
133
132
96
89
108
105
82
82
108
110
114
121
108
125
114
111
78
108
100
115
101
101
119
135
128
85
98
93
103
73
75
97
97
122
118
95
117
103
103
68
100
100
109
93
103
123
128
123
87
107
101
101
75
72
99
97
108
116
94
114
105
103
74
102
99
109
94
100
113
134
127
94
87
109
105
83
78
107
101
119
124
95
123
114
107
81
100
99
114
101
105
122
142
137
94
87
107
106
80
78
98
98
124
131
108
120
108
107
88
99
101
115
100
110
129
134
131
90
97
104
104
77
75
97
98
112
121
113
121
105
107
80
102
99
113
97
103
120
125
125
84
87
103
104
79
76
99
96
103
123
95
123
106
107
79
97
96
112
97
103
108
120
120
86
91
105
104
76
76
95
97
90
119
93
121
97
111
67
106
96
113
96
100
102
124
122
88
91
105
107
76
78
101
100
108
124
99
123
101
113
73
107
97
113
97
104
115
138
136
90
95
99
106
75
76
100
99
129
129
107
115
108
110
89
105
98
109
93
111
128
142
138
93
92
99
103
75
76
100
99
115
122
103
116
107
110
82
102
98
107
93
105
127
127
128
88
89
103
106
81
84
110
107
117
124
108
132
115
117
86
110
94
109
99
105
113
135
128
90
91
105
110
85
90
118
115
129
128
118
130
126
123
99
119
93
110
104
112
133
147
140
89
91
101
108
79
86
106
108
130
131
110
129
114
117
94
104
93
109
100
117
143
125
126
83
91
97
106
77
83
103
103
113
123
101
125
110
109
85
97
89
109
98
103
118
127
118
87
86
103
104
82
83
106
105
118
114
108
123
113
111
87
106
90
113
102
102
125
139
126
91
86
106
104
82
85
105
107
128
120
113
127
111
117
85
113
93
114
102
110
136
138
128
93
87
110
103
80
82
104
103
119
123
102
126
107
108
77
97
97
111
100
103
135
140
130
94
84
107
101
80
81
106
103
121
115
100
122
111
108
90
102
99
109
99
101
133
139
130
94
89
97
104
76
81
104
98
121
119
95
125
112
106
94
103
95
105
96
106
127
140
134
91
90
107
106
77
84
103
96
119
124
104
128
109
114
86
114
94
107
97
110
136
140
135
93
91
105
103
78
79
107
107
112
122
110
122
112
117
93
114
96
108
96
106
133
146
137
95
92
94
100
72
72
100
101
123
126
101
122
103
104
79
95
98
104
89
109
136
147
133
94
85
104
101
80
80
112
106
137
131
120
131
120
119
95
119
96
106
95
118
142
144
136
98
91
106
101
80
77
109
108
128
128
113
126
118
116
99
116
97
107
95
120
140
144
139
97
90
103
99
75
75
96
100
131
130
114
126
104
111
86
108
99
105
91
123
140
145
135
97
88
105
100
80
78
105
105
130
127
112
131
113
116
88
119
97
104
94
114
143
143
135
92
88
104
103
82
81
104
104
120
126
103
128
113
114
81
110
93
103
96
115
136
138
136
91
84
111
103
87
86
110
109
118
127
114
128
119
116
91
117
91
108
103
122
132
140
134
89
85
103
104
83
84
106
104
132
126
112
124
114
113
86
108
92
108
101
118
138
139
130
89
84
99
101
78
80
95
92
123
124
102
121
102
107
69
103
93
105
97
117
131
141
133
91
85
103
98
80
76
96
97
117
121
100
121
103
103
72
100
94
104
97
113
135
141
133
88
87
102
101
81
80
97
98
124
128
106
126
104
108
73
104
92
105
98
121
135
144
136
92
83
104
100
80
80
98
101
123
126
105
124
104
109
72
108
96
107
98
120
137
141
134
90
83
101
96
75
75
92
95
118
119
91
118
98
106
74
103
96
105
93
111
133
142
134
87
88
97
97
71
73
89
89
115
125
90
118
95
103
63
97
92
101
88
118
133
143
139
85
87
97
101
73
79
98
95
116
128
102
126
105
111
71
103
90
103
92
119
134
142
142
86
86
98
100
73
78
94
101
116
127
103
119
101
111
73
108
92
104
92
120
130
142
139
87
85
96
97
72
75
92
98
117
125
97
123
100
109
69
106
94
101
89
119
136
141
139
85
84
94
94
69
71
88
89
116
125
85
122
95
103
60
97
94
97
84
120
131
140
139
87
87
95
93
68
68
86
89
110
129
100
123
92
99
56
94
95
97
84
121
130
138
137
84
87
94
95
70
71
94
91
106
129
95
124
104
104
73
95
94
100
87
108
128
141
138
84
85
95
93
68
68
86
88
120
123
97
117
96
100
68
95
94
102
85
110
130
146
138
87
85
94
91
66
66
80
83
121
117
101
112
91
97
64
92
94
101
83
118
140
142
140
88
85
94
91
65
65
81
79
114
122
90
116
88
94
48
83
92
100
83
120
134
7
140
137
86
82
96
91
65
65
78
83
107
124
90
117
86
97
48
91
93
102
84
124
128
11
139
133
84
79
100
90
70
65
82
84
100
117
84
107
94
98
60
91
93
103
86
112
125
14
141
137
86
79
90
89
67
65
79
79
115
116
93
111
90
92
50
85
93
100
83
105
132
19
143
133
88
78
90
87
67
62
78
78
115
113
92
104
91
91
56
83
92
99
83
109
137
21
142
134
88
80
94
87
65
61
74
73
110
118
86
103
88
84
45
75
93
100
82
113
132
28
140
137
87
79
88
87
63
62
73
74
106
115
85
103
84
83
45
74
95
102
83
93
134
29
136
131
85
77
90
88
65
65
74
75
98
113
79
108
82
84
44
72
94
101
84
70
128
20
134
130
83
79
90
91
66
69
77
75
109
114
70
112
87
84
46
78
90
99
86
73
122
10
7
144
141
84
81
89
91
63
70
74
74
107
119
80
104
86
91
44
81
92
99
84
114
132
7
149
147
85
82
88
91
59
66
71
81
111
125
95
108
82
94
43
82
94
100
81
121
138
4
146
142
87
80
90
88
60
63
74
76
118
117
84
105
88
87
52
75
93
98
78
77
139
6
148
142
90
79
88
86
57
61
70
71
117
117
92
108
80
90
41
82
93
94
74
125
142
11
144
142
86
83
84
86
54
57
68
74
105
126
84
112
75
86
38
77
94
93
73
152
132
7
9
149
148
88
83
86
87
57
61
70
71
99
124
78
105
80
88
39
77
97
95
76
109
133
13
2
151
149
87
84
87
89
61
63
72
73
105
127
86
108
81
91
42
84
97
94
77
129
134
8
5
154
147
89
82
92
86
67
62
76
74
110
123
87
109
86
91
48
78
96
95
80
105
140
1
6
160
150
95
78
99
84
73
63
83
80
120
115
96
110
99
92
63
83
100
99
84
78
149
164
162
95
83
95
84
65
56
71
72
118
126
86
105
84
82
41
68
103
99
78
148
148
155
161
86
87
83
85
53
54
60
65
93
138
73
109
70
83
27
69
100
94
70
176
133
157
152
90
85
87
84
57
55
69
70
111
124
88
115
85
88
50
88
99
92
70
117
145
166
158
97
85
89
85
54
53
65
65
123
127
89
104
79
83
40
72
101
91
68
101
155
157
159
88
85
85
91
57
61
76
79
102
142
83
117
86
99
51
100
98
92
73
151
135
168
167
92
86
90
86
63
61
82
81
117
130
87
114
95
93
60
91
99
93
77
153
152
168
165
95
86
90
85
63
59
70
71
123
132
94
108
85
86
46
72
98
93
77
127
157
160
158
91
82
89
87
64
64
75
81
110
130
86
113
85
95
43
89
96
95
81
133
146
2
166
160
92
81
90
89
64
68
78
80
114
129
91
114
86
92
45
80
96
96
84
111
150
5
165
159
90
83
91
91
66
69
76
78
114
135
96
112
87
91
52
80
94
95
84
119
149
7
160
162
84
84
88
89
64
68
70
72
107
131
87
112
80
87
35
74
92
94
81
143
142
162
161
85
81
90
87
66
66
76
77
111
127
91
116
89
87
47
73
93
94
81
111
145
164
160
89
80
95
86
69
65
79
81
118
128
86
106
92
88
54
83
94
97
83
140
153
162
160
86
81
92
88
65
66
73
74
112
136
81
110
85
87
41
80
91
96
81
165
149
160
160
83
80
89
85
62
61
72
73
102
135
89
118
87
79
39
71
90
95
77
108
141
166
162
89
77
92
82
62
59
72
72
115
127
90
105
84
82
37
75
93
96
75
120
151
9
164
160
86
83
88
85
57
59
72
73
108
140
86
105
83
87
40
77
93
93
74
171
148
4
163
163
84
84
83
87
53
60
65
71
104
140
84
124
76
88
37
80
94
91
72
137
144
168
159
86
78
88
87
59
64
74
81
123
128
101
127
85
97
54
89
92
90
75
75
157
177
168
88
79
86
84
58
58
72
75
119
126
78
103
85
80
49
65
92
91
73
126
165
171
175
84
89
80
87
46
55
53
62
114
147
67
103
62
79
19
75
90
89
68
213
157
156
166
74
85
77
88
47
59
59
69
88
152
76
125
63
88
16
90
88
91
71
142
131
161
162
78
77
80
83
50
57
60
65
92
129
70
112
66
76
30
69
88
91
72
130
138
174
163
91
79
85
81
51
52
51
53
128
128
84
98
68
66
29
54
