4826
412
4930
3218
1074
4723
4999
4826
4999
1448
4999
4826
4999
4999
4826
4999
4901
4897
1312
4821
406
4999
3119
1043
4718
4998
4820
4999
1405
4999
4820
4999
4999
4820
4999
4895
4890
1254
4814
379
4994
3001
994
4711
4983
4813
4999
1344
4999
4813
4999
4999
4813
4999
4888
4884
1220
4808
368
4999
2902
956
4705
4993
4807
4999
1294
4993
4807
4999
4999
4807
4999
4882
4877
1190
4801
361
4999
2810
930
4699
4988
4807
4999
1259
4998
4801
4999
4999
4801
4999
4875
4871
1141
4795
348
4998
2716
896
4693
4965
4869
4999
1214
4995
4794
4999
4999
4794
4999
4869
4864
1097
4788
339
4999
2627
863
4687
4994
4985
4999
1183
4997
4788
4999
4999
4788
4999
4862
4858
425
4845
143
4939
866
333
1562
4880
4992
4868
461
4877
4847
4845
4871
4847
4878
4856
4851
4987
4920
3684
141
223
1405
4522
881
4998
4486
1998
4468
4988
4361
4470
4987
4512
1249
4849
4845
4981
4868
4863
129
220
1512
4334
938
4988
4307
2169
4289
4981
4177
4324
4981
4384
1339
4843
4839
4984
4684
4895
82
149
1059
4261
658
4982
4238
1519
4269
4984
4156
4308
4985
4372
938
4836
4832
4977
4551
4927
122
206
1395
4092
867
4976
4066
1994
4124
4976
3992
4173
4976
4252
1242
4830
4826
108
427
13
65
1
28
41
3
140
140
164
50
385
1
130
343
176
87
92
25
213
69
681
95
96
96
176
53
417
139
639
188
168
60
50
402
133
912
182
56
56
196
59
467
154
951
210
229
8
69
547
181
1110
248
3
3
231
7
69
553
183
1232
250
10
10
272
81
646
214
1323
293
276
13
82
659
218
1467
298
16
16
304
91
726
241
1546
329
319
95
762
252
1672
345
7
7
338
101
804
267
1761
364
357
106
851
282
1863
386
371
111
884
293
1960
401
2
2
390
117
931
309
2047
421
404
121
963
319
2141
436
2
2
421
126
1002
332
2221
455
435
130
1036
344
2308
470
1
1
449
135
1070
355
2387
485
463
139
1104
367
2465
501
476
143
1135
377
2540
515
490
147
1168
387
2612
529
502
151
1196
397
2683
542
514
154
1225
407
2750
555
526
158
1254
417
2817
568
537
162
1280
425
2880
580
548
165
1306
434
2941
592
559
168
1332
443
3001
603
569
171
1356
451
3058
614
579
175
1380
458
3113
625
589
178
1403
466
3167
636
599
182
1426
475
3219
647
610
186
1448
483
3271
658
619
190
1470
491
3320
668
629
194
1492
499
3368
678
639
197
1511
507
3413
688
647
200
1531
514
3457
697
656
204
1550
1
521
3501
706
663
207
1568
1
527
3541
715
671
208
1585
1
533
3581
723
679
212
1602
2
540
3620
731
686
216
1619
4
546
3657
739
694
218
1635
5
552
3694
747
701
221
1650
6
558
3728
754
707
223
1664
5
562
3761
760
712
224
1677
5
567
3791
766
717
226
1690
5
571
3821
772
723
228
1703
5
575
3851
777
727
229
1714
5
579
3878
783
732
231
1726
5
583
3905
788
737
233
1737
5
587
3931
793
742
234
1748
5
590
3957
798
746
235
1758
5
594
3981
803
750
236
1768
5
597
4003
807
755
238
1778
5
601
4026
811
758
239
1787
5
603
4047
816
762
240
1795
5
606
4067
820
766
241
1804
5
610
4088
823
769
243
1812
5
612
4106
827
772
244
1819
4
614
4125
831
775
245
1827
4
617
4142
834
778
245
1834
5
620
4159
837
781
246
1841
5
622
4175
841
784
247
1848
4
624
4190
843
786
248
1854
4
626
4205
846
789
249
1860
5
628
4219
849
791
249
1866
5
630
4232
852
794
251
1872
4
632
4245
854
796
251
1877
5
634
4257
856
798
251
1881
4
635
4269
858
800
252
1887
4
637
4280
861
802
253
1891
4
639
4291
862
804
253
1895
4
640
4301
864
806
254
1899
4
641
4311
867
808
255
1904
4
643
4320
868
809
255
1907
4
645
4329
870
810
256
1911
4
645
4337
871
812
256
1915
4
647
4345
873
814
257
1917
4
648
4352
874
814
257
1920
4
648
4359
876
816
257
1923
4
649
4365
877
816
257
1926
4
650
4372
878
817
257
1928
4
651
4378
880
818
258
1930
4
652
4383
880
819
258
1933
4
653
4388
881
820
258
1934
4
653
4393
882
821
259
1937
4
653
4397
883
822
259
1938
4
655
4402
884
823
260
1940
4
655
4405
884
823
260
1941
3
655
4409
885
823
260
1943
4
656
4412
886
824
260
1945
4
657
4415
886
825
260
1945
4
657
4418
887
825
260
1946
3
657
4420
887
826
260
1947
3
658
4423
887
826
260
1948
4
658
4424
888
826
260
1949
3
658
4426
889
826
261
1950
3
658
4428
888
826
261
1950
3
658
4429
889
827
261
1950
3
658
4430
889
827
261
1951
3
659
4430
889
827
261
1951
4
659
4431
890
827
261
1951
4
659
4432
890
827
261
1951
3
659
4432
889
827
261
1951
3
659
4432
889
827
261
1951
3
659
4432
889
827
261
1951
3
659
4431
889
827
261
1951
3
658
4431
889
827
261
1951
3
658
4430
889
826
261
1950
3
658
4430
889
826
261
1950
3
658
4429
889
826
261
1950
3
658
4428
888
826
261
1949
3
658
4426
888
825
260
1948
3
658
4425
888
826
261
1948
3
657
4424
887
825
261
1947
3
658
4422
887
824
260
1946
3
657
4420
887
824
261
1945
3
657
4419
886
824
260
1944
3
657
4417
886
823
260
1943
3
656
4414
886
823
260
1942
3
656
4412
885
823
260
1941
3
655
4410
884
822
259
1940
3
655
4407
884
822
260
1939
3
655
4404
883
821
260
1938
3
654
4402
883
820
259
1937
3
654
4399
882
820
259
1935
3
653
4396
882
820
259
1934
3
653
4394
881
819
259
1933
3
653
4391
880
818
258
1931
3
652
4388
880
818
259
1930
3
651
4385
879
817
259
1929
3
651
4381
878
816
258
1927
3
651
4378
878
816
257
1926
3
650
4375
877
815
258
1924
3
650
4371
876
814
257
1922
3
649
4367
876
814
257
1921
3
648
4364
875
814
257
1920
3
648
4361
874
813
257
1918
3
648
4356
873
812
256
1916
3
647
4353
873
811
256
1914
3
646
4349
872
811
256
1913
3
646
4345
871
810
256
1911
3
645
4341
870
809
255
1909
3
644
4338
870
808
256
1908
3
644
4334
869
808
255
1906
3
644
4329
868
807
254
1904
2
643
4325
867
806
255
1902
3
642
4321
866
805
254
1900
3
642
4317
865
804
254
1899
3
641
4313
865
804
254
1896
3
641
4308
864
803
254
1895
3
640
4304
863
802
254
1893
3
639
4300
862
801
253
1891
2
639
4295
861
801
253
1890
3
638
4291
860
799
253
1887
3
637
4287
859
798
252
1885
3
636
4282
858
798
252
1884
3
636
4277
858
797
252
1881
3
635
4273
857
796
252
1879
3
634
4268
856
795
252
1877
3
634
4264
855
794
251
1875
3
633
4259
854
793
251
1874
3
632
4255
853
793
251
1871
3
632
4250
852
792
250
1869
3
631
4245
851
791
250
1867
3
630
4241
850
790
250
1864
3
629
4235
850
789
250
1863
3
629
4231
848
789
249
1860
3
629
4226
847
787
249
1859
2
628
4221
846
786
248
1856
2
627
4217
845
785
249
1855
3
626
4212
844
785
248
1852
3
625
4207
844
784
248
1850
2
624
4202
842
783
248
1848
3
624
4197
841
782
247
1846
3
623
4192
840
781
247
1844
3
623
4187
839
780
247
1842
3
622
4182
838
779
247
1839
3
621
4178
837
778
246
1837
3
620
4173
837
777
246
1835
3
620
4167
836
776
245
1833
3
619
4163
834
775
245
1830
3
618
4158
833
774
245
1828
2
617
4152
832
774
245
1826
3
617
4148
832
773
244
1824
3
616
4143
831
772
244
1821
2
615
4138
829
770
244
1819
3
614
4133
828
770
243
1817
3
614
4128
827
769
243
1815
2
612
4122
826
768
242
1813
3
612
4118
825
778
246
1837
3
620
4173
837
777
246
1835
3
620
4167
836
776
245
1833
3
619
4163
834
775
245
1830
3
618
4158
833
774
245
1828
2
617
4152
832
774
245
1826
3
617
4148
832
773
244
1824
3
616
4143
831
772
244
1821
2
615
4138
829
770
244
1819
3
614
4133
828
770
243
1817
3
614
4128
827
769
243
1815
2
612
4122
826
768
242
1813
3
612
4118
825
767
242
1811
3
612
4113
824
766
242
1808
3
610
4107
823
765
242
1806
3
610
4102
822
764
242
1804
3
609
4098
821
763
241
1801
3
608
4092
820
762
241
1799
2
608
4087
819
762
241
1797
3
607
4082
818
760
241
1795
3
606
4077
817
759
240
1793
2
605
4071
816
758
240
1791
2
605
4067
815
757
240
1789
2
604
4062
814
757
239
1786
2
603
4057
813
749
240
1761
8
598
3993
805
748
240
1759
8
597
3988
804
747
240
1757
9
597
3983
803
747
240
1755
9
596
3966
802
533
171
1257
6
428
2549
583
347
93
3
4
22
70
13
161
63
26
42
305
45
35
299
29
12
331
343
77
162
6
7
47
152
29
146
154
67
112
100
130
105
104
97
43
138
94
62
20
148
1
51
159
68
124
155
6
7
43
138
27
146
137
59
98
128
112
91
129
83
37
146
124
32
10
73
1
25
97
31
74
59
3
3
16
51
10
62
50
21
36
69
40
32
70
29
12
101
73
7
2
14
5
43
1
4
16
4
15
2
8
1
3
1
3
9
9
31
14
8
25
1
3
2
8
23
5
20
22
10
17
9
19
16
9
13
5
7
10
3
20
1
8
16
8
21
24
1
3
1
7
22
5
23
21
9
16
19
17
14
19
12
5
70
19
6
2
13
1
5
16
2
5
19
13
9
1
2
1
3
9
2
9
8
3
6
10
7
5
10
3
2
12
3
1
3
1
2
5
3
1
1
1
1
1
1
1
3
4
1
4
1
2
2
1
1
1
1
43
2
1
5
5
1
1
3
1
3
5
2
5
5
3
5
2
5
3
2
2
1
83
2
4
1
5
1
3
3
2
1
1
2
5
2
6
1
5
1
1
3
1
3
5
2
4
4
2
4
3
4
3
3
1
1
4
3
1
2
4
2
2
3
3
2
1
1
1
41
3
5
1
2
2
2
2
3
1
2
3
2
3
2
1
3
2
3
2
2
41
2
3
3
1
1
3
2
2
1
3
1
2
3
2
1
2
1
2
2
2
3
3
1
1
4
2
2
3
2
2
2
2
1
1
1
1
2
2
1
1
3
4
1
2
2
2
2
3
2
2
3
2
3
3
1
1
3
1
3
3
1
24
1
3
3
1
1
4
2
2
3
2
2
2
2
1
1
1
1
2
2
2
49
3
4
1
2
3
2
2
3
2
2
3
2
3
2
2
1
3
1
3
2
1
9
1
3
4
1
1
3
2
3
1
4
2
2
2
2
2
2
2
1
2
3
2
1
3
4
1
1
3
2
2
4
2
2
3
2
2
2
2
1
3
1
3
2
1
21
1
4
5
1
2
4
3
3
4
2
3
3
3
2
2
1
1
3
1
3
2
58
1
4
4
2
2
4
3
3
4
2
3
3
2
2
2
2
1
3
1
3
2
24
1
4
5
2
2
4
3
3
4
2
3
4
2
3
3
2
2
3
1
3
3
1
1
1
4
5
2
2
4
3
3
5
2
3
3
3
3
3
2
2
3
1
3
3
1
13
1
4
5
2
2
4
3
3
4
2
3
3
2
3
2
2
1
3
1
3
2
1
67
1
4
5
1
1
4
3
3
4
2
3
3
3
2
3
2
2
3
2
3
2
1
1
26
1
4
5
1
2
4
3
2
5
2
3
3
3
3
3
2
2
3
1
3
2
1
1
1
4
5
1
2
4
3
2
1
5
3
3
3
3
3
2
2
1
3
1
3
2
1
1
5
5
1
2
5
3
3
1
5
2
3
4
3
3
3
2
2
4
2
3
3
1
57
1
4
6
1
1
5
3
3
1
5
3
4
4
3
3
3
3
2
4
2
4
3
1
1
1
41
1
5
6
2
1
5
3
3
1
5
3
3
4
3
3
3
3
2
4
2
3
3
1
1
1
5
6
2
2
5
3
3
1
6
2
3
4
3
3
3
2
2
4
2
4
3
1
1
1
5
6
2
2
5
3
3
1
6
3
4
4
3
4
3
3
3
4
2
4
3
1
1
1
33
2
5
6
2
2
5
4
3
1
6
3
4
4
3
3
3
3
2
4
2
4
3
2
1
21
1
5
6
2
2
6
3
3
1
6
3
4
4
3
4
3
3
2
4
2
4
3
1
1
1
5
6
2
2
5
4
4
1
6
3
4
4
3
4
3
3
3
4
2
4
3
1
1
2
5
6
1
1
5
4
4
1
6
3
4
4
3
4
3
3
3
4
2
4
3
1
1
17
1
5
6
2
2
6
3
4
1
7
3
4
4
3
4
3
3
3
4
2
4
3
1
1
44
1
5
7
2
2
6
4
4
1
7
3
4
5
4
4
4
4
3
5
2
5
3
1
1
2
5
7
2
2
5
4
4
1
6
3
5
5
4
4
4
3
4
5
2
5
4
2
1
1
6
7
2
2
6
4
4
1
6
4
4
5
4
4
3
3
3
4
2
5
3
1
1
47
1
6
7
2
2
6
4
4
1
7
3
4
5
4
4
4
4
3
5
2
5
3
2
1
1
76
1
6
7
2
2
6
4
4
2
7
3
5
5
4
4
4
4
3
5
3
5
4
2
1
1
21
1
6
7
2
2
6
4
5
1
7
4
5
5
4
5
4
4
4
5
2
5
4
2
1
1
1
6
8
2
2
6
4
4
1
7
4
5
5
4
5
4
4
3
5
2
5
4
1
1
1
34
1
6
8
2
2
7
4
4
2
7
4
5
5
4
5
4
4
4
5
3
5
4
2
1
2
63
1
6
7
1
2
7
5
4
1
7
4
5
5
4
5
4
4
4
5
3
5
4
2
1
2
31
1
6
8
2
2
7
5
5
2
8
4
6
5
5
5
4
4
3
5
3
5
4
2
1
1
1
6
8
2
2
7
4
5
2
8
4
5
5
5
5
5
4
4
5
3
5
4
2
1
2
14
2
7
8
2
2
7
5
5
2
8
4
5
5
4
5
5
5
4
5
3
6
4
2
1
2
84
2
7
9
2
2
7
5
5
2
8
4
5
6
5
5
5
5
4
5
3
6
4
2
2
23
1
7
9
2
3
7
5
5
2
8
5
5
6
5
5
5
4
4
5
3
5
4
2
1
2
8
1
7
8
2
2
7
5
5
2
8
4
6
6
5
5
5
5
4
6
3
6
5
2
1
2
23
2
7
9
2
2
7
5
4
2
8
4
5
6
5
5
5
5
4
5
3
6
4
2
1
2
68
1
7
9
2
3
8
5
5
2
8
4
5
6
5
5
5
5
4
6
3
6
4
2
1
2
58
1
7
9
2
3
8
5
5
2
8
5
6
6
5
6
5
5
5
7
4
6
5
2
1
2
2
7
9
2
2
8
5
5
2
9
5
6
6
5
6
5
5
5
6
3
6
5
2
1
2
2
8
9
2
3
8
6
5
2
8
4
6
6
5
6
5
5
4
6
3
6
5
2
2
43
1
7
9
3
3
8
5
5
2
9
4
7
6
5
6
5
5
5
6
4
7
5
3
1
2
35
1
7
9
2
2
8
6
5
2
9
5
6
7
5
6
6
5
5
7
4
7
5
2
1
2
2
8
9
2
3
8
6
5
2
9
5
6
7
5
6
5
5
5
7
4
7
5
2
1
2
2
7
10
2
3
8
6
5
2
9
5
6
7
5
7
5
5
5
6
4
6
5
2
1
2
60
1
7
9
2
2
8
6
5
2
9
5
6
7
5
7
6
5
5
7
4
7
5
3
1
2
58
2
8
10
3
3
9
6
6
3
10
5
7
7
5
6
6
6
5
7
4
7
5
3
1
3
2
8
10
3
3
8
6
6
3
10
5
7
7
6
7
6
6
5
7
4
7
5
3
1
2
1
8
10
3
3
8
6
6
3
10
5
7
7
6
7
6
5
5
7
4
7
5
3
1
3
39
1
9
10
3
3
9
6
6
3
9
5
7
7
6
7
6
6
5
7
5
7
5
3
1
3
43
2
8
10
3
3
9
6
6
3
10
5
7
7
6
7
6
6
5
7
4
7
5
2
1
3
20
1
8
10
2
3
9
6
6
3
10
5
7
7
6
7
6
6
6
7
5
7
5
3
1
3
1
8
10
2
2
9
6
6
3
10
5
7
7
6
7
6
6
6
7
5
8
5
3
1
3
8
1
9
11
3
3
9
6
6
3
10
5
7
7
6
7
6
6
6
7
4
7
5
3
1
3
71
1
9
11
3
3
9
6
6
3
10
5
7
7
6
7
6
6
6
7
5
7
5
3
1
3
26
2
9
11
3
2
9
6
6
3
10
6
7
7
6
7
6
6
6
8
5
8
5
3
1
3
2
9
11
3
3
9
7
6
3
10
6
7
8
6
7
7
6
6
7
4
7
5
3
1
3
1
9
11
3
3
9
7
6
3
10
6
7
8
6
7
6
6
6
8
5
8
6
3
1
3
38
1
9
11
2
3
9
6
6
3
11
6
8
8
6
8
7
6
6
8
5
8
6
3
1
3
13
2
9
11
3
3
10
7
6
3
11
6
8
8
7
8
7
7
6
8
5
8
5
3
1
3
2
9
12
3
3
10
7
6
3
10
6
8
8
7
8
6
6
6
8
5
8
5
3
1
3
1
9
11
3
3
10
7
6
3
11
6
8
8
7
8
7
6
7
8
5
8
6
3
1
3
58
2
9
12
3
3
10
7
7
3
11
6
8
8
7
8
7
7
7
8
5
8
6
3
2
4
33
2
9
12
3
3
9
7
7
3
11
7
8
8
7
8
7
7
6
8
5
8
6
3
1
3
1
10
12
3
3
10
7
7
3
11
6
8
8
7
8
7
7
7
8
5
8
6
3
1
3
1
9
12
3
3
10
7
7
3
11
6
8
8
7
8
7
7
7
8
5
9
6
3
1
3
24
1
9
12
3
3
10
7
7
3
11
6
8
8
7
8
7
6
7
8
5
9
6
3
1
3
8
1
10
12
3
3
10
7
7
3
11
7
8
8
7
8
7
7
7
8
5
9
6
3
1
3
1
10
12
3
3
10
7
7
3
11
6
9
8
7
8
7
7
7
9
5
9
6
3
1
4
1
10
12
3
3
10
7
7
4
12
6
8
8
7
8
7
7
7
8
5
9
6
3
1
3
17
1
10
12
3
3
11
8
7
4
11
7
8
9
7
8
7
7
7
9
5
9
6
3
1
3
42
1
10
12
3
3
10
7
7
3
12
7
9
9
7
9
7
7
7
9
6
9
7
3
1
4
1
10
12
3
3
10
7
7
3
12
7
9
9
7
9
7
7
8
9
6
9
7
3
1
4
2
10
13
3
3
11
8
7
4
12
7
9
9
7
9
7
7
7
9
6
9
6
3
2
3
9
1
11
13
3
3
11
8
8
4
12
7
9
9
7
9
7
7
7
9
6
9
7
3
1
3
36
1
10
13
3
3
11
8
7
3
12
7
9
9
8
9
8
7
8
9
6
9
7
4
2
4
2
11
13
3
3
11
8
7
4
12
7
9
9
7
9
8
7
7
9
6
9
6
3
1
4
1
11
13
3
3
11
8
8
4
12
7
9
9
7
9
8
7
8
9
5
9
7
