186
194
184
183
182
167
171
167
171
150
221
168
186
167
169
167
290
200
185
164
227
160
108
10
201
232
184
192
188
193
173
180
178
178
160
188
174
189
166
166
170
252
204
193
173
241
175
123
9
301
270
176
166
183
184
169
180
172
178
163
226
169
188
161
173
170
264
206
188
171
240
199
140
7
278
225
182
156
186
188
171
184
173
182
159
235
166
207
164
183
168
290
198
189
174
242
185
134
5
222
211
171
155
170
183
158
174
163
170
143
241
159
184
153
175
161
238
189
178
162
232
169
157
255
215
196
201
184
208
170
191
175
187
158
215
165
204
166
189
167
263
204
194
177
243
181
230
245
220
194
189
191
210
179
204
189
202
166
217
190
219
178
213
174
280
207
198
185
254
166
295
221
159
171
164
168
178
154
177
159
172
136
240
160
180
149
173
163
282
187
173
159
234
163
359
214
203
153
176
184
185
173
183
179
185
146
226
170
202
173
161
167
310
201
187
174
247
184
447
223
277
152
147
179
184
173
190
182
193
145
227
170
218
170
200
168
289
194
183
175
242
164
513
214
200
174
150
158
164
153
168
165
171
122
170
148
177
152
155
160
274
168
164
156
216
149
558
187
180
183
177
177
186
171
188
186
193
139
212
162
197
175
183
166
265
195
184
175
234
151
575
196
208
173
156
168
178
161
180
171
181
132
201
150
186
160
174
164
259
187
175
165
222
141
462
5
232
238
165
154
171
170
165
179
177
183
127
199
152
198
169
182
162
285
187
175
167
214
150
319
11
261
251
192
183
203
206
196
210
206
210
146
246
173
221
195
203
175
276
223
208
198
236
172
258
24
225
230
182
168
187
191
182
190
190
191
136
211
172
194
178
170
173
251
197
191
181
211
158
136
16
222
213
174
154
166
168
157
167
162
170
140
200
143
176
154
168
161
277
176
166
154
207
168
31
4
251
225
192
170
177
177
166
178
169
179
157
201
176
190
162
180
163
295
194
178
165
213
185
74
213
214
173
161
169
166
159
166
162
167
140
184
167
179
157
163
160
257
187
171
158
184
166
83
209
205
184
153
162
159
147
155
148
153
139
177
145
159
148
147
155
255
188
163
147
162
177
74
239
213
210
189
184
183
168
177
168
176
166
196
184
182
160
168
164
260
210
185
168
170
205
89
267
217
197
209
211
216
191
207
195
203
192
228
187
206
178
198
180
295
238
211
195
189
225
135
6
279
251
194
193
216
214
191
207
194
202
202
217
193
207
186
199
181
291
237
210
193
179
223
145
3
261
247
253
202
199
204
180
192
179
183
189
199
190
194
176
168
168
244
214
199
180
154
225
111
286
206
236
227
199
218
182
194
182
187
183
186
182
180
175
169
171
231
214
202
184
139
228
116
330
278
185
173
188
182
170
179
169
176
187
208
178
174
162
166
167
238
215
187
171
135
218
108
268
310
211
148
193
182
181
189
176
184
183
228
179
197
173
186
171
300
236
197
180
144
278
115
201
250
240
189
211
210
192
197
185
192
177
235
173
198
178
196
172
299
232
213
191
141
247
115
247
125
228
222
208
215
190
196
183
191
177
200
160
207
173
200
166
289
252
214
189
134
225
109
350
232
197
214
207
204
193
200
183
199
189
208
169
200
178
208
169
275
245
209
192
132
281
122
310
348
212
193
208
199
192
194
184
193
181
250
190
186
180
175
170
272
204
205
190
136
244
127
332
254
114
189
205
200
192
197
195
194
189
237
189
188
180
166
172
237
227
210
193
139
230
133
346
321
195
174
203
191
195
200
198
201
202
217
185
179
188
164
172
221
230
207
196
148
248
126
4
298
305
237
161
196
189
189
202
192
202
186
237
190
193
182
185
171
285
233
203
192
142
257
105
7
313
312
181
179
193
183
180
197
190
198
181
233
173
178
161
180
167
237
228
199
188
139
254
124
315
277
221
194
187
186
178
189
189
191
180
210
173
156
175
152
169
220
219
195
183
134
238
126
314
225
203
189
187
190
175
189
191
193
176
203
179
165
175
162
171
249
221
192
180
124
222
123
271
246
211
175
187
184
173
185
191
196
173
213
170
180
169
182
168
279
214
189
177
132
193
125
279
243
188
177
178
183
169
182
188
189
164
216
162
178
173
173
172
298
211
184
173
121
233
108
275
247
180
154
172
160
158
170
176
177
161
181
141
158
154
164
167
255
205
175
164
114
246
107
253
241
216
186
196
180
179
185
192
196
179
197
150
184
168
178
164
262
227
199
184
134
226
131
272
267
213
211
215
202
203
201
210
205
197
228
205
188
198
175
171
254
244
218
204
153
264
141
1
304
283
177
193
222
200
211
207
217
213
203
218
212
200
205
185
181
258
242
223
212
158
248
149
5
319
261
212
201
218
211
213
213
223
218
199
222
198
198
209
195
180
280
241
223
214
149
224
149
10
289
233
230
187
195
192
193
192
203
194
175
197
188
168
183
163
171
245
216
201
194
125
232
128
7
272
237
217
199
206
203
201
201
208
203
181
185
187
183
188
169
175
252
223
214
203
137
236
142
5
232
222
241
215
214
218
206
213
209
215
182
193
193
200
196
198
176
264
239
222
209
142
209
143
14
279
215
197
201
188
207
179
197
183
195
160
171
168
179
162
183
161
265
206
196
186
118
214
113
10
282
242
202
181
190
200
182
206
189
204
168
184
159
204
164
200
163
337
211
200
192
139
224
129
5
237
254
240
185
212
213
202
220
208
220
186
239
188
220
196
215
176
314
244
220
209
157
221
153
6
299
271
212
189
205
205
198
210
214
219
185
240
188
198
197
183
178
218
224
211
203
151
247
163
283
251
206
183
189
192
181
198
198
204
180
204
170
196
181
181
175
231
212
196
186
149
218
156
266
260
211
209
193
210
184
209
201
214
182
205
177
204
187
211
178
284
227
204
192
156
235
151
277
262
191
188
183
195
174
195
197
206
166
215
161
177
185
184
171
261
212
193
181
145
231
164
221
254
209
163
176
179
161
175
180
186
158
201
154
173
171
164
164
269
202
182
166
133
194
130
3
255
239
189
165
172
179
156
175
167
184
158
179
155
181
162
186
161
292
195
177
163
133
216
141
3
332
247
158
194
184
196
171
192
185
197
180
210
181
198
176
196
173
298
217
193
180
148
231
176
271
240
203
227
196
209
184
205
200
211
189
219
195
211
181
195
174
279
227
208
194
162
220
170
1
251
229
193
228
214
221
201
214
208
220
195
214
195
211
198
202
181
266
237
221
206
172
226
184
279
271
210
206
210
207
200
211
207
217
200
235
196
210
195
202
183
301
238
217
205
164
231
180
250
227
207
173
177
183
168
183
172
188
166
196
155
183
159
179
167
279
188
183
173
138
218
169
272
257
174
155
177
180
166
184
175
189
157
192
154
177
154
183
167
259
185
180
171
137
220
159
225
269
230
165
188
188
181
193
187
199
168
218
169
174
172
172
168
245
204
193
184
141
205
167
1
217
228
206
188
198
215
191
206
195
206
181
236
181
190
178
179
173
254
216
206
198
156
255
192
294
273
127
160
183
197
177
196
184
197
164
203
162
187
169
179
166
270
192
190
187
143
208
169
265
239
177
189
183
199
173
195
179
192
160
193
161
187
165
177
166
282
195
193
186
141
189
182
276
234
243
227
209
236
199
224
205
221
187
237
197
213
188
216
176
294
237
225
215
172
250
213
271
231
230
193
202
208
185
209
194
208
170
205
168
195
171
196
173
273
222
215
202
156
220
202
281
251
166
200
185
192
166
190
180
188
159
201
156
191
156
172
166
270
200
197
183
141
218
208
261
335
191
205
198
216
183
208
199
209
176
270
180
201
187
196
176
284
218
213
201
166
228
229
259
263
198
209
186
211
170
196
181
194
174
242
173
187
160
178
171
275
218
205
189
162
199
222
284
223
183
211
186
204
167
187
178
184
171
210
162
200
158
172
167
262
213
201
184
155
203
207
281
245
183
206
191
210
178
198
190
196
184
225
163
191
173
173
175
225
226
209
196
165
277
232
2
337
292
191
211
206
226
199
224
208
220
205
258
199
233
198
210
181
288
249
225
215
191
271
268
9
303
268
198
187
189
196
185
201
191
203
180
234
177
209
176
190
169
301
221
203
194
170
230
249
6
251
231
171
152
172
175
169
182
174
187
161
212
162
176
156
173
164
261
198
183
177
145
219
216
267
267
196
177
192
198
189
200
191
205
174
221
173
202
178
195
171
303
215
201
196
156
216
226
248
268
185
182
178
185
174
184
175
186
160
202
156
184
160
173
163
288
195
186
181
148
211
218
268
272
213
204
206
212
203
208
199
206
186
219
194
213
190
190
174
279
222
214
209
169
225
243
298
273
238
225
221
236
219
227
214
228
198
238
204
213
213
211
182
309
237
231
225
178
242
251
274
287
225
184
206
218
195
212
191
208
182
238
183
204
177
201
172
320
225
215
205
166
233
231
5
242
257
192
172
189
195
173
194
176
192
157
199
149
196
146
184
160
268
214
199
186
138
194
200
6
288
262
172
216
218
233
205
226
209
223
186
244
179
209
198
203
173
237
222
227
217
166
223
214
4
302
286
225
230
235
248
218
242
219
235
209
229
211
235
198
206
184
265
240
244
233
184
251
235
274
272
243
209
223
230
204
233
207
228
199
223
194
216
182
208
178
288
243
234
220
171
235
218
272
259
202
199
215
221
196
225
200
217
190
240
194
199
184
200
175
285
225
226
212
164
233
187
9
248
243
212
182
199
207
180
209
184
203
173
192
167
186
166
185
172
271
213
207
194
146
227
168
9
271
249
222
202
211
211
189
214
189
209
188
207
164
206
174
201
178
283
218
214
200
144
211
170
6
207
234
217
200
201
201
183
203
183
198
176
195
178
201
172
187
171
284
211
205
192
133
201
155
233
209
231
199
211
221
193
212
193
210
188
178
201
191
185
195
177
292
229
215
201
143
206
157
270
220
204
192
203
196
184
201
185
204
181
190
190
190
168
188
177
272
223
204
191
132
231
147
268
218
160
161
174
157
161
169
160
175
161
182
172
163
152
150
164
256
184
175
162
113
242
116
300
216
218
186
197
204
184
199
184
201
188
187
184
187
171
187
174
291
203
203
189
136
223
125
245
275
226
171
197
189
185
196
188
202
183
220
177
186
170
191
177
267
218
206
191
142
236
135
286
307
202
161
211
188
193
192
193
200
198
212
187
180
183
175
179
252
226
214
195
152
244
135
295
290
202
184
222
190
207
195
201
205
216
223
207
176
196
171
181
240
252
228
207
161
256
138
290
279
200
191
209
188
196
186
187
193
197
230
194
188
180
172
178
236
236
220
198
151
256
133
316
283
180
191
212
196
193
188
181
188
188
204
184
193
167
179
174
289
221
222
198
145
233
118
275
262
186
187
210
195
191
189
179
187
189
218
185
173
174
180
173
281
235
222
198
143
229
129
255
236
251
209
201
204
179
188
168
182
191
203
169
185
157
181
169
300
234
218
191
154
234
130
212
223
264
257
224
228
198
205
191
200
205
233
200
217
176
180
173
299
256
240
210
182
232
120
260
214
258
233
226
245
197
208
191
200
195
246
203
198
175
176
171
270
254
240
210
169
218
128
232
248
211
164
200
187
175
183
169
178
179
214
166
170
154
143
164
211
223
208
186
157
221
119
252
321
218
173
209
196
190
203
184
197
194
237
180
199
171
173
172
252
228
218
201
179
245
119
425
349
225
207
220
230
201
222
193
210
212
241
198
210
176
187
174
296
235
231
215
184
256
130
305
307
203
190
213
203
198
214
193
207
201
256
197
203
184
177
176
267
234
224
210
173
249
122
306
263
186
185
201
197
187
202
187
201
189
222
176
198
177
189
175
278
218
210
197
161
258
114
316
272
203
183
202
199
190
205
189
206
194
225
183
195
174
193
181
289
225
211
199
161
251
118
257
255
229
189
203
206
189
208
184
204
190
213
183
204
170
202
177
290
225
211
198
155
212
113
227
214
226
204
205
214
190
207
189
203
184
208
177
199
189
194
171
276
219
209
197
149
202
115
162
202
178
194
177
191
168
185
171
186
157
171
170
167
162
165
172
241
198
184
175
118
238
91
243
187
158
181
174
179
162
180
157
180
161
150
178
163
140
168
164
276
186
178
167
122
218
106
331
246
191
190
204
200
193
211
192
213
190
232
195
204
178
205
176
326
206
204
195
153
234
128
2
1
331
316
195
186
208
213
198
221
201
224
203
228
198
215
180
219
183
305
204
208
204
166
257
127
1
257
252
171
125
172
171
161
175
168
175
170
160
158
157
157
142
167
215
181
171
164
129
214
86
265
242
185
146
175
175
167
181
178
187
170
214
170
178
164
156
170
219
188
177
171
124
223
92
282
257
202
177
195
193
184
200
195
209
187
228
189
184
179
185
175
246
209
199
191
152
230
122
278
246
220
197
214
203
198
208
207
214
203
228
185
183
191
184
182
247
233
218
205
166
245
130
254
226
197
179
187
182
171
186
183
195
179
192
171
177
170
183
169
253
203
193
181
135
220
103
238
242
207
167
185
177
164
177
175
188
172
183
169
173
155
174
163
266
203
191
175
129
209
88
272
260
253
212
222
210
200
212
213
229
210
214
208
207
194
204
181
316
245
230
212
168
250
130
238
211
203
166
189
175
168
177
182
195
176
190
166
173
160
180
169
284
217
197
179
145
217
112
224
244
221
185
199
184
171
175
181
186
179
191
164
180
157
171
169
284
222
204
181
142
196
115
261
261
215
226
207
204
183
188
190
196
187
231
184
202
177
189
172
302
224
215
193
149
214
120
275
221
187
194
177
191
158
167
166
172
169
207
164
175
146
165
163
250
205
193
172
137
238
93
284
256
186
157
183
178
163
166
171
172
178
180
173
154
154
152
169
238
207
194
174
136
248
84
329
297
206
194
216
204
195
192
199
195
211
238
200
190
182
167
171
255
242
224
203
168
260
115
282
285
229
201
217
200
197
195
200
195
207
237
191
187
185
176
173
265
250
226
206
168
256
130
259
261
190
173
188
164
171
170
171
173
179
205
157
172
157
149
167
247
217
194
178
137
213
93
251
235
170
178
180
166
166
168
168
168
171
188
176
166
160
156
161
236
205
187
172
129
188
94
236
215
161
164
178
170
162
172
162
171
163
180
174
157
154
175
160
233
198
182
169
126
195
91
278
236
253
226
211
220
199
215
197
214
204
220
194
225
180
193
179
343
244
222
209
173
259
129
255
233
227
240
208
221
198
218
197
218
193
216
183
226
191
215
178
376
245
221
208
168
227
124
287
280
210
219
206
206
193
210
195
211
185
228
187
211
172
198
171
298
231
213
201
158
237
110
266
283
221
179
201
204
189
197
193
197
187
223
190
187
175
150
174
241
217
207
193
154
232
123
231
264
187
175
198
195
186
193
191
197
183
232
175
179
183
166
173
220
219
202
187
155
189
124
259
251
220
207
209
213
192
203
195
204
189
213
190
194
176
170
175
216
227
215
195
159
222
98
245
213
188
182
194
199
175
186
171
185
168
179
171
167
161
162
169
235
205
200
178
136
222
90
234
202
164
166
185
170
166
175
166
177
160
195
162
155
157
150
161
260
204
189
169
129
205
100
250
230
183
143
161
165
152
163
157
165
150
160
140
155
147
149
158
238
184
173
157
117
202
82
246
272
192
174
192
197
182
195
186
196
183
201
157
184
181
184
173
280
216
201
188
141
231
115
291
281
236
227
234
231
222
238
225
239
220
247
223
230
211
217
191
315
264
243
230
196
265
147
1
258
255
229
206
210
212
198
217
203
218
201
215
207
206
187
202
181
304
243
221
208
163
229
133
194
201
210
191
180
187
166
189
173
186
163
181
161
181
161
179
164
279
217
191
176
120
166
108
305
243
210
202
188
196
176
199
180
197
173
179
178
176
172
196
161
283
220
199
186
145
196
121
292
271
161
200
203
208
192
212
202
218
193
223
183
195
178
191
171
284
236
216
203
158
272
123
290
264
198
201
211
216
198
219
213
224
200
223
188
207
191
198
180
276
238
225
211
168
250
128
284
270
234
183
192
197
180
197
190
199
182
208
163
185
178
177
168
264
223
208
192
153
227
122
264
257
219
205
205
211
189
210
196
212
187
234
178
205
178
194
174
262
240
224
205
148
237
124
253
228
215
196
187
195
172
197
182
203
173
192
167
190
163
205
164
324
225
208
190
137
197
109
5
225
216
220
185
189
197
168
189
175
190
178
186
162
186
153
176
164
279
231
209
186
141
202
116
259
209
228
222
205
217
180
199
186
197
195
220
188
188
169
168
175
242
242
228
199
155
234
124
219
225
209
186
180
178
155
172
161
173
162
179
164
163
147
154
159
233
210
198
172
137
203
94
231
250
213
168
186
175
160
175
160
173
163
200
164
177
148
163
162
231
222
202
176
132
201
91
8
289
242
189
191
200
208
176
195
175
191
186
222
170
198
159
185
169
274
229
218
194
151
237
113
3
7
308
272
226
229
233
246
210
225
210
223
219
252
202
212
195
206
184
292
259
251
226
189
259
149
11
284
274
235
216
220
213
194
192
184
190
204
234
207
185
188
161
182
251
247
234
203
178
244
128
7
248
247
193
180
183
166
159
156
147
154
167
186
167
171
136
141
162
238
205
196
167
133
203
98
7
243
252
233
226
211
205
186
198
180
195
187
206
170
205
157
204
172
310
236
226
200
153
217
122
2
193
227
242
243
215
217
187
199
171
186
187
224
186
195
160
190
173
286
241
227
200
159
210
117
5
293
210
223
214
225
214
202
210
193
204
196
230
197
195
173
180
173
281
249
234
213
172
232
119
7
312
277
198
197
218
206
204
210
198
205
197
228
195
199
182
179
173
281
237
229
213
174
241
120
8
247
278
198
175
199
204
189
197
179
190
178
243
169
187
163
168
166
258
218
212
197
155
210
112
5
262
247
202
199
211
204
199
212
194
207
184
218
182
209
178
196
173
307
230
224
209
171
219
118
5
274
289
172
202
206
197
193
202
186
196
180
229
178
178
172
182
173
282
223
217
202
165
203
127
7
281
264
212
177
196
193
191
193
191
195
178
231
172
188
181
162
164
267
218
208
196
160
224
125
8
218
236
198
157
172
165
170
176
171
180
166
190
176
190
159
165
162
272
203
184
174
139
223
99
8
255
246
166
173
172
180
165
179
167
181
158
190
164
173
155
173
164
286
190
184
172
129
207
98
1
284
245
200
179
188
194
180
195
184
193
