11
1
5
2
24
2
7
16
5
15
10
2
2
4
12
7
8
3
1
4
5
5
16
9
1
2
2
6
4
16
8
3
6
9
3
3
5
28
7
15
3
11
18
15
3
16
13
3
13
3
21
13
8
12
3
16
13
6
14
7
15
5
18
13
11
9
14
9
10
3
20
11
14
3
9
11
7
1
14
10
8
3
4
8
1
7
5
2
6
1
5
10
1
6
16
4
11
1
11
14
3
4
3
11
11
9
4
5
10
12
1
4
2
8
18
7
1
7
1
4
6
1
10
5
9
23
8
26
13
11
7
2
10
4
9
10
6
19
5
13
11
5
18
3
18
10
20
11
4
21
7
12
7
18
2
5
10
4
7
20
8
8
3
2
6
21
3
2
13
2
23
1
10
7
4
8
4
24
4
8
20
3
2
11
22
12
11
2
2
10
22
6
15
1
9
1
22
2
7
21
5
23
14
21
1
30
1
18
16
4
4
22
5
7
9
7
9
4
14
5
4
1
3
15
3
1
3
1
5
1
12
15
1
4
15
4
2
9
1
2
1
16
2
5
3
11
4
9
13
18
5
1
7
6
12
9
5
11
1
5
6
16
15
25
28
14
14
21
19
15
19
6
20
9
10
1
8
14
11
21
23
5
7
10
15
12
11
1
18
2
3
17
13
4
15
23
24
27
28
33
13
10
17
25
21
23
11
4
7
29
25
10
3
19
8
15
3
16
12
21
21
25
29
9
4
8
15
18
17
12
3
5
26
23
13
2
15
4
8
12
15
18
19
20
25
12
5
13
12
13
8
4
23
14
7
39
17
21
11
20
19
23
21
23
27
14
8
11
24
18
17
19
4
7
11
27
30
9
1
33
21
17
7
15
12
15
11
14
17
9
5
14
10
9
15
3
4
18
31
5
30
25
10
5
10
8
14
7
14
14
7
7
3
8
6
3
14
28
7
38
27
21
11
22
13
23
13
22
21
6
7
3
16
18
9
6
8
21
34
6
2
40
27
26
14
29
18
28
14
25
21
13
12
9
30
22
14
10
4
12
14
25
35
9
6
44
24
25
11
24
12
24
6
21
13
10
8
30
17
4
3
1
11
12
21
39
6
6
41
26
23
7
22
9
22
9
21
16
6
8
2
12
15
12
4
10
12
21
38
3
1
36
34
27
14
29
14
26
12
27
19
9
10
7
7
19
9
11
2
14
19
26
34
5
4
44
33
30
16
20
14
16
6
18
10
17
4
2
8
9
10
17
17
18
38
5
49
41
33
22
17
15
7
11
1
22
6
31
4
15
4
19
13
10
47
19
2
56
44
34
23
20
11
4
12
1
23
20
9
4
18
2
21
11
7
3
55
59
24
7
58
42
28
15
10
1
21
17
3
18
14
1
4
56
198
13
10
59
41
29
22
12
6
21
5
5
19
16
60
368
15
45
30
15
8
16
4
12
4
38
564
12
35
18
9
8
16
32
804
8
37
20
18
8
5
16
39
877
7
32
20
8
8
17
32
826
11
33
14
3
12
21
36
670
12
17
5
5
21
226
14
10
5
12
19
6
24
9
7
2
5
1
2
12
24
5
20
3
1
10
13
25
11
10
2
12
1
3
20
21
15
12
1
6
3
15
18
11
15
4
7
6
2
20
12
6
18
21
21
2
7
4
19
1
3
24
1
12
3
16
14
7
3
7
4
2
17
6
5
1
6
17
16
23
7
7
3
11
7
11
11
9
18
13
11
4
20
3
8
11
25
4
1
1
2
4
6
6
3
2
7
8
5
1
9
3
2
2
11
11
3
9
1
10
4
4
11
5
8
7
10
19
15
4
5
18
9
11
5
2
13
4
7
6
3
6
3
7
7
2
3
5
11
8
5
3
11
3
12
1
9
2
5
1
1
1
3
7
7
2
17
4
5
4
5
9
1
7
3
14
1
6
5
13
1
16
17
1
5
2
1
4
1
13
11
5
26
5
3
17
5
26
14
6
10
5
1
8
16
12
23
9
7
5
25
16
3
10
1
14
6
2
10
14
11
12
2
3
5
6
5
19
13
4
8
10
19
13
8
8
5
5
1
1
1
15
6
15
11
5
5
12
6
2
13
9
15
9
6
8
19
6
8
9
8
10
3
1
5
8
18
34
13
25
15
7
6
16
10
4
7
4
18
31
1
2
12
20
7
5
6
6
6
7
15
24
23
10
11
3
5
5
6
2
18
14
24
36
1
18
32
7
4
19
6
6
1
21
14
26
34
5
19
27
4
20
5
4
7
10
21
10
25
30
2
20
16
13
2
20
12
1
7
20
2
22
24
15
11
16
12
1
14
23
1
21
16
18
4
1
18
15
9
7
20
4
18
10
7
9
15
4
18
14
13
7
15
14
3
6
12
5
12
26
16
5
10
7
4
6
9
8
7
35
17
5
36
6
6
14
48
12
7
16
59
13
9
71
8
8
21
92
17
14
93
14
11
107
14
3
23
3
126
27
16
5
133
22
4
19
24
14
2
151
16
12
1
24
13
156
12
12
2
7
12
21
12
1
171
13
12
10
11
3
12
29
4
23
16
5
6
175
12
13
15
17
4
15
2
9
13
6
8
171
8
4
8
8
13
21
16
25
3
1
11
10
19
13
15
17
187
9
8
5
15
18
28
21
31
3
4
14
27
15
18
21
189
11
15
5
14
17
22
17
27
38
13
23
12
12
18
187
12
8
1
15
12
14
21
1
39
13
16
8
13
14
185
7
9
2
9
18
24
18
29
1
14
15
31
4
15
20
192
6
7
13
14
16
25
27
12
23
8
7
14
190
4
4
3
16
17
18
21
8
16
14
10
17
184
1
2
2
18
17
19
21
2
11
17
15
9
19
186
2
1
12
15
17
19
12
15
5
15
179
12
20
21
26
26
26
20
17
7
25
171
4
10
8
19
7
7
162
9
8
12
15
10
6
3
13
164
3
11
3
13
12
12
13
7
9
3
10
17
146
9
1
6
7
5
131
12
16
18
15
8
8
4
4
3
7
9
9
18
122
16
10
11
4
2
4
16
1
12
110
20
8
9
4
8
7
3
19
6
100
21
8
3
13
8
79
12
1
1
1
1
16
71
17
16
49
13
15
39
17
17
29
7
8
10
10
3
11
14
3
19
2
7
19
1
7
13
5
1
23
15
16
9
4
1
4
18
14
4
18
7
24
10
12
11
8
8
8
6
7
11
2
15
9
10
5
6
1
16
5
12
9
4
2
10
1
12
2
5
12
5
1
13
8
17
9
8
13
9
8
2
2
3
13
7
5
11
11
8
5
14
8
1
13
6
14
8
4
13
16
9
18
12
22
7
15
6
6
8
6
14
12
1
19
15
1
14
20
17
15
4
9
9
2
2
11
2
3
9
7
4
1
4
3
5
8
9
7
1
3
10
7
3
1
9
24
11
4
19
9
11
7
1
3
2
3
1
17
7
3
1
14
16
10
7
5
8
4
7
5
2
1
1
15
6
2
1
1
11
4
11
21
9
7
1
1
7
7
12
4
3
2
4
6
9
4
8
3
2
10
3
8
16
1
1
13
9
6
13
8
6
6
13
7
10
7
3
11
6
2
1
8
6
11
1
5
1
3
5
7
9
3
4
1
7
5
14
8
1
8
5
2
15
11
13
5
11
5
3
10
3
15
22
2
13
5
9
5
18
8
13
19
8
10
3
16
27
3
18
9
13
12
10
21
1
16
2
19
14
10
1
14
26
18
7
4
3
17
18
7
5
18
7
6
3
7
22
30
4
21
11
6
2
1
19
7
2
1
5
21
9
8
2
12
1
13
27
2
33
6
23
14
13
6
10
10
21
1
17
7
7
10
27
18
16
7
12
4
7
9
1
26
3
17
9
20
10
5
9
14
13
3
3
5
21
20
18
10
12
5
13
1
16
2
26
7
19
12
19
17
7
15
12
2
14
11
9
10
23
23
18
14
14
6
20
10
23
14
28
13
23
16
20
20
11
22
13
4
19
16
16
15
26
10
28
22
20
4
3
13
9
14
19
22
13
19
14
22
6
9
19
8
5
13
7
11
11
22
5
12
19
13
7
7
9
3
6
1
1
7
6
6
3
1
10
5
9
2
8
8
5
6
2
10
14
7
9
16
8
3
10
16
12
2
6
9
3
7
3
3
11
3
1
9
10
2
1
4
8
12
3
3
2
4
24
9
5
8
3
4
5
4
8
9
6
9
13
10
4
18
4
5
6
7
18
10
4
4
2
5
6
9
6
12
2
9
7
6
5
6
29
11
7
6
5
27
20
6
4
2
2
14
7
4
4
4
17
10
4
2
14
5
3
21
14
2
2
19
18
1
10
4
3
9
8
3
16
7
10
8
1
14
52
3
16
16
9
14
5
8
11
10
7
10
2
5
2
1
2
18
3
16
6
7
1
1
2
13
3
10
3
5
5
6
2
15
17
4
2
6
11
10
6
1
12
22
3
10
1
4
14
9
13
15
27
3
15
4
4
12
19
13
1
18
9
21
28
14
2
10
19
7
18
9
15
24
12
4
10
16
9
17
7
19
24
14
7
16
16
9
16
10
11
19
11
1
9
12
7
13
9
4
16
9
5
2
9
14
13
13
15
21
15
5
4
13
7
16
8
9
17
16
8
10
8
13
2
13
16
7
5
8
11
17
8
14
13
17
14
11
11
9
3
12
19
18
9
3
20
10
7
16
23
18
3
30
13
19
13
12
15
4
3
5
16
12
22
22
2
11
5
20
3
15
14
2
3
24
15
16
18
16
6
2
12
1
21
6
16
18
1
5
3
7
6
7
5
6
4
11
3
7
4
2
1
3
2
3
18
11
3
6
1
18
4
10
2
3
3
1
6
18
1
15
6
5
11
12
4
9
7
9
2
23
12
8
4
12
15
2
8
24
12
2
6
5
32
13
14
1
1
10
11
18
6
8
27
15
1
17
7
35
6
21
22
3
1
13
18
26
1
2
21
27
15
15
4
14
22
19
9
9
18
2
21
16
2
10
20
1
15
9
16
27
6
22
28
8
15
26
8
5
10
1
36
2
22
21
7
16
20
2
21
3
18
1
10
4
3
15
14
21
19
3
8
1
11
16
7
3
8
1
4
3
20
5
9
11
5
8
2
3
1
10
3
7
1
25
8
17
16
10
10
11
6
3
18
11
16
13
15
9
5
7
4
18
2
8
21
8
22
16
1
18
6
4
1
5
20
12
26
3
27
16
13
26
10
3
7
22
10
26
6
29
22
26
5
5
6
22
25
3
33
13
37
29
31
9
12
13
29
22
8
33
27
2
25
5
9
2
21
18
3
29
24
20
4
10
17
6
17
22
16
18
6
14
9
14
12
9
5
8
3
13
16
15
9
10
10
1
12
13
10
3
6
13
10
4
11
15
10
5
5
8
14
9
11
12
12
7
1
5
7
14
6
13
11
8
5
2
7
8
5
2
3
3
6
9
6
7
13
2
11
8
9
10
7
14
13
9
16
13
5
15
23
19
21
7
11
23
2
3
10
15
21
4
9
23
12
16
24
22
1
18
21
1
19
46
23
27
5
3
17
25
3
2
3
11
12
23
23
8
5
11
23
12
11
15
2
13
7
1
10
22
20
7
16
13
18
1
3
4
6
7
11
8
6
12
8
3
7
10
8
11
16
3
15
7
5
13
12
15
11
3
11
6
15
2
9
10
19
11
23
18
26
30
3
10
15
21
8
10
3
5
22
5
7
15
12
1
7
22
12
25
29
16
5
4
24
16
19
7
9
1
21
16
7
7
30
21
14
7
19
15
34
28
33
39
24
19
3
24
23
32
14
17
11
17
37
30
14
15
22
19
22
5
28
7
38
25
35
37
11
16
7
19
26
28
10
12
16
22
40
25
8
13
29
28
24
16
28
16
41
26
38
35
16
14
11
19
28
25
7
15
23
28
42
29
5
13
26
31
28
19
31
23
43
29
39
36
18
6
24
28
24
7
12
26
33
46
22
15
36
36
28
24
26
22
39
27
35
33
7
20
10
23
26
22
10
12
28
32
44
29
4
13
31
31
24
20
21
16
29
18
26
25
12
3
7
18
13
4
10
23
23
33
26
5
19
27
16
13
13
15
21
15
22
20
12
7
8
17
16
25
17
23
25
16
9
16
11
19
12
21
18
3
4
14
7
5
15
14
22
20
15
18
9
11
12
13
9
3
3
9
9
7
5
12
15
2
14
20
7
8
5
9
9
4
11
9
3
2
8
2
8
8
6
11
18
3
20
21
7
8
3
10
5
9
3
4
2
19
6
2
7
1
5
19
23
18
3
1
9
2
17
31
19
7
2
8
16
2
13
14
3
29
7
2
21
17
7
5
12
9
5
2
14
2
3
24
10
7
19
20
7
3
16
4
5
12
1
25
13
5
30
23
10
2
16
19
5
14
1
2
1
32
14
14
14
28
20
12
2
4
4
1
9
3
28
15
9
24
20
18
6
9
10
8
14
8
30
7
17
6
18
12
9
5
5
25
2
16
5
20
5
19
25
14
18
16
19
1
7
11
7
26
6
14
20
15
19
19
1
12
8
6
12
6
22
5
17
4
14
9
3
1
23
6
17
1
21
23
9
6
6
2
6
11
1
10
5
14
1
19
15
2
1
7
8
2
9
13
3
3
4
7
1
20
9
8
5
3
13
1
5
14
14
5
1
1
1
2
4
3
8
6
6
9
3
4
6
2
8
8
4
1
11
16
10
17
16
7
7
13
10
10
5
15
9
9
6
9
4
23
4
6
4
5
2
1
5
10
15
6
17
13
5
8
4
12
13
9
14
15
1
15
1
5
10
16
5
7
10
5
13
12
4
6
12
8
11
14
15
2
3
12
1
5
6
12
3
3
3
1
7
7
3
8
6
10
6
2
3
6
1
2
3
1
3
7
34
2
2
9
14
3
2
4
8
8
9
5
4
3
2
2
6
6
15
6
5
14
17
7
2
4
3
10
12
5
7
2
2
5
5
12
12
1
5
5
3
6
5
3
4
3
5
4
19
8
3
14
13
2
1
3
10
7
6
2
5
1
2
2
7
12
7
7
2
2
3
9
4
6
8
2
3
5
5
7
1
5
2
8
6
3
8
10
6
4
3
1
5
10
10
1
10
10
3
11
9
13
3
1
2
7
55
2
1
5
181
1
6
13
8
18
354
16
4
5
7
544
6
3
779
15
872
4
1
10
819
4
7
681
11
10
2
1
2
11
2
10
261
5
7
7
2
1
12
6
8
11
9
2
4
3
4
11
2
8
5
9
7
3
3
9
5
1
7
7
3
3
3
9
3
1
6
7
3
1
4
6
2
1
5
2
5
1
3
1
2
10
1
15
11
6
9
4
1
3
9
6
29
3
9
8
2
14
2
3
12
12
4
4
1
4
8
3
4
5
1
1
3
20
2
12
8
16
1
2
2
19
3
3
3
10
2
3
4
2
1
5
2
4
5
5
2
12
4
17
10
1
4
4
15
11
3
10
1
8
11
7
9
10
2
13
1
12
11
19
20
16
17
8
9
3
12
14
13
7
1
10
14
18
1
6
4
3
13
10
14
11
9
7
21
12
4
2
2
7
14
1
3
8
16
8
21
10
18
11
6
45
19
9
4
9
19
6
5
5
18
19
26
23
23
18
7
25
10
3
11
25
7
20
9
26
18
21
12
7
21
23
1
2
9
24
2
1
2
7
27
18
34
28
32
22
9
7
29
7
3
16
32
6
19
15
25
14
1
20
1
19
3
6
19
14
25
14
21
2
18
7
7
7
7
16
18
25
23
30
19
9
28
5
3
5
12
25
7
21
14
6
7
6
8
15
9
22
7
3
22
18
5
7
15
16
17
17
12
13
13
15
15
12
21
8
15
11
11
16
15
21
23
17
19
12
16
12
13
17
8
5
1
11
1
18
16
17
19
35
37
27
31
22
25
16
18
14
9
3
7
4
10
9
4
4
28
25
22
29
3
39
41
33
37
29
35
22
28
16
16
3
20
1
16
7
5
11
35
34
30
34
7
36
41
35
37
35
37
27
33
19
23
26
26
8
11
4
17
37
41
37
29
3
19
33
38
28
36
23
39
20
33
13
21
15
17
4
13
11
33
36
33
23
10
44
38
32
27
25
33
19
33
11
24
8
32
3
24
6
21
7
17
32
34
31
39
8
1
22
45
39
32
29
27
36
14
30
5
21
7
14
3
3
4
21
5
12
30
29
24
39
3
1
11
37
34
26
16
18
12
11
21
5
23
2
11
4
23
1
11
22
20
19
33
4
7
43
31
30
15
24
14
16
16
8
21
5
12
31
11
11
6
14
24
21
20
39
14
10
34
30
25
18
21
12
15
10
6
14
5
2
7
13
5
3
2
20
16
16
29
3
28
33
27
12
27
5
20
11
14
18
12
5
6
21
12
7
7
19
17
19
32
9
7
40
36
26
21
20
15
18
9
14
14
7
13
1
13
18
4
3
5
22
18
18
39
13
7
40
41
24
22
18
12
19
9
17
14
7
21
2
4
18
6
4
9
23
20
19
28
22
14
38
44
29
31
23
27
23
15
23
16
8
29
6
20
22
8
9
16
30
28
26
3
34
29
3
23
34
45
25
34
18
37
25
26
29
24
8
30
11
23
16
7
16
30
31
32
2
28
25
5
26
36
40
26
31
23
39
30
34
37
33
12
27
7
13
25
21
14
18
29
31
37
30
34
10
21
31
28
15
19
14
19
23
23
32
27
10
24
1
26
18
11
5
9
15
19
29
28
29
7
14
19
29
20
25
19
44
27
35
36
34
7
11
3
23
22
17
9
11
21
25
37
3
21
34
7
18
16
19
16
12
14
24
22
31
30
29
6
14
3
22
15
16
6
11
13
17
31
20
34
4
15
11
12
11
3
15
4
19
23
27
23
1
22
25
15
9
6
12
5
9
25
16
36
6
15
4
9
5
21
20
21
25
28
24
5
4
6
6
16
7
6
9
5
10
26
3
41
2
10
3
11
15
17
15
5
2
7
2
3
17
47
6
1
13
9
16
14
12
3
4
8
3
8
1
16
52
6
1
5
9
7
3
3
3
2
8
59
5
1
8
3
1
2
7
4
71
6
7
6
1
5
9
43
9
14
14
4
84
6
8
3
5
6
7
5
2
88
7
1
3
3
92
3
95
1
9
112
4
1
11
124
5
8
128
4
9
141
4
10
148
2
3
161
2
10
170
4
3
173
2
4
6
184
4
7
3
16
191
11
1
2
10
195
6
1
1
1
14
1
