89
13
44
6
23
46
22
52
62
45
62
47
5
26
22
54
31
9
18
7
4
81
58
70
7
27
29
12
21
47
35
65
76
21
16
33
46
25
8
47
36
22
1
1
8
76
58
62
21
34
19
95
61
36
88
28
9
36
28
31
9
28
5
15
92
62
83
9
38
40
26
54
52
39
30
36
11
30
15
35
24
9
15
7
7
68
66
53
2
7
5
32
21
45
35
26
60
19
16
26
14
27
15
27
3
68
67
59
10
40
25
69
93
44
85
36
22
34
32
29
10
11
28
10
7
115
45
53
13
8
39
3
41
26
43
51
28
32
32
25
25
37
29
12
11
2
59
62
39
6
15
35
12
62
46
18
66
36
7
22
11
31
19
1
30
5
73
47
57
7
1
22
9
36
14
58
58
32
74
35
1
28
19
37
22
25
3
76
49
56
4
9
6
6
38
17
9
30
12
46
31
9
29
8
37
20
1
19
5
68
52
59
7
36
9
51
40
35
37
35
30
24
28
11
5
84
55
63
5
13
25
6
79
64
44
53
19
21
4
25
9
5
62
75
62
9
26
1
50
78
22
79
25
16
8
24
1
38
5
88
54
64
10
12
3
39
12
50
44
32
47
36
7
32
9
28
14
17
6
70
61
51
6
10
31
9
41
19
44
50
38
54
37
31
26
1
33
20
5
19
6
66
41
54
8
30
13
57
51
31
28
25
16
27
7
22
8
13
4
69
56
70
8
13
3
34
8
45
54
4
53
35
34
14
31
16
11
13
78
61
53
6
34
9
34
49
37
37
37
9
22
12
24
11
5
77
36
45
1
12
39
19
54
45
40
33
35
16
25
11
27
16
3
5
66
38
43
3
14
40
11
34
43
7
83
43
1
22
17
23
8
1
5
77
46
34
21
39
17
41
12
14
10
40
25
23
17
15
5
3
44
55
43
4
6
26
5
45
55
33
63
19
26
7
25
7
20
8
71
46
49
24
44
43
35
59
25
21
15
18
16
77
46
46
13
26
7
38
26
20
34
20
9
26
19
8
40
3
47
57
75
13
23
3
33
66
25
63
22
26
17
24
17
15
7
91
49
55
17
28
8
49
37
26
23
25
27
18
21
9
18
3
78
48
53
10
16
5
32
11
43
33
23
64
25
2
30
7
28
14
18
28
3
70
58
66
23
33
15
47
36
46
33
31
7
30
11
30
12
39
5
70
48
32
36
33
16
52
51
35
35
29
20
27
4
26
20
1
2
40
8
66
47
43
12
9
4
30
6
55
35
16
58
28
14
4
28
15
7
41
68
43
48
31
8
41
51
26
70
27
2
30
9
18
5
48
2
71
52
44
33
14
50
58
42
46
28
9
37
6
24
13
16
55
15
78
70
53
12
14
14
5
37
16
14
35
22
35
39
6
23
5
35
22
4
27
57
63
59
70
2
15
17
14
41
25
45
55
14
62
37
40
28
38
24
11
41
52
1
65
39
60
4
30
10
39
29
25
22
27
26
7
23
6
54
66
69
58
19
13
27
5
24
63
40
76
27
24
7
33
10
5
44
6
70
62
70
12
25
7
20
35
19
90
60
23
72
29
23
30
9
39
23
1
22
19
5
84
49
54
9
21
27
41
23
62
50
19
44
44
14
29
13
31
26
8
24
75
78
55
7
14
20
32
12
61
48
50
46
25
9
22
2
32
19
28
6
65
50
63
11
1
32
9
50
62
16
68
25
28
16
27
9
30
17
8
85
43
57
5
15
12
1
39
17
31
66
35
57
39
13
22
7
34
19
3
9
77
36
41
2
30
24
5
71
24
30
28
18
1
25
16
6
57
44
45
26
3
16
34
11
13
15
17
56
28
6
28
4
28
14
4
61
40
39
31
4
3
40
17
35
28
28
34
16
19
27
17
4
4
45
43
38
10
14
39
13
65
45
13
46
38
22
20
15
2
9
12
2
63
58
52
8
35
12
3
36
3
53
31
7
21
12
23
9
10
14
73
31
47
24
9
24
54
1
29
15
2
19
7
6
69
66
70
13
2
15
13
38
18
68
66
34
30
32
23
9
32
15
41
7
2
78
68
52
36
19
46
28
50
29
32
20
29
11
20
8
21
1
5
63
30
41
26
5
51
65
25
60
31
25
11
11
7
5
80
46
58
15
5
35
11
41
66
14
79
40
26
23
26
7
3
90
41
56
11
39
17
29
39
8
32
33
16
24
3
17
9
71
40
45
2
8
30
10
34
38
25
42
23
11
21
2
18
7
9
67
59
58
21
5
31
12
48
45
37
65
24
29
13
24
5
14
7
75
64
67
47
22
26
47
24
54
27
35
80
39
15
31
13
44
28
12
23
8
72
45
48
4
1
44
20
20
47
21
40
33
20
16
7
27
17
9
71
36
57
15
37
11
49
60
39
28
33
20
7
27
17
2
12
6
70
58
73
6
39
30
41
51
30
59
40
12
54
55
31
29
14
48
38
20
41
21
5
72
68
57
17
19
9
34
17
21
76
23
50
22
12
26
12
33
22
4
10
36
84
62
65
8
7
8
32
13
34
73
47
77
23
22
9
30
13
1
95
8
85
56
70
16
3
39
18
51
67
34
68
40
16
26
9
28
16
3
220
5
83
56
51
7
3
25
8
45
52
38
37
20
1
34
22
9
28
410
9
69
42
46
28
4
62
33
28
52
31
26
20
8
7
613
60
43
36
8
28
5
34
33
22
28
22
7
35
19
9
628
45
43
37
29
6
13
28
10
11
22
9
29
22
10
20
511
43
32
37
3
15
33
9
15
27
25
10
33
15
24
20
307
31
38
46
4
34
32
7
62
21
30
52
30
24
27
21
52
36
63
13
2
41
23
64
55
37
60
32
20
22
20
28
17
2
17
86
40
36
35
21
37
10
48
27
20
5
2
21
11
58
39
30
32
15
40
48
8
58
25
18
17
14
3
81
42
52
14
16
7
45
27
45
60
2
55
39
15
14
15
23
20
10
75
49
59
7
12
38
19
4
41
20
63
36
14
14
4
23
11
67
43
45
31
10
82
41
48
62
27
23
11
13
1
1
15
76
59
48
8
18
1
42
18
30
43
57
38
9
15
3
24
16
4
7
55
40
45
1
16
31
14
30
33
36
19
28
14
21
18
9
13
29
55
43
47
35
11
60
46
26
27
35
25
8
16
8
42
45
10
74
43
47
2
10
5
3
40
12
36
10
71
36
23
9
27
12
57
65
30
44
1
59
48
23
35
39
9
40
41
11
24
3
30
25
11
62
68
31
46
1
31
35
12
52
52
13
46
26
3
20
1
24
15
6
55
66
49
44
24
24
26
8
30
26
59
50
27
6
22
23
3
57
45
71
58
10
28
21
13
43
18
54
43
17
55
44
17
17
6
39
23
3
22
75
6
77
53
55
5
20
32
10
18
37
28
27
24
4
16
4
28
14
9
71
74
59
42
10
32
13
47
38
25
14
31
3
16
24
15
19
75
2
53
64
71
3
23
23
35
17
70
47
39
30
31
16
25
1
36
23
3
53
81
13
68
37
75
15
8
15
3
36
20
55
31
33
21
29
18
27
33
24
8
81
1
44
57
48
2
29
7
50
61
32
76
29
22
15
25
9
27
93
8
86
54
52
7
3
18
30
14
44
41
35
54
28
13
26
6
31
18
18
97
7
77
60
70
31
12
18
37
21
51
72
27
53
31
21
24
10
43
30
8
103
10
68
75
66
11
28
12
63
10
44
24
69
61
63
39
37
20
28
15
51
42
17
28
102
11
85
73
76
18
28
25
11
2
44
26
61
39
47
49
37
26
29
9
51
37
15
43
113
14
72
63
75
31
5
30
11
49
55
15
68
28
10
28
17
42
22
32
119
10
81
54
66
16
16
17
32
42
27
12
47
14
47
45
35
32
10
46
36
13
123
3
71
60
84
12
43
20
43
18
27
104
4
104
46
5
31
23
48
25
4
27
128
7
106
47
50
18
28
22
65
30
44
47
11
21
4
24
13
11
119
3
67
63
55
30
11
67
52
34
55
32
6
26
21
7
9
137
7
71
57
53
18
3
28
12
52
63
26
47
24
1
26
5
27
10
33
139
4
76
59
41
3
26
9
42
42
49
45
26
3
21
9
20
5
15
144
2
70
68
57
8
1
32
13
53
14
42
31
8
26
2
28
10
151
69
42
41
8
29
29
20
35
19
51
23
19
27
31
14
29
28
10
151
49
60
58
12
45
8
45
25
70
53
10
54
46
27
25
10
33
27
10
52
173
5
78
64
66
7
6
36
16
13
41
38
44
36
1
29
6
30
13
32
176
2
68
45
51
34
12
75
39
44
44
36
6
22
16
3
185
5
61
57
56
2
2
19
27
2
31
48
21
48
22
30
10
23
7
24
199
78
39
46
26
24
2
64
4
44
18
21
26
17
7
3
206
14
43
57
61
17
18
35
14
64
47
78
36
10
24
25
8
13
221
12
58
51
56
9
21
20
33
7
14
42
23
27
31
20
32
15
23
229
74
39
42
9
22
26
7
74
9
54
26
21
6
24
19
5
32
244
18
45
45
49
6
18
59
6
41
28
27
50
10
35
33
37
28
30
28
9
265
4
52
34
41
17
26
4
30
22
9
36
25
21
8
13
272
79
60
48
1
43
1
28
5
12
24
17
31
23
23
3
26
3
10
294
70
54
55
1
2
49
36
17
12
73
23
11
30
12
25
22
19
7
318
2
56
65
58
9
26
3
85
37
25
72
28
30
4
16
41
333
20
71
40
51
18
19
15
39
19
28
52
29
50
42
16
27
7
28
19
352
1
73
46
35
23
5
58
45
33
21
18
3
20
5
10
25
366
5
71
37
33
23
7
42
28
28
34
12
8
26
8
3
395
7
52
45
60
30
12
19
52
35
35
28
24
3
19
9
415
1
68
74
60
13
21
8
36
17
28
26
22
32
36
9
32
34
19
24
440
12
69
34
54
13
3
33
12
64
33
18
60
31
10
30
1
20
12
456
10
61
58
64
1
13
9
2
33
13
52
40
37
51
27
3
25
6
28
16
32
474
10
66
54
59
3
15
39
18
5
45
27
3
51
4
32
37
33
26
3
36
32
16
495
69
55
56
9
2
33
16
39
63
12
55
25
2
28
6
21
14
508
78
54
47
20
13
30
10
68
29
54
65
20
33
6
28
16
36
526
16
64
46
48
6
15
38
19
55
38
43
42
27
25
26
25
19
4
28
535
5
48
53
61
11
33
13
40
69
27
64
28
33
9
22
9
13
549
10
85
50
64
23
11
22
41
19
24
58
58
39
12
31
11
33
25
6
558
81
56
39
31
14
39
37
12
27
24
13
23
16
6
4
560
6
57
60
56
18
9
2
26
4
22
35
44
45
19
29
3
30
8
11
563
4
63
46
56
9
5
3
29
7
17
37
17
36
25
27
26
11
561
58
46
50
1
7
31
13
63
36
19
4
24
7
29
15
12
19
553
12
60
47
49
10
14
15
29
37
14
57
38
41
27
38
10
27
34
25
3
35
545
4
57
26
31
16
48
29
15
61
7
30
2
6
538
5
56
52
51
12
3
24
2
25
9
6
3
19
23
17
3
521
61
54
46
12
28
4
21
39
2
37
25
26
20
10
507
50
34
39
21
42
45
21
49
19
21
5
13
490
2
55
43
47
7
38
34
8
37
31
33
5
36
22
25
16
473
1
61
44
34
22
3
45
29
20
36
7
33
14
3
451
13
50
35
41
28
13
30
34
27
14
17
21
28
19
12
9
427
55
41
57
23
32
6
39
42
14
37
28
29
20
13
16
405
4
64
48
45
11
1
37
8
50
36
11
63
28
21
23
11
9
370
4
61
34
45
10
20
5
45
21
13
33
22
52
36
17
21
27
21
4
347
59
29
39
1
24
5
33
36
23
41
13
23
9
309
57
46
32
10
41
9
38
23
31
29
13
4
29
29
21
20
23
6
278
50
43
44
34
5
26
41
35
52
31
28
14
7
259
10
78
49
57
13
19
21
39
10
41
49
39
64
37
27
2
28
14
221
13
65
36
30
4
22
9
8
26
20
19
12
1
28
14
4
193
48
39
27
28
7
75
3
18
23
2
20
9
4
13
170
9
45
47
57
6
37
13
2
41
21
26
18
13
13
29
16
25
29
26
10
22
147
51
44
50
21
20
63
40
68
12
32
5
9
23
130
5
77
61
50
13
21
36
17
62
34
40
47
30
33
19
24
17
18
104
8
54
48
45
2
1
10
10
38
24
40
33
30
8
27
20
28
22
20
6
9
88
16
53
48
58
3
14
16
41
9
58
48
20
51
45
30
9
28
14
43
81
16
75
48
56
16
14
34
18
47
27
38
66
17
25
27
3
22
12
29
67
11
61
37
33
28
11
37
36
23
44
12
26
5
12
6
56
12
66
52
67
26
1
21
39
20
15
68
4
57
31
13
24
20
36
23
3
7
48
85
59
62
8
25
9
2
43
28
40
80
39
66
30
22
31
22
37
23
6
7
9
39
17
97
64
59
12
43
41
11
50
23
76
37
39
55
50
15
19
11
42
30
13
12
26
14
78
68
70
17
30
22
40
21
52
47
23
47
25
15
27
12
34
24
6
10
19
10
79
59
57
7
2
30
13
29
40
47
25
20
33
12
22
5
11
16
15
69
53
65
29
21
5
27
38
21
44
22
27
27
27
19
38
25
4
5
8
54
46
50
3
13
49
15
39
20
84
50
23
2
25
25
19
20
23
7
32
15
58
65
54
5
34
1
58
39
18
74
31
26
16
15
36
12
12
78
26
47
6
29
1
19
67
7
62
23
23
9
8
5
77
30
39
25
4
37
43
35
32
20
5
26
9
4
6
64
31
24
28
9
23
29
20
50
17
7
21
2
12
2
1
58
37
28
3
20
30
12
59
26
30
34
22
5
20
18
13
12
52
61
55
21
15
23
25
36
10
7
34
27
34
30
30
7
40
30
6
7
5
67
63
48
28
10
31
4
38
22
55
32
18
14
25
17
21
10
36
29
9
26
9
72
36
53
59
21
39
19
68
25
41
30
16
22
6
34
22
4
33
20
63
23
51
7
34
14
26
67
44
59
25
6
29
7
18
7
5
69
61
56
32
36
21
59
48
37
41
25
18
24
2
21
13
17
18
65
36
57
24
23
45
27
30
28
6
60
37
25
24
14
27
20
10
11
10
67
33
33
20
37
12
68
55
31
15
18
13
4
81
51
35
7
7
33
14
58
23
34
52
25
5
25
8
14
4
9
68
33
34
1
35
30
20
54
34
48
54
18
22
30
19
13
1
12
54
48
38
22
7
18
16
9
31
16
20
1
14
4
4
6
58
62
70
10
34
12
70
38
28
42
33
28
18
21
4
39
13
79
38
37
4
1
13
40
23
25
54
38
21
40
23
22
1
26
18
2
4
66
38
37
21
6
49
19
27
36
6
29
15
7
18
55
35
57
14
6
26
6
42
61
33
75
15
29
13
25
8
72
44
41
7
36
18
55
11
24
33
25
23
6
21
9
11
76
59
63
8
34
28
6
4
43
25
35
32
12
34
29
27
27
8
39
25
10
53
18
72
34
47
4
33
30
36
18
54
54
16
60
19
1
26
11
28
22
3
2
11
66
68
55
4
14
33
16
71
44
41
15
23
6
31
12
27
16
28
4
20
71
75
59
20
28
12
66
23
47
31
93
33
59
26
36
32
29
9
46
40
21
63
13
23
67
60
60
14
1
37
15
58
49
16
107
25
31
21
26
7
29
13
16
84
52
59
2
28
20
8
46
23
47
67
28
41
39
23
21
7
39
28
9
6
11
73
51
48
5
44
36
19
56
69
53
26
21
12
22
8
31
23
4
5
14
70
44
51
6
33
16
40
40
25
72
19
25
13
23
8
25
5
13
72
21
47
12
3
19
6
41
18
37
15
30
30
20
13
3
32
23
7
63
45
37
35
15
12
40
11
25
23
22
16
17
8
1
54
29
32
28
10
63
20
41
21
22
29
1
7
17
9
9
58
39
36
3
29
28
7
25
16
28
23
20
24
2
23
11
19
7
10
52
54
40
5
29
9
21
41
20
69
20
23
14
14
6
7
59
44
44
3
13
35
12
14
36
18
32
22
25
1
19
8
7
9
9
62
34
47
2
3
1
37
19
49
32
12
7
27
20
22
16
12
3
6
7
3
53
44
26
3
15
29
12
18
28
40
46
21
25
3
19
5
10
4
62
47
30
3
6
37
17
70
31
25
75
28
3
25
9
20
7
15
15
17
57
39
55
8
39
17
29
45
39
28
23
15
18
4
10
17
3
77
44
45
12
5
53
42
22
28
52
9
26
26
7
17
9
29
24
7
13
2
72
33
51
4
8
36
23
32
27
33
60
23
15
26
9
19
11
13
3
63
44
50
30
14
14
34
36
35
16
2
23
1
18
3
4
5
2
66
37
37
2
40
19
82
60
26
27
28
4
21
7
17
9
2
28
7
11
71
36
51
1
18
4
34
14
18
31
25
66
23
2
21
11
24
7
13
5
72
55
40
26
20
39
41
20
30
23
12
43
29
8
19
30
25
6
18
3
53
43
40
38
33
45
24
61
5
39
24
35
13
23
1
34
24
8
15
2
16
55
38
37
34
14
28
72
32
41
20
7
22
7
14
5
1
72
43
44
13
7
38
16
24
39
11
39
31
3
20
5
21
16
1
61
39
63
19
11
46
41
18
32
19
22
53
42
6
19
2
35
25
4
5
58
37
45
27
9
42
45
26
29
19
1
22
4
22
10
12
9
66
57
39
9
29
16
34
44
38
39
17
5
27
20
22
7
10
3
12
84
76
72
29
14
30
14
49
57
43
96
17
8
32
21
36
18
32
4
18
81
59
59
27
4
27
14
63
59
27
52
17
13
25
9
33
18
26
16
75
49
59
22
34
35
26
36
68
31
77
25
28
29
16
37
27
7
19
14
80
38
54
30
2
40
37
27
44
38
27
54
22
28
28
10
36
28
8
14
13
62
59
61
3
1
35
15
51
54
22
24
24
28
23
26
15
2
5
12
93
62
71
6
8
15
3
31
9
25
72
21
66
19
32
23
36
20
13
1
11
89
58
61
6
22
7
30
42
29
17
55
11
50
29
33
30
10
42
32
11
10
7
70
88
63
33
26
28
12
46
28
73
59
41
50
33
37
22
7
51
36
15
55
18
75
54
54
6
20
3
24
36
17
66
49
49
64
20
5
24
15
38
26
1
41
12
71
37
