32
16
23
12
10
2
35
3
21
1
15
10
11
26
23
79
4
25
9
17
11
10
2
31
6
19
3
4
6
10
11
1
17
10
19
10
12
7
6
2
29
3
17
1
7
17
5
8
1
17
16
3
7
4
4
1
24
16
2
6
31
7
15
1
12
4
16
8
4
4
1
23
14
1
12
4
9
2
12
12
49
4
15
6
7
4
4
3
27
16
2
4
2
19
3
9
4
19
3
22
11
3
4
7
6
8
28
20
8
12
10
27
5
5
21
22
12
2
4
10
2
13
14
30
24
9
14
26
3
6
24
5
15
1
9
6
5
13
1
17
14
31
22
12
12
25
3
7
13
29
34
19
1
13
9
6
15
20
16
32
19
16
10
2
15
5
9
12
25
18
9
7
5
14
1
21
16
28
17
11
8
12
3
8
16
10
6
8
3
16
1
23
15
20
9
10
3
9
1
7
2
3
17
4
9
2
1
17
2
3
9
9
9
7
4
21
12
13
5
4
19
12
7
7
12
7
19
20
3
18
11
16
6
7
24
9
1
10
14
4
9
18
13
14
6
7
26
13
7
9
12
17
15
7
10
5
4
18
1
12
7
3
11
1
3
1
23
19
4
7
32
17
13
6
13
15
1
17
58
6
24
6
18
5
6
34
1
19
16
8
13
26
10
12
1
19
7
12
6
3
1
27
14
12
3
12
1
14
2
18
10
3
2
3
1
22
12
2
17
9
1
8
3
15
18
9
1
3
3
6
21
9
5
11
8
3
12
16
85
15
4
8
6
6
5
10
23
1
12
9
16
9
5
7
8
16
14
10
4
9
7
4
6
15
26
17
2
12
24
6
6
15
11
10
2
8
9
6
10
16
21
11
4
11
10
6
4
14
2
4
10
8
6
5
7
10
3
13
15
19
12
8
10
1
7
7
4
6
12
84
15
9
9
5
6
12
17
14
23
13
16
10
10
13
2
7
6
9
11
32
9
13
10
7
7
2
15
20
12
19
7
9
20
6
12
13
5
8
5
6
4
17
1
6
5
14
21
10
22
1
10
19
4
11
8
5
3
11
3
16
3
6
14
21
9
18
5
9
19
2
10
17
7
3
13
5
77
7
15
7
7
8
13
19
6
17
7
5
20
8
10
4
11
4
7
59
5
20
9
15
8
12
19
5
23
3
3
18
5
5
12
4
9
4
17
14
12
10
14
20
3
18
5
4
19
9
5
6
11
1
18
4
4
23
10
16
10
13
19
1
26
1
5
17
7
6
9
11
2
16
62
10
22
15
15
12
12
13
25
4
5
13
1
3
11
14
3
13
8
68
14
23
14
15
12
8
6
24
9
3
8
11
14
1
9
5
23
8
17
7
2
26
4
2
1
9
14
9
16
10
16
3
1
22
5
9
9
14
9
82
2
23
13
18
6
25
11
1
11
14
10
104
21
9
15
7
24
12
6
7
13
9
14
16
13
8
20
9
4
10
3
11
8
7
14
3
8
46
3
5
6
8
13
4
4
10
6
91
7
8
9
18
5
4
10
5
7
4
7
14
9
1
9
5
4
15
8
16
6
4
1
10
7
1
77
6
1
1
3
9
7
3
4
6
1
2
3
9
12
5
1
5
5
5
2
8
4
15
16
14
8
6
6
8
2
6
2
6
4
2
12
4
22
20
18
10
13
11
1
12
2
8
5
57
10
3
6
5
4
16
1
24
21
22
3
13
18
12
9
12
3
9
4
14
18
6
11
4
6
16
3
27
23
30
7
18
19
16
11
21
2
4
8
16
17
7
12
4
7
15
4
28
24
29
4
20
18
17
6
23
1
3
6
18
1
8
18
9
17
7
4
16
27
20
30
9
17
20
13
11
10
1
6
5
16
1
61
15
23
5
18
5
3
15
27
17
1
38
7
22
22
14
21
27
8
9
5
23
7
41
9
22
12
16
9
16
24
11
35
13
21
22
9
17
24
9
9
4
29
1
18
6
13
7
14
21
4
28
4
16
20
2
17
17
1
8
2
10
7
22
5
10
7
11
15
27
15
14
9
25
1
8
6
41
3
18
11
11
10
10
11
23
8
11
11
9
7
5
11
10
40
2
13
11
12
7
5
5
23
3
9
3
4
4
12
6
5
16
4
9
6
6
1
19
1
4
11
11
9
7
3
5
13
2
9
11
9
10
4
2
2
19
3
4
12
8
33
15
6
12
5
4
20
3
8
14
16
9
14
3
5
21
5
2
7
13
3
5
17
8
15
3
5
22
4
7
12
1
8
23
9
17
1
8
29
9
6
9
13
10
46
9
23
9
16
1
7
29
8
13
8
13
12
7
19
6
15
6
24
5
5
11
8
18
14
5
24
6
8
10
13
8
4
3
18
6
6
2
56
7
5
3
1
10
14
4
1
5
5
1
4
3
14
11
1
1
3
6
4
5
18
2
6
7
3
3
21
7
12
7
76
2
10
7
20
12
4
2
9
7
2
9
33
1
9
10
20
14
5
3
10
11
1
8
3
9
12
17
12
2
3
6
5
1
5
5
1
3
10
12
12
13
1
5
3
1
3
4
5
74
10
4
4
9
13
10
24
8
9
6
6
6
5
6
47
11
2
4
1
12
14
7
22
8
11
5
10
7
5
4
13
4
12
7
2
14
15
2
28
9
13
3
11
6
4
21
3
24
21
4
7
14
18
40
2
10
16
2
6
11
1
6
3
36
41
3
30
3
25
3
10
13
18
44
3
20
17
1
6
13
8
9
4
27
2
37
3
33
6
28
5
8
14
18
48
4
24
19
8
9
9
10
4
29
2
3
33
9
26
4
7
15
19
48
3
21
19
3
11
8
9
2
34
2
9
37
8
26
4
6
15
18
52
6
21
19
11
18
9
8
1
37
25
33
5
37
7
21
5
5
12
13
47
10
16
17
12
15
11
10
2
39
21
67
4
33
13
26
6
3
7
4
43
9
10
10
8
13
13
32
8
15
36
11
31
5
3
3
45
7
4
5
15
13
30
3
9
32
14
23
5
2
39
8
13
14
26
31
8
29
15
23
6
2
38
3
7
12
15
22
71
14
28
22
24
10
36
3
5
15
16
16
10
30
14
26
7
40
10
14
13
28
18
33
21
1
44
15
6
4
9
40
14
22
3
15
2
34
7
3
4
10
9
2
9
52
20
16
1
39
10
3
10
1
9
11
20
15
1
38
8
9
1
15
3
12
9
29
4
6
1
2
12
6
1
5
30
3
5
3
13
31
7
1
3
3
11
24
2
4
5
6
3
3
5
15
21
5
3
7
5
5
3
2
7
16
20
5
1
5
3
1
3
6
7
6
20
12
8
1
7
3
3
3
9
4
10
20
17
7
3
9
3
2
4
10
1
14
20
21
1
9
7
3
9
10
6
2
13
19
19
24
1
5
7
3
3
7
14
17
9
3
15
21
17
35
6
9
6
7
4
5
15
12
18
14
5
16
23
16
39
14
15
10
7
21
7
6
18
27
24
1
17
5
4
16
21
9
44
7
17
17
8
10
21
2
10
4
20
9
11
28
1
20
5
3
14
19
5
48
20
16
6
9
21
4
10
1
26
12
34
12
20
8
12
15
50
8
20
14
1
9
14
7
10
34
5
16
37
19
22
11
14
15
53
13
24
18
17
24
12
12
33
18
27
18
37
18
24
13
15
16
57
17
29
19
2
17
23
14
13
2
39
11
19
35
20
24
14
15
14
55
15
25
16
10
15
12
11
39
20
38
20
24
15
15
10
56
8
24
14
13
27
11
10
42
22
44
22
24
15
15
5
57
17
22
12
12
12
13
12
1
39
9
34
15
40
24
26
16
13
55
10
18
7
6
14
14
2
34
1
10
32
12
20
14
10
48
4
15
5
8
12
27
11
32
6
17
11
7
48
8
6
10
36
7
26
10
19
9
5
41
2
7
12
10
2
63
8
23
8
17
7
2
31
9
14
3
7
11
32
8
18
4
3
38
1
7
13
21
4
24
2
16
3
28
9
4
19
12
4
25
8
1
4
68
20
12
6
27
1
9
4
3
20
18
11
6
3
26
7
5
4
16
2
10
6
1
4
9
27
3
5
10
12
10
7
2
7
14
27
1
6
7
89
63
16
6
9
4
8
2
19
35
11
7
9
2
9
9
246
43
5
19
10
8
8
6
7
22
37
15
10
10
2
10
15
397
15
11
6
9
7
11
23
35
11
10
4
1
8
19
585
17
10
7
11
7
16
24
34
11
16
3
14
6
16
1
8
13
756
61
9
23
14
8
10
6
17
26
36
6
18
8
18
18
18
4
8
4
709
62
18
28
10
17
5
8
9
2
17
24
41
5
21
10
20
18
21
3
7
6
16
437
17
31
10
19
6
7
11
3
20
24
45
12
23
11
20
18
18
3
7
4
25
149
10
12
25
6
16
6
4
13
1
22
23
42
2
22
14
19
20
20
1
6
4
21
5
40
28
7
24
12
13
10
1
16
22
19
41
9
21
17
17
16
32
1
7
6
18
55
54
9
26
11
13
11
18
24
16
39
8
20
20
16
17
30
2
7
7
18
51
10
23
15
11
12
19
23
11
37
7
17
19
11
11
22
2
6
5
19
45
11
20
15
10
12
21
23
7
34
7
14
18
7
3
21
5
5
12
54
15
17
26
12
13
12
20
21
3
38
6
15
19
5
7
20
7
5
23
67
68
15
29
20
14
13
15
12
38
7
13
13
6
6
10
3
23
47
10
23
14
14
10
13
9
33
5
10
11
1
6
5
9
2
8
8
13
27
11
19
8
12
5
39
4
9
7
4
4
2
9
15
8
17
28
19
16
10
10
35
5
7
3
7
5
12
23
32
58
17
30
13
17
8
1
10
36
5
6
3
3
5
7
14
16
31
10
27
10
21
8
2
8
32
3
2
1
3
5
13
7
5
13
28
8
19
8
6
29
4
6
12
16
4
24
30
14
18
7
3
28
9
7
12
13
26
44
21
27
20
20
5
2
2
5
26
10
4
9
14
9
26
23
27
15
19
3
3
2
30
5
10
12
1
11
3
2
9
21
5
17
3
24
1
7
4
1
16
5
12
2
19
6
2
6
32
4
14
4
7
4
21
1
8
5
15
16
13
9
5
5
22
5
7
5
17
12
4
3
10
24
7
5
4
1
11
3
6
1
3
7
5
15
23
8
4
5
4
40
12
1
8
1
4
9
1
9
20
25
12
6
3
5
8
2
10
57
4
16
9
1
3
10
10
21
30
13
9
2
5
9
14
10
3
12
3
14
23
25
16
14
17
2
8
12
1
3
14
4
16
23
26
1
14
2
13
7
1
8
7
32
14
5
4
4
14
1
16
21
29
13
5
12
2
8
10
1
47
12
10
5
2
16
1
19
22
28
5
15
10
15
5
12
3
10
7
8
9
7
4
4
16
1
19
20
25
8
7
10
12
9
17
2
8
8
1
13
7
3
5
15
17
16
23
5
8
8
7
15
3
5
1
2
3
18
2
11
4
6
15
16
12
28
2
15
9
8
5
18
5
5
10
60
6
18
3
12
7
5
15
14
8
28
1
11
11
5
2
10
7
6
12
2
16
3
8
5
3
15
15
5
24
6
6
12
9
12
6
5
8
14
6
6
6
16
15
3
23
8
6
12
13
8
5
3
8
21
4
18
2
10
6
16
12
29
6
9
14
17
6
6
2
16
99
11
22
12
6
14
8
32
5
9
11
15
7
9
4
21
40
4
20
5
11
7
14
6
33
3
7
9
7
10
8
3
22
1
15
11
4
13
3
29
1
6
6
7
4
6
1
9
31
21
9
4
12
25
1
6
3
6
1
6
1
6
114
3
22
13
3
1
9
31
2
11
1
7
4
8
2
11
66
12
21
1
16
4
2
6
34
11
1
9
1
10
11
25
8
13
5
4
29
5
3
8
15
4
21
16
2
1
2
32
9
2
9
12
78
5
20
2
12
3
2
29
7
1
10
56
7
15
6
6
5
2
21
2
4
3
9
4
17
1
9
3
2
25
6
6
13
18
5
8
3
2
25
4
5
12
63
12
2
5
2
23
7
1
6
1
1
10
68
15
4
9
4
2
26
9
2
8
1
7
1
9
4
2
5
16
5
4
2
3
2
6
13
4
2
3
1
67
5
2
4
2
1
11
18
5
3
5
3
5
98
5
1
4
5
1
3
15
19
4
6
1
7
13
1
1
9
1
9
16
14
3
2
5
6
8
1
12
1
15
18
12
2
4
5
7
28
51
7
1
16
19
18
19
3
10
5
13
8
2
40
95
5
21
25
19
12
4
1
21
4
6
7
10
39
9
5
1
21
27
18
16
2
20
4
4
4
9
5
41
8
2
2
20
24
14
19
5
18
3
1
12
6
9
46
4
7
2
1
2
21
27
13
21
4
8
23
5
17
17
7
8
73
3
72
13
5
4
19
24
11
2
26
9
11
23
6
17
19
1
7
2
78
3
14
1
4
3
1
17
20
7
25
11
11
20
3
18
14
2
5
9
81
1
15
6
2
15
17
4
28
13
16
2
19
15
2
17
80
16
17
6
9
4
1
13
9
3
28
4
10
12
14
12
2
16
72
18
103
19
6
14
5
3
11
3
32
4
14
9
12
15
4
1
18
78
20
61
15
5
11
5
4
9
29
11
4
3
12
3
62
17
10
3
1
6
28
4
4
2
12
59
7
1
16
19
18
19
3
10
5
13
8
2
40
95
5
21
25
19
12
4
1
21
4
6
7
10
39
9
5
1
21
27
18
16
2
20
4
4
4
9
5
41
8
2
2
20
24
14
19
5
18
3
1
12
6
9
46
4
7
2
1
2
21
27
13
21
4
8
23
5
17
17
7
8
73
3
72
13
5
4
19
24
11
2
26
9
11
23
6
17
19
1
7
2
78
3
14
1
4
3
1
17
20
7
25
11
11
20
3
18
14
2
5
9
81
1
15
6
2
15
17
4
28
13
16
2
19
15
2
17
80
16
17
6
9
4
1
13
9
3
28
4
10
12
14
12
2
16
72
18
103
19
6
14
5
3
11
3
32
4
14
9
12
15
4
1
18
78
20
61
15
5
11
5
4
9
29
11
4
3
12
3
62
17
10
3
1
6
28
4
4
2
12
59
6
3
1
2
2
13
5
9
19
1
5
4
3
4
4
2
67
7
3
6
1
12
3
2
10
8
8
9
4
5
2
2
5
13
14
11
11
8
1
6
2
23
17
19
12
11
1
13
2
4
3
5
7
95
8
6
2
2
18
21
11
5
19
5
6
18
4
6
1
4
7
2
31
3
14
1
6
1
4
20
26
14
14
19
6
13
21
10
14
26
3
7
13
7
12
4
2
21
25
12
4
22
6
12
20
7
13
19
1
5
5
7
17
3
3
3
19
20
4
6
14
8
4
17
10
2
3
5
4
10
101
2
3
4
17
16
1
10
12
7
5
15
12
6
4
5
2
10
44
3
7
11
1
6
13
9
12
13
3
4
11
7
5
3
15
3
2
8
7
12
4
10
7
6
9
1
5
6
1
2
14
9
12
13
5
8
5
7
11
6
90
5
21
1
12
9
12
8
6
2
1
10
11
16
74
1
10
13
5
10
6
10
12
7
1
11
9
7
11
15
7
10
4
9
16
6
3
1
11
14
7
14
12
11
9
2
12
20
6
3
10
11
8
12
7
71
10
18
16
13
10
2
15
21
3
2
14
14
15
84
10
14
18
11
7
3
14
21
3
11
14
18
7
9
22
4
6
13
13
2
1
13
19
10
11
19
6
6
9
11
4
3
12
16
15
59
7
12
12
11
3
3
16
16
7
5
13
17
32
72
6
11
16
8
8
3
9
12
3
4
2
15
2
17
6
10
19
7
7
3
1
9
10
3
1
11
12
3
10
16
9
6
4
6
1
8
10
8
9
11
1
5
9
6
7
3
9
4
1
7
1
8
2
28
29
10
2
5
3
9
3
7
5
4
2
5
6
5
3
20
6
2
1
10
5
8
4
1
3
4
2
11
8
10
8
4
4
11
10
12
5
1
1
7
6
11
78
12
10
12
5
4
8
12
19
1
1
14
13
11
1
6
8
7
4
16
13
9
3
2
6
7
8
14
14
11
5
7
7
2
18
84
2
3
11
8
4
3
5
3
6
14
41
2
3
14
5
9
2
8
3
1
2
5
3
6
3
10
5
8
4
5
1
3
18
1
7
7
4
2
2
7
7
17
60
10
8
17
5
8
8
13
7
3
3
10
16
23
43
15
10
23
8
11
12
16
11
11
6
1
12
17
4
14
13
26
14
12
13
18
13
10
1
6
10
20
9
14
21
10
12
14
15
17
6
4
9
5
9
15
11
49
14
18
19
9
14
3
14
17
25
13
14
10
14
8
11
4
21
16
28
65
20
21
23
18
15
5
14
30
30
27
18
11
22
27
1
12
9
25
24
13
18
22
31
16
15
6
11
23
34
24
14
7
21
21
1
11
14
23
11
15
17
26
14
15
5
9
21
22
23
10
5
22
19
11
9
25
30
8
43
22
24
23
16
13
9
8
38
24
23
20
3
19
21
4
13
10
34
17
30
68
22
26
21
16
9
11
4
26
30
12
22
1
11
22
2
12
14
26
16
10
18
11
18
9
7
7
4
16
16
10
13
6
27
9
6
22
12
15
9
15
3
4
4
3
17
14
9
5
2
8
7
5
27
1
25
1
12
3
1
3
4
7
2
6
2
18
77
2
11
2
3
5
6
2
16
3
1
5
2
4
2
3
9
7
4
10
3
5
21
21
7
9
15
6
43
85
10
16
20
1
10
41
15
12
20
24
3
10
18
12
20
21
3
8
12
14
22
21
7
2
9
29
76
3
16
19
20
6
3
10
5
7
10
2
32
42
16
16
17
1
4
11
6
5
3
8
6
16
14
15
4
4
1
10
4
4
5
2
2
14
9
9
3
9
1
1
4
16
91
2
11
3
3
1
6
3
3
5
25
73
10
6
9
7
10
4
5
6
7
3
7
2
1
1
4
7
4
6
1
5
1
2
4
7
11
54
25
4
11
7
9
8
9
3
3
9
3
23
65
10
8
24
11
12
1
4
17
14
6
1
3
1
8
12
19
8
25
21
21
21
11
6
1
18
30
13
11
7
10
2
13
19
23
27
20
32
21
12
5
1
26
27
21
11
12
12
4
15
12
31
2
64
30
21
29
22
12
7
35
27
21
12
20
13
6
16
10
35
18
97
25
21
26
23
12
10
29
33
17
18
10
14
3
17
