4707
4812
4725
1503
4812
4812
3926
4708
4812
4812
4357
4813
4812
4718
4812
4812
4812
1830
4711
1633
4738
4743
4999
4887
4880
1668
4701
4806
4719
1450
4806
4806
3795
4703
4806
4805
4226
4806
4806
4713
4806
4806
4806
1767
4678
1577
4732
4737
4998
4880
4874
1616
4695
4799
4713
1399
4800
4799
3666
4696
4799
4799
4075
4800
4799
4706
4800
4799
4799
1706
4543
1523
4726
4730
4993
4873
4868
1557
4689
4793
4706
1350
4793
4793
3539
4690
4793
4792
3945
4794
4793
4700
4793
4793
4793
1644
4376
1468
4720
4724
4999
4867
4861
1346
4798
1165
4799
4801
4701
4798
4797
4800
4800
4800
4799
4800
1416
1269
4899
4860
4855
3430
4918
3228
4918
4925
3324
4879
4917
4916
3332
4924
4924
3327
4923
4923
4923
3385
2934
3076
4750
4854
4848
4985
4994
4735
4995
4994
4520
4992
4995
4994
4812
4994
4994
4999
4994
4994
4994
4936
4958
4997
4532
4848
4842
4782
4978
4448
4978
4979
4856
4975
4978
4977
4844
4979
4978
4783
4978
4978
4978
4792
4497
4784
4526
4841
4835
4967
4984
4773
4984
4984
4999
4986
4984
4984
4998
4985
4984
4965
4984
4984
4984
4998
4829
4963
4442
4835
4829
4908
4969
4664
4969
4969
4993
4966
4969
4968
4993
4969
4969
4908
4969
4969
4969
4990
4678
4907
4370
4828
4822
4945
4967
4696
4968
4968
4999
4969
4968
4967
4999
4968
4968
4945
4968
4968
4968
4999
4701
4945
4314
4822
4816
4912
4959
4938
4959
4959
4999
4958
4959
4958
4999
4959
4959
4911
4959
4959
4959
4999
4742
4910
4240
4815
4810
124
742
93
609
107
93
500
94
94
94
540
95
95
405
95
95
96
135
581
116
95
97
96
96
241
684
526
209
396
442
358
255
488
222
237
950
60
770
205
60
620
60
60
59
672
59
51
645
59
59
255
726
222
53
58
56
56
272
968
764
236
595
655
692
290
718
251
322
1123
8
898
280
7
709
7
7
7
774
859
6
6
346
842
301
1
5
3
3
325
1228
7
980
283
7
775
8
8
8
847
991
8
9
348
924
302
11
9
10
11
381
1310
1042
331
818
896
1087
408
977
355
389
1441
16
1154
338
16
913
16
16
16
997
1242
16
16
417
1086
362
16
16
16
16
428
1508
1202
372
944
1033
1325
458
1129
398
450
1625
8
1301
391
8
1026
8
8
8
1121
1460
8
8
483
1222
420
7
8
7
7
475
1702
1360
413
1070
1170
1556
509
1278
442
1
503
1795
1436
437
1131
1236
1664
539
1348
470
70
523
1882
1505
455
1
1186
1
1
1
1296
1768
1
1
560
1414
487
231
2
2
2
549
1959
1567
478
1232
1348
1861
589
1471
513
367
24
568
2044
1636
494
2
1287
2
2
2
1407
1961
2
2
609
1537
531
503
153
2
2
590
2115
1692
513
1330
1455
2047
632
1588
551
635
305
609
2192
1755
530
1
1379
1
1
1
1509
2138
1
654
1647
569
762
433
1
1
629
2263
1812
548
1423
1557
2223
675
1700
588
889
570
650
2332
1868
565
1467
1605
2306
696
1753
606
1007
696
668
2400
1923
581
1509
1651
2387
716
1803
624
1125
821
686
2464
1975
597
1549
1695
2464
736
1852
641
1239
943
703
2528
2026
612
1589
1739
2540
754
1900
657
1349
1060
719
2587
2074
626
1626
1779
2611
771
1944
672
1454
1173
734
2644
2120
638
1662
1818
2680
787
1988
686
1556
1281
749
2701
2166
652
1697
1857
2747
804
2030
700
1656
1389
765
2755
2211
665
1731
1894
2813
820
2071
714
1752
1492
779
2807
2253
677
1764
1930
2876
835
2111
727
1846
1592
793
2859
2295
689
1795
1965
2937
851
2149
741
1937
1690
807
2908
2335
702
1827
1999
2996
865
2186
754
2025
1784
820
2956
2374
713
1857
2032
3054
879
2223
767
2110
1876
833
3003
2413
725
1886
2065
3110
894
2259
780
2194
1966
847
3049
2451
737
1915
2096
3165
908
2293
792
2276
2053
860
3093
2487
749
1943
2127
3217
922
2326
804
2354
2137
873
3135
2522
760
1970
2156
3269
935
2359
816
2431
2220
885
3176
2555
770
1996
2185
3317
948
2390
827
2504
2299
897
3216
2588
780
2021
2211
3364
959
2420
838
2574
2374
907
3254
2619
790
2044
2238
3410
971
2448
848
2643
2449
917
3290
2649
799
2067
2263
3454
982
2476
858
2710
2521
928
3326
2678
808
2090
2287
3496
993
2503
867
2775
2590
938
3360
2707
817
2111
2311
3538
1003
2529
877
2837
2658
948
3394
2734
826
2133
2334
3578
1014
2555
887
2899
2724
958
3426
2761
834
2153
2357
3617
1024
2579
896
2957
2787
966
3457
2786
842
2172
2378
3653
1033
2602
904
3013
2848
973
3484
2809
848
2189
2396
3688
1041
2623
911
3067
2907
980
3511
2831
854
2205
2415
3721
1049
2644
917
3119
2962
988
3539
2854
861
2223
2434
3753
1057
2665
924
3170
3018
995
3564
2875
867
2238
2451
3785
1064
2684
931
3219
3071
1002
3589
2896
873
2254
2468
3815
1071
2703
938
3267
3123
1009
3613
2916
878
2269
2485
3844
1078
2721
944
3313
3173
1015
3637
2935
885
2283
2500
3872
1085
2738
950
3357
3222
1021
3659
2953
889
2297
2516
3900
1092
2756
956
3401
3269
1027
3680
2971
894
2310
2530
3925
1098
2772
961
3442
3313
1033
3701
2988
900
2323
2544
3950
1104
2787
967
3482
3357
1038
3720
3005
904
2335
2558
3975
1110
2802
972
3521
3400
1043
3739
3020
909
2346
2571
3998
1116
2816
977
3559
3441
1048
3758
3035
913
2358
2583
4020
1121
2830
981
3595
3480
1053
3775
3050
917
2369
2595
4042
1126
2843
986
3630
3519
1058
3791
3064
921
2379
2607
4062
1131
2857
991
3664
3556
1062
3808
3078
925
2389
2617
4082
1135
2869
995
3697
3591
1066
3823
3091
929
2399
2628
4101
1140
2880
999
3728
3626
1070
3838
3103
932
2408
2638
4120
1145
2892
1003
3759
3660
1074
3852
3115
935
2417
2648
4137
1148
2902
1007
3788
3692
1078
3866
3126
938
2425
2657
4154
1152
2912
1010
3816
3723
1082
3878
3137
942
2433
2666
4169
1156
2922
1013
3844
3753
1085
3891
3147
945
2440
2674
4185
1160
2932
1017
3870
3782
1088
3903
3158
948
2447
2682
4200
1162
2941
1019
3895
3810
1091
3914
3167
950
2454
2690
4213
1166
2949
1022
3920
3837
1094
3925
3177
953
2461
2698
4228
1169
2958
1026
3944
3864
1097
3936
3185
955
2467
2705
4241
1172
2965
1028
3966
3889
1100
3945
3194
958
2473
2711
4253
1175
2973
1030
3988
3913
1102
3955
3202
960
2479
2718
4264
1178
2980
1034
4010
3937
1105
3964
3209
962
2485
2724
4276
1181
2987
1036
4030
3959
1107
3972
3216
964
2490
2729
4286
1183
2993
1038
4049
3981
1109
3980
3224
966
2494
2735
4297
1185
3000
1040
4068
4002
1111
3988
3230
968
2499
2740
4307
1187
3005
1042
4087
4022
1113
3995
3236
969
2504
2745
4316
1189
3011
1044
4104
4041
1115
4002
3242
971
2508
2750
4325
1192
3016
1046
4120
4060
1117
4009
3248
973
2512
2755
4333
1194
3022
1048
4136
4078
1119
4015
3253
974
2516
2758
4341
1195
3026
1049
4152
4095
1120
4020
3258
976
2519
2762
4348
1196
3030
1051
4167
4112
1122
4026
3263
977
2522
2766
4356
1199
3035
1052
4181
4128
1123
4031
3268
978
2525
2769
4362
1200
3038
1054
4195
4143
1125
4036
3272
979
2528
2773
4368
1201
3042
1054
4207
4158
1125
4040
3276
980
2531
2776
4374
1202
3045
1056
4220
4172
1127
4044
3279
981
2533
2778
4380
1204
3049
1057
4232
4186
1128
4048
3283
982
2536
2781
4385
1205
3052
1058
4243
4199
1129
4052
3286
983
2538
2783
4390
1206
3054
1059
4254
4212
1130
4055
3289
983
2540
2786
4395
1207
3057
1060
4264
4223
1130
4058
3292
984
2542
2788
4399
1207
3059
1061
4274
4234
1131
4061
3294
985
2543
2790
4403
1208
3062
1061
4284
4246
1132
4063
3297
985
2545
2792
4407
1209
3064
1062
4293
4256
1133
4066
3299
986
2546
2793
4410
1209
3065
1063
4302
4266
1133
4068
3301
987
2548
2794
4413
1210
3067
1063
4309
4275
1133
4070
3303
987
2548
2796
4416
1211
3069
1064
4317
4285
1134
4071
3305
987
2550
2797
4419
1211
3070
1065
4325
4293
1134
4073
3306
988
2551
2798
4420
1211
3071
1065
4331
4301
1135
4074
3307
988
2551
2798
4423
1212
3072
1065
4338
4309
1135
4075
3308
988
2551
2799
4425
1212
3073
1066
4345
4317
1135
4076
3309
989
2552
2799
4426
1212
3073
1065
4350
4323
1135
4076
3311
988
2552
2800
4427
1212
3074
1065
4356
4330
1135
4076
3311
989
2552
2800
4429
1212
3074
1066
4361
4337
1136
4077
3311
989
2552
2800
4429
1212
3074
1066
4366
4342
1135
4077
3311
989
2552
2800
4430
1212
3075
1066
4370
4347
1135
4077
3311
988
2552
2800
4430
1212
3074
1066
4375
4353
1136
4077
3311
988
2552
2800
4431
1212
3075
1066
4378
4358
1135
4076
3312
989
2552
2800
4431
1212
3074
1066
4382
4363
1135
4076
3311
988
2551
2799
4431
1212
3074
1065
4385
4367
1135
4075
3311
988
2551
2799
4431
1212
3073
1065
4389
4371
1135
4074
3311
988
2550
2798
4430
1211
3073
1065
4392
4375
1134
4073
3310
988
2550
2798
4429
1210
3072
1065
4394
4378
1134
4072
3309
987
2549
2797
4429
1211
3071
1065
4397
4382
1134
4071
3308
987
2548
2796
4428
1210
3070
1064
4399
4385
1133
4070
3307
987
2547
2795
4427
1209
3069
1064
4400
4387
1132
4068
3306
986
2546
2794
4426
1209
3068
1064
4402
4390
1132
4066
3305
986
2545
2793
4425
1209
3067
1063
4404
4393
1132
4065
3304
986
2544
2792
4423
1208
3066
1063
4405
4394
1132
4063
3303
985
2543
2790
4421
1207
3064
1062
4405
4396
1131
4061
3302
984
2541
2789
4420
1207
3063
1062
4407
4397
1130
4059
3300
984
2540
2788
4418
1206
3062
1061
4407
4398
1130
4057
3299
984
2539
2786
4416
1205
3060
1060
4407
4399
1129
4054
3297
983
2537
2784
4414
1205
3059
1060
4408
4401
1128
4052
3295
983
2536
2783
4412
1204
3056
1059
4408
4401
1128
4050
3293
982
2534
2781
4410
1204
3055
1059
4407
4402
1127
4047
3291
981
2532
2779
4408
1203
3054
1059
4408
4403
1126
4045
3289
980
2531
2778
4405
1202
3051
1058
4407
4403
1126
4042
3287
980
2529
2776
4402
1201
3049
1057
4407
4403
1125
4039
3285
979
2528
2774
4399
1200
3047
1057
4406
4403
1123
4037
3283
978
2526
2772
4397
1199
3045
1056
4405
4402
1123
4034
3281
978
2524
2770
4394
1198
3043
1055
4404
4402
1122
4031
3279
977
2522
2768
4391
1198
3041
1054
4403
4401
1121
4028
3276
976
2519
2766
4388
1197
3039
1054
4402
4401
1121
4025
3274
976
2518
2764
4385
1196
3036
1053
4401
4400
1120
4022
3272
975
2516
2762
4382
1195
3033
1051
4399
4398
1119
4018
3269
974
2514
2759
4379
1194
3031
1051
4397
4397
1118
4015
3267
973
2512
2757
4375
1193
3029
1051
4396
4396
1117
4012
3265
973
2510
2755
4372
1192
3026
1049
4394
4394
1116
4009
3262
972
2507
2753
4368
1191
3024
1049
4391
4393
1115
4005
3259
970
2505
2750
4365
1190
3022
1048
4390
4391
1114
4002
3256
970
2503
2748
4361
1189
3019
1047
4387
4389
1113
3998
3253
969
2501
2745
4357
1188
3016
1046
4385
4387
1112
3994
3251
968
2498
2743
4354
1187
3014
1045
4383
4386
1111
3991
3248
967
2496
2740
4350
1185
3011
1044
4380
4383
1110
3987
3245
966
2494
2738
4346
1185
3008
1043
4378
4381
1109
3983
3242
966
2491
2735
4342
1183
3005
1043
4375
4379
1108
3980
3239
964
2489
2733
4338
1182
3002
1041
4372
4376
1107
3976
3236
964
2487
2730
4335
1181
2999
1040
4369
4374
1106
3972
3233
962
2484
2728
4331
1180
2997
1039
4366
4371
1105
3968
3230
961
2482
2725
4326
1179
2994
1038
4364
4369
1103
3964
3227
961
2480
2722
4322
1177
2991
1037
4360
4366
1103
3960
3224
960
2477
2719
4318
1176
2987
1036
4356
4362
1101
3956
3220
959
2475
2716
4314
1175
2985
1035
4354
4360
1100
3952
3218
958
2472
2714
4310
1174
2982
1034
4351
4357
1100
3948
3214
957
2469
2711
4305
1173
2979
1033
4347
4353
1098
3944
3211
956
2467
2708
4301
1171
2976
1032
4344
4351
1097
3940
3208
955
2464
2705
4297
1170
2973
1031
4340
4348
1096
3936
3204
954
2462
2702
4292
1169
2969
1030
4336
4344
1095
3932
3201
953
2459
2700
4288
1168
2967
1029
4333
4341
1093
3928
3198
952
2456
2697
4283
1166
2964
1028
4329
4338
1092
3923
3194
951
2454
2694
4279
1165
2960
1026
4325
4333
1091
3919
3191
950
2451
2690
4274
1164
2957
1025
4322
4330
1090
3915
3187
949
2448
2688
4270
1163
2953
1024
4318
4327
1089
3910
3184
948
2446
2685
4265
1161
2951
1024
4314
4323
1087
3906
3181
947
2443
2682
4261
1160
2947
1022
4310
4319
1086
3901
3177
946
2440
2679
4256
1159
2944
1021
4306
4316
1085
3897
3174
944
2437
2675
4252
1157
2941
1020
4302
4312
1084
3894
3170
944
2435
2673
4247
1156
2937
1019
4298
4308
1082
3889
3167
942
2432
2670
4242
1155
2934
1017
4294
4304
1082
3884
3163
941
2429
2667
4237
1154
2931
1017
4290
4300
1080
3880
3160
940
2426
2664
4233
1152
2927
1015
4286
4296
1079
3875
3157
939
2423
2661
4228
1151
2924
1014
4282
4292
1078
3871
3153
938
2421
2658
4223
1150
2921
1013
4277
4288
1076
3867
3149
937
2418
2654
4218
1148
2918
1012
4273
4284
1075
3862
3145
936
2415
2652
4213
1147
2914
1011
4268
4279
1074
3857
3142
935
2412
2648
4209
1146
2911
1010
4264
4276
1073
3853
3138
934
2409
2645
4204
1144
2907
1008
4260
4271
1072
3849
3135
933
2407
2642
4199
1143
2904
1007
4255
4267
1070
3844
3131
932
2404
2639
4194
1141
2900
1006
4251
4263
1069
3839
3127
930
2400
2636
4189
1140
2897
1005
4246
4259
1068
3835
3124
929
2398
2633
4184
1139
2893
1004
4242
4254
1067
3830
3120
928
2395
2630
4179
1137
2890
1002
4237
4249
1065
3825
3116
927
2392
2627
4174
1136
2887
1001
4233
4245
1064
3821
3113
926
2389
2624
4170
1135
2883
1000
4228
4240
1062
3817
3109
925
2386
2620
4165
1133
2880
998
4223
4236
1061
3812
3105
924
2384
2617
4160
1132
2877
998
4219
4232
1060
3808
3101
922
2381
2614
4154
1130
2873
997
4215
4227
1059
3803
3098
921
2378
2611
4149
1129
2869
995
4210
4222
1057
3798
3094
920
2375
2608
4145
1128
2866
994
4205
4218
1056
3793
3090
919
2372
2605
4140
1127
2863
993
4200
4214
1055
3789
3086
918
2369
2601
4135
1125
2859
991
4195
4209
1054
3784
3083
917
2366
2598
4130
1124
2856
990
4191
4204
1052
3780
3079
915
2363
2595
4125
1122
2852
989
4186
4200
1051
3775
3075
915
2360
2592
4120
1121
2848
988
4181
4194
1065
3825
3116
927
2392
2627
4174
1136
2887
1001
4233
4245
1064
3821
3113
926
2389
2624
4170
1135
2883
1000
4228
4240
1062
3817
3109
925
2386
2620
4165
1133
2880
998
4223
4236
1061
3812
3105
924
2384
2617
4160
1132
2877
998
4219
4232
1060
3808
3101
922
2381
2614
4154
1130
2873
997
4215
4227
1059
3803
3098
921
2378
2611
4149
1129
2869
995
4210
4222
1057
3798
3094
920
2375
2608
4145
1128
2866
994
4205
4218
1056
3793
3090
919
2372
2605
4140
1127
2863
993
4200
4214
1055
3789
3086
918
2369
2601
4135
1125
2859
991
4195
4209
1054
3784
3083
917
2366
2598
4130
1124
2856
990
4191
4204
1052
3780
3079
915
2363
2595
4125
1122
2852
989
4186
4200
1051
3775
3075
915
2360
2592
4120
1121
2848
988
4181
4194
1035
3716
3028
901
2323
2551
4055
1104
2804
973
4120
4133
1038
3715
3028
904
2324
2552
4054
1106
2805
975
4118
4132
1037
3710
3023
903
2321
2548
4048
1105
2801
974
4113
4126
1035
3704
3018
901
2317
2545
4043
1103
2796
973
4107
4120
1034
3700
3016
901
2315
2542
4038
1102
2794
972
4102
4116
1032
3695
3011
899
2312
2538
4031
1100
2789
970
4096
4109
1031
3690
3007
898
2309
2535
4027
1099
2786
970
4091
4105
1030
3686
3003
897
2306
2532
4022
1098
2782
968
4085
4099
1029
3681
2999
896
2303
2529
4017
1096
2779
966
4080
4093
1027
3676
2995
895
2300
2525
4011
1095
2776
966
4074
4088
1026
3671
2991
894
2297
2522
4006
1094
2772
964
4069
4083
1025
3667
2987
893
2294
2519
4001
1092
2768
963
4064
4077
1024
3662
2983
892
2291
2516
3995
1091
2765
962
4058
4071
1022
3645
2975
891
2288
2512
3987
1089
2761
961
4053
4066
729
2370
2044
638
1644
1814
2582
792
1974
701
2640
2651
350
356
327
342
354
357
322
319
328
312
336
25
322
343
75
74
83
81
77
80
91
94
92
97
92
84
76
95
84
170
199
74
193
214
164
94
218
84
166
166
123
122
123
123
121
123
126
127
126
128
126
71
128
125
41
100
103
36
92
102
99
43
104
39
99
98
72
73
70
72
73
74
71
72
73
72
74
26
62
74
8
40
25
7
16
17
43
7
20
6
43
43
3
14
1
3
15
10
9
14
14
17
10
11
12
13
12
15
5
10
5
20
15
7
6
6
7
6
8
9
9
9
10
9
13
9
11
19
23
10
24
27
17
12
28
11
16
16
19
20
18
20
20
21
20
21
21
21
22
12
49
21
6
17
15
6
14
16
17
8
17
7
17
17
12
12
10
12
12
14
11
12
12
12
14
5
1
13
1
7
2
1
1
2
6
1
3
1
6
5
1
1
1
2
2
2
2
3
2
4
3
2
3
3
3
4
2
4
2
38
3
2
3
1
4
3
5
3
4
4
4
5
4
40
4
2
6
3
3
4
1
5
4
3
6
3
3
3
5
5
2
5
5
7
5
5
6
6
7
3
28
5
1
5
1
2
2
1
3
4
1
2
4
2
3
2
1
59
1
1
3
1
4
1
4
4
5
1
3
4
4
4
5
1
1
1
2
65
4
1
3
1
1
2
2
1
3
1
1
2
2
2
2
3
1
3
1
1
1
2
43
1
11
19
23
10
24
27
17
12
28
11
16
16
19
20
18
20
20
21
20
21
21
21
22
12
49
21
6
17
15
6
14
16
17
8
17
7
17
17
12
12
10
12
12
14
11
12
12
12
14
5
1
13
1
7
2
1
1
2
6
1
3
1
6
5
1
1
1
2
2
2
2
3
2
4
3
2
3
3
3
4
2
4
2
38
3
2
3
1
4
3
5
3
4
4
4
5
4
40
4
2
6
3
3
4
1
5
4
3
6
3
3
3
5
5
2
5
5
7
5
5
6
6
7
3
28
5
1
5
1
2
2
1
3
4
1
2
4
2
3
2
1
59
1
1
3
1
4
1
4
4
5
1
3
4
4
4
5
1
1
1
2
65
4
1
3
1
1
2
2
1
3
1
1
2
2
2
2
3
1
3
1
1
1
2
43
1
1
3
1
1
2
3
2
4
2
2
3
1
3
3
4
1
3
2
2
24
2
1
2
2
1
3
3
3
4
1
3
3
1
3
3
5
1
2
1
2
42
3
2
3
1
2
2
1
2
2
4
2
1
2
2
3
2
4
1
3
2
1
2
73
2
1
2
2
1
3
4
3
5
1
3
4
2
4
4
5
1
2
1
3
41
3
2
3
1
2
2
1
3
2
4
2
2
3
3
3
3
5
2
3
2
1
2
5
3
2
3
2
2
3
1
4
3
5
2
2
3
2
4
3
5
1
2
2
2
31
3
2
3
2
2
3
3
3
5
2
2
3
2
3
3
5
2
3
2
1
2
70
2
2
3
1
3
3
4
3
5
2
3
3
2
4
4
5
2
3
2
1
2
54
2
2
3
2
3
4
1
4
3
6
2
3
3
2
4
4
5
1
3
2
2
7
3
2
3
2
3
3
1
4
3
6
2
2
3
2
3
3
5
1
3
2
2
25
3
3
3
2
3
3
1
1
4
3
5
2
3
4
2
4
4
6
2
3
2
1
2
57
3
2
4
2
3
3
1
1
4
3
6
3
3
4
3
4
4
6
2
4
2
1
2
42
3
4
5
3
5
5
2
1
6
5
8
4
4
5
3
6
6
8
3
5
3
1
3
38
3
4
6
3
5
6
2
1
7
5
8
4
4
5
3
6
6
8
3
5
3
1
3
13
3
4
6
2
4
6
2
1
7
5
8
4
4
5
3
6
6
8
3
5
3
1
3
40
3
4
6
3
5
5
2
1
7
5
8
4
4
6
3
6
6
8
3
5
3
1
3
72
4
4
6
3
5
6
2
1
7
5
8
4
5
6
3
6
6
8
3
5
3
1
3
41
3
4
6
3
5
6
2
2
7
5
8
4
4
6
3
6
6
8
3
5
3
1
3
14
3
4
6
3
4
6
2
1
7
6
9
4
5
7
4
7
6
8
3
5
3
1
4
34
3
4
6
3
5
7
2
2
7
6
9
4
5
6
4
6
7
9
3
5
3
1
4
66
4
4
6
3
5
6
2
2
7
6
8
4
5
6
4
6
6
8
3
5
3
1
3
32
3
4
6
3
5
6
3
2
8
6
9
4
5
6
4
7
7
8
4
5
4
1
4
3
5
6
3
5
7
3
2
8
6
9
4
5
7
4
7
7
9
4
5
4
1
4
3
4
5
6
3
5
6
3
2
8
7
9
4
5
7
4
7
7
9
3
5
3
1
3
36
3
4
5
3
5
5
2
1
6
5
8
4
4
5
3
6
6
8
3
5
3
1
3
38
3
4
6
3
5
6
2
1
7
5
8
4
4
5
3
6
6
8
3
5
3
1
3
13
3
4
6
2
4
6
2
1
7
5
8
4
4
5
3
6
6
8
3
5
3
1
3
