4799
4785
4780
4790
4801
4791
4797
4792
4800
4785
4788
4797
4786
4788
4778
4794
4793
4795
4788
4794
4794
4781
4823
4913
4908
4775
4791
4777
4772
4783
4794
4784
4790
4784
4793
4778
4780
4789
4778
4781
4771
4787
4785
4788
4781
4786
4786
4774
4816
4907
4901
4138
4133
4090
3765
3512
3488
3643
3431
3192
3285
3418
3429
3024
3065
2787
2777
2700
2867
4833
2787
4864
4891
4819
4793
4900
4895
3038
3035
2988
3144
3125
3122
3088
3070
2981
2990
2988
2931
2882
2843
2773
2745
2694
2734
2817
2855
2994
2824
2980
3050
4894
4889
2187
2196
2161
2883
3682
3746
3085
3753
4270
3990
3526
3306
4513
4344
4716
4712
4674
4655
4575
191
406
704
4887
4882
2108
2109
2062
2964
3777
3845
3176
3859
4394
4111
3636
3417
4585
4493
4914
4913
4877
4806
360
4711
735
340
895
1123
4881
4876
2313
2319
2279
2872
3509
3561
3022
3557
3955
3732
3358
3168
4275
3991
4989
4989
4957
4884
409
4772
776
396
934
1180
4874
4869
2103
2106
2061
2891
3697
3763
3097
3773
4299
4018
3547
3327
4625
4386
4965
4965
4925
4880
242
4828
625
225
788
1031
4868
4863
2249
2253
2211
2907
3596
3652
3076
3654
4093
3853
3449
3251
4354
4150
4973
4974
4936
4847
398
4725
767
384
927
1167
4861
4856
2154
2158
2115
2863
3621
3683
3053
3689
4178
3913
3470
3258
4510
4249
4959
4959
4930
4888
247
4817
627
231
791
1038
4855
4850
2193
2196
2152
2901
3627
3687
3082
3692
4158
3905
3481
3276
4432
4226
4954
4955
4913
4832
374
4731
744
359
903
1139
4848
4843
2187
2191
2149
2864
3590
3650
3044
3653
4119
3865
3440
3235
4431
4183
4950
4950
4921
4866
288
4776
663
272
826
1072
4842
4837
16
16
16
24
37
38
27
38
46
41
33
29
47
47
59
59
58
55
3
52
5
2
5
7
56
56
7
7
7
3
1
2
3
5
6
6
6
3
1
4
3
23
23
23
25
18
18
23
18
14
16
20
22
13
13
8
8
9
10
3
12
7
3
9
12
10
10
13
13
13
16
16
16
16
16
16
16
15
15
16
16
16
16
16
16
2
16
4
2
5
6
16
16
1
1
1
2
4
5
3
4
6
5
4
3
6
6
8
8
8
8
7
7
7
1
2
1
1
1
1
3
3
3
4
3
3
3
3
2
3
3
3
2
2
1
1
2
2
2
1
1
1
2
2
1
1
1
2
2
2
2
2
2
2
2
2
2
2
2
2
2
2
2
2
2
1
1
1
1
1
1
1
2
59
208
348
1
34
33
473
38
26
166
161
607
174
147
319
309
1
727
36
14
322
302
442
429
37
851
168
18
1
113
444
425
579
562
2
170
967
14
319
125
43
271
579
2
560
703
683
51
317
1080
113
442
280
11
180
398
34
701
49
685
828
3
804
30
197
438
1191
275
1
578
403
5
102
324
531
164
824
191
808
947
59
921
155
342
573
1297
403
39
702
535
72
261
446
659
315
942
333
928
1062
210
1033
305
468
1
694
1402
18
539
175
825
661
228
389
579
781
437
1056
455
1043
1177
353
1145
427
606
46
817
1503
123
670
326
945
36
782
365
521
1
700
904
572
1169
588
1157
1285
481
29
1251
561
729
189
935
1602
279
793
451
1060
169
903
494
652
40
823
1019
695
1276
708
1265
1392
617
153
1355
683
855
337
1048
1696
401
918
589
1174
322
1016
629
773
178
939
1134
818
1382
831
1372
1494
740
303
1456
804
974
462
1160
1788
532
1033
713
1281
446
1129
750
896
328
1051
1242
937
1483
947
1475
1594
867
423
1554
923
1090
600
1266
1878
658
1151
838
1389
584
1237
876
1011
454
1163
1349
1050
1583
1060
1575
1691
985
558
1649
1036
1204
722
1372
1965
778
1261
959
1491
709
1343
993
1127
592
1269
1454
1164
1679
1172
1672
1786
1102
680
1742
1148
1313
849
1474
2050
899
1370
1075
1591
835
1446
1110
1236
717
1374
1554
1271
1772
1278
1766
1878
1216
801
1832
1255
1420
969
1573
2132
1011
1475
1189
1688
956
1545
1222
1343
843
1474
1652
1378
1863
1382
1858
1965
1324
919
1919
1361
1522
1084
1669
2211
1124
1576
1298
1782
1072
1642
1330
1448
964
1573
1747
1480
1951
1483
1947
2052
1431
1032
2004
1462
1623
1198
1762
2289
1231
1676
1406
1873
1187
1736
1436
1549
1080
1668
1838
1579
2037
1581
2033
2135
1534
1145
2086
1561
1721
1307
1852
2364
1337
1771
1509
1962
1295
1827
1538
1647
1195
1761
1928
1675
2118
1676
2116
2216
1634
1250
2165
1657
1814
1414
1939
2436
1439
1864
1609
2047
1403
1915
1637
1741
1304
1851
2015
1768
2199
1768
2196
2294
1730
1355
2242
1749
1905
1516
2024
2506
1538
1954
1706
2130
1506
2000
1732
1834
1411
1937
2098
1859
2276
1858
2274
2369
1824
1456
2317
1839
1993
1616
2106
2574
1634
2041
1800
2210
1605
2083
1826
1922
1513
2021
2178
1946
2351
1943
2350
2442
1914
1553
2389
1926
2077
1712
2185
2640
1726
2125
1891
2287
1703
2163
1915
2009
1613
2102
2256
2031
2422
2025
2422
2511
2001
1647
2458
2009
2159
1804
2261
2702
1815
2205
1978
2362
1795
2239
2001
2091
1709
2180
2332
2112
2493
2108
2493
2581
2086
1739
2527
2091
2239
1896
2336
2763
1903
2283
2063
2435
1886
2315
2086
2172
1803
2257
2405
2192
2561
2187
2562
2648
2169
1830
2593
2171
2317
1984
2409
2824
1988
2361
2147
2506
1975
2388
2168
2251
1894
2332
2477
2270
2627
2263
2628
2711
2249
1916
2657
2248
2392
2068
2479
2882
2070
2435
2227
2574
2061
2459
2248
2327
1982
2404
2547
2344
2691
2337
2693
2774
2325
2000
2719
2322
2465
2151
2547
2938
2150
2506
2304
2640
2143
2527
2324
2401
2068
2474
2613
2417
2753
2408
2755
2834
2400
2082
2779
2395
2535
2230
2613
2992
2227
2576
2380
2704
2223
2594
2398
2471
2150
2541
2678
2487
2813
2478
2816
2892
2473
2161
2837
2465
2603
2308
2677
3044
2302
2643
2453
2767
2301
2658
2471
2541
2231
2607
2741
2556
2871
2546
2874
2949
2543
2238
2893
2533
2669
2383
2739
3095
2374
2708
2523
2827
2377
2721
2541
2608
2309
2671
2802
2622
2928
2611
2931
3003
2611
2312
2948
2599
2733
2456
2799
3144
2445
2771
2592
2885
2449
2781
2608
2673
2383
2732
2861
2686
2982
2675
2986
3057
2677
2384
3001
2663
2795
2526
2857
3192
2513
2832
2658
2942
2520
2840
2674
2736
2457
2792
2918
2748
3035
2736
3039
3108
2740
2454
3052
2725
2855
2594
2913
3238
2580
2891
2722
2997
2590
2897
2738
2798
2527
2851
2974
2808
3087
2796
3091
3158
2803
2522
3102
2785
2913
2660
2968
3283
2644
2948
2784
3050
2655
2952
2799
2856
2595
2906
3027
2866
3136
2854
3141
3206
2863
2588
3150
2843
2969
2725
3021
3326
2706
3003
2845
3101
2719
3006
2858
2914
2662
2961
3079
2923
3184
2910
3189
3253
2921
2652
3197
2900
3024
2787
3072
3368
2767
3058
2903
3152
2782
3058
2917
2969
2726
3014
3130
2978
3231
2965
3236
3298
2976
2714
3242
2955
3077
2847
3122
3408
2825
3109
2960
3199
2842
3108
2972
3023
2788
3065
3178
3031
3276
3017
3281
3341
3031
2774
3286
3007
3128
2905
3170
3448
2882
3159
3014
3245
2900
3156
3026
3074
2848
3114
3225
3082
3319
3068
3325
3383
3084
2832
3329
3059
3177
2961
3217
3486
2938
3209
3068
3291
2957
3203
3079
3125
2907
3162
3271
3132
3362
3118
3367
3424
3134
2889
3370
3109
3225
3016
3262
3523
2991
3255
3119
3334
3012
3249
3130
3174
2964
3209
3315
3180
3403
3165
3409
3464
3184
2944
3410
3157
3271
3069
3306
3558
3043
3301
3168
3376
3065
3293
3178
3221
3018
3254
3357
3226
3442
3212
3448
3502
3232
2997
3448
3204
3316
3120
3348
3592
3093
3345
3216
3417
3117
3335
3226
3267
3071
3298
3399
3272
3480
3257
3486
3539
3278
3049
3485
3249
3359
3169
3389
3626
3142
3387
3263
3457
3167
3377
3272
3311
3123
3341
3439
3316
3517
3300
3524
3575
3323
3099
3522
3293
3401
3218
3429
3658
3189
3429
3308
3495
3214
3417
3317
3354
3172
3382
3478
3358
3553
3343
3560
3609
3365
3147
3557
3335
3442
3264
3467
3689
3234
3468
3352
3532
3261
3455
3360
3395
3220
3421
3515
3399
3587
3383
3594
3642
3407
3193
3590
3377
3481
3309
3505
3719
3279
3507
3394
3568
3306
3493
3401
3436
3267
3459
3552
3439
3621
3422
3628
3675
3448
3239
3623
3416
3519
3352
3541
3748
3321
3544
3434
3603
3350
3530
3442
3475
3312
3496
3586
3477
3654
3461
3660
3706
3487
3283
3655
3455
3556
3394
3575
3776
3363
3580
3474
3636
3392
3565
3481
3512
3355
3532
3620
3514
3685
3498
3692
3736
3525
3326
3685
3492
3591
3435
3609
3803
3403
3615
3512
3668
3433
3598
3519
3548
3397
3567
3653
3550
3715
3534
3722
3765
3561
3367
3715
3529
3625
3474
3641
3829
3442
3648
3549
3700
3472
3632
3556
3584
3438
3601
3685
3585
3745
3569
3751
3793
3596
3407
3744
3563
3659
3512
3673
3855
3479
3681
3584
3730
3510
3663
3590
3617
3477
3633
3715
3618
3773
3603
3780
3820
3631
3446
3772
3597
3690
3549
3704
3879
3516
3712
3619
3759
3547
3694
3625
3650
3516
3665
3745
3651
3800
3635
3807
3846
3664
3482
3798
3630
3721
3584
3733
3902
3551
3742
3652
3787
3583
3724
3657
3682
3552
3695
3773
3683
3826
3666
3833
3872
3695
3519
3824
3661
3751
3619
3761
3925
3585
3771
3684
3814
3617
3752
3689
3713
3588
3724
3801
3713
3852
3696
3859
3896
3727
3554
3849
3692
3780
3652
3789
3947
3618
3800
3715
3841
3651
3780
3720
3742
3622
3753
3827
3742
3876
3726
3883
3919
3756
3588
3872
3722
3807
3684
3815
3967
3650
3827
3745
3867
3683
3807
3750
3771
3655
3781
3853
3771
3901
3754
3907
3942
3785
3621
3896
3750
3834
3715
3841
3988
3681
3854
3774
3890
3714
3833
3778
3799
3687
3807
3878
3798
3923
3782
3930
3964
3813
3652
3919
3778
3860
3745
3866
4008
3711
3879
3802
3914
3744
3857
3806
3825
3718
3832
3902
3825
3945
3808
3952
3985
3839
3683
3940
3804
3885
3774
3890
4027
3739
3904
3829
3937
3773
3882
3833
3851
3748
3858
3925
3850
3966
3834
3973
4005
3865
3713
3961
3830
3909
3802
3913
4044
3767
3927
3855
3959
3801
3905
3858
3876
3777
3881
3947
3874
3987
3859
3994
4025
3890
3742
3981
3855
3932
3829
3935
4062
3794
3950
3880
3980
3827
3928
3883
3900
3805
3904
3968
3898
4006
3882
4014
4043
3914
3770
4001
3879
3955
3854
3957
4079
3820
3971
3904
4000
3853
3949
3907
3923
3832
3927
3989
3921
4025
3905
4033
4061
3937
3796
4019
3902
3976
3879
3977
4095
3846
3993
3928
4020
3879
3970
3931
3945
3858
3948
4010
3943
4044
3927
4051
4078
3959
3822
4038
3924
3997
3904
3997
4111
3870
4012
3950
4039
3903
3990
3953
3966
3883
3969
4028
3964
4061
3948
4069
4096
3980
3847
4055
3946
4017
3927
4017
4125
3893
4032
3972
4057
3927
4010
3974
3987
3907
3989
4047
3985
4078
3969
4086
4112
4001
3871
4072
3967
4036
3949
4035
4140
3916
4051
3993
4075
3949
4028
3995
4007
3930
4009
4065
4005
4095
3989
4102
4127
4021
3894
4088
3986
4055
3971
4052
4154
3938
4069
4013
4091
3971
4046
4015
4026
3952
4026
4082
4024
4111
4009
4117
4142
4040
3917
4104
4006
4072
3992
4070
4167
3958
4086
4032
4107
3992
4063
4034
4045
3974
4044
4098
4042
4125
4027
4133
4156
4059
3939
4119
4025
4089
4012
4086
4180
3979
4103
4051
4123
4012
4080
4053
4063
3996
4062
4114
4060
4140
4045
4147
4169
4076
3960
4133
4043
4106
4031
4102
4192
3998
4119
4069
4138
4031
4096
4071
4080
4015
4078
4129
4078
4154
4062
4161
4183
4093
3980
4147
4060
4122
4050
4117
4203
4017
4135
4086
4152
4049
4112
4088
4096
4034
4094
4143
4093
4167
4078
4174
4195
4110
3999
4160
4076
4138
4068
4132
4215
4035
4150
4103
4166
4068
4126
4104
4112
4053
4109
4158
4109
4180
4095
4187
4207
4125
4018
4172
4092
4152
4085
4146
4225
4053
4164
4119
4179
4085
4141
4120
4128
4071
4125
4172
4125
4193
4110
4199
4219
4141
4037
4185
4108
4166
4102
4160
4236
4069
4178
4134
4192
4102
4155
4136
4142
4088
4138
4184
4139
4204
4124
4211
4230
4155
4053
4196
4123
4179
4118
4173
4245
4086
4190
4149
4204
4118
4167
4150
4156
4105
4152
4196
4153
4215
4138
4222
4240
4169
4070
4208
4137
4192
4133
4185
4255
4102
4203
4163
4216
4133
4180
4164
4170
4121
4165
4208
4167
4226
4152
4233
4251
4182
4087
4219
4151
4204
4148
4197
4264
4117
4216
4176
4227
4148
4192
4177
4182
4136
4178
4219
4179
4237
4165
4244
4260
4195
4102
4229
4164
4216
4162
4208
4273
4131
4227
4189
4238
4162
4204
4190
4194
4150
4190
4230
4192
4246
4177
4253
4270
4207
4117
4238
4176
4227
4176
4220
4280
4145
4238
4202
4247
4176
4215
4203
4207
4165
4201
4241
4204
4256
4190
4262
4279
4219
4131
4248
4188
4238
4188
4230
4288
4158
4248
4214
4257
4189
4226
4214
4218
4178
4212
4251
4215
4265
4201
4272
4287
4230
4146
4257
4200
4249
4201
4240
4295
4171
4258
4225
4266
4201
4236
4225
4228
4191
4223
4260
4226
4273
4212
4280
4295
4241
4158
4266
4211
4258
4213
4250
4302
4183
4268
4236
4275
4214
4246
4236
4239
4203
4233
4269
4236
4281
4222
4288
4302
4251
4171
4273
4222
4268
4224
4259
4309
4195
4277
4247
4284
4225
4255
4247
4249
4215
4243
4278
4247
4289
4233
4296
4309
4261
4184
4281
4232
4277
4235
4268
4315
4206
4286
4257
4292
4235
4263
4256
4258
4226
4252
4286
4255
4297
4242
4303
4316
4271
4196
4289
4242
4285
4245
4276
4321
4217
4293
4266
4300
4246
4272
4266
4268
4237
4261
4294
4264
4304
4251
4310
4322
4279
4207
4296
4251
4294
4255
4284
4326
4227
4302
4275
4307
4256
4280
4275
4277
4248
4270
4302
4274
4311
4260
4316
4328
4288
4217
4302
4260
4301
4265
4292
4331
4237
4309
4284
4313
4266
4288
4284
4285
4258
4277
4308
4281
4317
4269
4323
4334
4296
4228
4309
4268
4308
4274
4299
4336
4246
4316
4292
4320
4274
4295
4291
4292
4267
4284
4315
4289
4323
4277
4328
4339
4303
4237
4315
4276
4315
4283
4306
4341
4256
4323
4300
4326
4283
4302
4299
4300
4276
4292
4321
4297
4328
4284
4334
4344
4311
4246
4320
4284
4322
4290
4312
4345
4264
4329
4307
4332
4292
4308
4307
4307
4285
4299
4327
4304
4334
4291
4340
4350
4318
4256
4326
4291
4328
4299
4318
4349
4272
4335
4314
4337
4299
4315
4313
4313
4293
4305
4333
4310
4339
4298
4345
4354
4325
4265
4331
4298
4334
4306
4324
4353
4280
4340
4321
4342
4306
4320
4320
4320
4300
4311
4338
4317
4343
4304
4349
4358
4330
4272
4336
4304
4339
4313
4329
4356
4287
4346
4327
4347
4314
4326
4326
4326
4308
4317
4343
4323
4348
4311
4353
4362
4336
4281
4340
4311
4344
4320
4335
4360
4294
4351
4332
4351
4320
4330
4332
4331
4315
4322
4347
4328
4352
4317
4357
4366
4342
4288
4344
4317
4350
4326
4339
4363
4301
4355
4338
4356
4326
4336
4337
4336
4321
4328
4352
4333
4356
4322
4361
4369
4347
4295
4348
4322
4355
4332
4344
4365
4308
4360
4344
4360
4333
4341
4343
4342
4328
4333
4356
4339
4359
4327
4365
4372
4352
4301
4352
4328
4358
4338
4348
4368
4314
4364
4348
4364
4338
4345
4348
4346
4334
4337
4360
4343
4362
4332
4367
4374
4356
4308
4355
4332
4362
4343
4352
4370
4319
4368
4353
4367
4343
4349
4352
4350
4339
4342
4363
4347
4365
4337
4371
4377
4360
4314
4358
4337
4366
4348
4356
4373
4324
4371
4358
4370
4349
4353
4357
4355
4345
4346
4367
4352
4368
4341
4373
4380
4364
4319
4360
4341
4369
4352
4359
4374
4330
4374
4362
4373
4353
4356
4361
4359
4349
4349
4370
4356
4371
4345
4376
4382
4368
4325
4363
4345
4373
4357
4362
4375
4335
4377
4365
4376
4357
4359
4364
4362
4354
4353
4372
4359
4373
4348
4378
4384
4371
4329
4366
4349
4376
4361
4365
4377
4339
4380
4369
4378
4361
4363
4368
4365
4358
4356
4375
4363
4375
4352
4380
4385
4374
4334
4367
4352
4378
4365
4368
4378
4343
4383
4372
4380
4366
4365
4372
4368
4363
4360
4378
4366
4377
4356
4382
4386
4377
4339
4369
4356
4381
4368
4370
4379
4347
4385
4375
4382
4369
4368
4374
4371
4366
4362
4380
4368
4379
4358
4383
4388
4380
4343
4372
4359
4383
4371
4372
4380
4351
4387
4378
4384
4372
4370
4377
4374
4369
4364
4381
4371
4380
4361
4385
4389
4382
4346
4373
4361
4385
4374
4374
4380
4354
4389
4381
4386
4375
4372
4380
4376
4373
4367
4383
4373
4381
4363
4386
4390
4385
4350
4374
4364
4387
4377
4376
4381
4357
4390
4383
4387
4377
4374
4382
4378
4376
4369
4384
4376
4382
4366
4387
4391
4387
4354
4376
4366
4388
4380
4378
4382
4360
4392
4385
4388
4381
4375
4384
4380
4378
4371
4386
4377
4383
4368
4388
4391
4388
4357
4376
4369
4389
4382
4380
4381
4363
4393
4386
4389
4383
4377
4386
4382
4381
4372
4387
4379
4384
4369
4388
4391
4390
4360
4377
4370
4390
4384
4381
4381
4365
4394
4388
4390
4384
4378
4387
4383
4383
4374
4388
4381
4384
4371
4389
4391
4391
4363
4377
4372
4392
4385
4381
4381
4367
4394
4390
4390
4386
4379
4388
4384
4384
4375
4388
4382
4384
4372
4389
4391
4392
4364
4378
4373
4392
4387
4382
4381
4369
4395
4391
4391
4388
4380
4390
4385
4387
4376
4388
4383
4384
4373
4389
4391
4393
4367
4378
4374
4393
4388
4383
4380
4371
4395
4392
4391
4389
4381
4391
4386
4389
4377
4389
4384
4384
4375
4389
4391
4394
4369
4378
4376
4393
4390
4383
4379
4372
4396
4392
4391
4390
4380
4391
4387
4389
4377
4389
4384
4384
4376
4389
4390
4394
4371
4378
4376
4393
4391
4383
4378
4374
4396
4393
4391
4391
4381
4392
4387
4391
4378
4389
4385
4384
4376
4388
4389
4394
4372
4377
4377
4393
4391
4384
4378
4375
4395
4394
4390
4393
4381
4392
4388
4392
4378
4389
4385
4383
4376
4388
4389
4394
4373
4378
4378
4393
4392
4384
4376
4376
4395
4394
4390
4393
4381
4392
4388
4392
4378
4389
4386
4383
4377
4387
4388
4394
4375
4377
4378
4393
4392
4383
4375
4376
4395
4393
4389
4393
4381
4392
4387
4393
4378
4388
4385
4382
4377
4386
4387
4394
4376
4376
4377
4392
4393
4383
4374
4377
4394
4394
4388
4393
4380
4393
4387
4393
4378
4387
4385
4381
4377
4385
4386
4393
4376
4375
4378
4391
4392
4382
4372
4377
4393
4393
4387
4393
4380
4392
4387
4393
4378
4386
4385
4380
4377
4384
4384
4393
4377
4374
4377
4390
4392
4382
4371
4378
4392
4393
4386
4393
4379
4391
4386
4393
4377
4385
4384
4378
4376
4382
4382
4393
4377
4373
4377
4390
4392
4381
4369
4377
4391
4392
4385
4393
4379
4391
4385
4393
4376
4384
4384
4377
4376
4381
4381
4392
4377
4372
4376
4388
4392
4380
4367
4377
4390
4391
4384
4392
4378
4390
4385
4393
4375
4383
4382
4376
4375
4380
4379
4391
4377
4370
4376
4388
4391
4378
4365
4377
4389
4390
4382
4392
4376
4389
4384
4392
4375
4381
4382
4375
4375
4378
4377
4390
4377
4369
4375
4386
4390
4377
4364
4377
4388
4389
4381
4391
4375
4388
4383
4391
4374
4380
4381
4373
4373
4376
4375
4388
4377
4367
4374
4385
4389
4376
4361
4376
4386
4388
4379
4391
4374
4387
4382
4391
4372
4379
4380
4371
4372
4375
4374
4387
4377
4365
4373
4383
4388
4375
4359
4375
4384
4387
4377
4389
4373
4385
4381
4390
4371
4376
4378
4369
4371
4373
4371
4386
4376
4364
4372
4381
4387
4373
4357
4374
4382
4385
4375
4388
4371
4384
4379
4389
4370
4375
4377
4367
4370
4371
4369
4384
4375
4362
4371
4380
4386
4371
4354
4374
4380
4384
4374
4387
4369
4383
4378
4388
4368
4373
4375
4365
4369
4369
4366
4382
4374
4360
4369
4378
4385
4369
4352
4373
4379
4382
4372
4386
4367
4382
4376
4386
4367
4371
4374
4363
4367
4366
4364
4381
4374
4358
4367
4376
4383
4367
4349
4371
4376
4380
4369
4384
4365
4379
4373
4385
4364
4369
4372
4360
4365
4364
4362
4378
4372
4355
4366
4373
4381
4365
4346
4370
4374
4379
4367
4382
4364
4377
4372
4383
4363
4367
4370
4358
4364
4361
4359
4376
4371
4353
4364
4371
4380
4363
4344
4368
4372
4377
4365
4381
4362
4376
4370
4382
4361
4364
4368
4356
4361
4359
4356
4374
4370
4351
4362
4370
4378
4361
4341
4367
4369
4375
4362
4378
4359
4373
4368
4380
4358
4362
4366
4353
4360
4356
4354
4372
4368
4348
4361
4367
4376
4359
4338
4365
4367
4373
4360
4376
4357
4371
4365
4378
4357
4359
4364
4350
4357
4353
4350
4369
4367
4346
4358
4364
4374
4356
4335
4364
4365
4370
4357
4375
4355
4369
4363
4376
4354
4356
4362
4347
4355
4351
4348
4367
4365
4343
4356
4362
4372
4353
4332
4361
4361
4368
4354
4372
4352
4367
4361
4374
4352
4354
4359
4345
4353
4348
4345
4365
4364
4340
4354
4359
4369
4351
4329
4359
4359
4365
4351
4370
4350
4364
4358
4371
4349
4351
4356
4342
4351
4345
4342
4362
4361
4338
4351
4356
4367
4348
4326
4357
4356
4363
4348
4368
4347
4362
4356
4370
4347
4348
4354
4339
4348
4342
4339
4359
4359
4335
4349
4353
4364
4346
4322
4355
4353
4360
4345
4365
4344
4359
4353
4367
4344
4345
4351
4336
4346
4339
4336
4356
4357
4331
4346
4350
4362
4343
4319
4353
4350
4357
4343
4362
4341
4356
4349
4364
4341
4342
4348
4333
4343
4335
4332
4354
4355
4328
4344
4347
4359
4340
4315
4350
4347
4355
4339
4360
4338
4353
4347
4362
4339
4339
4346
4329
4340
4332
4328
4351
4353
4326
4341
4344
4356
4337
4312
4348
4344
4352
4336
4358
4336
4351
4345
4359
4336
4337
4343
4326
4337
4329
4325
4348
4350
4322
4339
4341
4354
4334
4309
4345
4341
4349
4333
4355
4332
4347
4341
4356
4333
4333
4340
4323
4335
4326
4322
4345
4348
4319
4336
4338
4350
4331
4305
4342
4337
4346
4329
4351
4329
4344
4338
4354
4330
4329
4337
4319
4332
4322
4318
4342
4345
4316
4333
4334
4348
4328
4301
4340
4334
4342
4326
4349
4327
4341
4335
4351
4327
4327
4334
4316
4328
4319
4315
4338
4343
4312
4330
4331
4345
4324
4298
4337
4331
4339
4323
4346
4323
4338
4332
4347
4324
4322
4330
4313
4325
4315
4311
4335
4340
4309
4327
4328
4342
4321
4294
4334
4327
4336
4319
4343
4320
4335
4329
4344
4320
4319
4327
4309
4322
4311
4307
4331
4337
4305
4323
4324
4339
4318
4290
4331
4323
4333
4316
4339
4317
4332
4325
4341
4317
4316
4324
4305
4319
4308
4304
4328
4334
4302
4320
4321
4335
4314
4287
4328
4320
4329
4312
4336
4313
4328
4322
4338
4314
4313
4321
4302
4316
4304
4300
4325
4331
4299
4317
4317
4332
4311
4283
4325
4317
4326
4308
4333
4309
4324
4318
4335
4310
4308
4317
4298
4312
4300
4296
4321
4328
4294
4313
4313
4328
4307
4279
4322
4313
4322
4304
4329
4305
4320
4315
4332
4307
4305
4314
4294
4309
4296
4292
4318
4325
4291
4310
4309
4325
4303
4274
4318
4309
4319
4301
4326
4302
4317
4311
