7
32
15
1
15
12
2
4
3
7
6
3
1
14
19
11
13
5
7
22
2
5
17
7
15
14
30
28
23
2
23
10
8
7
18
7
38
4
4
4
5
35
57
22
73
1
6
12
5
65
45
1
2
8
18
11
82
53
1
80
96
6
13
5
3
10
22
3
17
6
114
2
114
7
106
26
2
6
138
3
7
15
227
5
3
3
4
1
202
3
8
13
9
9
182
4
3
118
3
91
53
4
7
13
10
29
7
1
1
5
8
8
16
8
9
1
7
13
10
7
11
23
15
3
5
22
4
10
13
5
24
18
3
21
3
11
6
9
5
2
1
8
16
18
7
11
9
10
3
6
9
13
23
8
6
12
5
12
8
47
6
4
18
21
15
16
14
6
16
4
76
2
9
3
23
12
18
17
23
5
11
5
28
15
21
16
25
13
10
12
26
86
5
10
1
15
8
30
17
23
12
24
15
29
6
32
6
23
23
27
19
17
16
40
4
91
10
5
4
1
6
10
1
1
5
1
6
90
9
7
23
14
15
6
13
11
10
4
19
6
11
14
20
13
11
11
25
7
98
10
2
3
1
9
2
9
7
1
2
3
51
3
9
1
2
2
12
1
6
8
4
6
8
43
4
12
11
15
3
18
1
4
26
4
8
8
11
3
25
29
7
17
1
8
7
9
1
2
21
7
62
3
14
8
6
4
10
3
1
11
8
82
5
1
14
9
12
5
12
10
11
7
11
8
2
14
5
118
1
6
8
22
1
20
8
21
8
17
17
5
7
10
11
14
15
9
10
13
148
4
8
10
23
5
22
4
11
10
18
13
13
9
14
9
17
18
13
9
21
154
12
12
5
7
13
7
6
2
12
4
9
6
2
3
33
122
50
106
4
6
10
3
9
6
8
3
54
135
4
8
8
7
12
9
18
3
4
51
117
43
73
27
60
2
4
1
2
3
18
59
3
4
1
2
50
1
3
2
5
3
5
8
8
3
5
8
1
11
3
6
7
6
4
12
14
3
6
8
6
4
14
5
6
8
2
3
6
3
7
14
7
12
6
16
3
10
6
8
13
12
10
15
16
8
17
20
17
10
5
24
12
6
4
8
23
32
5
14
5
1
2
1
11
2
1
2
6
9
11
5
13
25
36
5
14
8
8
17
10
8
18
9
12
8
9
19
3
5
10
7
19
6
16
5
16
13
27
4
18
10
21
12
14
14
24
19
1
7
19
5
19
8
14
7
11
5
30
5
17
12
20
7
6
13
25
12
1
16
19
2
17
7
26
18
10
18
2
9
16
14
19
13
13
20
17
10
3
5
19
4
15
17
33
5
39
11
27
43
27
12
43
11
32
18
31
16
10
19
36
1
19
21
9
3
16
20
12
1
6
22
16
16
6
11
14
8
3
16
8
22
37
32
9
27
18
34
6
40
10
30
14
33
18
11
9
41
1
12
26
18
4
18
27
30
7
19
9
22
13
3
35
11
2
9
11
19
7
12
16
4
3
10
1
4
10
10
11
8
12
17
10
6
18
19
9
8
1
16
5
14
3
16
15
4
12
23
17
18
1
4
14
15
7
33
14
3
13
12
17
29
9
18
15
2
13
30
19
4
1
22
16
3
13
6
5
21
14
15
33
17
7
9
6
26
5
13
14
11
10
20
9
3
1
6
11
20
9
4
2
5
6
14
9
8
11
9
17
16
5
8
16
17
17
20
2
1
2
10
5
9
3
15
12
15
13
4
11
18
19
12
20
7
5
3
10
8
8
14
8
19
13
13
18
7
2
6
3
16
6
28
5
23
14
22
13
22
8
18
13
14
15
25
25
14
14
32
5
7
2
3
7
7
15
2
12
4
1
4
5
9
3
7
8
18
10
4
5
9
3
13
1
16
17
6
22
10
2
1
5
8
4
8
10
12
26
7
21
13
4
3
23
7
15
19
16
11
14
10
18
1
17
12
10
3
9
3
5
1
6
14
10
12
10
2
5
2
3
10
21
17
8
5
9
5
5
18
11
11
10
13
9
7
11
20
10
5
1
1
2
10
3
11
2
4
3
18
10
4
1
2
1
5
17
22
12
20
11
10
7
12
11
10
20
11
8
14
16
13
21
44
38
7
3
30
1
18
17
15
3
4
9
14
11
5
7
11
9
7
13
42
2
24
1
20
19
22
2
5
16
12
14
5
11
6
8
10
9
65
3
10
12
1
6
1
89
7
10
9
10
6
6
4
7
11
10
93
3
8
4
6
3
4
5
3
10
7
18
64
7
6
4
3
4
4
10
6
3
19
30
10
1
16
1
5
5
6
5
13
26
4
33
4
2
1
2
12
22
9
13
2
14
8
8
17
16
12
6
7
7
15
10
15
26
21
12
14
5
16
3
11
8
7
10
9
6
7
5
16
4
15
18
52
5
14
14
4
15
5
11
9
15
8
7
12
3
17
20
77
8
13
10
17
10
21
14
21
10
9
11
8
1
13
9
18
7
25
9
11
23
63
1
1
4
36
14
32
2
1
7
2
7
4
14
12
2
42
6
16
3
1
7
2
9
3
7
16
8
16
11
3
5
11
1
13
6
9
3
16
9
10
7
3
4
2
1
6
7
20
12
6
30
3
27
10
15
5
14
22
10
14
21
13
13
22
14
12
30
16
14
5
9
10
2
5
2
14
1
15
12
6
2
10
2
5
2
21
10
7
11
1
10
7
1
1
13
4
29
3
15
5
4
1
6
1
9
6
6
3
3
6
4
1
8
2
4
30
18
5
40
3
9
11
3
1
2
7
7
3
5
5
13
3
4
19
3
18
19
6
19
3
14
14
12
5
21
7
22
19
10
15
18
23
13
5
19
1
1
5
6
4
16
12
12
5
13
11
1
11
11
10
1
23
3
6
22
12
16
9
1
28
16
2
18
19
11
3
3
30
1
5
1
7
16
3
4
5
7
2
4
10
1
1
6
16
3
5
7
9
3
6
10
4
5
1
4
20
23
26
28
27
24
7
8
7
15
20
15
7
15
10
18
31
17
5
1
6
14
24
19
25
20
18
8
17
7
2
13
9
5
3
13
18
26
17
3
9
10
18
20
35
22
34
26
27
16
7
13
12
18
18
10
14
26
27
31
16
2
10
11
13
24
16
37
16
30
22
22
16
13
13
14
18
18
12
10
31
25
25
18
9
3
5
8
5
17
2
24
15
2
5
11
2
6
1
6
3
25
12
7
13
12
16
18
29
13
33
7
25
10
13
16
21
11
23
12
19
8
17
38
23
16
23
9
6
3
8
18
3
20
11
1
3
9
10
1
12
2
8
6
28
13
5
7
4
15
10
16
25
16
28
11
20
11
11
20
15
12
22
13
16
8
9
36
25
17
11
13
17
14
23
31
31
36
28
30
24
21
22
26
19
34
28
28
14
21
42
36
30
22
14
3
6
12
16
11
8
2
9
18
12
7
7
16
14
8
14
4
1
8
15
21
15
12
4
14
13
9
21
17
8
3
10
17
17
8
21
11
21
8
5
7
15
24
33
23
24
8
10
33
16
23
29
23
18
20
25
22
25
15
20
3
63
4
2
60
1
16
7
13
3
11
15
9
3
6
9
1
1
11
31
1
14
5
9
4
14
15
9
11
12
14
29
16
169
35
366
36
5
7
467
11
7
325
11
1
1
5
12
7
264
36
1
153
43
22
7
4
10
8
6
16
9
17
5
6
11
3
6
1
16
5
9
1
35
8
13
2
2
3
2
3
13
1
4
46
26
14
18
28
10
39
24
6
2
13
19
13
19
10
7
26
24
37
25
12
18
23
28
17
10
20
20
3
28
14
22
5
5
9
30
16
20
12
12
1
8
20
3
19
15
6
2
3
27
19
20
10
27
17
41
3
25
37
16
14
4
12
5
32
25
5
15
21
42
11
14
18
20
25
32
7
20
4
10
5
2
27
22
5
8
8
20
20
26
19
29
33
42
26
33
1
9
38
25
13
19
13
19
14
19
35
34
22
26
20
27
31
22
29
22
37
27
34
7
17
28
27
18
27
15
25
22
26
35
30
25
32
24
19
23
16
20
33
26
28
25
8
16
24
15
11
16
15
17
12
11
28
24
23
19
14
16
22
14
20
29
24
29
28
13
22
22
12
17
16
16
21
10
6
30
25
28
18
12
19
28
19
27
33
30
32
35
18
27
24
21
18
19
17
23
10
6
37
30
35
25
15
25
29
22
34
37
39
35
42
28
35
27
26
20
25
22
27
7
16
42
36
42
31
18
3
3
3
19
14
26
13
25
16
20
2
7
5
10
25
19
23
10
20
5
6
5
22
16
33
12
31
17
23
7
12
9
13
8
14
2
28
24
27
4
40
23
28
18
38
26
53
24
51
33
46
30
53
26
36
25
37
16
17
45
40
41
28
18
29
8
8
4
22
9
34
5
29
19
29
15
16
11
17
13
21
6
26
18
18
16
8
29
4
16
9
9
8
6
3
6
7
9
3
8
1
1
36
5
4
11
2
19
10
12
11
11
11
15
16
17
9
9
5
12
3
3
16
6
34
1
1
4
6
1
9
5
6
20
10
5
14
4
6
11
2
12
13
4
19
10
29
4
5
3
14
16
14
8
12
11
5
17
4
20
14
8
5
6
2
5
28
15
25
10
24
16
15
11
15
3
15
24
16
17
14
2
12
8
28
15
7
24
9
23
12
22
4
22
8
27
4
15
15
4
9
7
6
12
6
24
10
1
14
11
8
1
3
9
3
5
14
3
7
4
3
18
2
4
4
5
11
26
3
1
2
10
1
2
3
8
1
8
9
7
5
1
2
8
4
1
40
7
15
2
23
7
20
4
3
19
16
16
23
3
14
24
22
18
5
27
9
40
3
12
9
5
6
5
6
8
12
7
10
3
7
13
12
7
2
8
16
1
5
4
31
13
14
5
19
19
7
7
12
7
10
9
4
8
24
9
2
12
10
61
21
30
11
27
5
25
19
19
17
27
18
19
12
19
32
18
10
26
18
16
51
22
38
18
34
18
37
17
37
21
38
20
28
4
37
14
38
16
32
40
30
31
37
19
20
35
12
24
7
22
14
27
18
33
27
40
7
25
29
13
34
12
19
27
22
29
27
8
15
54
16
28
11
27
22
34
27
41
39
45
6
29
34
22
37
12
26
29
25
36
34
11
96
6
18
6
21
18
33
23
38
33
37
1
27
32
15
34
21
22
19
31
24
91
14
2
19
15
30
18
32
29
28
28
28
12
27
13
18
13
25
25
65
8
22
17
26
30
36
28
32
36
16
27
3
30
24
18
10
16
26
20
28
31
2
63
3
10
18
25
22
18
12
17
13
5
10
10
1
3
15
8
12
15
5
61
10
17
1
25
10
32
16
14
16
6
18
13
12
18
10
10
23
14
15
16
14
9
64
7
19
6
26
3
34
7
9
7
15
28
12
13
13
10
6
26
12
9
16
8
31
5
19
23
6
5
12
13
1
11
5
7
1
21
3
20
21
19
12
25
6
30
16
1
5
31
7
15
7
10
12
26
6
24
8
34
47
4
9
6
8
6
28
51
6
7
2
11
2
1
5
13
51
39
2
7
13
1
14
6
3
2
5
14
67
37
8
1
5
4
9
73
69
1
5
16
10
7
1
10
1
10
1
9
17
11
5
17
103
5
84
1
6
3
4
113
12
65
4
2
5
6
18
2
5
11
1
9
7
1
8
126
5
58
21
15
10
4
4
8
139
62
12
148
77
4
2
4
8
4
7
7
6
30
1
12
7
22
18
19
16
1
6
10
1
188
55
4
188
7
197
2
2
5
5
10
6
2
5
226
15
1
6
2
8
234
1
2
7
13
1
14
6
3
2
5
14
67
37
8
1
5
4
9
73
69
1
5
16
10
7
1
10
1
10
1
9
17
11
5
17
103
5
84
1
6
3
4
113
12
65
4
2
5
6
18
2
5
11
1
9
7
1
8
126
5
58
21
15
10
4
4
8
139
62
12
148
77
4
2
4
8
4
7
7
6
30
1
12
7
22
18
19
16
1
6
10
1
188
55
4
188
7
197
2
2
5
5
10
6
2
5
226
15
1
6
2
8
234
1
6
1
13
8
3
1
11
4
3
1
5
7
10
15
4
23
8
23
4
20
5
14
14
12
8
11
7
9
8
4
20
12
10
12
25
9
3
14
14
9
14
14
10
1
6
5
8
5
6
1
12
3
12
13
6
21
8
11
10
2
7
11
16
7
28
25
25
19
6
36
14
45
2
28
25
3
18
13
8
42
11
20
9
25
22
7
28
22
8
34
15
47
31
25
9
16
16
3
12
33
7
20
12
24
7
27
6
35
32
15
52
5
24
8
38
41
17
28
24
12
18
34
14
14
6
11
12
21
21
3
37
11
12
9
23
29
7
12
14
1
4
19
9
13
14
13
5
4
16
16
3
26
34
19
6
20
22
6
11
14
2
17
23
26
23
18
21
7
16
19
14
4
18
23
36
14
23
4
18
9
18
24
1
32
23
38
12
23
22
13
21
6
21
1
12
13
21
29
12
20
21
15
19
19
19
30
5
3
16
27
38
27
12
5
10
1
7
5
10
17
9
9
10
9
6
5
8
16
8
14
32
37
2
5
6
3
4
4
4
2
7
9
7
30
17
15
11
3
18
14
9
11
12
8
21
15
18
16
25
11
12
19
19
21
20
27
14
1
7
21
11
3
7
1
16
39
6
4
11
13
9
8
3
7
14
14
17
6
7
10
17
10
5
8
48
7
8
6
33
14
10
11
7
2
9
8
1
10
12
16
10
18
10
30
2
18
1
24
19
21
24
12
9
14
17
23
10
3
23
20
15
12
2
5
2
2
2
40
2
3
1
4
10
31
8
11
13
4
7
10
3
7
16
45
19
11
18
21
18
35
11
28
4
35
15
22
26
4
16
17
22
28
23
19
19
31
26
1
7
6
21
12
30
6
5
5
11
6
5
15
17
7
6
12
12
22
7
16
2
9
26
3
8
9
8
8
16
11
10
5
21
4
31
10
7
12
14
22
8
14
4
12
31
9
3
8
5
16
9
10
21
23
49
14
5
8
12
16
15
11
14
9
18
33
6
11
7
5
12
10
1
16
5
12
3
25
34
41
20
10
12
12
17
11
13
11
18
32
33
6
15
9
11
22
14
10
17
1
13
9
29
28
30
21
8
9
8
13
3
8
5
22
36
35
16
1
12
18
13
14
8
1
31
30
58
25
13
12
13
12
12
6
14
28
36
30
21
7
18
21
18
9
20
5
14
6
41
45
89
12
6
1
2
4
4
15
25
20
12
7
10
6
11
2
22
56
89
15
19
8
12
6
18
16
20
33
32
16
17
5
12
19
8
23
12
10
15
13
55
80
24
26
12
21
12
29
3
23
22
33
23
18
19
11
14
19
14
8
30
23
16
22
29
46
86
2
1
3
14
8
1
15
2
2
1
13
11
2
47
93
3
6
1
13
14
26
12
22
13
22
9
14
1
12
12
3
25
25
18
2
51
82
4
5
1
11
14
23
15
20
6
16
12
16
10
8
13
22
19
15
7
49
59
2
7
19
10
15
9
11
11
3
2
1
10
8
7
50
55
4
2
44
44
3
16
7
15
5
9
16
7
20
9
13
8
16
4
6
10
4
31
22
3
14
18
4
26
34
8
5
1
22
40
5
12
1
4
2
1
8
21
27
3
30
41
7
1
1
6
16
1
10
4
7
9
32
58
11
6
11
3
2
1
3
9
34
41
3
7
2
10
3
6
1
1
4
38
3
2
10
5
3
6
8
2
8
4
4
2
30
1
3
4
8
18
7
12
13
12
11
7
13
11
2
8
3
12
5
2
20
9
12
7
4
17
17
36
32
29
22
28
25
23
24
21
26
28
17
21
18
16
28
23
16
15
19
2
7
17
5
31
19
24
5
14
11
6
14
13
16
3
13
11
17
12
3
23
1
1
6
13
5
1
4
13
3
6
6
3
5
1
21
4
10
3
22
6
24
3
14
10
20
1
8
9
13
16
12
8
8
10
8
18
10
25
11
32
6
28
2
15
19
7
8
12
9
14
7
3
29
18
9
14
8
16
5
16
11
19
7
23
19
7
18
17
5
12
1
9
3
2
29
13
13
5
24
9
21
14
28
8
31
18
11
17
17
7
12
6
11
9
9
34
16
19
7
26
10
23
16
28
11
30
18
2
11
20
22
12
16
6
9
16
16
36
18
3
23
7
33
7
13
7
19
2
24
12
1
1
18
6
7
8
1
12
9
25
10
16
8
30
7
3
9
6
2
36
2
3
14
8
4
1
3
7
6
2
6
3
6
3
2
61
11
10
14
14
4
23
18
16
15
15
14
3
11
7
13
15
13
14
10
13
26
10
65
35
13
16
16
11
24
17
14
12
12
19
17
6
13
11
14
15
10
11
25
11
42
2
16
14
13
17
11
9
5
19
12
10
12
4
9
12
6
13
6
6
23
16
37
2
4
4
1
2
2
12
2
24
7
9
1
5
4
5
1
4
12
8
13
7
34
34
19
14
6
5
2
4
9
3
9
6
10
8
14
21
16
12
33
12
14
3
6
1
3
4
12
4
6
9
14
15
5
11
7
7
2
3
32
2
4
13
4
9
7
14
9
1
12
20
2
1
1
1
11
5
2
5
10
20
2
21
9
16
8
21
7
2
21
44
68
2
2
7
1
8
3
8
2
9
6
1
5
1
11
3
9
14
12
2
28
8
19
14
14
12
14
3
2
19
8
1
3
6
12
15
7
3
5
7
5
2
9
13
8
10
9
14
2
3
3
8
5
3
9
12
13
17
2
6
6
13
5
7
5
3
3
9
7
5
5
6
3
10
2
13
2
13
12
15
7
9
1
14
8
11
5
14
1
6
18
4
9
17
10
13
2
14
10
14
12
27
1
16
6
12
3
8
8
8
26
6
27
12
12
1
14
5
15
7
10
13
1
8
6
11
3
9
13
4
11
15
21
6
16
3
19
7
22
9
19
8
10
6
16
7
16
9
12
2
10
20
11
14
13
4
19
25
11
23
12
22
11
19
12
11
9
19
11
15
10
11
12
11
24
14
13
18
23
13
3
10
2
10
1
12
5
12
1
3
1
14
4
4
152
8
13
5
11
4
14
1
7
17
8
4
7
2
3
18
8
4
11
23
144
12
15
11
15
8
20
6
11
5
1
14
11
7
12
7
7
5
10
22
12
8
14
15
59
186
7
13
8
14
7
17
4
5
4
20
14
6
12
5
1
8
