14
8
12
10
16
6
29
47
28
41
1
6
15
9
3
13
9
16
12
28
55
40
34
5
2
5
4
14
12
2
12
9
15
8
28
5
56
30
55
9
10
5
15
5
14
12
31
1
47
14
45
4
1
7
8
17
4
11
14
32
6
56
10
20
1
8
2
6
2
8
7
10
4
9
11
30
9
54
18
12
1
4
10
19
11
13
9
10
14
32
9
58
27
28
8
7
10
8
6
12
23
6
16
13
12
13
32
1
16
7
65
29
23
4
5
7
5
13
23
13
17
8
13
14
30
12
6
59
30
8
10
15
12
15
22
23
12
21
20
21
12
33
3
19
13
64
27
3
8
10
8
9
17
10
1
13
13
16
10
26
12
7
59
22
9
1
3
11
7
10
17
16
4
13
15
18
11
27
10
6
53
9
24
8
11
19
15
16
23
22
10
17
21
24
10
30
16
13
61
2
2
1
10
11
12
12
19
8
6
15
14
20
12
26
10
7
58
8
2
1
12
8
13
21
3
6
19
15
22
11
32
6
4
49
17
7
13
15
23
14
18
25
19
16
19
24
25
11
32
15
11
62
20
21
7
10
20
12
14
20
19
6
11
18
21
13
24
11
7
60
12
7
3
13
11
15
22
17
8
18
16
23
13
33
5
5
60
12
5
4
17
12
15
21
18
2
16
13
21
14
30
9
7
60
18
13
6
1
18
9
9
16
14
3
13
13
17
14
29
7
5
55
21
33
4
8
8
7
14
14
11
13
13
18
15
31
1
1
60
27
15
2
14
10
8
15
15
11
15
14
19
14
30
4
4
60
25
7
4
7
14
12
8
17
20
8
13
13
20
13
34
8
5
61
16
16
9
20
18
18
8
20
34
6
19
14
24
7
33
14
10
70
9
20
8
15
19
18
12
23
39
19
36
23
30
12
37
15
10
74
5
14
3
11
13
13
10
22
31
8
30
18
28
17
41
11
5
72
5
7
9
10
11
22
23
12
25
17
24
11
34
7
1
66
13
3
3
6
10
21
18
7
22
15
25
16
34
3
62
8
18
10
9
10
13
22
18
4
22
17
27
13
33
9
1
66
11
12
9
10
9
15
21
20
13
22
21
27
12
32
11
3
61
17
5
5
5
12
16
16
4
19
14
21
12
30
6
61
18
12
5
8
9
14
18
3
20
10
20
16
28
11
63
26
3
14
4
8
5
10
20
19
6
18
16
37
12
1
65
24
16
13
2
7
5
9
26
9
21
10
17
14
38
11
1
69
20
9
2
5
4
8
29
7
19
10
14
16
34
8
68
19
5
8
5
4
9
34
8
21
11
15
14
36
9
2
73
27
4
10
2
3
9
28
10
19
12
15
14
31
11
3
69
38
5
6
10
17
8
6
12
23
6
16
15
18
12
31
17
9
66
31
10
6
21
11
11
19
25
9
17
17
22
11
28
19
13
63
12
12
9
24
14
14
23
16
14
16
23
11
22
20
15
57
5
12
13
12
25
16
14
23
5
13
13
26
10
21
18
15
51
11
20
5
14
20
17
18
26
7
10
15
16
27
9
21
16
14
51
14
6
17
23
32
25
30
36
26
16
24
30
35
7
26
5
24
23
65
13
3
24
18
33
23
27
34
34
7
24
23
33
9
30
4
24
23
73
13
6
14
21
18
19
27
29
9
19
16
28
10
27
17
14
65
8
2
3
12
18
14
16
23
24
7
23
18
27
11
29
12
11
53
2
8
16
11
11
17
24
5
20
14
23
10
26
8
8
59
3
6
4
6
10
18
6
17
12
19
9
22
2
54
1
7
3
2
7
18
4
17
13
18
10
25
1
61
6
8
5
2
7
10
5
16
16
19
8
24
1
54
6
5
5
1
8
7
18
13
19
7
22
50
5
6
6
2
12
11
16
13
20
8
23
2
56
3
2
6
5
5
15
24
1
12
16
19
7
22
4
54
13
7
4
4
5
14
25
1
16
15
22
6
22
3
60
14
2
1
2
7
15
14
4
17
17
23
26
1
61
7
15
8
7
11
7
23
60
15
5
7
16
21
55
4
2
19
8
9
10
7
25
7
56
7
14
9
8
4
7
12
27
2
63
11
9
6
1
11
22
56
2
4
4
6
1
4
6
16
7
16
12
12
8
25
12
4
57
3
5
2
6
8
15
10
16
13
15
7
22
9
4
59
3
6
2
7
8
14
11
8
13
8
18
4
4
50
3
4
16
9
18
18
21
12
8
21
20
8
23
8
10
57
2
8
13
10
19
22
19
3
17
17
22
6
22
6
8
60
1
9
12
10
17
22
14
24
15
23
7
19
6
7
59
3
7
16
11
20
23
18
6
15
20
25
6
22
11
11
58
2
7
14
10
19
22
16
16
16
22
8
21
11
9
57
6
7
14
11
19
22
16
16
14
21
7
20
13
10
62
13
15
22
16
23
25
28
14
19
24
25
8
27
4
20
16
63
6
17
18
15
19
20
24
6
22
19
23
7
25
16
14
59
7
19
18
17
18
18
23
3
20
17
21
6
24
16
15
61
7
14
20
22
19
19
21
36
5
27
20
25
7
28
1
19
17
65
6
6
15
16
14
14
18
31
9
29
19
25
9
30
14
10
68
12
5
15
9
11
9
15
21
11
22
17
23
9
26
9
5
64
16
17
1
14
11
12
10
17
23
4
21
15
23
9
26
9
5
61
8
7
16
13
16
13
21
27
9
21
17
27
8
25
12
8
62
14
5
7
8
9
11
19
12
6
21
16
26
9
24
8
3
59
18
33
11
11
11
16
22
19
7
25
23
29
8
28
10
5
62
14
24
3
5
6
13
18
18
6
18
17
25
8
24
6
1
54
23
15
10
14
14
14
12
18
10
20
58
21
18
1
1
11
14
12
3
13
18
18
10
17
3
55
56
10
35
5
7
7
7
15
13
8
11
46
121
12
50
3
2
37
210
39
1
27
337
48
9
13
385
76
11
362
88
3
18
267
10
75
3
23
71
41
61
8
1
10
3
36
84
81
3
4
11
1
6
8
17
12
10
16
13
6
14
15
7
47
97
97
10
16
18
11
9
16
24
11
25
16
25
6
26
3
22
15
61
85
83
10
20
18
18
13
23
25
15
30
18
31
8
29
3
23
18
66
61
55
6
18
16
16
13
23
18
15
27
19
29
9
23
16
13
61
37
59
7
18
17
16
11
24
29
15
29
20
32
9
22
14
11
64
29
76
4
17
15
16
10
22
41
9
28
17
31
8
21
11
7
67
17
64
3
4
4
6
15
16
1
19
12
22
8
19
58
9
53
4
6
4
9
16
15
5
16
15
21
9
14
1
56
12
66
1
5
11
4
12
18
25
14
19
22
24
7
18
5
64
10
97
6
6
11
19
1
17
15
20
7
21
59
16
100
1
5
9
9
11
12
8
18
52
26
72
7
1
3
1
9
12
50
19
66
3
16
7
9
8
8
7
19
59
17
75
1
4
8
5
10
10
9
8
17
53
28
69
3
1
1
7
6
2
10
8
12
8
17
52
24
48
7
8
7
16
22
6
17
14
20
7
25
4
64
23
43
3
2
9
21
12
7
13
7
21
62
35
42
8
21
7
13
8
16
9
21
65
44
33
9
25
15
7
17
9
22
64
44
18
8
15
12
7
15
6
18
55
40
6
12
3
9
6
14
8
18
54
38
17
2
13
7
3
11
8
19
53
38
36
3
5
14
8
8
13
6
20
5
57
38
10
6
5
7
10
15
3
11
12
15
7
20
9
1
60
33
5
9
13
7
7
12
7
15
1
57
32
6
7
8
12
20
3
10
13
16
16
8
62
32
2
12
13
3
11
15
26
4
21
16
21
3
19
13
4
66
33
1
11
12
5
7
12
19
18
8
18
13
15
14
6
59
41
1
10
17
18
11
11
16
22
6
21
15
21
6
18
3
20
12
62
37
3
16
13
10
9
15
31
11
21
14
22
9
19
16
9
65
37
2
4
12
14
10
8
14
26
5
19
13
22
8
21
15
7
58
41
8
13
17
10
10
15
16
6
18
15
21
5
16
14
8
53
37
2
9
3
8
14
17
8
14
14
18
7
15
5
1
55
36
1
8
2
8
14
15
4
13
14
18
5
17
4
57
3
25
10
3
7
12
5
5
12
13
10
11
17
6
16
8
2
56
19
21
5
4
10
17
14
9
17
6
16
2
56
12
4
3
3
3
8
13
18
8
14
16
19
5
17
1
55
5
1
12
8
7
5
12
18
12
10
19
5
18
5
61
6
9
30
7
7
12
10
5
16
6
17
53
7
41
1
6
16
10
5
9
14
7
23
58
6
27
2
7
19
17
8
13
8
16
2
58
3
23
2
5
17
4
12
7
12
8
10
4
54
4
14
42
8
1
3
1
7
20
10
9
16
7
18
8
59
4
15
51
8
3
7
16
16
6
17
7
17
6
60
14
35
4
3
1
7
22
12
4
15
7
18
8
62
1
23
42
1
2
8
15
14
6
15
7
18
5
55
9
31
59
4
18
9
4
12
7
15
60
5
33
57
2
10
7
2
10
7
14
53
19
44
6
9
15
5
13
6
16
55
2
21
28
6
6
16
14
4
15
7
14
61
7
26
39
3
9
7
6
12
6
13
52
8
22
52
3
9
11
6
11
8
16
54
3
25
39
5
9
3
10
7
12
10
11
50
1
13
29
2
9
13
4
10
10
13
7
10
48
9
14
32
3
4
12
11
3
12
11
15
8
12
1
54
13
23
36
2
10
5
8
14
12
10
13
17
7
5
6
2
52
5
17
25
5
8
17
9
12
18
17
16
14
20
7
12
8
56
5
13
2
2
7
16
7
13
19
27
16
16
19
5
10
8
5
63
13
3
7
6
13
5
13
17
18
14
13
21
18
13
8
7
1
52
19
5
27
4
8
11
13
18
8
12
21
17
5
13
5
55
18
7
23
1
7
11
11
16
9
17
14
7
14
4
57
13
7
8
7
12
13
5
6
18
13
5
10
5
44
19
13
5
6
12
13
17
2
7
20
14
5
10
5
50
29
10
23
6
5
2
12
15
14
2
11
18
19
6
14
6
50
31
5
34
10
6
8
12
17
19
15
14
22
6
14
10
1
55
25
2
14
9
6
8
12
18
16
20
13
24
8
20
10
2
58
32
6
2
1
5
4
8
17
15
19
10
25
9
19
7
56
37
15
18
10
6
14
9
6
14
26
20
11
25
9
18
14
5
62
36
15
18
5
1
3
7
14
19
7
21
8
19
4
56
33
10
10
1
9
9
9
14
49
30
9
17
10
3
8
9
13
57
36
8
2
10
9
1
7
8
9
54
35
4
17
16
7
6
6
7
7
54
28
5
2
18
4
13
13
11
7
12
56
30
2
14
8
6
9
9
9
51
33
11
5
10
15
7
14
15
6
11
3
51
32
27
5
9
4
3
6
10
14
6
7
50
20
26
5
9
3
5
14
6
3
43
15
21
2
9
14
5
8
16
7
6
41
20
18
5
9
15
5
12
5
15
17
9
4
49
18
30
10
2
6
12
8
5
4
12
16
7
2
3
52
8
36
9
7
11
13
13
10
16
15
6
6
5
50
1
29
3
10
3
5
9
19
4
9
11
11
7
7
12
1
50
23
6
6
2
5
17
12
6
11
9
10
10
49
14
10
12
8
6
10
24
9
17
15
17
8
16
15
4
58
22
3
17
11
11
9
14
23
2
17
14
19
6
16
16
7
58
24
4
7
4
9
15
17
16
11
19
5
15
7
53
13
3
9
9
15
9
1
10
13
18
4
16
51
19
33
4
7
13
11
8
11
17
1
13
56
18
38
7
7
12
11
13
10
19
9
19
61
11
30
4
1
6
10
3
12
12
16
49
13
27
11
1
11
10
10
15
51
20
53
1
18
13
11
13
15
56
21
72
8
30
7
16
3
12
11
11
8
65
22
53
6
29
18
11
13
16
5
14
66
19
39
7
3
30
15
17
7
13
11
20
2
13
64
11
50
1
12
8
3
2
8
33
4
20
11
17
9
19
4
18
66
10
68
3
5
25
15
2
13
11
17
4
59
13
51
12
15
20
11
14
15
18
8
19
1
57
16
26
8
16
20
15
17
15
20
6
19
3
58
14
29
2
14
19
20
5
11
15
19
8
13
58
10
34
1
14
19
10
3
11
15
19
8
9
50
7
35
13
20
6
15
11
20
8
14
50
7
27
2
13
22
13
16
10
22
9
14
1
55
18
41
5
1
12
20
18
2
14
13
21
9
10
6
54
26
56
4
8
16
21
2
13
11
19
9
11
7
57
22
35
2
6
7
13
13
2
12
10
16
9
13
6
51
17
14
9
7
11
17
12
11
12
8
12
5
54
19
28
9
5
8
12
1
10
11
12
9
14
3
50
19
49
8
5
6
14
1
12
12
13
10
17
1
55
17
57
9
8
7
18
1
16
12
13
9
17
2
55
10
43
1
11
3
12
12
19
9
16
17
17
8
21
4
58
15
36
2
3
8
9
20
11
10
14
9
20
63
23
49
5
6
12
13
6
13
10
19
51
24
45
7
8
17
4
14
10
16
9
12
51
18
29
9
11
17
13
13
17
10
4
56
8
37
1
6
8
9
1
12
4
1
55
3
59
1
7
19
3
15
7
16
6
14
57
74
2
5
26
9
16
12
15
17
18
57
56
2
20
6
7
10
13
57
34
1
4
21
6
11
7
9
12
17
60
51
13
7
5
5
13
16
60
59
1
16
9
7
8
9
15
2
52
42
3
1
20
11
11
10
8
11
15
51
25
1
2
15
9
5
7
10
14
54
28
7
8
19
14
11
15
9
16
48
43
4
8
18
19
10
17
9
18
49
27
2
7
16
18
8
15
10
17
52
3
8
1
6
16
12
8
12
11
10
52
8
19
2
3
8
14
4
14
14
14
10
12
2
56
5
34
2
4
8
11
4
11
13
14
9
12
2
49
24
1
8
1
11
14
18
14
12
17
8
12
6
52
4
15
3
17
19
12
3
14
16
18
8
13
8
3
53
17
14
2
18
20
9
1
10
15
16
9
11
3
1
46
1
48
17
1
21
20
15
3
9
18
16
8
11
2
2
49
14
44
8
18
17
10
11
15
15
5
13
48
5
16
5
18
16
11
1
10
15
14
8
11
48
3
14
4
15
15
12
8
13
14
10
7
45
9
30
3
5
4
3
7
8
43
2
25
12
15
16
14
16
13
20
17
8
6
8
52
5
5
15
17
10
13
15
18
16
8
8
4
47
7
3
7
12
15
6
13
8
15
8
6
5
47
28
10
9
24
11
23
26
19
4
20
23
25
7
17
1
18
10
54
43
14
17
15
11
6
15
9
7
46
18
10
5
8
25
27
19
7
17
16
21
5
16
9
4
51
5
2
10
9
6
22
25
20
2
17
15
18
17
12
5
57
5
19
7
2
17
19
25
14
11
17
12
17
7
54
25
1
5
17
17
27
21
14
19
10
25
7
56
1
11
10
16
9
5
10
7
14
53
3
15
15
23
11
12
14
11
15
4
50
7
3
6
2
13
15
14
1
12
11
15
9
13
4
48
25
4
11
5
16
18
11
9
15
16
20
11
15
7
3
49
2
17
6
12
7
17
20
22
2
17
16
20
9
16
8
3
52
6
9
6
16
21
14
14
12
19
9
14
6
2
53
15
3
10
6
20
25
19
7
19
19
24
9
15
5
53
2
42
7
1
19
22
13
1
14
16
21
8
4
1
46
10
25
6
21
21
7
14
16
20
9
6
42
25
14
6
16
15
10
9
12
14
9
5
41
23
23
10
10
2
7
8
11
10
8
37
18
38
5
15
16
15
15
18
21
19
8
21
52
16
37
8
11
12
15
2
15
16
17
9
16
3
52
18
24
7
8
9
10
11
10
13
10
11
1
43
10
32
4
7
10
7
4
10
11
12
10
11
43
52
8
6
10
9
9
10
14
11
14
43
59
8
8
11
19
1
9
11
12
9
14
47
7
36
2
9
10
15
7
8
10
10
11
51
10
24
1
7
8
9
3
7
7
11
8
46
7
40
9
9
2
7
11
10
8
12
43
3
42
10
11
7
10
10
12
8
11
42
2
23
11
12
10
10
7
11
12
1
38
4
8
12
13
10
4
8
9
12
9
2
40
3
29
12
14
23
1
10
10
14
10
10
1
49
6
52
2
11
13
18
4
17
10
15
11
12
3
50
34
1
14
16
11
3
17
9
15
7
13
1
48
22
12
14
13
3
10
9
12
4
11
45
38
9
11
7
5
7
9
14
10
44
47
8
9
8
4
4
7
12
10
42
33
9
10
1
5
7
8
6
37
10
12
13
5
7
7
12
7
39
21
13
14
11
10
7
15
9
7
10
42
37
7
8
2
4
2
10
8
10
3
36
30
4
3
3
3
7
6
9
37
8
16
5
5
5
8
7
10
6
9
1
44
14
22
13
1
3
4
3
10
4
43
10
49
4
6
3
15
14
7
14
7
9
10
48
42
9
7
3
5
6
12
5
8
7
36
3
6
3
7
8
4
10
4
8
5
34
8
5
8
8
3
2
10
7
9
5
37
41
7
8
5
11
11
8
11
29
44
11
10
6
3
3
15
11
6
10
36
23
7
6
6
4
8
2
30
14
9
9
4
3
2
12
8
7
4
36
41
5
6
5
3
10
7
7
37
45
5
5
2
9
32
3
24
3
3
11
9
4
9
37
17
5
5
8
3
9
5
8
1
46
40
8
6
4
1
14
6
8
4
36
2
58
10
6
2
2
15
7
7
3
35
35
7
14
9
3
16
7
7
3
31
25
10
8
1
10
4
8
22
49
8
8
6
5
10
1
31
1
61
7
15
12
8
2
3
15
8
7
2
2
25
41
5
19
17
4
11
6
18
11
4
7
32
36
7
20
18
7
2
4
19
10
2
5
35
66
6
17
16
6
6
3
15
8
5
2
2
33
95
5
15
12
6
1
12
8
14
32
82
3
18
13
5
8
17
7
7
33
63
8
21
16
6
9
6
19
9
8
41
3
66
12
20
17
6
1
10
18
12
9
4
1
39
9
73
8
21
18
1
7
4
20
13
7
5
27
9
73
17
14
3
16
9
8
4
28
22
47
4
17
15
3
2
5
16
11
5
9
34
26
48
12
11
3
2
2
13
8
8
6
30
19
65
1
9
9
4
5
11
9
7
9
32
9
56
2
8
8
7
3
9
11
10
6
12
3
41
35
6
7
11
9
6
8
6
6
36
21
6
6
