183
102
121
107
102
114
113
89
99
97
126
88
120
96
104
79
88
113
94
75
77
121
109
1
25
184
196
104
123
108
98
113
108
87
95
99
126
87
114
96
97
79
83
116
92
73
88
128
106
10
195
208
107
122
110
95
112
104
86
90
98
120
85
108
94
90
76
77
119
93
72
76
131
113
6
188
198
108
120
110
94
113
104
86
88
97
117
86
106
94
88
77
73
118
95
72
70
127
132
15
193
201
109
121
111
92
114
101
86
86
100
114
88
101
95
84
78
74
118
95
71
70
132
139
20
198
205
108
123
110
91
114
100
88
86
98
113
87
99
96
84
78
83
118
94
71
67
133
141
16
195
205
108
123
111
93
117
103
93
91
99
115
89
101
100
88
80
78
117
94
74
68
132
144
5
202
209
110
124
113
95
119
106
97
96
103
115
93
105
103
93
82
81
117
94
77
63
138
139
6
208
215
110
124
112
96
119
109
98
100
103
117
93
108
102
97
81
91
118
94
77
64
140
126
4
13
210
224
108
126
110
96
117
108
97
100
101
123
90
109
100
97
79
89
118
91
76
75
141
115
13
7
214
227
106
125
108
97
116
109
97
101
100
122
88
109
99
97
78
90
117
91
76
74
141
82
13
207
216
104
122
106
98
114
110
95
101
98
119
86
110
95
98
75
85
116
92
76
70
138
47
8
3
220
231
106
125
106
98
116
108
94
95
96
130
84
119
96
100
74
92
118
91
74
77
141
61
24
20
226
235
109
125
107
95
114
104
91
91
100
127
85
115
93
97
72
92
119
90
71
72
147
56
27
28
226
233
107
125
104
94
113
103
89
90
97
125
84
114
92
97
71
85
119
88
68
71
146
56
23
11
218
228
105
125
104
94
110
101
87
88
93
123
80
114
88
95
68
89
117
87
67
67
139
61
15
217
229
104
125
103
92
108
97
84
83
94
120
80
110
86
90
65
78
118
87
65
65
139
52
14
219
230
104
126
101
90
106
93
79
78
92
120
79
106
84
86
65
75
119
86
61
67
138
57
9
221
232
104
126
100
88
104
90
75
76
92
118
76
101
82
82
63
77
119
85
59
67
140
58
17
226
235
105
125
101
89
105
92
77
78
93
117
77
101
84
81
64
75
119
85
62
67
144
57
15
224
231
106
125
102
90
106
95
78
82
96
118
79
102
85
82
66
73
119
86
64
67
143
65
7
221
232
105
124
101
90
107
97
78
84
94
118
81
101
85
83
66
76
119
87
65
66
141
64
17
1
220
231
106
124
101
90
108
98
78
87
93
117
80
99
86
84
66
81
119
88
66
65
140
70
13
4
222
234
106
124
100
90
106
98
76
87
93
119
77
101
85
86
64
78
118
85
65
67
142
92
12
221
231
104
124
99
91
105
100
73
87
91
120
76
104
83
88
64
83
117
85
64
71
139
158
6
216
228
102
124
97
92
102
101
68
86
87
119
73
104
78
90
60
81
117
85
62
67
134
187
3
215
226
100
123
95
91
100
100
64
83
85
116
70
101
76
90
60
78
117
84
59
63
133
189
5
210
222
99
121
94
91
97
99
60
81
83
114
68
99
73
87
60
75
116
84
58
62
130
235
3
212
223
100
120
95
91
97
98
57
79
85
112
70
98
73
84
64
71
116
85
58
59
132
203
9
215
221
103
118
98
90
99
98
57
79
92
108
76
95
75
83
70
60
116
86
59
53
139
53
26
214
219
104
115
100
91
103
99
61
81
95
103
78
93
78
83
75
51
116
88
62
45
141
46
9
208
211
104
114
103
92
108
102
70
85
93
101
79
94
84
85
82
54
115
89
66
40
137
48
4
206
210
104
114
105
94
112
105
79
90
91
103
80
96
88
88
84
72
115
91
71
39
134
44
205
212
103
115
105
94
115
107
84
94
89
104
81
98
92
91
85
74
115
92
73
43
132
45
11
208
216
104
117
105
93
115
106
86
94
92
105
82
98
92
92
82
74
117
91
72
46
134
37
10
211
218
105
118
106
92
116
105
90
95
94
108
83
101
94
93
78
84
117
91
73
52
137
37
6
212
220
106
120
106
92
117
106
92
96
93
112
81
103
95
94
71
89
118
90
74
65
137
48
6
215
225
108
120
106
90
115
103
92
93
95
112
82
102
94
91
66
91
120
89
73
63
139
45
16
212
222
106
119
105
87
115
99
92
91
94
110
82
98
94
88
67
82
121
89
71
63
137
32
22
213
221
106
119
103
84
112
95
90
86
94
111
81
94
92
83
66
80
120
87
67
67
139
28
19
215
219
108
119
103
83
110
91
87
83
98
112
82
94
92
78
68
89
120
86
64
68
144
31
13
218
221
110
120
103
83
108
90
85
82
103
115
84
96
91
78
72
89
121
85
62
72
147
20
15
220
226
110
121
102
83
105
88
82
82
104
116
84
97
88
78
74
88
122
84
59
70
149
27
218
224
108
122
99
83
101
86
78
79
103
116
83
97
85
77
76
87
120
82
56
72
149
15
217
225
108
124
97
85
99
86
76
78
105
122
82
103
84
81
78
85
119
80
55
80
149
13
220
228
107
125
96
88
99
90
74
80
105
129
82
110
82
87
78
90
119
79
55
87
149
78
24
219
228
105
126
94
90
98
92
71
79
104
131
82
113
79
90
77
91
117
79
56
88
147
123
19
219
226
105
126
95
92
98
92
68
78
104
131
80
114
75
92
72
91
116
79
56
85
149
151
12
219
223
107
125
95
92
97
91
64
74
104
127
74
112
72
88
66
88
116
80
55
83
150
174
218
222
107
124
95
90
95
88
58
66
102
123
72
106
68
82
59
76
118
80
53
77
150
183
218
222
107
123
96
87
94
86
54
61
98
118
72
99
64
75
53
70
120
81
52
69
147
185
207
214
105
120
95
86
95
85
54
59
93
111
68
92
64
71
51
65
119
82
53
65
138
196
205
211
104
118
97
84
97
84
57
60
92
108
70
88
68
68
54
61
119
83
56
62
138
204
209
211
107
118
100
83
101
85
60
61
98
108
74
87
72
67
60
56
119
85
57
68
144
214
211
215
108
117
102
83
104
87
64
65
100
108
79
88
77
68
65
64
119
86
60
65
146
230
212
215
108
116
104
82
108
90
70
72
100
110
82
90
83
73
71
83
119
87
64
68
144
242
206
210
106
114
106
85
112
94
77
78
102
113
83
94
89
77
77
81
117
89
69
75
141
248
9
207
209
107
115
106
87
115
98
83
83
104
116
86
100
94
81
81
88
115
90
72
74
144
254
18
208
211
106
117
108
91
118
102
89
89
105
120
89
105
97
88
85
89
115
91
76
77
144
263
18
207
213
105
116
108
92
120
104
92
92
104
118
89
104
99
90
86
89
114
91
77
73
143
269
12
206
209
104
116
107
92
120
103
92
90
101
116
86
103
99
89
84
86
113
90
77
71
141
269
5
205
210
104
115
107
92
119
101
91
88
100
112
83
100
97
87
81
80
114
90
75
71
141
271
9
207
212
105
114
106
89
117
99
89
87
101
106
84
95
95
84
78
79
115
90
73
63
142
276
9
206
211
105
114
105
86
114
94
84
83
100
103
84
90
93
79
78
72
116
89
69
58
140
280
202
208
103
113
103
83
111
90
80
79
96
102
80
86
90
76
76
70
115
88
66
63
136
284
3
201
204
102
113
102
83
108
89
76
76
96
101
79
86
87
74
74
66
115
87
63
62
135
285
207
209
105
113
101
83
108
88
75
75
104
102
84
87
88
74
78
67
115
86
62
61
144
296
212
212
107
113
102
82
108
89
76
75
106
104
86
89
90
75
82
74
116
86
62
63
149
313
10
208
209
106
114
103
83
108
89
77
76
104
110
86
92
91
77
85
84
116
85
62
68
144
326
209
211
105
116
101
84
106
88
76
77
105
116
85
96
90
78
85
83
115
82
60
75
146
337
216
218
107
119
101
84
104
86
73
75
105
121
85
100
87
79
85
84
116
80
57
81
148
347
214
219
107
121
99
84
102
85
68
73
106
122
86
103
83
81
84
85
116
80
54
80
147
357
213
214
106
121
98
83
100
81
63
70
109
121
86
101
81
78
84
80
115
79
52
81
150
372
216
217
107
120
99
82
99
79
57
65
109
120
83
99
78
74
81
81
115
79
51
81
153
383
214
215
107
118
99
82
98
79
54
63
109
117
83
97
75
72
79
77
115
80
51
78
150
394
210
212
106
117
98
80
98
79
53
61
106
113
81
93
73
68
75
71
116
81
52
74
147
408
206
211
104
115
97
80
97
79
51
58
100
108
76
88
70
64
69
71
115
81
52
68
141
418
200
205
101
113
95
80
96
80
49
56
96
104
73
87
70
65
68
66
114
81
52
65
135
433
198
203
100
112
95
81
96
81
48
56
96
103
73
86
69
64
66
59
113
81
52
64
135
446
199
202
100
110
97
82
99
84
55
61
98
100
76
82
74
64
70
61
113
83
56
62
137
458
3
199
198
100
108
98
83
104
88
65
69
97
97
77
81
80
68
72
64
113
86
62
54
136
472
3
3
190
191
99
106
100
84
108
93
76
78
95
96
78
81
86
71
75
59
110
87
68
53
128
489
8
189
193
99
106
103
87
112
98
84
85
96
98
81
83
91
74
80
64
110
88
73
60
129
506
5
198
198
102
107
104
89
117
103
91
92
102
101
86
87
95
79
83
78
111
90
77
63
141
520
7
9
201
200
102
108
104
88
117
104
95
95
103
100
87
89
97
82
85
74
111
89
78
61
141
536
21
195
194
101
108
105
90
119
106
98
98
102
103
88
94
101
87
90
81
110
89
79
61
137
549
1
195
195
103
110
107
92
121
107
99
100
104
110
90
100
104
91
92
86
109
88
80
68
138
556
202
206
105
113
106
91
119
104
94
97
106
110
90
100
101
91
90
82
112
87
76
72
141
559
205
204
106
111
106
89
119
103
92
96
107
105
95
97
103
90
95
82
113
88
75
67
145
557
203
201
107
110
106
87
117
100
87
92
108
100
94
93
100
88
92
78
113
86
72
60
145
549
199
199
106
109
105
85
115
97
82
89
108
100
91
92
97
86
92
75
113
84
69
60
142
542
200
202
106
110
104
83
113
93
79
85
108
103
93
90
96
83
94
74
113
85
66
66
142
533
204
206
106
111
103
81
110
90
75
82
108
104
92
88
93
81
92
76
114
83
63
71
144
518
205
205
105
112
102
81
109
90
75
83
108
107
90
90
93
84
97
81
113
82
62
75
145
504
204
205
103
113
99
83
105
89
71
81
106
112
88
96
91
84
97
77
111
80
59
74
143
484
198
202
98
115
95
84
99
89
65
77
101
118
82
101
84
85
92
81
109
79
56
75
136
468
189
197
95
115
91
85
95
88
58
73
96
121
79
103
77
84
90
89
107
78
53
80
128
438
1
196
200
97
115
91
85
92
86
52
68
100
119
78
99
73
80
86
84
109
77
51
79
136
404
205
204
99
115
91
83
89
83
45
60
106
118
75
97
67
74
82
82
110
76
48
83
148
369
2
205
206
98
114
87
83
85
80
39
53
102
117
72
96
60
69
73
75
110
75
46
77
144
333
9
201
205
95
113
85
82
84
81
37
51
96
113
67
93
55
67
63
65
111
77
46
68
138
303
7
193
200
92
111
85
82
85
82
38
50
85
109
59
92
51
66
51
61
110
78
49
67
127
264
4
181
192
88
109
84
84
88
84
46
54
79
104
56
90
54
65
47
54
108
79
54
59
117
231
8
180
187
89
106
88
85
95
88
56
61
80
101
59
88
62
66
48
55
107
82
59
58
119
214
4
182
184
89
103
91
84
101
92
65
70
83
96
65
84
70
68
53
57
106
84
64
55
121
192
3
176
177
88
101
92
86
105
95
72
78
84
94
68
84
76
72
56
58
104
84
68
50
120
178
1
175
176
86
103
93
88
107
99
77
84
82
98
69
88
81
79
61
69
101
85
70
58
117
175
176
179
87
104
94
88
109
100
80
88
84
102
72
91
84
83
66
74
101
85
72
62
118
166
177
182
89
105
95
88
109
100
81
89
88
103
75
92
86
86
68
76
102
85
71
60
121
151
176
181
90
106
95
88
110
101
83
91
90
105
76
94
87
89
70
81
103
85
72
62
122
142
181
183
93
106
97
87
111
99
84
91
94
105
79
95
90
89
74
84
104
85
71
66
128
143
8
186
187
96
109
99
85
110
97
84
89
98
108
82
95
92
87
78
87
106
84
69
72
133
142
8
188
192
98
111
98
84
109
95
83
88
99
110
82
95
91
86
78
86
109
83
67
75
133
142
2
2
188
195
99
111
100
83
111
94
84
89
101
109
86
94
94
86
85
87
110
83
67
77
133
147
7
189
194
99
111
99
82
110
92
82
86
102
109
86
94
94
86
88
82
109
82
65
79
135
144
10
191
193
99
111
99
82
108
90
79
84
104
110
86
95
94
86
90
93
108
81
63
83
137
141
5
192
196
100
111
99
82
107
89
77
83
106
112
87
97
92
85
92
99
107
82
62
84
137
144
2
191
194
95
111
96
82
104
87
73
79
101
114
86
97
87
84
89
87
106
81
59
85
134
144
18
185
188
92
110
93
83
102
88
70
78
96
114
79
99
83
86
85
91
105
80
58
83
128
143
179
185
89
109
89
84
99
89
68
78
92
113
73
101
78
87
77
95
103
79
58
75
124
142
180
184
90
109
88
85
97
90
63
75
93
116
73
104
74
88
73
93
104
79
57
81
127
139
10
184
188
90
110
86
85
93
89
57
70
92
117
69
104
67
85
67
87
104
78
54
83
128
130
7
181
187
86
110
84
85
91
88
51
66
86
115
63
102
61
83
59
88
103
76
53
83
122
125
177
182
87
109
85
86
93
90
52
68
85
113
61
99
60
80
57
79
103
77
56
78
120
115
178
183
89
108
88
86
96
92
56
71
87
111
65
96
63
77
60
72
103
80
60
74
121
116
177
181
91
107
91
85
101
93
61
74
88
108
68
94
67
75
61
75
104
83
64
71
121
125
20
176
176
93
106
95
84
106
93
71
76
91
105
71
90
74
72
64
66
105
83
67
69
124
127
20
179
180
93
106
95
82
108
90
74
74
90
102
70
87
76
66
61
59
106
83
68
69
126
117
2
175
174
92
105
95
82
110
90
78
75
88
97
70
84
78
65
59
59
105
84
70
61
122
111
172
171
91
104
97
81
113
91
83
78
85
95
72
81
82
65
59
53
105
85
72
60
119
112
4
172
174
90
102
97
82
114
94
85
83
85
93
73
80
84
69
61
61
104
86
74
59
118
115
170
171
89
101
98
84
116
98
89
88
87
93
74
84
88
75
65
65
103
87
77
57
118
116
171
173
89
102
97
86
116
101
90
91
88
96
75
89
90
81
68
68
103
88
77
62
118
120
12
171
173
88
101
97
86
115
101
89
92
90
95
78
89
90
83
72
79
103
86
77
62
120
125
27
174
176
89
102
96
83
113
99
86
91
92
95
79
87
88
84
73
78
104
86
74
64
123
124
26
177
178
90
103
95
81
109
96
81
87
93
96
76
87
86
83
72
78
105
84
69
68
124
133
9
175
176
91
103
93
81
105
93
75
84
93
98
75
89
83
81
72
80
105
82
66
71
125
142
177
179
92
105
91
79
100
88
67
78
94
101
74
88
77
77
72
85
107
80
60
70
126
142
181
181
95
106
90
76
96
82
59
70
97
102
75
85
73
72
72
86
109
79
55
73
130
144
183
181
96
107
89
76
93
78
56
67
100
104
76
87
72
72
76
85
110
77
52
77
133
144
182
181
96
108
89
77
91
77
55
66
101
109
77
93
72
77
82
96
110
75
49
80
134
157
185
185
96
110
89
78
90
76
54
64
105
117
81
99
73
80
87
99
110
74
48
92
136
169
188
192
96
112
89
78
92
75
53
62
108
121
83
103
74
84
92
103
110
74
46
98
137
175
183
186
95
112
91
80
94
76
56
62
108
122
86
107
79
88
97
104
108
74
48
99
134
177
180
182
95
111
92
84
97
79
57
63
108
124
87
114
82
94
97
103
105
74
50
100
134
172
180
184
91
112
90
86
96
82
55
64
104
124
85
118
79
98
90
105
105
75
51
94
133
168
172
177
88
108
89
87
96
85
55
65
98
121
80
116
76
98
83
100
103
76
53
88
124
164
164
168
86
104
89
87
98
87
59
66
92
115
75
112
76
94
77
90
101
78
56
84
117
151
161
165
85
103
89
88
100
90
62
69
90
111
73
109
75
91
72
85
100
79
59
79
115
140
161
161
86
101
91
88
102
92
65
72
91
105
72
104
76
86
70
75
101
81
62
70
117
139
161
160
87
99
92
86
103
91
65
73
91
99
73
97
75
81
67
70
102
82
64
64
117
135
154
155
85
97
91
85
104
92
66
73
86
93
70
92
74
78
63
65
101
82
65
58
109
130
152
149
85
96
94
86
107
93
70
75
88
90
72
90
78
78
67
71
100
83
68
58
110
135
157
152
87
96
95
87
110
96
73
81
92
90
75
89
79
79
69
73
101
84
71
60
117
138
157
153
88
95
97
88
113
100
78
89
94
90
78
89
82
82
75
71
100
85
75
59
117
140
153
150
86
94
97
88
115
104
84
96
91
88
78
87
86
85
76
81
99
86
78
58
112
143
149
145
84
92
96
88
116
105
88
100
88
86
75
85
87
85
74
75
98
86
79
56
110
135
148
146
84
93
97
86
116
103
88
99
87
84
74
81
87
81
73
71
99
87
80
55
109
131
149
150
85
92
96
84
114
101
86
97
85
81
73
75
85
77
72
67
101
87
78
50
107
132
145
146
85
91
94
82
112
98
83
93
81
79
69
72
82
73
68
68
101
86
76
51
103
127
146
146
85
91
93
81
110
95
80
91
80
79
66
70
81
71
66
68
102
85
75
54
105
126
4
147
147
85
90
95
81
110
95
78
89
83
81
69
71
81
71
71
68
102
85
74
53
108
125
1
148
148
84
90
93
81
108
93
74
84
84
83
71
73
79
71
71
66
102
84
72
56
107
126
152
153
85
93
92
79
106
90
68
77
86
85
71
73
77
70
70
65
103
84
68
59
110
125
152
151
85
93
90
77
103
85
63
71
85
86
68
74
74
68
67
77
103
81
63
60
110
121
151
151
84
94
88
76
98
81
58
65
85
88
66
77
70
67
64
73
103
80
59
61
110
122
151
153
84
96
87
76
96
78
55
62
85
90
65
