4918
4812
4799
4819
4860
4806
4842
4863
4936
4851
4791
4777
4902
4792
4796
4832
4812
3348
4820
4821
4879
4975
4973
4803
4906
4785
4770
4792
4839
4778
4819
4842
4926
4829
4763
4748
4888
4765
4769
4807
4785
3286
4793
4794
4861
4967
4963
4809
4904
4791
4777
4797
4843
4784
4824
4846
4923
4833
4767
4692
4884
4768
4772
4813
4791
3133
4800
4801
4863
4962
4958
4797
4894
4780
4765
4787
4831
4774
4812
4834
4914
4821
4759
4541
4878
4761
4765
4801
4780
3070
4788
4789
4851
4954
4951
4791
4889
4773
4758
4780
4826
4766
4807
4829
4909
4816
4749
4390
4870
4750
4754
4795
4773
2953
4782
4783
4847
4949
4944
4787
4883
4770
4756
4777
4821
4764
4802
4824
4902
4811
4749
4269
4866
4750
4754
4791
4770
2876
4778
4779
4841
4941
4938
4777
4876
4759
4744
4766
4812
4752
4793
4815
4895
4802
4737
4120
4857
4738
4742
4781
4759
2779
4768
4769
4833
4935
4931
4775
4870
4757
4743
4764
4808
4750
4790
4811
4889
4799
4735
3998
4852
4736
4740
4778
4757
2682
4766
4766
4829
4929
4925
4765
4863
4748
4733
4755
4800
4741
4781
4803
4882
4790
4726
3864
4845
4727
4731
4769
4748
2605
4756
4757
4820
4922
4918
4761
4857
4743
4729
4750
4795
4736
4776
4798
4876
4785
4721
3740
4839
4722
4726
4765
4743
2510
4752
4753
4815
4916
4911
4754
4850
4736
4722
4743
4788
4730
4769
4791
4869
4778
4715
3628
4832
4716
4706
4758
4736
2437
4745
4746
4808
4909
4905
4747
4844
4730
4715
4736
4781
4723
4763
4785
4863
4772
4708
3507
4827
4709
4616
4751
4730
2355
4738
4739
4802
4902
4898
458
4638
624
4762
1514
2109
4907
3924
1287
4459
1213
4940
4998
4099
4864
4999
3815
3516
3523
4544
1305
4819
4815
379
4680
545
4817
1463
2088
4919
3888
1286
4468
1141
4940
4999
3974
4923
4999
3776
3477
3482
4573
1234
4812
4808
413
4659
579
4767
1476
2077
4896
3927
1266
4489
1173
4926
4999
3859
4978
4999
3816
3510
3519
4571
1266
4806
4802
412
4644
577
4784
1482
2096
4901
3879
1180
4437
1168
4926
4999
3743
4998
4999
3769
3474
3478
4538
1260
4799
4795
392
4658
558
4771
1460
2069
4888
3906
1199
4478
1152
4915
4999
3633
4999
4999
3795
3491
3498
4566
1245
4793
4789
418
4630
583
4760
1481
2087
4884
3882
1117
4435
1172
4911
4999
3525
4999
4999
3772
3475
3481
4529
1264
4787
4783
392
4620
558
4742
1460
2070
4860
3874
1114
4441
1150
4894
4992
3418
4999
4999
3773
3473
3479
4546
1242
4780
4776
295
2822
414
2907
1057
1492
2822
2508
768
2771
843
2852
2744
2245
2764
2767
2489
2340
2350
2865
922
3027
3030
126
82
14
9
248
290
260
188
202
34
139
49
131
124
176
117
162
151
99
119
418
446
343
173
186
187
159
110
139
140
311
393
344
205
270
18
93
25
92
61
85
94
97
94
48
95
607
211
651
478
98
100
144
99
95
51
96
96
520
417
571
366
284
4
51
5
55
11
15
59
42
47
8
59
762
406
820
585
38
32
277
32
47
8
56
56
1
5
7
4
756
465
823
558
317
5
1
4
7
6
886
551
959
664
377
3
3
4
11
6
9
15
22
8
16
13
12
8
970
553
1051
728
18
20
377
20
14
13
10
10
1029
650
1116
765
444
2
16
3
16
9
12
131
16
16
7
16
1140
662
1235
858
16
16
452
16
16
7
16
16
258
1187
730
1288
886
498
7
18
1
403
5
6
8
1285
767
1392
965
5
3
523
4
6
7
7
96
1
2
522
1
1343
809
1458
1006
552
1
261
653
1418
858
1539
1063
585
2
1
394
2
3
774
3
2
1
1
1488
890
1613
1116
3
3
607
3
2
2
2
2
522
890
1548
937
1680
1161
639
2
660
1
1
1008
2
2
2
1617
970
1755
1215
2
2
661
2
2
1
2
2
777
1116
1675
1010
1817
1256
689
1
905
1226
1
1738
1045
1885
1305
713
1
1
1020
1329
1793
1079
1946
1347
735
22
1136
1432
1850
1114
2008
1390
759
137
1247
1531
1905
1146
2068
1433
781
294
1354
1627
1957
1179
2124
1472
803
419
1461
1721
2009
1210
2181
1512
824
555
1561
1811
2059
1241
2235
1549
846
681
1660
1899
2108
1270
2288
1587
866
10
805
1755
1984
2154
1298
2338
1622
885
97
926
1848
2067
2199
1326
2387
1657
904
253
1040
1937
2147
2242
1352
2434
1690
921
379
1155
2024
2224
2284
1377
2480
1722
938
508
1263
2108
2300
2325
1402
2525
1754
956
637
21
1371
2190
2373
2365
1426
2568
1785
973
757
135
1474
2270
2444
2404
1450
2610
1815
989
879
291
1573
2346
2513
2441
1473
2651
1844
3
1005
992
415
1671
2420
2580
2477
1495
2690
1872
61
30
1020
1105
550
1765
2493
2
2645
2513
1516
2729
1899
213
157
1035
1214
677
1858
2564
51
2709
2548
1538
2766
1926
355
312
1050
1320
4
801
1948
2633
195
2771
2582
1560
2803
1953
484
437
1065
1425
70
923
2035
2700
337
2832
2615
1581
2839
1979
623
575
1080
1525
226
1038
2120
2765
461
2891
2647
1601
2874
2004
746
700
1094
1623
364
1154
2202
2828
596
2947
2678
1620
2907
2028
873
825
1108
1718
493
1263
2282
2888
717
3002
2708
1639
2940
2052
993
947
1121
1811
629
1372
2359
2948
841
3056
2737
1657
2971
2075
1110
1063
1134
1900
751
1476
2433
3005
958
3108
2764
1675
3001
2097
1223
1178
1146
1986
877
1576
2506
3060
1072
2
3158
2792
1692
3031
2119
1333
1287
1159
2071
996
1674
2577
3114
1184
57
3206
2817
1708
3059
2139
1440
1395
1170
2152
1112
1769
2645
3166
1291
205
3254
2843
1725
3086
2159
1543
1499
1181
2231
1224
1860
2710
3215
1396
344
3298
2866
1739
3112
2178
1643
1599
1192
2308
1332
1947
2771
3261
1495
467
3341
2888
1752
3137
2196
1739
1696
1201
2381
1437
2034
2833
3308
1593
601
3383
2911
1766
3160
2212
1832
1789
1210
2452
1538
2117
2893
3353
1689
721
3423
2932
1780
3184
2230
1923
1881
1220
2522
1637
2197
2949
3396
1780
844
3462
2953
1792
3206
2246
2011
1969
1229
2589
1733
2276
3005
3437
1870
959
3501
2972
1804
3227
2261
2096
2054
1237
2654
1825
2351
3059
3478
1956
1072
3537
2991
1816
3247
2276
2178
2137
1244
2717
1915
2424
3111
3516
2040
1183
3573
3009
1827
3267
2291
2258
2217
1253
2778
2002
2495
3161
3554
2122
1289
3607
35
3027
1838
3287
2304
2335
2295
1260
2837
2087
2565
3210
3591
2201
1393
3640
169
3044
1848
3305
2317
2410
2371
1267
2894
2168
2631
3256
3625
2277
1493
3672
323
3060
1858
3323
2331
2483
2444
1274
2950
2247
2696
3302
3659
2351
1591
3703
449
3075
1868
3340
2343
2553
2515
1281
3004
2324
2758
3346
3692
2424
1685
3733
588
3090
1877
3356
2355
2621
2583
1288
3056
2399
2819
3388
3724
2494
1777
3762
713
3105
1887
3372
2367
2688
2650
1294
3107
2472
10
2878
3429
3754
2561
1866
3789
838
3119
1895
3388
2378
2752
2715
1300
3156
2541
97
2935
3469
3783
2627
1952
3816
960
3132
1903
3403
2389
2813
2777
1306
3203
2609
255
2990
3508
3812
2691
2036
3843
1076
3145
1911
3416
2399
2873
2837
1311
3249
2675
384
3044
3545
3839
2752
2117
3868
1191
3158
1919
3430
2410
2932
2897
1317
3294
2739
516
3096
3581
3866
2812
2197
3892
1300
8
3170
1927
3443
2419
2988
2953
1322
3337
2801
647
3145
3616
3892
2870
2273
3916
1408
15
92
3181
1934
3455
2428
3042
3008
1326
3379
2860
767
3194
3650
3916
2927
2348
3938
1511
116
248
3192
1941
3468
2437
3095
3062
1332
3419
2918
891
3241
3682
3939
2981
2419
3959
1612
273
376
3203
1947
3479
2445
3146
3113
1336
3458
2974
1005
3286
3713
3962
3034
2489
3980
1709
398
505
3213
1953
3489
2453
3195
3162
1340
3496
3028
1120
3330
3744
3984
3085
2557
4001
1803
530
634
3222
1959
3500
2461
3242
3211
1344
3532
3081
1229
3373
3773
4005
3134
2622
4020
1895
657
754
3231
1965
3511
2469
3289
3258
1349
3568
3132
1336
3414
3801
4025
3182
2686
4039
1983
778
876
3240
1970
3520
2476
3334
3302
1351
3602
3180
1440
3453
3828
4045
3229
2747
4057
2069
900
989
3248
1975
3529
2482
3376
3346
1355
3635
3228
1540
3492
3854
4063
3273
2807
4074
2153
1013
1103
3256
1980
3537
2489
3418
3388
1359
3667
3274
1638
3529
3880
4082
3317
2865
4091
2233
1127
1211
3264
1985
3546
2495
3458
3430
1362
3698
3319
1732
3565
3904
4099
3359
2921
4106
2311
1235
1316
3271
1989
3554
2501
3497
3469
1365
3727
3362
1823
3600
16
3927
4116
3400
2975
4122
2387
1341
1419
3277
1994
3561
2507
3535
3507
1368
3756
3404
1912
3633
118
3950
4131
3439
3028
4136
2460
1443
35
1519
3284
1997
3569
2512
3572
3544
1370
3784
3444
1998
3666
274
3972
4147
3477
3080
4151
2531
1543
166
1616
3290
2002
3575
2517
3607
3579
1373
3811
3483
2081
3697
398
3993
4162
3514
3129
4165
2600
1640
316
1709
3296
2005
3582
2522
3641
3614
1376
3837
3521
2162
3727
530
4013
4175
3550
3176
4177
2666
1733
438
1800
3302
2008
3588
2527
3674
3648
1378
3862
3557
2241
3757
655
4033
4189
3584
3223
4190
2731
1824
573
1889
3307
2012
3593
2531
3705
3680
1380
3886
3592
2317
3785
776
4051
4202
3618
3268
4202
2794
1912
696
1974
3312
2015
3599
2535
3736
3711
1382
3909
3626
2391
3812
896
4069
4215
3650
3311
4213
2854
1997
819
2057
3317
2018
3605
2540
3766
3741
1385
3932
3660
2463
3839
1009
4087
4226
3682
3354
4224
2913
2080
937
2138
3321
2020
3610
2544
3794
3770
1386
3954
3692
2532
3864
1122
4104
4238
3712
3394
4235
2969
2160
1051
2216
3325
2023
3614
2547
3822
3798
1388
3974
3722
2599
3888
1230
4119
4248
3741
3434
4245
3024
2238
1163
2291
3329
2026
3618
2550
3848
3825
1389
3994
3751
2664
3912
1335
4135
4259
3769
3472
4254
3077
2314
1270
2365
3333
2027
3622
2554
3874
3852
1391
4014
3780
2728
3935
1437
4150
4269
3796
3509
4263
3129
2387
1376
2436
3336
2030
3626
2556
3898
3876
1392
4032
3808
2788
3957
1536
4164
4279
3823
3545
4272
3178
2458
1477
2505
3340
2032
3629
2559
3923
3900
1394
4050
3834
2848
3978
1632
4177
4287
3848
3579
4280
3227
2528
1576
2573
3343
2034
3633
2562
3945
3924
1395
4068
3861
2905
3998
1725
4191
4296
3872
3613
4288
3273
2594
1671
2637
3345
2035
3636
2564
3967
3946
1396
4084
3885
2960
4018
1816
4203
4304
3897
3645
4296
3318
2659
1763
2701
3348
2037
3639
2566
3989
3968
1397
4100
3909
3014
4037
1903
4215
4312
3919
3677
4303
3362
2722
1854
2761
3350
2039
3642
2569
4009
3990
1399
4116
3932
3067
4055
1988
4226
4319
3941
3707
4310
3404
2783
1941
2821
3352
2040
3644
2571
4029
4010
1399
4131
3954
3117
4073
2071
4237
4326
3963
3736
4317
3444
2841
2026
2878
3354
2041
3646
2572
4048
4029
1400
4145
3976
3166
4090
2150
4248
4333
3983
3764
4322
3484
2899
2108
2933
3356
2042
3648
2574
4067
4048
1401
4159
3997
3213
4106
2228
4258
4338
4003
3791
4328
3522
2954
2188
2987
3358
2043
3650
2576
4084
4066
1402
4171
4017
3259
4122
2304
4267
4345
4022
3818
4334
3559
3008
2265
3040
3359
2044
3651
2576
4101
4083
1402
4184
4036
3303
4136
2377
4277
4350
4040
3843
4338
3594
3059
2340
3090
3360
2044
3653
2578
4117
4100
1403
4196
4054
3346
4151
2447
4285
4355
4058
3868
4344
3629
3110
2412
3139
3361
2046
3654
2579
4133
4116
1403
4208
4072
3388
4165
2516
4293
4360
4075
3891
4348
3662
3159
2482
3187
3362
2046
3655
2580
4148
4131
1403
4219
4089
3428
4178
2583
4301
4365
4091
3915
4352
3694
3206
2551
3233
3363
2046
3656
2581
4162
4146
1404
4230
4105
3467
4191
2647
4309
4369
4107
3937
4356
3725
3252
2617
3277
3364
2047
3657
2582
4176
4160
1404
4240
4122
3505
4203
2710
4316
4373
4122
3958
4360
3755
3296
2681
3320
3364
2047
3657
2583
4189
4174
1405
4250
4136
3541
4214
2770
4323
4377
4136
3979
4364
3784
3339
2743
3362
3364
2047
3657
2583
4202
4187
1404
4258
4151
3576
4226
2829
4329
4380
4150
3998
4366
3812
3381
2803
3403
3364
2048
3658
2583
4214
4199
1405
4268
4165
3611
4236
2886
4335
4383
4164
4017
4369
3839
3421
2861
3442
3365
2048
3658
2584
4226
4211
1405
4276
4178
3643
4247
2942
4341
4386
4177
4036
4372
3865
3459
2918
3480
3364
2048
3658
2584
4237
4223
1404
4284
4191
3675
4256
2995
4346
4388
4189
4054
4374
3889
3497
2973
3516
3364
2048
3657
2583
4248
4234
1404
4292
4203
3706
4266
3046
4350
4390
4201
4071
4376
3914
3534
3025
3552
3364
2048
3657
2584
4258
4244
1404
4299
4215
3736
4275
3097
4356
4393
4212
4087
4378
3937
3569
3077
3586
3363
2047
3657
2584
4268
4254
1404
4306
4226
3764
4283
3146
4360
4394
4223
4103
4380
3959
3602
3126
3619
3363
2047
3656
2583
4276
4263
1404
4312
4237
3791
4291
3193
4363
4396
4233
4118
4381
3981
3636
3175
3651
3362
2046
3656
2583
4285
4273
1404
4319
4248
3819
4298
3238
4367
4398
4243
4132
4382
4001
3668
3221
3682
3361
2046
3655
2582
4294
4281
1403
4324
4257
3845
4306
3283
4371
4399
4253
4147
4384
4021
3698
3266
3712
3360
2045
3654
2582
4301
4290
1403
4329
4267
3869
4313
3326
4374
4400
4262
4160
4385
4041
3728
3310
3741
3359
2045
3653
2582
4309
4298
1403
4335
4276
3894
4319
3367
4377
4400
4270
4173
4386
4060
3757
3353
3769
3358
2044
3652
2581
4317
4305
1402
4340
4284
3917
4326
3407
4380
4401
4279
4185
4386
4077
3784
3394
3796
3357
2043
3650
2580
4323
4312
1402
4344
4292
3939
4331
3446
4382
4402
4286
4197
4386
4094
3811
3433
3822
3355
2043
3649
2579
4329
4319
1401
4348
4300
3960
4336
3484
4385
4402
4294
4208
4387
4111
3837
3471
3848
3355
2042
3648
2579
4336
4326
1401
4353
4308
3982
4342
3520
4387
4402
4301
4220
4386
4127
3862
3508
3872
3353
2041
3646
2578
4341
4331
1400
4356
4315
4001
4347
3555
4388
4402
4308
4230
4386
4142
3886
3544
3895
3351
2040
3644
2577
4347
4337
1399
4359
4320
4021
4351
3589
4390
4402
4314
4239
4386
4156
3909
3579
3918
3350
2039
3643
2576
4352
4342
1398
4363
4327
4039
4355
3622
4391
4401
4320
4249
4385
4170
3932
3612
3940
3348
2038
3641
2574
4356
4347
1398
4365
4333
4057
4359
3654
4393
4401
4326
4259
4385
4184
3953
3645
3961
3346
2037
3639
2573
4361
4351
1397
4368
4338
4074
4363
3685
4394
4400
4331
4267
4384
4197
3974
3676
3981
3345
2036
3637
2572
4365
4356
1396
4371
4344
4091
4366
3714
4394
4399
4336
4275
4383
4209
3994
3707
4000
3343
2034
3635
2571
4368
4360
1395
4373
4349
4107
4369
3743
4395
4398
4341
4284
4382
4220
4013
3736
4020
3340
2034
3633
2569
4372
4364
1394
4375
4353
4122
4372
3771
4395
4397
4345
4291
4381
4232
4032
3764
4038
3338
2033
3630
2568
4375
4367
1394
4377
4357
4137
4375
3798
4395
4395
4349
4298
4379
4243
4050
3792
4055
3336
2031
3629
2566
4378
4371
1393
4379
4362
4151
4377
3824
4396
4394
4353
4305
4378
4253
4068
3818
4072
3334
2030
3626
2565
4381
4374
1392
4380
4365
4164
4380
3849
4396
4393
4357
4311
4376
4263
4084
3843
4088
3332
2028
3623
2563
4384
4376
1391
4381
4369
4178
4381
3873
4395
4391
4360
4317
4375
4272
4101
3868
4104
3329
2027
3621
2562
4387
4380
1390
4382
4372
4190
4383
3896
4395
4389
4363
4322
4373
4281
4116
3892
4119
3327
2026
3618
2560
4388
4382
1389
4383
4375
4202
4385
3919
4394
4388
4366
4328
4371
4289
4130
3914
4134
3325
2024
3616
2558
4390
4383
1388
4383
4378
4213
4386
3940
4393
4386
4369
4333
4369
4298
4145
3937
4147
3322
2023
3613
2556
4392
4385
1387
4384
4380
4225
4387
3961
4392
4383
4371
4338
4367
4305
4158
3958
4161
3320
2021
3610
2555
4393
4387
1386
4384
4382
4235
4388
3982
4391
4382
4373
4343
4365
4313
4171
3978
4174
3317
2020
3607
2553
4394
4388
1385
4384
4384
4245
4389
4001
4390
4379
4375
4347
4363
4320
4184
3998
4186
3314
2018
3604
2551
4395
4389
1383
4384
4385
4254
4389
4020
4389
4377
4377
4351
4360
4326
4196
4017
4198
3312
2016
3602
2549
4396
4391
1383
4384
4387
4263
4389
4038
4388
4374
4378
4355
4358
4332
4208
4035
4209
3309
2015
3599
2547
4397
4391
1381
4383
4389
4272
4390
4055
4386
4371
4380
4358
4355
4338
4219
4053
4219
3307
2013
3596
2545
4397
4392
1380
4382
4390
4280
4389
4071
4384
4369
4381
4361
4353
4343
4229
4070
4230
3304
2011
3593
2543
4397
4392
1379
4382
4391
4288
4389
4088
4383
4366
4382
4364
4350
4348
4239
4086
4240
3300
2010
3590
2541
4398
4393
1378
4381
4391
4296
4389
4103
4381
4363
4382
4367
4347
4353
4249
4102
4249
3298
2008
3587
2539
4397
4393
1376
4380
4392
4303
4388
4118
4378
4360
4383
4369
4344
4358
4258
4117
4258
3295
2006
3583
2536
4397
4392
1375
4379
4393
4310
4388
4132
4377
4357
4383
4371
4341
4362
4267
4132
4266
3292
2004
3580
2534
4397
4393
1374
4378
4393
4316
4387
4146
4375
4354
4383
4373
4338
4366
4275
4145
4275
3289
2002
3577
2532
4396
4392
1373
4376
4393
4322
4386
4160
4372
4351
4383
4375
4335
4370
4283
4159
4282
3286
2001
3574
2530
4396
4391
1372
4374
4393
4328
4385
4172
4370
4348
4383
4376
4331
4373
4291
4171
4290
3283
1999
3571
2528
4395
4391
1371
4373
4392
4333
4384
4184
4367
4344
4383
4377
4329
4376
4298
4184
4297
3280
1997
3567
2525
4393
4390
1369
4371
4392
4338
4383
4196
4365
4341
4382
4378
4325
4379
4305
4196
4304
3276
1995
3564
2523
4392
4389
1368
4369
4391
4343
4381
4207
4362
4337
4382
4379
4322
4382
4311
4207
4310
3273
1993
3560
2521
4391
4387
1367
4368
4390
4347
4380
4217
4359
4334
4381
4380
4318
4384
4318
4217
4315
3270
1991
3557
2518
4389
4386
1365
4365
4390
4351
4378
4228
4357
4331
4380
4381
4315
4386
4323
4228
4321
3267
1989
3553
2516
4388
4385
1364
4363
4388
4355
4377
4238
4353
4327
4379
4381
4311
4388
4329
4238
4327
3264
1987
3550
2514
4386
4384
1362
4361
4387
4359
4374
4247
4350
4324
4378
4381
4308
4389
4334
4247
4332
3261
1985
3546
2511
4385
4382
1361
4359
4386
4362
4373
4256
4348
4320
4377
4382
4304
4391
4339
4256
4337
3257
1983
3543
2508
4383
4381
1359
4356
4384
4365
4371
4264
4344
4316
4375
4382
4300
4392
4344
4265
4341
3253
1981
3539
2506
4380
4378
1358
4354
4383
4368
4368
4272
4340
4312
4374
4381
4297
4393
4348
4273
4345
3250
1979
3535
2504
4379
4376
1357
4352
4382
4371
4366
4280
4338
4308
4372
4380
4293
4394
4351
4281
4349
3247
1977
3532
2501
4376
4375
1355
4349
4380
4373
4364
4288
4335
4304
4371
4380
4289
4395
4355
4288
4353
3243
1975
3528
2498
4374
4372
1354
4346
4378
4375
4361
4294
4331
4300
4369
4379
4285
4395
4359
4296
4356
3240
1973
3525
2496
4372
4370
1353
4343
4376
4377
4358
4301
4327
4297
4367
4378
4281
4395
4362
4302
4359
3236
1971
3521
2493
4369
4367
1351
4340
4374
4378
4356
4307
4324
4292
4365
4378
4277
4395
4365
4308
4362
3233
1969
3516
2491
4367
4365
1350
4337
4371
4380
4353
4313
4320
4288
4362
4376
4273
4395
4367
4314
4364
3230
1967
3513
2488
4364
4363
1348
4334
4369
4382
4350
4318
4316
4284
4360
4375
4269
4395
4370
4319
4367
3226
1965
3510
2486
4362
4360
1346
4331
4367
4382
4347
4323
4313
4280
4358
4374
4265
4395
4373
4325
4368
3222
1963
3505
2483
4358
4357
1345
4328
4364
4383
4345
4329
4309
4275
4355
4372
4261
4394
4375
4330
4371
3219
1960
3501
2480
4355
4354
1344
4325
4361
4384
4341
4333
4305
4271
4353
4370
4256
4393
4376
4335
4372
3216
1958
3498
2478
4353
4351
1343
4321
4359
4384
4338
4338
4302
4267
4350
4369
4252
4393
4378
4338
4373
3212
1956
3494
2475
4349
4348
1341
4317
4356
4385
4335
4342
4298
4263
4347
4367
4248
4392
4379
4343
4375
3208
1953
3490
2472
4346
4346
1339
4314
4353
4385
4332
4345
4294
4259
4344
4365
4244
4391
4380
4347
4376
3204
1952
3486
2469
4344
4343
1338
4311
4351
4385
4329
4349
4290
4254
4342
4363
4240
4389
4381
4350
4377
3201
1950
3482
2467
4340
4339
1336
4307
4347
4385
4325
4352
4286
4250
4339
4361
4235
4388
4382
4354
4377
3197
1947
3478
2464
4336
4336
1334
4303
4344
4384
4322
4355
4282
4245
4336
4359
4231
4387
4382
4357
4378
3193
1945
3475
2461
4333
4332
1333
4300
4341
4384
4318
4358
4278
4241
4333
4357
4226
4385
4383
4359
4379
3190
1942
3471
2459
4330
4330
1332
4296
4338
4384
4315
4360
4273
4236
4329
4354
4222
4383
4383
4362
4379
3186
1940
3466
2456
4326
4326
1330
4292
4335
4382
4311
4363
4270
4232
4327
4352
4217
4382
4383
4364
4379
3182
1938
3462
2453
4322
4322
1329
4288
4331
4382
4307
4365
4265
4227
4323
4349
4213
4379
4383
4367
4379
3180
1936
3459
2450
4319
4319
1327
4285
4328
4381
4345
4329
4309
4275
4355
4372
4261
4394
4375
4330
4371
3219
1960
3501
2480
4355
4354
1344
4325
4361
4384
4341
4333
4305
4271
4353
4370
4256
4393
4376
4335
4372
3216
1958
3498
2478
4353
4351
1343
4321
4359
4384
4338
4338
4302
4267
4350
4369
4252
4393
4378
4338
4373
3212
1956
3494
2475
4349
4348
1341
4317
4356
4385
4335
4342
4298
4263
4347
4367
4248
4392
4379
4343
4375
3208
1953
3490
2472
4346
4346
1339
4314
4353
4385
4332
4345
4294
4259
4344
4365
4244
4391
4380
4347
4376
3204
1952
3486
2469
4344
4343
1338
4311
4351
4385
4329
4349
4290
4254
4342
4363
4240
4389
4381
4350
4377
3201
1950
3482
2467
4340
4339
1336
4307
4347
4385
4325
4352
4286
4250
4339
4361
4235
4388
4382
4354
4377
3197
1947
3478
2464
4336
4336
1334
4303
4344
4384
4322
4355
4282
4245
4336
4359
4231
4387
4382
4357
4378
3193
1945
3475
2461
4333
4332
1333
4300
4341
4384
4318
4358
4278
4241
4333
4357
4226
4385
4383
4359
4379
3190
1942
3471
2459
4330
4330
1332
4296
4338
4384
4315
4360
4273
4236
4329
4354
4222
4383
4383
4362
4379
3186
1940
3466
2456
4326
4326
1330
4292
4335
4382
4311
4363
4270
4232
4327
4352
4217
4382
4383
4364
4379
3182
1938
3462
2453
4322
4322
1329
4288
4331
4382
4307
4365
4265
4227
4323
4349
4213
4379
4383
4367
4379
3180
1936
3459
2450
4319
4319
1327
4285
4328
4381
4255
4374
4208
4166
4275
4309
4153
4345
4369
4375
4364
3131
1906
3406
2413
4268
4268
1307
4231
4279
4356
4251
4373
4203
4161
4271
4305
4148
4342
4367
4375
4362
3126
1904
3401
2410
4263
4264
1305
4226
4275
4354
4247
4373
4199
4157
4267
4301
4143
4339
4365
4374
4360
3123
1902
3397
2407
4259
4259
1303
4221
4270
4351
4242
4372
4194
4152
4263
4298
4138
4336
4363
4374
4358
3119
1900
3394
