38
38
10
42
42
23
34
35
29
45
33
34
7
39
16
44
34
32
44
30
52
26
7
23
40
41
32
5
37
38
24
35
35
29
42
39
34
11
41
15
50
39
29
43
32
56
25
14
23
39
43
27
33
37
27
38
37
28
31
33
29
10
36
16
41
38
23
39
36
49
28
13
17
32
31
22
30
34
28
39
36
25
31
32
24
9
33
15
33
36
17
37
37
44
22
3
10
35
26
30
20
29
35
29
37
37
23
28
28
26
11
35
10
34
34
18
38
35
40
7
6
28
30
27
3
30
41
27
36
38
23
27
30
25
9
36
6
36
32
23
40
34
41
14
2
34
31
30
7
31
43
27
40
39
25
32
30
28
10
37
10
39
33
28
43
36
41
20
10
34
31
26
9
31
38
27
39
38
25
30
28
30
11
37
8
37
32
28
42
36
42
18
19
38
30
33
24
7
30
37
27
38
39
28
31
24
30
1
38
5
30
27
23
39
34
39
16
14
34
31
28
33
34
31
41
47
37
33
28
28
3
40
8
41
28
19
36
36
41
21
1
9
33
32
27
36
32
38
49
55
46
36
34
37
10
48
19
55
38
15
33
42
51
24
10
11
28
32
24
36
36
44
56
59
53
36
32
41
16
52
32
52
50
13
31
45
50
19
17
16
29
50
47
34
16
33
43
27
43
44
39
54
36
39
13
47
27
63
47
32
41
37
59
40
12
79
46
51
34
35
36
33
44
49
43
57
40
49
14
54
27
65
49
27
37
38
61
41
23
16
47
49
35
37
35
38
49
56
48
53
38
43
16
55
28
61
52
24
36
41
59
39
36
42
42
31
37
35
41
51
57
47
51
30
42
12
53
27
57
47
22
35
44
51
34
15
11
37
38
29
38
30
40
48
51
43
47
36
43
13
49
23
55
43
20
36
42
52
27
44
38
36
32
36
36
32
43
44
37
41
31
31
12
40
14
31
36
23
39
37
42
27
36
34
38
1
36
38
27
39
42
31
37
29
30
2
40
7
32
26
27
42
34
44
32
2
37
36
33
3
34
37
26
39
39
30
41
27
29
3
35
8
38
29
28
44
35
47
28
35
36
26
2
34
34
28
40
39
34
44
26
31
4
32
11
40
31
27
43
35
44
26
57
40
41
32
37
30
31
40
42
36
43
32
35
8
41
14
45
34
26
39
35
52
31
4
7
39
43
30
39
33
34
43
47
40
51
36
43
15
50
21
50
44
22
37
36
55
30
28
39
37
28
2
37
37
34
45
49
38
54
36
45
15
50
23
60
46
21
36
38
57
34
9
1
42
41
29
3
34
37
32
45
48
37
48
41
39
23
49
27
61
50
22
37
38
57
34
4
2
40
42
51
33
4
35
37
27
43
47
37
49
48
40
25
45
27
49
54
27
39
35
59
35
13
13
47
43
39
9
36
42
24
38
46
36
51
44
37
21
44
20
49
49
30
41
32
60
38
44
45
35
7
36
39
27
43
50
40
52
46
38
20
45
27
53
50
29
41
35
63
36
14
45
47
33
7
38
35
32
46
54
45
51
38
40
19
48
32
59
51
28
39
38
60
40
1
29
36
42
27
40
32
36
49
60
51
52
39
43
21
56
36
64
54
20
35
40
59
27
7
5
24
36
43
27
41
33
37
51
63
54
54
50
46
24
57
40
51
59
18
34
39
67
29
36
39
41
31
41
36
39
51
62
53
52
42
48
22
59
39
56
60
19
36
40
61
34
24
37
39
27
38
42
37
52
59
51
49
37
42
16
56
39
61
57
21
37
41
51
30
14
29
45
42
32
8
37
44
31
48
52
47
48
38
38
16
50
37
56
55
27
39
38
57
39
16
41
47
45
38
9
37
37
29
44
50
45
53
47
41
25
54
35
60
57
33
42
35
65
37
32
52
49
41
9
36
38
29
43
51
43
57
46
43
24
54
30
67
58
35
43
36
63
45
25
56
53
40
5
39
37
34
46
50
44
57
41
45
17
54
32
72
57
32
39
39
64
51
29
50
53
30
38
32
38
51
54
49
64
44
48
22
60
38
68
62
23
34
42
66
42
37
17
45
50
32
41
31
40
52
59
52
66
41
52
23
65
37
64
61
18
30
43
66
44
17
46
49
34
42
31
41
53
59
51
63
41
52
21
65
36
68
57
18
32
43
66
43
25
49
48
32
1
39
39
38
50
55
46
66
36
52
19
61
33
63
52
21
35
41
61
45
23
52
49
36
4
39
37
34
45
49
40
61
41
48
21
58
31
63
54
27
38
38
63
48
17
28
52
51
39
5
38
35
29
39
46
37
57
46
43
18
54
28
62
55
29
40
34
64
45
37
47
48
37
4
36
35
25
34
41
31
54
39
39
13
46
18
52
47
30
41
32
56
39
33
49
43
36
1
34
30
25
35
41
30
55
40
36
12
39
13
55
41
30
41
34
58
40
8
58
50
36
5
34
30
25
37
40
31
59
39
37
9
35
15
53
38
30
39
36
62
52
4
34
52
52
38
4
33
33
24
39
40
31
52
38
30
14
32
14
42
40
28
37
35
60
51
2
46
43
37
36
33
25
40
41
33
52
40
32
14
35
16
48
43
25
36
35
57
37
5
47
46
39
1
40
37
27
43
39
32
55
42
34
15
34
17
42
44
30
39
38
54
38
19
47
48
42
10
41
38
28
41
35
29
54
37
38
16
34
16
45
42
35
42
37
54
42
5
2
27
48
49
39
8
39
37
27
40
34
30
55
32
33
11
32
15
42
37
33
41
35
49
40
4
1
42
43
39
5
39
36
29
41
41
35
51
29
30
7
35
16
27
38
27
40
36
49
37
37
36
36
43
27
38
45
50
41
56
38
43
12
46
23
46
44
19
36
40
54
37
2
44
38
32
45
24
44
48
55
46
57
34
45
15
52
24
55
43
16
33
43
50
43
21
28
45
39
33
44
27
45
47
56
47
55
30
51
10
59
25
63
43
15
33
42
53
47
9
30
39
40
29
38
34
38
44
51
42
57
33
48
13
59
24
66
47
17
33
38
51
34
22
40
38
31
6
36
41
31
42
45
36
50
28
41
13
52
23
53
47
23
38
37
47
30
9
42
37
34
36
39
28
43
44
35
47
35
41
17
50
29
50
52
27
39
38
50
35
14
11
6
44
42
37
6
36
41
24
40
40
33
57
40
40
15
49
29
53
53
31
41
35
54
39
6
16
8
51
47
45
9
42
34
26
38
44
37
60
41
42
17
58
32
62
53
33
41
33
64
45
23
3
52
48
45
3
48
30
32
42
52
45
64
47
51
25
63
37
71
59
30
38
36
68
49
39
50
54
40
48
28
37
45
55
49
72
45
56
24
67
42
85
65
26
37
39
74
51
37
50
52
36
45
21
38
42
57
49
72
45
57
25
68
43
79
68
23
36
38
72
51
47
10
53
48
40
41
25
33
37
55
46
69
41
52
18
59
35
65
61
27
39
34
63
51
40
3
49
46
43
1
39
28
29
35
52
41
60
29
48
11
58
28
73
54
30
41
32
55
47
47
13
45
42
40
7
35
32
24
34
45
34
55
30
44
10
48
21
68
49
33
44
34
50
40
27
32
50
47
38
12
31
35
20
33
37
29
57
36
37
7
35
17
48
45
36
45
34
53
45
15
42
36
47
50
40
6
30
34
18
35
36
31
52
43
30
11
36
17
39
45
33
41
33
62
39
19
39
50
47
40
6
32
35
19
38
38
33
58
39
29
10
36
17
38
45
30
38
35
60
41
32
34
56
56
36
2
34
31
25
40
38
31
64
31
35
5
33
9
43
36
26
36
39
55
54
23
35
39
42
26
34
28
30
43
40
33
54
24
33
4
31
10
43
34
19
33
40
46
36
20
31
22
38
36
33
39
30
32
44
42
36
50
24
35
6
36
13
47
38
22
35
39
44
36
40
14
45
54
43
45
29
33
42
44
38
56
38
40
12
40
13
52
41
31
40
37
58
42
57
42
51
40
10
45
34
31
41
42
36
53
39
38
10
36
13
44
40
35
44
36
59
32
53
43
49
40
11
43
32
29
38
40
32
45
36
38
6
35
11
49
35
37
45
35
54
35
25
4
33
37
47
41
8
41
31
27
35
41
30
43
34
39
2
40
8
56
29
33
44
32
50
29
27
8
8
47
45
44
3
40
34
27
37
45
32
52
34
40
46
12
49
30
30
42
32
54
41
40
49
43
37
1
35
33
27
39
45
33
58
31
35
3
45
15
47
34
25
41
34
56
46
32
36
38
26
4
27
34
22
37
39
28
46
19
27
3
38
11
42
30
20
39
34
42
32
26
34
37
39
29
26
34
19
36
36
26
42
21
25
1
35
12
31
29
21
41
32
37
30
23
2
44
37
34
34
29
32
18
35
38
28
41
33
25
11
38
16
36
40
24
40
31
45
30
33
39
47
37
7
32
34
21
37
41
30
42
26
28
5
41
16
45
39
30
41
33
43
34
13
40
47
34
8
34
36
28
41
45
34
52
31
36
7
45
22
50
41
30
41
37
48
33
10
14
39
45
46
37
9
39
43
34
47
52
43
53
36
41
13
51
33
55
51
30
37
40
57
39
26
15
49
46
54
41
5
45
38
39
49
59
50
60
44
51
21
62
39
67
59
29
35
40
66
42
32
14
44
50
37
2
47
29
40
47
62
52
61
49
54
32
64
38
72
63
26
35
39
67
39
34
8
44
47
36
2
43
32
35
45
54
46
56
41
40
22
49
37
47
62
27
38
39
62
41
26
7
10
45
44
35
5
43
24
31
37
48
40
57
42
43
21
50
33
61
58
31
42
34
59
39
30
7
36
48
44
42
5
42
26
25
30
42
34
55
34
37
14
43
23
54
49
34
45
29
54
39
35
49
47
46
9
39
32
19
29
37
29
53
32
28
11
32
19
31
48
38
46
28
51
42
17
54
52
47
16
36
32
18
30
36
27
48
39
26
12
29
18
34
47
43
47
29
57
48
14
3
53
57
43
15
34
34
18
31
37
28
57
38
29
7
31
18
41
47
39
45
30
57
42
17
1
40
45
52
41
11
33
32
18
32
40
32
62
36
37
7
38
19
49
46
34
41
30
57
44
22
47
52
39
33
27
21
34
47
37
61
40
39
7
41
16
50
43
29
38
31
65
43
84
45
43
34
30
26
22
34
48
36
58
37
32
9
38
12
59
38
26
39
34
57
40
116
43
42
35
2
30
27
22
34
43
31
47
26
28
1
29
8
53
30
28
41
35
50
39
132
53
44
38
35
34
30
25
33
44
30
49
24
34
34
2
56
25
28
40
34
42
36
203
13
35
37
35
7
37
34
27
32
46
29
46
22
36
39
61
24
30
41
32
42
29
213
39
40
38
4
40
35
30
37
48
31
45
32
36
5
37
4
52
30
33
40
36
49
35
140
47
41
39
3
41
34
33
39
46
31
50
38
36
9
37
7
41
33
32
39
38
52
44
25
12
50
35
47
32
3
38
35
29
37
37
26
47
27
32
1
29
2
20
26
27
38
35
45
26
27
24
30
36
29
1
37
39
27
36
34
23
43
20
27
30
23
17
23
38
33
34
23
19
29
31
29
3
35
38
27
38
36
23
32
13
25
30
1
25
17
22
39
35
32
23
3
25
32
29
5
35
35
28
39
36
24
32
16
27
2
28
4
18
21
24
41
36
30
19
39
32
31
35
7
37
34
28
35
37
25
36
23
28
1
30
6
22
25
30
42
33
33
27
40
42
40
41
7
38
28
27
30
36
27
39
18
24
31
7
28
22
34
43
30
35
28
46
44
42
6
40
24
30
30
40
32
43
20
32
38
9
41
27
35
43
31
40
36
37
42
36
4
36
24
32
35
43
36
43
21
33
39
18
45
35
32
41
34
45
36
25
28
42
39
32
35
20
35
40
49
41
48
23
34
4
45
25
48
43
24
36
37
46
39
63
28
36
37
28
36
14
36
42
54
47
49
31
37
16
52
32
54
53
16
33
37
51
30
39
30
37
26
35
21
34
45
55
49
44
28
34
15
50
37
53
57
15
33
38
49
27
46
41
31
29
34
30
32
47
53
47
45
25
31
12
45
40
44
59
20
36
40
47
37
43
12
37
34
32
1
34
31
28
42
51
44
49
32
30
19
42
36
36
56
27
40
36
53
32
20
46
37
50
38
15
35
38
23
33
48
39
48
28
35
10
45
25
45
46
36
44
30
50
31
24
41
47
40
17
34
41
19
30
48
35
49
30
32
5
45
23
52
45
38
47
27
50
31
36
46
45
38
16
33
41
20
31
48
34
56
38
33
9
42
23
53
46
38
48
29
57
40
16
6
42
49
35
18
32
41
22
33
50
37
55
33
38
6
44
22
69
45
34
45
30
55
42
21
49
43
51
38
10
34
37
23
32
55
39
52
34
37
5
45
19
68
45
31
43
30
54
41
40
40
45
36
9
34
36
24
31
57
38
51
29
36
42
14
47
39
31
43
30
50
32
36
35
36
36
13
36
36
24
30
54
33
48
21
34
36
6
41
30
31
44
31
43
31
42
39
33
41
10
37
34
24
29
48
27
46
22
32
3
28
39
29
34
46
31
39
35
25
45
40
36
38
8
37
32
23
26
42
22
47
22
30
24
29
25
34
45
29
40
30
18
38
36
39
9
36
34
21
25
35
16
41
20
24
21
34
16
32
45
29
35
31
4
36
31
31
32
31
23
29
31
15
39
21
21
16
24
14
26
42
32
34
29
20
27
20
28
29
24
32
28
16
31
12
15
11
8
12
20
40
34
30
16
37
14
21
21
27
28
25
33
26
18
21
7
12
10
7
8
17
38
34
20
12
13
14
13
19
27
28
25
36
28
22
16
3
10
14
15
4
15
37
35
14
7
3
10
23
29
25
39
27
24
5
5
16
10
4
11
37
36
6
3
9
22
30
25
41
27
27
3
5
15
8
10
12
38
38
5
26
12
15
15
23
31
25
42
30
31
11
4
9
25
7
19
19
18
38
37
15
4
25
12
27
16
26
31
25
44
36
34
21
14
18
36
15
26
26
18
36
37
26
3
8
19
25
18
27
34
27
48
44
42
25
10
23
42
23
37
32
15
35
39
30
12
18
18
22
15
29
33
29
52
49
47
30
8
24
1
47
32
42
39
10
33
41
29
13
27
25
25
22
22
33
23
32
52
52
51
40
14
35
10
52
39
47
45
10
31
41
32
24
25
32
43
38
37
37
19
32
50
56
55
53
30
42
17
61
43
61
53
20
34
39
46
41
23
41
38
39
39
31
31
49
57
54
54
28
39
15
59
46
59
57
24
38
38
51
35
45
37
35
37
1
36
32
27
45
52
48
45
23
33
14
48
44
44
54
27
42
37
40
36
35
37
33
34
5
33
31
23
36
47
40
41
26
30
15
44
36
41
53
30
44
32
41
29
21
31
41
36
36
6
33
31
20
28
44
34
47
22
30
9
44
29
49
50
31
45
27
44
32
44
42
41
32
3
33
25
21
25
44
34
50
23
30
3
41
24
44
46
27
44
27
47
37
30
29
24
24
34
20
28
31
53
41
44
25
35
5
44
26
53
49
16
39
32
45
26
43
32
21
24
34
19
31
34
56
43
45
17
34
1
47
25
67
45
15
37
34
41
29
57
40
32
29
26
32
20
30
33
56
41
46
10
33
45
19
58
41
19
36
33
36
27
47
32
36
34
34
21
29
31
57
40
41
15
37
46
15
57
35
25
39
32
36
27
48
36
33
31
5
30
25
24
29
50
35
44
14
29
35
9
39
29
30
42
32
36
25
41
30
33
25
6
27
29
21
29
45
32
39
8
21
22
7
13
29
30
43
31
28
19
41
37
34
31
30
28
23
21
28
46
31
29
13
22
24
1
28
22
28
43
31
27
25
39
7
29
27
24
28
21
22
28
43
27
33
10
20
22
26
17
21
41
31
28
18
25
24
26
18
27
19
26
35
46
29
28
13
20
21
28
26
14
36
36
33
18
38
25
22
15
27
22
28
40
46
31
26
12
19
23
3
34
27
11
32
39
30
20
47
50
18
12
15
27
21
26
40
42
30
24
7
15
25
2
32
23
8
32
38
22
14
40
19
15
17
20
27
22
23
39
39
28
18
8
16
28
29
18
11
34
35
24
5
45
13
20
16
25
32
19
38
36
25
22
5
13
23
1
17
16
16
38
35
19
51
19
22
18
25
31
18
39
34
26
21
13
11
20
7
16
20
18
40
36
23
9
56
23
19
21
18
23
31
16
35
28
22
17
8
6
18
5
10
17
17
40
32
22
6
35
20
18
20
17
25
31
19
34
30
22
19
3
9
24
6
15
19
14
38
32
21
9
56
26
23
21
30
28
28
41
40
32
29
13
21
5
37
18
37
32
12
35
37
29
23
84
26
20
17
31
28
35
47
48
41
36
16
30
10
46
32
44
43
10
31
41
36
23
83
30
27
27
23
34
24
36
47
51
45
39
19
33
13
52
36
46
49
13
31
40
37
20
71
51
34
26
34
39
25
34
43
52
47
39
23
36
12
55
37
51
53
18
33
36
42
26
101
36
25
33
36
31
32
41
51
44
42
16
37
10
51
36
52
50
21
36
36
38
28
101
32
35
24
33
34
30
41
50
42
47
15
36
5
46
34
50
47
21
38
36
36
23
81
23
34
28
25
34
30
29
39
49
41
41
19
31
4
42
31
50
45
20
39
34
38
28
101
57
34
27
25
32
19
29
37
53
43
42
17
30
2
45
28
55
43
16
39
33
37
26
97
31
21
21
32
21
32
43
57
51
43
14
31
6
49
31
59
49
10
35
37
39
24
106
34
24
22
32
25
36
48
63
56
40
18
32
13
50
35
58
56
12
33
41
40
27
113
32
24
24
32
27
34
47
62
54
39
14
33
9
48
34
45
52
16
35
40
39
30
99
41
26
23
31
33
34
30
43
58
50
34
13
28
6
47
28
50
46
21
37
36
38
22
104
31
29
35
1
35
32
28
39
58
49
43
22
31
9
48
26
55
48
28
39
34
42
17
107
43
39
37
7
37
32
27
38
56
45
53
28
39
11
47
26
56
50
31
41
35
49
33
92
44
36
30
1
35
30
27
36
52
42
51
21
33
5
39
22
58
44
27
41
36
47
35
108
34
38
21
23
34
21
29
35
52
40
49
16
33
41
17
48
36
18
38
34
39
28
92
37
29
25
36
21
33
40
55
41
47
19
36
3
45
18
51
40
16
35
37
44
