48
3
30
2
5
3
1
30
44
4
1
4
1
8
2
3
7
30
11
1
3
4
3
1
3
30
2
1
3
24
1
5
3
5
5
16
70
1
5
6
10
1
6
21
38
1
4
29
29
16
45
1
30
47
8
1
7
2
4
10
6
9
9
19
6
8
1
15
2
5
1
1
4
7
3
2
7
1
2
2
3
12
1
5
1
4
2
8
1
2
1
37
2
1
1
1
4
8
4
6
50
2
7
5
19
1
1
7
7
12
7
2
5
7
22
1
10
2
4
7
8
9
6
3
40
37
4
5
3
3
9
14
1
9
8
6
45
50
11
2
7
1
5
9
4
17
5
2
8
12
33
4
10
3
3
3
8
8
14
10
5
9
40
6
1
7
3
2
9
4
7
42
2
48
9
2
2
8
1
4
5
26
10
67
1
1
5
5
6
20
2
5
22
4
19
17
6
13
49
1
9
21
2
1
1
5
10
24
1
1
2
9
10
12
8
3
6
3
7
11
9
15
53
3
3
3
3
6
5
3
6
10
17
4
9
5
25
9
1
2
1
5
8
10
6
1
11
7
22
10
9
7
24
13
4
8
5
8
19
5
8
10
14
7
3
2
4
16
2
6
1
18
41
1
1
11
6
25
3
4
20
2
6
2
1
57
3
7
38
4
6
4
4
27
3
6
4
39
6
7
19
2
1
8
5
12
4
2
11
4
1
40
2
3
1
1
11
4
3
56
5
7
2
5
1
14
4
6
6
5
5
4
2
2
11
5
3
19
2
2
1
9
4
3
17
13
5
3
6
9
1
4
8
20
50
5
4
3
2
18
3
10
2
36
2
4
3
3
2
81
38
11
6
5
2
8
1
4
1
5
8
150
12
17
7
5
9
1
9
3
2
9
6
3
3
6
11
251
10
1
24
3
6
6
14
7
10
8
3
13
10
12
4
2
7
18
302
7
24
18
4
5
9
23
16
12
13
10
17
19
20
10
5
10
23
297
48
8
12
5
6
10
1
25
19
10
16
12
19
22
20
12
10
14
252
15
8
7
4
4
7
3
15
17
11
12
13
12
23
18
13
10
9
150
28
16
2
3
11
16
14
7
14
6
23
11
16
9
19
70
25
21
4
4
8
17
18
5
21
24
3
28
8
22
28
47
21
5
6
6
16
17
3
20
25
2
20
9
18
43
33
14
2
9
8
16
15
10
1
28
4
11
17
44
9
7
9
7
11
21
13
9
14
24
2
3
4
5
6
16
3
8
5
42
4
1
3
3
2
10
11
1
15
9
9
10
32
9
3
1
1
9
10
10
5
7
10
8
3
1
3
4
2
6
5
5
1
5
2
23
2
3
1
52
1
1
4
3
7
2
3
2
3
2
16
2
3
20
63
7
5
4
9
22
3
2
1
4
3
2
10
2
4
12
59
1
1
8
6
13
1
1
8
11
7
2
8
12
15
6
1
1
6
5
6
4
34
77
18
9
11
8
3
1
2
15
6
6
2
10
5
2
9
3
5
16
42
39
13
26
15
15
11
5
1
10
1
21
10
14
11
12
8
10
15
6
4
22
3
40
24
37
22
21
12
5
11
2
5
29
13
18
14
14
12
15
23
6
2
33
12
59
25
44
16
23
9
6
14
8
4
33
13
23
14
20
21
20
26
7
2
36
9
72
79
24
47
10
24
9
6
2
11
7
4
38
19
28
15
21
27
23
24
8
2
44
7
72
2
61
17
39
15
20
8
3
3
8
9
2
34
14
26
10
23
21
23
17
3
3
44
72
2
2
32
9
15
5
2
14
13
28
11
23
10
23
16
21
13
6
31
74
3
29
13
5
8
8
25
12
17
9
14
16
13
11
6
28
74
79
5
26
10
2
1
4
7
22
5
15
1
13
8
12
8
7
24
60
5
75
3
24
3
10
1
3
4
3
20
13
8
3
9
5
9
19
52
12
18
4
1
13
5
10
12
43
12
2
1
7
9
5
42
52
9
2
1
3
7
2
52
57
5
3
7
1
46
10
1
1
1
5
3
35
14
2
3
47
7
3
1
1
3
63
42
5
7
3
1
3
4
55
6
16
8
2
3
5
3
3
64
14
16
4
3
3
4
2
73
3
15
11
1
3
3
2
79
1
66
17
9
3
7
4
7
1
7
10
1
1
3
86
12
14
2
25
8
9
6
8
5
7
4
13
1
12
2
14
87
11
24
5
10
3
8
2
7
3
12
16
3
11
102
3
10
23
18
14
2
10
4
15
9
17
3
17
4
8
112
77
16
24
11
16
5
12
6
2
16
12
19
4
17
6
2
12
106
30
12
33
7
21
6
12
4
18
1
11
14
3
19
5
4
18
124
9
40
4
25
6
13
3
25
2
14
13
4
21
4
5
22
139
2
33
24
7
14
1
3
2
25
5
17
15
6
9
22
6
7
21
150
75
33
22
9
11
6
5
3
24
7
13
9
9
7
21
6
9
21
155
51
27
5
19
10
7
9
7
1
20
5
7
3
4
2
16
4
10
19
154
13
30
26
19
8
3
8
4
18
10
1
3
7
15
1
9
20
173
10
28
5
12
10
6
3
15
10
3
5
11
1
5
19
188
61
20
8
7
11
7
5
10
12
7
8
8
1
5
12
188
1
55
6
19
8
8
10
5
4
13
13
6
11
7
1
4
15
197
8
6
16
3
9
10
10
3
12
5
2
13
213
19
2
8
7
8
6
10
6
10
237
46
16
1
7
9
10
11
7
3
16
250
67
5
6
5
11
8
1
12
1
11
241
3
4
7
6
9
4
250
8
1
6
3
4
7
257
35
3
3
5
6
1
254
76
6
4
242
1
8
2
1
4
229
4
6
3
3
225
20
1
5
4
202
2
67
5
4
185
6
3
5
5
158
6
6
4
4
3
136
3
10
4
1
3
9
119
9
57
15
7
3
13
5
6
2
2
4
14
103
9
13
16
9
2
11
4
1
4
1
1
1
4
11
84
8
1
16
7
10
1
1
3
1
1
13
70
3
14
9
4
2
2
12
3
2
6
5
6
15
62
53
7
18
3
10
11
4
6
16
11
7
9
11
9
1
19
30
32
2
19
9
12
3
8
3
16
10
8
14
7
6
3
19
15
6
16
5
8
7
10
6
1
10
4
3
13
11
5
16
8
6
1
5
11
2
7
2
3
2
12
1
5
57
13
11
6
1
4
11
1
1
3
2
3
2
14
3
56
6
7
3
2
9
2
10
14
9
2
6
2
6
16
3
1
5
12
48
8
4
4
2
8
25
63
4
17
5
9
2
10
3
2
3
13
29
4
5
1
11
1
2
3
12
23
6
6
10
2
10
17
18
9
7
10
1
10
17
56
7
7
8
1
10
26
9
5
5
14
29
7
2
3
9
17
2
10
9
2
3
13
14
45
12
2
1
10
4
2
2
1
17
25
6
1
6
1
1
10
22
2
1
1
7
3
3
8
15
2
3
5
5
4
21
33
1
3
5
4
1
4
24
4
3
3
5
19
16
9
37
5
3
2
10
10
21
7
1
6
3
2
8
1
1
13
16
5
2
1
7
4
3
8
3
1
1
10
1
4
1
10
5
10
1
16
27
5
5
11
2
8
9
7
1
7
8
1
1
27
1
1
13
2
53
1
2
2
13
2
3
1
2
10
2
3
3
1
3
10
2
1
33
4
1
1
7
5
62
6
9
1
2
5
17
3
4
3
3
1
17
7
1
2
7
6
2
3
11
71
10
3
3
7
3
4
10
11
1
16
24
14
2
1
3
2
7
1
11
4
16
8
1
2
2
8
1
7
11
3
2
1
1
1
5
5
5
62
4
4
4
1
7
2
21
4
4
2
2
1
2
1
1
54
1
4
2
13
27
1
1
3
1
9
1
3
13
9
5
2
10
38
1
2
13
6
7
35
1
4
4
12
3
9
21
6
2
21
1
10
22
2
5
2
45
4
4
2
2
1
2
1
1
54
1
4
2
13
27
1
1
3
1
9
1
3
13
9
5
2
10
38
1
2
13
6
7
35
1
4
4
12
3
9
21
6
2
21
1
10
22
2
5
2
45
6
1
2
5
10
7
13
4
1
3
1
7
4
11
1
1
9
2
1
2
3
6
5
7
4
8
5
66
1
1
1
3
3
7
7
33
2
2
8
4
9
6
2
5
7
2
5
50
6
1
6
38
2
6
11
3
2
5
2
28
42
10
1
46
1
1
1
5
1
6
2
6
10
3
3
2
2
9
1
8
3
1
5
1
12
36
9
1
3
3
10
4
9
15
7
1
15
7
13
3
2
8
6
20
1
1
10
17
12
1
3
1
5
6
14
7
11
26
5
4
2
9
11
37
50
1
2
1
9
6
3
5
10
25
4
5
3
9
4
1
10
4
8
4
1
6
8
16
3
1
3
3
5
43
3
1
3
2
15
5
4
2
4
5
3
1
3
34
1
31
4
1
5
2
1
11
8
2
13
3
13
10
8
2
12
4
11
38
11
7
2
12
7
4
1
13
50
15
8
3
14
9
8
1
3
18
8
4
1
11
5
7
1
17
6
1
9
3
6
1
3
15
20
10
3
10
6
5
1
4
1
16
52
14
5
2
1
2
12
7
6
4
4
3
20
20
9
4
14
8
5
5
2
23
15
5
2
12
8
7
6
5
16
12
6
2
13
9
10
5
5
12
47
13
8
3
15
10
13
8
5
18
10
2
2
8
4
11
6
14
7
5
6
8
9
9
3
5
3
12
66
8
3
8
4
6
5
14
14
8
1
6
1
1
1
10
8
4
4
9
10
3
1
12
62
2
2
4
7
36
2
2
4
6
3
4
45
6
1
7
41
4
1
5
2
9
20
1
5
10
1
7
1
3
8
58
14
3
1
1
2
11
104
21
14
1
1
6
1
6
3
1
8
15
182
31
12
1
4
1
2
7
4
7
8
233
3
3
3
3
6
6
241
2
6
3
4
4
4
1
4
179
7
1
5
1
3
1
4
5
106
41
7
2
2
5
3
5
8
3
7
7
44
7
18
2
2
3
2
11
3
8
13
3
8
3
17
10
16
3
1
6
4
8
2
9
14
1
12
1
17
7
10
1
3
8
8
8
4
12
1
16
4
12
1
15
14
34
11
4
2
10
12
11
4
12
4
19
7
15
2
19
15
7
2
1
4
7
8
4
7
2
13
5
9
1
14
6
5
7
4
8
3
12
9
2
9
2
5
13
56
11
1
4
2
7
1
6
1
1
13
12
10
4
3
7
1
8
1
15
4
5
2
9
1
3
5
5
4
7
2
1
61
4
6
6
2
9
20
2
7
1
2
4
1
3
7
8
4
5
4
1
3
3
5
16
5
3
1
3
1
3
21
51
7
1
6
2
3
14
42
6
2
2
12
4
6
12
6
8
2
12
4
5
23
11
3
9
2
7
41
49
1
6
8
33
7
57
3
1
7
9
23
14
12
5
5
3
6
12
27
9
15
4
2
1
10
9
10
17
28
5
20
15
2
7
1
1
1
15
34
4
48
14
1
1
6
3
2
10
36
9
9
1
3
1
7
4
1
2
1
8
42
7
19
3
4
10
2
5
12
44
14
13
3
6
3
8
5
1
4
5
14
45
53
10
5
1
7
8
6
9
2
1
3
4
1
2
10
42
8
15
3
7
3
7
4
3
9
37
5
10
5
1
1
1
8
4
6
52
1
11
7
3
6
4
13
6
7
48
59
8
9
7
9
6
3
2
15
8
10
39
11
28
7
9
12
10
14
5
5
24
5
10
8
53
15
6
5
10
4
12
4
4
22
7
9
9
54
7
12
4
9
4
12
6
5
21
2
7
11
60
55
6
20
9
4
3
4
11
2
11
14
1
11
23
7
5
6
19
60
22
7
24
12
6
5
2
10
8
16
5
12
23
7
9
7
5
23
62
2
9
22
7
5
3
7
2
13
3
12
17
6
11
6
3
22
69
9
25
7
10
4
3
4
18
4
10
10
5
8
9
1
18
79
39
2
22
11
9
4
3
1
15
3
7
6
2
4
9
14
90
32
1
15
4
7
1
9
8
6
1
1
5
3
6
1
16
72
4
6
19
10
4
7
2
12
8
4
4
4
7
1
19
71
6
21
12
4
7
3
10
8
1
3
5
8
1
16
1
92
22
11
19
8
5
6
8
5
10
8
5
9
11
1
8
2
19
100
36
11
14
3
5
10
11
12
7
6
13
11
4
4
4
20
108
4
17
3
4
5
3
13
3
4
7
1
3
3
15
99
20
1
1
2
12
5
5
5
4
3
1
19
114
5
18
2
4
2
2
1
12
6
12
2
3
2
1
16
128
46
15
5
2
4
3
1
2
13
1
9
14
4
4
3
1
11
120
10
20
6
4
3
1
1
14
2
9
14
6
7
6
16
133
16
23
9
3
3
17
8
13
4
11
20
145
9
6
21
12
12
6
4
17
3
10
13
3
7
14
2
21
147
55
10
28
12
15
8
7
1
20
8
12
16
9
10
16
3
22
169
6
29
6
14
6
5
21
5
15
11
6
19
16
2
25
190
5
25
10
6
1
13
7
7
4
7
4
13
1
23
178
10
22
3
5
6
5
9
12
12
16
196
33
13
18
6
5
9
7
8
5
7
11
10
11
17
220
20
19
2
2
5
3
5
12
5
5
5
6
7
8
13
213
9
20
1
3
3
4
7
12
5
6
6
5
13
5
10
17
231
6
23
2
3
3
6
11
11
9
6
6
4
13
4
11
1
21
254
32
7
21
4
2
7
2
7
4
12
4
8
3
13
8
7
5
3
18
252
4
17
2
4
2
1
3
9
4
4
10
9
4
2
2
12
258
21
1
2
1
6
6
4
2
1
12
263
9
1
2
7
12
258
34
3
2
4
5
3
243
32
12
10
2
1
2
3
4
3
1
2
244
4
13
7
1
9
243
15
4
2
8
222
28
1
12
1
3
3
201
34
9
2
2
1
2
9
170
5
8
3
3
1
9
156
6
7
9
3
2
3
1
3
2
128
8
7
5
4
6
5
1
3
7
7
104
44
10
4
6
5
4
9
4
6
4
13
10
11
1
16
104
8
2
19
2
6
10
7
11
6
6
5
14
8
10
2
18
86
17
1
19
7
1
3
6
14
5
15
7
6
9
9
15
6
3
2
23
68
1
9
19
3
4
7
18
11
13
9
10
15
16
18
13
7
2
22
62
57
4
18
5
2
8
2
19
14
15
10
9
14
17
8
10
4
4
17
38
1
20
4
1
14
10
12
7
7
11
15
12
9
1
3
20
21
18
9
6
5
2
3
6
12
9
5
14
26
12
5
2
3
4
2
12
3
6
11
14
49
14
3
5
1
5
2
13
3
3
16
4
10
9
3
1
2
1
8
2
7
9
8
6
7
1
5
10
6
14
3
11
4
6
4
2
15
69
5
3
7
8
40
3
1
3
9
12
12
1
4
3
14
4
1
4
38
12
5
4
11
15
2
5
2
7
1
3
2
8
1
10
10
4
12
25
1
11
3
8
5
13
38
10
2
3
2
7
1
8
5
13
11
6
3
6
1
10
16
2
4
9
13
18
6
24
4
1
12
4
3
3
10
8
2
7
21
51
10
27
8
6
2
2
20
5
6
3
12
7
4
13
23
6
2
20
8
3
1
20
7
7
3
9
11
7
9
23
1
6
20
1
7
1
17
4
5
3
9
7
4
9
22
13
9
22
10
1
5
16
4
5
6
11
4
6
13
21
62
10
19
10
4
17
8
8
1
8
12
9
13
2
23
8
7
9
20
2
5
4
11
7
4
9
7
7
10
1
21
7
23
2
3
2
11
3
6
12
9
23
15
7
20
1
11
1
8
10
6
18
77
3
11
3
5
5
5
3
1
11
8
22
11
2
12
10
9
7
3
6
3
1
7
49
13
1
4
4
3
8
14
13
1
2
1
3
11
3
13
2
5
7
5
15
2
5
9
5
26
8
3
6
7
17
14
1
3
3
3
1
6
10
12
21
4
3
3
7
2
8
15
8
16
2
6
9
5
3
1
7
13
12
10
21
2
3
4
9
1
13
3
1
7
4
4
9
18
11
21
16
24
3
4
1
2
2
13
1
6
10
5
9
9
22
24
10
24
2
3
1
2
13
2
9
1
5
9
21
16
5
25
13
2
1
11
5
2
9
18
6
6
16
1
5
1
6
3
1
8
1
13
22
2
11
3
5
1
4
12
6
1
14
6
7
1
4
12
7
10
19
2
1
12
4
1
2
3
7
17
10
19
5
1
1
3
13
5
7
11
10
7
4
22
3
46
11
18
3
8
3
1
5
8
10
14
10
6
6
17
7
6
8
21
5
15
25
9
1
5
8
8
14
7
3
4
13
6
1
10
25
6
16
5
2
2
4
7
6
7
6
19
10
5
2
3
3
2
3
1
5
5
61
11
4
5
1
3
2
7
2
20
1
11
3
4
3
3
1
9
3
5
14
5
2
1
5
6
10
1
4
5
72
9
15
1
2
3
1
7
9
34
10
17
1
6
1
5
12
12
5
2
2
9
19
8
12
6
8
5
9
14
72
20
9
2
15
12
16
9
8
18
78
8
24
8
4
3
19
13
21
12
7
23
8
6
7
26
5
2
2
1
14
12
19
13
8
21
1
3
4
22
2
3
8
5
18
3
5
12
64
8
20
3
6
1
10
9
15
9
5
19
2
10
6
20
73
2
16
3
8
1
12
11
11
7
3
18
3
4
3
1
16
12
19
8
12
9
10
3
12
2
2
12
13
14
7
13
8
11
3
2
9
2
2
16
3
65
6
1
7
12
6
1
5
7
2
7
85
3
13
3
5
8
1
9
3
3
4
3
5
3
1
13
3
3
7
17
1
3
2
1
11
3
2
2
1
4
3
18
3
8
18
1
3
2
1
5
10
2
33
14
27
5
3
13
8
1
4
5
9
17
11
87
18
29
10
5
4
2
12
10
4
6
10
9
3
5
16
29
25
13
22
4
1
2
3
2
8
8
2
8
10
9
1
1
1
9
27
10
24
1
2
1
9
5
7
9
3
1
10
16
24
22
28
6
3
3
6
7
4
8
5
12
4
14
91
36
31
9
7
7
10
3
2
4
7
10
10
10
7
1
11
14
12
42
33
32
10
5
6
10
7
7
5
10
13
10
6
1
8
17
19
26
28
8
2
3
8
8
8
5
3
14
7
5
1
13
17
12
3
28
30
3
12
10
4
1
15
3
4
1
13
12
9
77
32
34
4
6
1
3
4
4
12
2
