4736
727
2514
2505
588
4736
1425
2916
4712
2329
719
1362
3046
1799
3059
4999
4771
2837
4716
4923
4919
4715
4732
701
2414
2423
570
4732
1374
2826
4707
2246
693
1309
2945
1732
2963
4999
4766
2741
4711
4917
4913
4709
4725
677
2355
2352
554
4725
1331
2741
4701
2178
671
1268
2855
1684
2872
4999
4759
2663
4705
4910
4906
4702
4718
654
2284
2278
537
4718
1284
2657
4694
2104
645
1226
2760
1629
2781
4999
4753
2575
4698
4904
4899
4697
4713
638
2195
2203
521
4713
1244
2573
4689
2036
623
1186
2670
1573
2694
4999
4747
2491
4693
4897
4893
4689
4706
625
2121
2142
505
4706
1201
2486
4682
1968
596
1144
2590
1526
2608
4999
4740
2411
4685
4890
4886
4684
4700
584
2069
2074
488
4700
1162
2416
4676
1906
581
1111
2514
1478
2527
4999
4734
2342
4680
4884
4880
4677
4693
566
2009
2009
475
4694
1127
2352
4669
1849
564
1077
2442
1434
2449
4999
4728
2275
4673
4877
4873
4671
4687
559
1923
1947
458
4687
1088
2269
4663
1785
545
1038
2367
1385
2372
4999
4721
2189
4667
4871
4867
4664
4681
530
1863
1886
444
4681
1055
2188
4657
1730
530
1008
2285
1338
2295
4999
4715
2121
4661
4865
4860
451
1598
1606
379
891
1857
1463
437
847
1877
1133
1873
4856
2656
1802
4858
4854
3439
3357
3414
375
497
3365
96
4676
3601
3429
4852
4847
4973
4848
4855
769
1051
4754
214
3515
4271
4874
4769
4764
2683
2794
2823
525
720
2961
146
2330
2728
2904
3021
3024
28
85
81
19
47
88
68
23
39
79
49
79
68
252
23
57
184
182
45
14
111
216
181
61
109
228
141
237
220
386
113
117
4
9
142
30
164
130
140
141
288
79
253
246
61
148
287
238
78
142
297
185
307
283
568
93
39
132
125
30
94
76
149
346
124
36
73
154
97
160
95
147
138
96
96
477
81
266
256
64
155
299
297
248
79
147
309
192
319
293
93
712
60
77
257
247
61
59
150
292
565
243
76
144
303
189
314
43
289
383
56
56
697
89
295
283
70
171
332
609
276
86
163
343
214
354
326
419
824
8
106
351
338
84
7
204
397
761
330
104
196
412
257
426
393
589
3
3
898
8
106
351
336
84
13
204
396
889
329
103
195
411
256
424
15
391
717
10
11
954
126
414
398
100
58
241
467
975
389
122
230
485
302
500
462
813
1059
16
127
421
404
101
243
244
475
1122
394
124
233
494
307
509
16
470
966
16
16
1101
141
464
446
112
347
270
525
1201
435
137
258
545
339
561
518
1050
1193
8
148
488
469
117
496
284
551
1327
458
144
271
573
356
590
5
545
1184
7
7
1247
156
515
494
123
615
299
581
1419
482
152
286
604
375
623
574
1279
1318
165
546
525
131
738
317
617
1521
512
161
304
642
398
661
610
1388
1382
1
172
567
545
136
863
329
641
1620
531
167
314
666
413
686
2
634
1492
2
2
1439
181
598
575
144
973
347
675
1708
560
177
331
702
435
723
667
1585
1504
18
187
619
595
149
1092
359
699
1805
579
182
343
727
451
749
2
691
1687
2
2
1557
115
195
644
620
155
1197
374
728
1888
603
191
357
758
469
780
720
1775
1617
274
202
667
642
160
1306
387
754
1976
624
197
370
784
485
807
745
1869
1
1
1669
396
208
689
663
166
1408
400
779
2058
645
203
382
810
502
834
770
1954
1722
529
215
711
685
171
1508
412
805
2139
666
210
394
837
518
861
795
2039
1774
655
221
731
705
176
1606
424
827
2217
685
216
405
861
532
885
818
2122
1823
775
228
753
725
182
1699
437
851
2292
704
222
417
886
547
911
841
2201
1871
897
234
771
744
186
1791
447
873
2367
722
228
428
909
562
935
863
2279
1917
1008
239
791
763
191
1879
459
895
2437
741
234
439
932
576
957
885
2353
1963
1122
245
809
781
195
1966
469
916
2506
758
239
448
953
589
980
905
2426
2007
1229
251
827
798
200
2049
480
937
2573
774
245
458
975
603
1002
926
2496
2048
1335
256
845
815
205
2130
490
957
2638
791
250
468
996
615
1023
946
2565
2089
1437
261
861
831
208
2208
500
976
2701
806
254
477
1015
627
1043
964
2630
2129
1536
266
878
847
212
2284
509
995
2761
821
259
486
1035
639
1063
982
2694
2168
1632
270
894
862
216
2358
518
1013
2821
836
264
495
1054
651
1083
1001
2756
2205
1725
275
909
878
220
2430
527
1030
2878
850
269
503
1072
661
1101
1017
2816
2241
1817
280
924
893
224
2500
536
1047
2934
864
273
511
1090
672
1119
1034
2875
2277
1904
285
939
907
228
2567
545
1064
2988
878
278
520
1108
683
1137
1051
2932
2311
1990
290
954
921
232
2633
553
1081
3041
892
283
529
1125
694
1155
1067
2987
2345
2074
295
968
936
237
2698
562
1098
3092
905
288
537
1142
705
1172
1083
3041
2378
2155
300
982
950
241
2760
570
1114
3142
918
292
545
1158
715
1189
1099
3093
2410
2234
305
996
963
245
2820
578
1129
3190
931
297
553
1174
725
1205
1114
3144
2441
2310
310
1009
976
249
2879
587
1144
3237
943
302
560
1190
735
1221
1129
3193
2470
2385
314
1022
989
253
2936
594
1158
3282
955
306
568
1205
744
1236
1142
3240
2498
2456
318
1034
1001
256
2990
602
1172
3326
966
310
575
1219
753
1250
1156
3286
2526
2525
323
1045
1012
260
3043
608
1185
3368
977
314
581
1233
762
1264
1169
3329
2553
2593
327
1057
1024
263
3095
615
1198
3410
987
318
588
1246
770
1278
1181
3372
2579
2658
331
1068
1035
267
3145
623
1212
3450
998
322
595
1260
779
1292
1194
3415
2604
2722
334
1078
1045
270
3193
629
1223
3488
1008
326
601
1272
787
1304
1206
3455
2627
2782
337
1088
1055
272
3239
635
1234
3524
1017
328
606
1284
793
1315
1216
3493
2650
2841
340
1097
1064
275
3284
640
1245
3560
1026
331
611
1295
799
1327
1227
3530
2673
2899
344
1107
1073
278
3328
646
1256
3595
1035
335
617
1307
807
1339
1238
3566
2695
2955
347
1117
1083
281
3371
652
1267
3628
1044
338
622
1318
814
1350
1248
3601
2715
3009
350
1125
1091
283
3411
657
1277
3660
1051
341
627
1328
820
1360
1258
3635
2735
3060
352
1133
1099
285
3450
661
1287
3692
1059
343
632
1338
827
1370
1268
3668
2755
3111
355
1141
1107
288
3488
665
1295
3722
1066
346
636
1347
832
1379
1276
3699
2773
3160
357
1149
1115
290
3525
671
1304
3751
1073
348
640
1356
837
1388
1285
3729
2791
3207
359
1156
1122
291
3561
675
1313
3778
1080
350
644
1365
843
1398
1293
3759
2808
3253
362
1163
1129
294
3595
679
1321
3805
1087
353
648
1373
848
1406
1301
3786
2825
3297
365
1170
1136
295
3628
683
1329
3832
1092
355
652
1382
852
1414
1309
3814
2840
3340
366
1176
1143
297
3660
686
1337
3857
1099
357
655
1390
857
1422
1316
3840
2855
3381
368
1183
1149
298
3691
690
1343
3881
1105
358
659
1397
862
1430
1323
3865
2871
3421
370
1189
1155
300
3721
693
1351
3904
1110
359
662
1404
866
1437
1329
3889
2885
3460
372
1194
1161
301
3750
697
1357
3927
1115
362
665
1411
870
1444
1336
3913
2898
3497
373
1200
1166
303
3778
700
1363
3948
1121
364
668
1418
875
1451
1343
3936
2911
3533
375
1206
1172
304
3805
702
1370
3970
1125
365
671
1424
878
1457
1349
3957
2925
3568
377
1210
1177
305
3831
706
1376
3990
1130
367
674
1431
882
1464
1354
3979
2936
3602
378
1215
1182
307
3856
708
1382
4009
1135
368
677
1437
886
1470
1360
3999
2948
3636
379
1220
1187
308
3881
711
1388
4028
1139
370
679
1442
889
1475
1365
4018
2959
3667
381
1225
1191
309
3904
714
1393
4046
1143
370
681
1448
892
1481
1370
4037
2970
3698
382
1229
1196
310
3927
716
1398
4063
1147
372
684
1454
895
1486
1376
4056
2981
3728
384
1233
1200
311
3948
719
1403
4080
1151
374
686
1459
899
1492
1381
4073
2991
3756
385
1237
1204
312
3969
721
1408
4097
1155
375
688
1463
901
1497
1385
4090
3000
3783
386
1241
1208
313
3990
723
1412
4112
1158
376
691
1468
904
1501
1390
4106
3009
3810
387
1245
1212
314
4009
725
1416
4127
1162
377
693
1473
907
1506
1394
4122
3018
3836
388
1249
1215
315
4028
727
1421
4141
1165
378
694
1477
909
1510
1398
4136
3027
3861
389
1252
1219
316
4046
729
1424
4154
1168
379
696
1481
911
1514
23
1401
4150
3035
3885
390
1255
1222
316
4063
731
1428
4168
1171
380
698
1486
914
1518
139
1405
4164
3042
3908
391
1258
1226
317
4080
733
1432
4181
1174
381
700
1489
916
1522
292
1409
4178
3050
3931
392
1261
1228
318
4096
734
1436
4193
1176
381
701
1492
918
1525
413
1412
4190
3056
3952
392
1264
1231
319
4112
736
1439
4205
1179
383
703
1497
920
1529
546
1415
4203
3063
3973
393
1266
1234
319
4127
738
1442
4216
1182
383
705
1500
922
1532
670
1419
4214
3070
3993
394
1269
1237
320
4141
739
1446
4226
1184
384
706
1503
924
1535
790
1421
4225
3076
4013
395
1271
1239
321
4155
740
1448
4236
1186
385
707
1506
926
1538
909
1424
4236
3081
4031
396
1273
1242
321
4168
741
1451
4246
1188
385
708
1509
927
1541
1021
1427
4246
3087
4049
396
1276
1244
322
4181
743
1454
4255
1190
386
709
1511
929
1544
1134
1429
4256
3093
4066
397
1278
1246
322
4193
744
1456
4264
1192
386
710
1514
930
1547
1240
1431
4264
3097
4083
397
1280
1248
323
4205
745
1459
4273
1194
387
711
1517
932
1549
1345
1434
4274
3102
4099
398
1282
1250
324
4215
746
1461
4281
1196
388
713
1519
933
1551
1447
1436
4282
3107
4114
399
1283
1252
324
4226
747
1463
4289
1197
388
713
1521
934
1553
1545
1438
4290
3111
4129
399
1285
1254
324
4237
748
1465
4296
1199
388
715
1523
935
1555
1641
1440
4298
3115
4143
400
1287
1256
325
4246
749
1468
4303
1201
389
715
1526
937
1558
1733
1442
4305
3119
4157
400
1288
1257
325
4255
749
1469
4309
1201
389
716
1527
937
1559
1823
1443
4311
3122
4170
400
1290
1259
325
4264
751
1470
4315
1203
389
717
1529
939
1561
1910
1445
4318
3125
4182
401
1291
1260
326
4273
751
1472
4321
1204
390
717
1531
940
1563
1995
1447
4325
3129
4194
401
1292
1262
326
4281
752
1473
4327
1205
391
718
1532
941
1564
2077
1448
4330
3132
4206
401
1293
1263
326
4289
753
1475
4332
1206
391
718
1533
941
1566
2157
1449
4336
3134
4217
402
1294
1264
326
4296
753
1477
4337
1207
391
719
1535
942
1567
2234
1451
4341
3136
4228
402
1296
1265
327
4303
754
1478
4342
1208
391
719
1536
943
1568
2309
1452
4346
3139
4238
402
1297
1266
327
4309
754
1478
4346
1208
391
720
1537
943
1568
2381
1452
4350
3141
4247
402
1297
1267
327
4315
754
1480
4350
1210
392
721
1538
944
1570
2452
1454
4354
3143
4256
403
1298
1268
327
4322
754
1481
4354
1210
392
721
1539
944
1571
2520
1454
4358
3145
4265
403
1298
1269
328
4327
755
1481
4357
1210
392
721
1540
944
1571
2586
1455
4361
3146
4273
403
1299
1269
328
4332
755
1482
4360
1211
392
721
1541
945
1572
2651
1455
4365
3147
4281
403
1299
1270
328
4337
755
1483
4364
1212
393
722
1542
946
1573
2713
1456
4369
3149
4289
403
1300
1270
329
4342
756
1484
4366
1212
393
722
1542
946
1574
2773
1457
4371
3150
4296
403
1301
1271
328
4346
756
1484
4369
1212
392
722
1542
946
1574
2832
1457
4374
3150
4303
404
1301
1271
328
4350
756
1484
4371
1212
393
722
1543
946
1575
2888
1458
4376
3151
4310
404
1301
1272
328
4354
756
1485
4373
1213
393
722
1544
946
1575
2944
1458
4378
3153
4316
404
1301
1272
328
4357
756
1485
4375
1213
393
722
1544
946
1575
2997
1459
4380
3153
4322
404
1301
1272
328
4360
756
1486
4376
1213
393
723
1544
947
1576
3049
1459
4382
3153
4327
403
1301
1273
328
4363
756
1486
4378
1213
393
723
1544
947
1576
3099
1459
4384
3153
4332
404
1302
1273
329
4366
756
1486
4379
1213
393
722
1544
947
1576
3147
1459
4385
3154
4337
404
1302
1273
329
4369
756
1486
4380
1213
393
722
1545
947
1576
3195
1459
4386
3154
4341
404
1301
1273
328
4371
757
1486
4381
1213
393
723
1545
947
1576
3240
1459
4387
3153
4346
403
1302
1273
328
4373
756
1486
4381
1213
393
722
1545
946
1575
3283
1459
4387
3153
4349
404
1302
1273
329
4375
756
1486
4382
1213
393
722
1544
946
1575
3326
1459
4388
3153
4353
404
1301
1273
328
4376
756
1486
4382
1213
393
722
1545
947
1575
3368
1459
4389
3153
4356
404
1301
1273
329
4377
756
1486
4382
1212
393
722
1545
946
1575
3408
1458
4389
3152
4360
403
1301
1272
329
4379
756
1486
4382
1212
393
722
1544
946
1575
3446
1458
4388
3152
4363
403
1301
1272
328
4380
756
1485
4382
1212
393
722
1544
946
1574
3485
1457
4389
3150
4365
403
1300
1272
328
4380
756
1485
4382
1212
393
721
1544
946
1575
3520
1458
4388
3150
4368
403
1299
1272
328
4381
756
1485
4381
1211
392
721
1543
945
1574
3555
1457
4388
3149
4370
403
1299
1271
328
4382
755
1484
4380
1211
392
721
1543
945
1573
3589
1457
4387
3148
4372
403
1299
1271
328
4382
755
1484
4380
1211
392
721
1542
945
1573
3622
1456
4386
3146
4374
402
1298
1271
328
4382
754
1483
4378
1210
392
720
1542
944
1572
3654
1455
4385
3146
4375
402
1298
1270
328
4382
754
1483
4377
1209
392
720
1541
943
1571
3684
1455
4384
3144
4376
402
1297
1270
328
4382
754
1482
4376
1208
392
720
1541
943
1571
3714
1454
4384
3143
4378
402
1296
1269
328
4381
753
1482
4375
1208
391
719
1540
943
1570
3743
1454
4382
3142
4379
402
1296
1269
328
4381
753
1481
4373
1208
391
719
1539
942
1569
3771
1453
4380
3140
4379
402
1295
1268
327
4380
752
1480
4372
1207
391
719
1539
942
1569
3797
1452
4379
3139
4380
401
1295
1267
327
4379
752
1480
4371
1206
391
718
1538
941
1568
3823
1452
4377
3137
4381
401
1294
1267
327
4378
751
1479
4368
1205
390
718
1537
941
1567
3848
1451
4375
3135
4381
401
1293
1266
327
4377
751
1478
4367
1204
390
717
1536
940
1566
3872
1450
4373
3133
4381
400
1292
1266
327
4376
750
1477
4365
1204
390
717
1536
940
1565
3896
1449
4372
3131
4380
400
1291
1265
327
4374
750
1476
4363
1203
389
716
1535
939
1564
3918
1449
4369
3130
4380
400
1291
1264
326
4373
749
1475
4360
1202
389
716
1533
939
1563
3939
1447
4367
3128
4380
400
1289
1263
326
4371
749
1474
4358
1201
389
716
1533
938
1562
3960
1446
4365
3126
4379
399
1289
1262
326
4369
749
1473
4356
1201
389
715
1532
937
1561
3981
1445
4363
3123
4379
400
1288
1261
326
4368
748
1473
4353
1200
389
714
1530
936
1560
4000
1444
4359
3121
4378
399
1287
1260
325
4366
747
1471
4350
1199
388
714
1530
936
1559
4019
1443
4357
3119
4376
398
1286
1260
325
4364
747
1470
4348
1198
388
714
1529
935
1558
4037
1443
4355
3117
4376
399
1285
1260
325
4362
747
1470
4345
1197
388
713
1527
934
1556
4054
1441
4352
3115
4375
398
1284
1258
325
4360
746
1468
4342
1197
388
713
1527
934
1556
4071
1440
4349
3112
4373
397
1283
1257
324
4357
745
1468
4339
1195
387
712
1526
933
1555
4087
1439
4347
3110
4372
397
1282
1256
325
4355
745
1466
4337
1194
387
711
1524
932
1553
4102
1438
4343
3108
4370
397
1281
1256
324
4352
744
1465
4333
1194
386
711
1522
931
1552
4117
1437
4340
3105
4368
397
1280
1255
324
4349
743
1464
4330
1193
387
711
1522
931
1551
4132
1436
4337
3103
4366
397
1279
1254
323
4347
743
1463
4327
1192
386
710
1521
930
1550
4146
1435
4334
3100
4365
397
1278
1253
323
4344
742
1462
4324
1190
386
709
1519
929
1548
4159
1433
4331
3097
4362
395
1277
1251
323
4341
741
1460
4321
1190
385
708
1518
928
1547
4171
1432
4328
3095
4360
395
1276
1250
322
4338
741
1459
4317
1188
385
708
1517
927
1545
4183
1431
4324
3092
4358
395
1275
1250
323
4335
740
1458
4313
1187
385
707
1515
926
1544
4195
1430
4320
3089
4356
395
1274
1248
322
4332
739
1457
4310
1186
384
706
1514
926
1542
4206
1428
4317
3086
4353
394
1272
1247
322
4329
739
1456
4307
1185
384
706
1513
925
1541
4217
1427
4314
3084
4351
394
1271
1246
322
4326
738
1454
4303
1184
383
705
1511
924
1540
4227
1426
4310
3081
4348
394
1270
1245
321
4323
737
1453
4299
1183
383
704
1510
923
1538
4236
1424
4306
3078
4345
393
1268
1244
321
4319
736
1452
4296
1181
383
704
1509
922
1537
4246
1424
4302
3075
4342
393
1268
1243
320
4316
736
1450
4291
1181
383
703
1507
922
1535
4255
1422
4299
3072
4340
393
1267
1242
320
4313
735
1449
4288
1180
382
702
1505
920
1534
4263
1420
4295
3069
4337
392
1265
1240
320
4309
734
1448
4284
1179
382
702
1505
920
1532
4271
1419
4291
3066
4334
392
1264
1239
319
4305
734
1446
4280
1177
382
701
1503
919
1531
4279
1418
4287
3063
4331
392
1263
1238
320
4302
733
1445
4276
1175
381
700
1501
917
1530
4286
1416
4283
3060
4328
391
1262
1237
319
4298
732
1443
4272
1174
380
699
1500
917
1528
4293
1415
4279
3057
4325
390
1260
1235
319
4294
732
1442
4268
1174
380
699
1499
916
1527
4300
1414
4275
3054
4321
391
1259
1235
318
4291
731
1440
4264
1172
380
698
1497
915
1525
4306
1412
4271
3052
4318
390
1258
1233
318
4287
730
1439
4260
1171
379
697
1495
914
1523
4312
1410
4266
3048
4314
389
1256
1232
317
4283
729
1437
4255
1170
379
697
1494
913
1522
4318
1409
4263
3045
4311
389
1255
1231
317
4279
729
1436
4252
1169
379
696
1492
912
1520
4323
1407
4258
3042
4308
389
1254
1230
318
4275
728
1434
4248
1167
378
695
1491
912
1519
4328
1406
4254
3038
4304
388
1252
1228
316
4271
726
1433
4243
1166
378
694
1489
911
1517
4332
1405
4250
3035
4300
388
1251
1226
316
4267
726
1432
4239
1165
377
694
1488
910
1515
4337
1403
4245
3032
4297
388
1250
1226
317
4263
725
1430
4234
1163
377
692
1486
908
1513
4340
1401
4241
3029
4293
387
1248
1224
316
4259
725
1429
4230
1162
376
692
1484
907
1512
4344
1400
4237
3025
4289
386
1246
1223
315
4255
724
1427
4226
1161
376
692
1484
907
1511
4349
1399
4233
3022
4285
386
1245
1222
316
4251
723
1425
4222
1160
376
690
1482
906
1509
4351
1397
4228
3019
4281
386
1244
1220
315
4246
722
1424
4217
1158
375
690
1480
904
1507
4354
1395
4223
3015
4277
385
1243
1219
315
4242
721
1422
4213
1157
375
689
1479
904
1506
4357
1394
4219
3012
4273
385
1241
1217
314
4238
721
1421
4208
1156
374
688
1477
903
1504
4360
1392
4215
3009
4270
385
1240
1216
313
4234
719
1419
4203
1154
374
687
1475
901
1502
4362
1391
4210
3006
4266
384
1239
1215
313
4229
719
1417
4199
1153
373
686
1473
900
1500
4364
1389
4205
3002
4261
383
1237
1214
313
4225
718
1416
4195
1152
373
686
1472
899
1499
4366
1387
4201
2999
4257
384
1236
1212
312
4220
717
1415
4190
1150
372
685
1470
898
1497
4367
1386
4196
2996
4253
383
1235
1211
313
4216
717
1413
4185
1149
372
684
1468
896
1495
4368
1384
4191
2992
4249
382
1233
1210
312
4211
716
1412
4181
1148
372
684
1466
896
1494
4370
1383
4187
2989
4245
382
1232
1208
312
4207
715
1409
4176
1147
372
682
1465
895
1492
4371
1381
4182
2985
4241
381
1230
1207
311
4202
714
1408
4171
1145
371
682
1464
894
1490
4372
1380
4178
2982
4236
381
1228
1205
311
4198
713
1407
4167
1145
371
682
1462
893
1489
4373
1379
4173
2978
4232
380
1227
1204
310
4193
712
1405
4162
1143
371
680
1460
892
1487
4374
1377
4169
2975
4227
380
1226
1203
310
4189
711
1403
4157
1141
370
679
1458
891
1485
4373
1375
4164
2972
4223
379
1224
1202
310
4184
711
1401
4152
1140
370
679
1457
890
1483
4374
1373
4159
2968
4218
379
1223
1200
309
4179
710
1400
4148
1139
369
678
1455
889
1481
4374
1372
4154
3006
4266
384
1239
1215
313
4229
719
1417
4199
1153
373
686
1473
900
1500
4364
1389
4205
3002
4261
383
1237
1214
313
4225
718
1416
4195
1152
373
686
1472
899
1499
4366
1387
4201
2999
4257
384
1236
1212
312
4220
717
1415
4190
1150
372
685
1470
898
1497
4367
1386
4196
2996
4253
383
1235
1211
313
4216
717
1413
4185
1149
372
684
1468
896
1495
4368
1384
4191
2992
4249
382
1233
1210
312
4211
716
1412
4181
1148
372
684
1466
896
1494
4370
1383
4187
2989
4245
382
1232
1208
312
4207
715
1409
4176
1147
372
682
1465
895
1492
4371
1381
4182
2985
4241
381
1230
1207
311
4202
714
1408
4171
1145
371
682
1464
894
1490
4372
1380
4178
2982
4236
381
1228
1205
311
4198
713
1407
4167
1145
371
682
1462
893
1489
4373
1379
4173
2978
4232
380
1227
1204
310
4193
712
1405
4162
1143
371
680
1460
892
1487
4374
1377
4169
2975
4227
380
1226
1203
310
4189
711
1403
4157
1141
370
679
1458
891
1485
4373
1375
4164
2972
4223
379
1224
1202
310
4184
711
1401
4152
1140
370
679
1457
890
1483
4374
1373
4159
2968
4218
379
1223
1200
309
4179
710
1400
4148
1139
369
678
1455
889
1481
4374
1372
4154
2922
4159
373
1204
1181
304
4118
698
1378
4085
1121
363
668
1433
875
1459
4361
1351
4091
2919
4154
373
1202
1180
304
4113
698
1377
4080
1119
363
666
1431
874
1457
4359
1349
4086
2915
4149
372
1201
1179
304
4108
697
1375
4075
1119
362
666
1429
873
1455
4357
1347
4082
2911
4145
372
1199
1177
303
