53
14
21
3
2
1
1
19
23
20
4
9
18
2
31
35
73
5
50
43
12
5
3
6
1
1
16
11
18
9
19
21
16
32
92
7
39
51
10
5
4
9
8
14
18
22
12
37
21
23
10
27
14
1
1
34
102
4
5
44
64
31
26
1
15
7
15
18
28
20
43
16
24
23
24
28
39
21
9
7
76
35
110
58
51
14
18
5
15
3
18
11
16
14
28
13
21
8
20
4
49
19
8
6
39
35
83
53
43
15
15
6
12
1
17
3
4
18
29
12
26
8
18
9
5
25
37
65
50
43
15
22
2
19
3
17
7
8
6
34
5
13
14
11
14
23
11
8
25
33
92
12
47
46
5
30
2
15
1
14
4
11
5
25
5
8
16
6
2
21
9
5
43
20
109
6
10
45
48
8
27
2
7
7
6
11
32
3
5
20
9
3
46
28
69
12
38
40
2
15
2
2
1
3
7
9
28
5
6
44
16
9
3
18
62
12
30
34
7
10
2
1
7
19
13
6
1
12
10
3
5
77
20
35
36
9
10
20
14
10
2
7
8
78
23
39
42
9
18
10
7
6
30
7
1
17
9
25
87
14
39
44
11
3
3
3
2
3
3
10
14
2
15
59
27
52
48
10
4
16
7
16
42
21
73
33
52
36
5
7
1
5
8
10
20
10
13
23
108
30
34
24
14
3
13
1
7
8
8
7
3
16
19
114
31
27
30
6
12
3
4
9
2
15
8
8
6
27
10
27
6
17
26
23
84
33
41
43
28
14
5
4
11
4
16
14
5
2
27
14
31
5
10
12
31
93
31
58
52
20
9
4
5
6
16
13
20
7
11
12
20
17
33
2
29
12
3
4
45
109
41
51
46
21
7
5
8
12
14
23
24
6
30
21
30
8
40
11
1
2
25
44
121
39
51
48
16
14
7
8
10
20
16
24
13
21
19
19
35
7
31
12
5
6
43
39
126
29
52
48
13
11
7
4
14
20
19
29
26
21
45
20
40
16
27
13
5
8
54
41
131
29
56
44
21
7
13
5
18
18
21
24
23
20
19
18
26
29
25
29
11
2
7
18
48
150
32
62
50
21
11
15
15
21
22
22
26
34
25
28
26
33
18
54
14
2
9
49
43
139
38
55
42
24
8
16
11
20
14
19
22
32
22
23
28
22
21
28
12
1
6
33
50
142
41
45
35
18
8
16
4
18
10
16
16
28
17
9
16
26
18
27
15
10
2
5
48
147
33
43
43
14
11
12
15
7
12
12
33
22
5
36
22
12
20
15
12
3
3
28
138
36
48
40
16
5
10
14
3
10
10
31
8
39
19
20
3
15
9
12
1
1
18
34
137
43
16
42
37
14
7
9
12
9
10
12
22
21
26
4
18
19
7
26
12
2
4
38
30
130
39
8
37
31
15
7
7
8
4
5
25
7
12
6
1
8
2
5
7
33
124
36
40
31
13
5
3
10
1
11
12
1
6
3
8
35
144
37
36
29
7
3
2
12
6
37
6
4
9
18
139
37
29
24
5
3
5
10
5
8
7
8
19
122
43
28
14
4
1
16
3
3
11
12
47
6
16
13
10
9
12
18
17
114
37
25
4
9
1
3
16
5
6
1
8
49
3
20
28
5
7
14
25
123
34
22
21
12
4
7
16
1
3
16
4
4
2
3
13
6
6
6
15
27
146
45
10
30
8
1
4
7
19
1
5
4
16
18
8
8
15
13
18
135
56
7
18
22
6
2
4
5
18
3
3
10
2
13
7
6
13
20
118
49
34
21
4
1
6
15
1
6
7
12
30
3
16
5
5
11
19
134
45
1
31
21
3
5
1
2
9
15
7
10
9
13
4
6
16
2
29
5
5
11
18
150
46
7
27
18
2
5
2
10
14
5
7
9
8
39
12
15
9
3
3
8
14
158
46
25
22
5
9
8
7
9
13
8
10
10
3
2
5
22
9
162
41
28
29
1
7
1
7
7
13
5
7
2
8
8
6
8
32
16
136
36
33
28
5
9
3
10
11
15
7
4
5
25
12
9
10
1
30
145
33
31
19
9
8
8
7
16
24
7
2
3
32
136
30
28
18
4
2
4
7
1
6
2
4
7
4
1
11
107
34
15
8
1
3
8
19
3
3
1
5
5
1
124
37
15
5
1
1
57
10
21
4
4
4
144
34
1
16
16
1
3
4
23
8
134
31
16
15
15
10
7
10
3
4
3
11
122
19
4
19
15
4
1
1
3
7
15
10
8
2
5
9
105
11
17
10
5
2
2
2
10
10
10
7
3
10
90
13
19
15
9
3
6
2
8
3
9
1
10
6
4
19
88
10
7
19
18
5
1
8
10
6
3
3
14
2
7
6
7
22
91
6
16
6
4
3
10
11
9
5
10
7
17
1
4
7
9
15
93
4
16
13
2
1
3
1
14
14
11
6
12
7
7
12
7
9
10
11
22
87
10
15
6
1
5
6
3
16
12
10
4
5
21
5
9
12
14
10
84
6
15
20
2
4
12
15
18
11
5
19
1
12
8
11
16
16
92
17
26
3
3
8
13
16
10
4
3
21
8
3
2
16
15
14
45
1
94
3
19
10
1
9
7
18
16
18
10
9
1
19
58
37
17
8
13
13
15
11
7
103
8
26
27
10
12
5
9
17
21
23
19
8
14
18
9
28
24
9
8
11
13
16
10
25
104
21
21
3
9
3
13
12
23
21
20
24
7
6
26
24
34
11
13
14
16
22
110
23
22
7
7
1
12
6
24
16
21
1
15
8
10
16
31
40
9
12
13
20
18
80
9
28
30
12
1
1
7
1
20
12
18
1
6
10
9
25
27
9
8
9
27
82
9
30
29
8
3
17
11
16
5
7
29
9
20
4
12
8
9
26
95
12
30
24
6
11
4
15
5
12
6
12
9
3
18
3
18
10
8
6
3
31
77
9
24
23
4
10
4
11
6
12
12
1
4
9
8
5
15
52
7
24
28
2
5
4
12
9
10
27
18
10
10
8
27
6
81
27
23
6
6
3
1
10
6
5
3
16
21
14
11
10
8
22
17
83
16
16
3
1
2
19
4
14
7
5
2
19
12
59
19
23
3
2
10
5
9
5
15
14
72
20
28
5
4
1
1
13
4
1
6
55
24
28
7
2
9
1
11
57
30
21
10
3
6
29
44
2
23
19
3
1
1
9
10
10
5
19
42
4
31
20
6
10
1
22
12
5
1
23
42
2
28
26
7
5
10
2
19
41
18
22
1
1
5
1
14
7
4
3
4
11
68
25
12
3
3
8
1
6
3
7
3
3
18
56
34
31
6
2
6
13
5
2
1
10
12
14
1
1
12
2
5
1
14
63
36
42
9
9
5
3
14
9
8
2
5
21
10
6
13
3
8
34
19
77
37
33
5
4
4
9
13
13
6
2
8
9
4
4
18
12
3
8
17
58
4
36
24
1
2
4
10
14
4
26
5
14
10
4
6
12
56
3
34
24
1
7
2
3
37
3
9
1
7
1
13
17
79
4
36
31
15
5
4
8
3
11
8
16
7
29
23
81
10
24
22
12
4
1
12
5
8
18
84
14
18
18
6
1
12
2
6
6
2
1
5
19
56
18
26
24
7
8
1
5
2
8
5
6
8
7
3
4
27
21
51
9
30
24
8
3
9
3
8
1
6
15
17
7
1
6
4
24
53
8
33
32
3
5
6
11
19
7
11
7
1
15
3
21
9
2
11
1
19
61
5
15
31
34
7
10
3
18
21
18
21
19
7
2
10
8
28
7
11
12
4
14
26
87
5
15
29
25
8
8
14
19
14
19
18
30
11
24
44
6
1
13
5
24
78
4
33
30
4
2
9
15
5
8
4
4
37
7
12
8
7
1
11
18
23
65
2
23
30
6
3
7
7
2
2
11
12
8
12
25
13
3
9
1
22
81
12
28
25
7
5
1
7
7
1
1
18
12
6
5
13
5
9
18
78
3
34
21
7
6
3
7
5
6
11
6
4
5
11
5
9
18
59
35
21
11
7
7
10
7
9
1
7
15
27
49
33
30
14
8
11
12
19
5
10
33
31
48
21
22
26
8
9
17
3
2
7
4
9
14
1
11
3
4
13
10
74
26
25
22
1
8
20
13
8
2
5
4
5
17
8
7
4
7
18
15
23
66
15
23
26
7
2
9
16
8
5
13
11
4
5
4
13
24
28
42
3
20
32
31
11
8
8
12
4
1
12
12
8
2
7
25
49
5
18
37
41
12
14
7
3
17
10
7
21
14
27
14
15
7
11
33
70
14
31
41
11
10
6
2
14
11
4
9
6
24
10
10
15
9
11
34
21
60
30
36
6
9
3
4
8
11
9
2
8
6
13
9
9
29
24
35
27
32
5
10
3
8
7
4
7
46
8
12
9
10
18
21
51
2
8
27
29
4
5
1
2
7
7
5
7
10
8
8
24
6
60
14
31
30
3
7
1
4
12
12
7
10
8
5
25
25
51
29
32
11
4
9
18
5
15
37
11
5
14
12
8
8
14
18
56
21
24
12
3
14
1
24
9
17
8
26
24
9
8
10
14
95
25
25
10
8
3
7
1
19
6
1
11
20
19
2
7
5
7
16
26
74
6
30
37
8
16
4
15
5
25
2
12
5
22
38
3
29
14
11
8
12
23
25
63
31
45
6
23
3
22
11
30
13
22
8
32
9
35
10
38
39
14
10
19
20
23
93
39
48
12
18
6
12
14
24
13
18
16
23
18
60
16
38
3
41
15
7
19
1
38
66
14
39
39
16
8
6
2
13
15
11
14
22
13
17
32
11
31
3
27
13
3
14
7
32
88
4
36
38
16
6
4
12
7
11
11
16
23
17
21
13
18
3
21
13
2
10
45
30
86
46
43
9
15
4
3
17
8
14
13
17
29
13
19
20
9
26
15
5
13
65
41
67
48
43
13
6
7
16
2
15
10
27
10
16
18
19
7
27
12
3
9
43
44
73
43
37
13
8
9
16
14
5
18
3
15
16
23
20
7
22
9
2
7
38
40
77
48
33
12
13
20
14
6
26
18
5
12
22
14
8
14
10
2
7
16
43
82
47
37
6
9
15
17
12
8
30
30
52
17
17
3
20
11
2
4
19
36
78
38
41
24
16
5
4
11
3
10
6
3
26
13
18
23
10
41
14
3
3
30
77
31
38
9
14
2
3
5
4
13
21
21
9
4
3
3
12
28
22
70
32
38
16
14
3
3
6
4
19
14
26
3
12
1
5
14
3
36
28
98
37
37
14
7
3
5
2
16
6
6
7
9
6
15
14
6
33
71
34
39
11
10
1
10
18
10
13
12
5
41
21
27
38
39
16
16
6
3
6
2
23
10
5
2
15
9
6
35
32
64
40
36
13
9
3
6
9
12
6
12
14
6
4
44
32
74
5
39
36
16
16
4
5
1
9
13
14
3
28
15
6
3
17
28
62
39
35
13
19
5
9
3
14
14
14
12
1
5
35
14
8
8
30
59
37
37
12
19
4
19
3
21
15
22
1
10
23
15
9
11
14
27
66
39
33
15
7
5
12
4
21
15
26
19
8
9
22
14
8
12
4
28
90
36
36
11
12
5
7
6
16
19
11
12
20
10
8
13
13
9
13
49
31
77
40
41
12
17
4
5
6
17
1
22
15
6
36
7
3
15
10
15
32
42
48
39
30
12
8
4
3
10
11
15
40
5
12
14
6
11
30
32
50
41
34
11
16
3
1
2
6
12
22
8
4
14
2
7
32
30
64
3
49
50
16
21
1
7
1
4
12
23
18
4
7
16
1
3
12
48
89
15
41
50
16
22
1
6
16
15
6
21
16
40
35
62
20
31
27
16
9
6
20
17
24
25
4
21
14
16
15
52
28
35
18
19
4
9
6
25
8
21
44
11
11
6
12
7
6
30
64
40
33
34
14
7
10
6
1
3
28
17
40
14
5
7
8
5
24
32
65
28
31
37
14
10
10
1
7
5
1
16
25
21
14
10
3
8
10
1
26
29
75
3
35
36
14
18
5
5
7
7
12
24
2
18
1
2
24
15
1
13
31
52
30
34
14
19
4
2
7
5
17
27
10
15
4
25
15
33
27
64
1
33
34
16
16
4
9
7
23
31
28
22
9
7
12
26
33
74
10
42
43
10
22
7
3
15
13
19
25
21
41
28
12
13
13
5
1
13
49
69
20
41
47
13
32
8
13
21
5
18
2
35
21
17
33
5
12
25
16
9
8
34
39
63
18
31
43
25
8
16
21
10
18
5
3
24
13
30
8
6
12
17
9
10
41
8
63
28
32
42
5
16
10
5
20
9
10
15
20
14
37
20
3
14
9
12
35
23
58
32
22
26
13
15
7
3
14
7
1
10
18
1
9
11
10
7
10
19
21
48
9
20
27
11
8
5
12
13
8
19
5
4
3
8
13
10
11
31
11
60
28
39
9
15
5
7
7
11
10
13
12
13
9
12
16
21
62
27
34
3
16
4
12
5
13
6
13
15
22
4
10
9
11
14
14
59
2
1
24
32
4
18
7
9
6
13
9
24
3
10
9
11
14
18
23
51
18
27
7
11
8
6
5
11
10
35
20
4
7
10
15
19
37
20
23
3
8
7
8
4
14
5
26
42
1
11
8
11
17
44
9
42
26
31
4
14
2
3
11
16
21
10
10
15
17
14
72
4
20
37
17
8
14
14
20
2
10
11
14
11
4
63
13
17
35
17
8
9
1
12
7
4
9
12
13
12
30
5
45
16
18
28
9
2
1
10
9
10
10
7
23
9
42
15
17
22
6
5
4
2
9
7
2
34
11
49
7
16
28
2
8
6
10
15
1
8
9
5
6
11
45
21
29
5
4
2
17
18
5
10
2
7
23
8
3
21
19
64
27
25
11
4
6
1
2
23
10
16
7
12
6
15
23
5
1
16
30
82
27
28
12
8
23
1
13
3
6
6
20
25
62
30
31
12
4
9
6
3
3
28
1
12
7
21
4
32
29
73
30
26
9
25
11
9
12
9
5
23
19
3
18
6
31
27
9
3
25
28
56
7
38
34
3
10
12
5
21
12
13
11
14
22
9
20
25
11
10
4
12
9
7
23
27
38
5
33
31
9
16
10
6
24
17
18
14
24
10
29
25
27
19
15
14
10
9
10
34
23
79
25
27
19
8
7
21
17
16
9
18
22
39
50
26
5
3
17
15
9
9
39
19
72
25
37
4
8
3
24
17
16
11
7
31
24
30
11
16
20
14
9
11
39
27
63
4
24
36
1
12
11
9
26
21
18
11
12
11
26
30
9
20
13
9
15
34
23
70
4
41
47
18
12
7
28
18
21
16
19
21
20
37
27
9
10
2
16
8
16
45
36
75
7
37
36
18
19
11
26
12
19
14
18
30
16
41
27
19
13
26
16
7
15
49
31
77
12
33
28
9
10
14
25
11
16
11
21
14
16
24
23
14
16
1
11
7
16
31
18
64
7
36
44
10
17
11
6
24
14
18
15
19
25
12
18
18
23
7
35
15
9
20
34
33
74
45
45
16
19
7
5
21
15
20
19
21
24
16
8
17
25
8
40
17
8
20
40
39
85
51
44
14
10
6
15
9
14
14
31
8
15
3
10
17
13
20
15
4
12
21
41
84
51
46
15
12
2
1
6
9
6
10
22
13
9
11
16
3
13
17
4
10
34
40
82
42
41
8
14
5
10
1
8
9
19
12
2
13
18
6
9
28
27
82
37
38
9
11
1
7
3
5
11
9
18
18
6
6
22
27
83
39
34
14
2
2
4
12
5
5
12
2
3
9
32
70
37
37
13
7
5
5
18
8
3
12
1
2
16
30
60
41
35
11
15
5
2
5
3
16
19
11
4
7
16
2
40
22
60
35
30
13
15
5
18
15
12
22
5
18
11
43
20
66
25
35
9
13
2
3
9
16
2
10
1
32
10
78
21
29
2
5
4
1
5
9
3
18
6
57
4
25
29
5
9
7
5
3
4
15
13
12
1
8
8
12
8
3
27
19
55
8
37
41
9
9
4
6
8
8
5
2
17
14
15
9
16
14
17
8
7
36
28
69
19
35
41
11
7
4
3
10
8
5
1
12
2
21
8
9
14
19
13
4
6
37
32
71
24
41
44
12
14
5
6
17
10
7
4
9
16
18
48
16
19
13
15
5
9
37
29
71
16
44
38
9
6
9
1
23
11
11
4
16
25
18
31
20
14
10
7
12
3
10
22
28
60
7
36
36
7
8
10
2
27
11
16
5
13
17
19
20
22
9
12
6
12
4
13
27
22
61
13
29
29
4
9
28
11
17
6
3
17
9
25
10
5
7
10
3
13
25
10
70
28
22
24
10
2
34
20
19
9
10
11
3
23
9
9
8
19
14
12
72
41
24
28
1
8
12
12
39
29
23
13
18
13
3
21
25
14
11
11
12
26
27
17
62
30
32
33
8
11
12
3
38
22
23
12
12
9
19
10
20
11
16
11
8
23
49
23
63
32
42
42
3
18
8
3
38
22
24
15
25
14
3
25
20
10
18
10
23
50
26
79
46
41
38
6
11
6
1
30
15
19
17
5
17
3
24
25
21
26
15
9
18
10
25
74
42
36
44
8
10
5
2
24
12
13
14
8
11
3
30
13
14
15
13
9
15
18
18
53
29
36
45
7
14
3
3
20
14
10
7
4
25
4
20
7
7
7
16
10
16
37
19
50
23
36
37
14
10
4
7
15
9
5
5
11
17
9
3
14
13
6
12
40
21
68
37
44
43
14
10
6
5
12
3
6
6
19
16
7
1
19
14
3
7
41
17
86
45
44
38
9
6
9
1
23
11
11
4
16
25
18
31
20
14
10
7
12
3
10
22
28
60
7
36
36
7
8
10
2
27
11
16
5
13
17
19
20
22
9
12
6
12
4
13
27
22
61
13
29
29
4
9
28
11
17
6
3
17
9
25
10
5
7
10
3
13
25
10
70
28
22
24
10
2
34
20
19
9
10
11
3
23
9
9
8
19
14
12
72
41
24
28
1
8
12
12
39
29
23
13
18
13
3
21
25
14
11
11
12
26
27
17
62
30
32
33
8
11
12
3
38
22
23
12
12
9
19
10
20
11
16
11
8
23
49
23
63
32
42
42
3
18
8
3
38
22
24
15
25
14
3
25
20
10
18
10
23
50
26
79
46
41
38
6
11
6
1
30
15
19
17
5
17
3
24
25
21
26
15
9
18
10
25
74
42
36
44
8
10
5
2
24
12
13
