7
28
8
3
21
14
18
18
23
22
16
4
30
8
85
1
5
6
31
14
8
26
12
20
10
26
28
9
3
34
100
2
11
44
27
22
23
5
26
25
34
18
32
29
3
3
31
102
4
7
3
11
48
32
28
26
13
25
26
36
15
33
36
3
8
34
110
16
13
7
41
28
27
16
9
27
15
22
21
4
8
18
105
10
5
6
43
7
34
36
10
1
22
12
30
21
26
30
10
14
29
101
7
1
9
39
8
28
33
3
5
8
9
21
26
23
7
11
11
22
105
11
1
5
36
22
25
3
6
8
19
15
4
19
9
8
4
31
92
15
9
35
3
24
31
15
8
9
15
15
17
24
24
1
10
9
40
105
14
5
3
2
30
2
15
26
17
26
7
21
16
13
3
9
7
31
101
11
6
1
5
29
8
19
2
15
1
21
2
7
13
18
9
7
31
92
17
25
12
11
5
7
10
7
7
11
8
6
26
25
96
26
4
3
37
13
15
18
6
24
15
10
17
19
7
3
31
80
17
8
7
36
16
18
30
19
10
28
18
14
21
26
8
4
36
7
83
3
5
7
30
10
13
7
15
4
13
11
11
17
7
4
29
78
6
1
34
9
12
2
10
4
13
11
8
14
7
5
31
80
9
4
3
38
13
16
22
12
11
12
15
14
20
13
6
2
31
75
11
4
2
33
10
14
7
8
5
7
12
11
17
12
4
30
64
15
7
36
16
18
7
13
1
11
18
13
24
24
5
2
36
69
10
4
7
34
11
12
1
1
6
14
3
21
21
6
19
68
4
30
8
11
16
1
9
11
18
23
7
23
62
23
35
1
13
16
12
6
2
10
13
18
23
27
13
8
32
68
1
1
9
27
4
5
2
7
7
9
9
4
19
49
5
5
29
5
5
21
1
7
9
3
6
3
21
44
11
34
6
6
6
6
30
1
3
8
17
10
5
16
47
9
1
27
1
4
7
33
8
1
29
1
5
6
29
6
10
34
3
7
8
4
10
1
4
26
3
30
1
1
23
3
1
32
1
5
6
4
27
26
1
2
9
21
25
2
3
8
9
21
27
1
8
5
19
1
25
3
6
2
34
11
1
11
3
6
6
16
27
1
1
39
19
7
20
10
20
11
9
11
7
9
15
35
7
45
25
14
9
9
16
24
15
16
17
4
8
20
37
2
9
52
4
32
23
12
20
8
27
31
18
22
20
5
14
26
48
8
7
45
26
16
3
9
25
11
14
3
7
10
9
40
1
1
35
17
10
10
15
6
5
3
6
5
3
35
38
18
12
6
15
11
7
10
5
2
6
47
1
2
42
22
16
5
4
20
22
15
6
7
3
12
48
1
34
14
9
2
14
8
3
9
33
3
7
31
10
5
12
7
3
1
26
1
9
32
7
6
15
10
1
8
1
7
38
5
9
35
8
11
7
9
7
6
11
4
11
11
23
49
1
3
41
17
22
17
16
19
3
21
20
24
23
5
4
31
7
51
7
7
5
39
14
21
16
8
12
16
17
18
16
28
8
6
30
58
2
3
38
10
17
2
15
9
17
12
10
11
19
7
6
27
50
14
36
9
14
3
11
9
9
8
13
10
6
20
48
6
3
30
5
9
3
15
11
5
11
8
5
8
1
27
48
11
2
22
10
17
13
6
7
7
33
41
13
22
7
27
29
12
24
9
4
18
7
22
6
17
4
4
22
7
7
6
21
6
17
3
25
5
29
2
10
27
1
7
1
20
20
24
7
4
24
5
19
3
8
9
36
8
20
1
5
1
20
16
34
14
23
8
15
24
4
9
9
11
44
29
1
21
38
6
27
36
15
10
11
7
24
32
18
24
3
10
6
22
56
12
5
2
25
13
22
12
9
11
3
8
27
33
3
13
31
18
28
7
10
7
7
12
17
10
10
6
2
24
4
50
11
9
8
31
15
25
6
2
9
8
10
9
5
1
43
17
4
1
24
7
18
7
2
10
4
5
10
39
19
10
1
25
7
18
2
7
2
9
7
1
6
1
14
47
15
28
4
16
20
12
21
3
9
6
5
1
26
13
51
21
29
10
4
14
6
1
4
6
2
16
44
17
28
8
5
6
5
3
5
34
14
1
28
6
3
3
3
11
32
17
5
14
27
3
1
8
19
12
3
28
3
1
1
2
1
8
16
7
27
13
7
4
19
1
5
31
1
4
3
2
5
5
3
17
5
7
38
5
10
4
5
3
8
2
6
9
9
26
9
4
34
8
2
1
11
11
13
35
7
5
7
3
2
30
8
5
5
4
2
25
4
22
4
15
3
11
4
13
9
11
3
5
8
2
21
1
15
1
29
3
1
12
17
3
4
36
8
4
6
7
7
5
6
9
5
13
22
6
2
35
7
4
6
2
2
8
4
13
30
3
3
41
12
9
8
18
10
15
8
3
5
12
4
10
20
32
26
7
17
36
3
1
15
5
1
3
7
6
7
18
20
5
2
28
5
4
22
3
30
10
5
2
3
3
10
6
24
20
24
21
1
2
22
20
18
21
1
6
7
24
1
8
1
6
1
29
3
4
1
11
20
4
18
18
7
1
29
6
10
4
2
2
6
2
4
6
14
2
2
4
23
2
9
6
2
1
9
3
22
4
1
1
6
11
1
21
5
10
19
13
5
9
5
6
4
2
9
2
16
4
2
5
6
7
11
28
14
8
18
5
3
9
6
10
5
1
23
11
5
2
3
26
8
2
1
7
26
7
2
1
1
3
25
2
1
30
3
1
6
14
26
6
22
28
5
2
6
14
33
13
9
11
4
2
1
7
5
4
33
15
16
1
2
3
2
4
2
12
36
8
21
25
3
6
12
6
10
3
1
3
11
37
10
25
32
2
3
7
9
20
5
7
6
14
5
17
4
41
8
24
33
8
7
9
12
10
26
9
12
5
14
5
24
1
38
16
22
6
9
8
10
5
10
4
9
5
10
11
1
13
2
33
9
14
6
1
10
5
3
6
7
6
30
3
9
4
6
17
9
9
1
2
4
8
12
32
4
9
14
7
10
15
3
9
7
12
6
6
17
1
18
33
2
3
9
9
9
3
10
3
19
7
12
2
2
6
18
1
30
1
4
22
4
32
5
5
5
14
12
23
3
8
25
11
3
5
1
12
7
7
24
10
7
1
1
5
32
3
2
1
10
11
10
2
4
7
6
6
8
19
1
7
25
3
4
3
3
5
22
4
3
3
1
1
25
7
9
5
2
7
2
26
6
11
4
1
2
7
13
33
5
12
10
2
8
1
9
7
1
13
14
10
26
2
13
6
11
1
1
6
5
13
1
29
4
1
4
5
2
34
2
14
6
9
28
4
1
1
28
8
5
24
2
2
12
1
27
1
5
36
4
5
14
14
7
7
5
19
4
2
9
22
11
4
35
2
7
13
21
2
7
6
17
3
1
7
3
5
7
4
35
13
13
11
15
7
17
12
14
5
5
1
7
14
18
4
37
14
13
28
11
16
18
16
3
8
8
3
18
14
21
4
11
35
12
11
11
7
4
11
4
4
6
4
1
8
6
41
24
24
11
9
13
13
21
13
12
19
4
7
7
22
4
44
4
31
32
19
1
18
25
18
13
13
7
12
9
2
12
7
41
2
24
27
3
2
15
14
2
4
8
5
1
6
42
22
27
3
13
14
12
1
2
5
4
12
8
5
2
39
6
24
29
5
2
5
14
17
7
5
3
6
1
7
9
36
11
29
37
9
5
20
10
19
29
17
17
5
9
13
25
7
1
2
33
3
22
30
9
5
6
13
15
28
11
20
2
9
12
16
5
8
32
15
20
16
1
5
15
10
16
12
9
14
20
7
26
7
13
6
12
18
4
12
6
11
14
21
2
2
27
8
15
23
11
5
14
9
17
11
16
5
14
39
21
1
20
11
9
10
6
1
3
13
16
19
4
16
2
7
17
7
7
7
12
13
10
7
3
13
10
6
4
14
3
9
13
19
13
16
7
7
4
4
15
1
8
1
3
20
8
23
10
12
1
6
22
4
9
11
6
1
20
3
3
5
20
2
3
1
9
5
10
6
23
1
3
6
5
1
6
2
5
25
4
9
7
4
1
5
4
29
3
3
15
6
9
6
4
20
11
9
15
3
23
7
11
9
4
4
1
31
1
9
3
1
7
3
10
10
3
29
2
4
3
4
4
7
1
4
25
1
12
7
10
3
4
5
6
25
9
1
1
8
14
31
4
10
15
16
5
25
5
16
6
10
9
9
16
13
22
6
1
27
6
5
14
9
5
1
1
5
6
1
10
34
7
13
8
20
6
16
7
16
5
7
3
24
8
8
13
4
32
8
16
19
29
7
27
8
18
11
23
4
4
29
19
30
5
10
12
11
3
8
3
28
7
17
24
23
14
24
6
19
13
24
3
2
30
33
31
4
3
16
3
6
27
3
11
24
4
12
22
3
9
11
18
19
16
32
2
5
4
23
3
17
15
9
4
2
7
20
15
19
3
1
19
10
18
2
12
3
2
8
3
7
27
11
1
16
2
14
14
3
1
10
10
39
2
4
1
5
19
15
15
4
9
2
7
3
1
20
61
7
4
1
19
16
22
8
26
9
13
10
22
72
9
1
9
1
12
18
5
10
6
8
9
12
10
58
19
2
15
12
8
51
3
17
4
15
9
9
7
30
45
2
14
21
5
4
39
19
3
26
4
21
13
9
7
6
3
18
5
23
3
6
2
3
1
7
22
6
3
21
5
6
14
4
1
2
3
22
14
13
4
18
2
22
3
3
4
3
9
9
11
8
14
11
15
7
12
9
4
22
1
2
9
13
9
5
8
9
21
10
16
21
2
13
24
4
6
4
3
4
6
25
18
4
3
19
23
9
18
27
18
8
27
23
4
9
6
9
7
5
26
8
3
14
1
8
16
10
11
12
16
10
8
7
2
10
2
9
18
5
15
3
3
3
7
1
5
14
9
12
9
19
27
2
11
14
6
8
6
10
3
5
14
6
33
23
2
13
2
21
4
3
1
6
1
5
10
1
8
18
1
9
1
9
16
14
2
5
4
12
8
1
5
7
5
5
23
4
3
20
15
20
8
8
6
1
3
17
9
1
6
9
18
4
23
12
12
7
5
1
29
1
7
21
5
6
14
4
1
2
3
22
14
13
4
18
2
22
3
3
4
3
9
9
11
8
14
11
15
7
12
9
4
22
1
2
9
13
9
5
8
9
21
10
16
21
2
13
24
4
6
4
3
4
6
25
18
4
3
19
23
9
18
27
18
8
27
23
4
9
6
9
7
5
26
8
3
14
1
8
16
10
11
12
16
10
8
7
2
10
2
9
18
5
15
3
3
3
7
1
5
14
9
12
9
19
27
2
11
14
6
8
6
10
3
5
14
6
33
23
2
13
2
21
4
3
1
6
1
5
10
1
8
18
1
9
1
9
16
14
2
5
4
12
8
1
5
7
5
5
23
4
3
20
15
20
8
8
6
1
3
17
9
1
6
9
18
4
23
12
12
7
5
1
29
1
7
29
15
9
3
7
12
4
24
19
12
19
15
4
8
5
2
14
34
28
5
23
31
36
14
11
16
14
7
24
18
15
22
13
11
11
9
8
12
39
31
10
19
24
3
14
5
36
32
13
20
12
10
8
3
8
2
13
33
26
10
10
5
10
16
6
7
6
16
15
6
5
6
19
6
3
3
7
1
9
17
4
27
15
2
7
1
12
16
24
2
17
16
3
4
8
5
40
45
8
12
3
6
7
25
38
11
6
15
1
4
8
7
4
2
12
29
106
27
25
14
8
6
32
5
6
37
14
19
13
8
16
13
9
5
2
24
40
169
11
25
21
13
3
9
11
34
11
12
34
12
23
31
15
18
18
23
4
3
4
7
40
217
2
16
10
11
12
33
14
11
24
9
19
29
19
13
20
22
1
4
11
8
242
7
1
8
11
34
13
7
17
6
16
1
18
6
17
12
1
1
5
25
234
10
31
6
16
1
6
13
12
2
30
148
6
21
2
4
5
7
19
1
5
5
3
23
15
1
3
23
11
12
7
5
4
18
31
3
1
26
10
7
3
6
13
30
4
1
25
3
24
1
3
5
22
2
23
7
7
24
4
3
20
4
8
1
8
8
24
17
1
23
17
5
6
4
1
15
9
4
2
23
15
4
1
3
4
18
14
1
1
6
24
15
8
1
3
22
17
21
8
36
2
5
6
10
5
1
23
14
20
4
19
5
3
2
28
6
2
6
2
2
49
2
6
10
33
11
12
12
10
1
12
5
4
6
28
50
2
25
10
33
12
10
19
4
13
1
1
7
14
49
3
4
14
9
14
37
14
9
17
9
14
5
8
28
53
12
27
13
3
11
43
21
18
35
12
19
10
21
5
17
6
15
2
17
74
17
35
10
10
4
22
1
2
14
3
1
5
1
25
59
13
20
4
10
4
5
57
17
15
7
15
5
1
6
4
12
8
66
16
23
5
1
11
1
10
10
65
23
9
22
3
15
1
11
4
7
6
2
8
10
19
81
25
21
20
18
21
7
6
21
15
9
8
7
1
18
13
4
5
19
28
82
17
3
6
3
4
8
28
9
8
26
16
16
14
11
12
19
12
4
1
16
24
88
22
5
12
3
6
3
30
9
6
18
23
14
35
14
15
21
20
4
3
12
28
96
35
10
6
21
4
21
5
14
8
6
5
8
8
14
4
1
14
5
83
36
18
14
18
8
4
15
15
6
11
1
7
3
13
4
2
8
31
77
17
18
12
9
22
26
13
5
6
7
11
11
18
2
5
6
47
81
12
2
3
1
13
19
13
12
6
2
5
1
10
81
11
1
1
5
3
21
13
7
2
5
2
2
18
80
13
4
4
17
5
5
4
6
7
61
4
2
13
14
1
2
55
5
5
26
15
7
15
3
1
3
4
6
4
2
16
70
1
13
12
6
17
1
18
12
10
6
5
6
6
23
62
27
23
10
14
12
5
6
7
6
4
37
60
30
6
10
2
14
10
5
6
9
8
60
19
1
2
14
4
7
4
53
2
5
8
14
1
53
11
2
17
2
62
8
19
4
1
2
4
12
70
5
21
4
11
3
19
65
16
24
1
1
10
8
4
12
1
1
70
3
8
12
4
1
22
4
6
16
20
6
17
3
1
6
13
76
6
2
18
2
11
20
6
10
7
13
17
8
18
9
12
7
4
5
18
87
12
14
10
15
8
23
4
10
16
3
7
9
8
23
9
15
14
10
1
20
88
15
15
11
1
23
6
12
16
1
6
2
16
3
17
3
7
1
22
75
2
27
20
12
7
3
24
8
13
23
5
5
15
9
5
3
10
2
25
92
28
14
4
3
2
23
5
13
20
2
1
5
2
15
7
1
6
11
1
31
87
7
12
11
20
4
13
8
3
3
5
3
7
23
75
4
7
5
10
10
26
1
12
8
3
3
7
26
81
5
6
12
5
26
3
3
19
23
10
28
2
6
8
10
3
2
9
28
90
14
17
14
7
28
9
5
24
25
25
15
10
3
19
10
8
3
23
24
96
20
18
13
7
11
5
31
5
20
12
15
8
16
2
5
1
9
33
90
8
3
7
1
8
4
32
5
14
10
12
1
7
15
8
3
3
3
21
95
18
8
6
6
7
30
15
2
10
9
7
14
6
3
5
6
7
95
30
21
14
29
6
18
19
1
10
11
8
3
5
26
79
18
43
27
27
5
3
1
12
38
14
10
16
5
5
84
78
21
33
28
10
5
2
2
15
39
10
16
3
16
7
14
7
9
50
94
21
20
13
26
18
9
21
7
4
7
2
15
8
30
95
25
7
4
20
15
8
4
25
73
8
6
6
21
3
11
4
12
12
7
12
79
22
23
4
28
19
28
11
28
14
15
10
6
11
14
8
17
15
11
10
57
100
5
14
7
9
5
8
27
2
9
9
5
7
34
80
5
8
5
12
3
35
4
9
6
28
12
12
19
10
14
7
13
7
14
5
25
97
1
9
5
1
34
5
12
9
17
17
4
21
11
7
8
1
10
17
8
26
95
9
11
1
10
32
8
10
10
12
6
6
5
3
10
14
21
91
2
2
6
7
33
9
14
15
15
1
18
8
13
12
4
4
10
13
21
94
17
15
2
25
8
7
5
1
1
8
2
6
4
3
2
6
6
19
92
10
3
9
19
4
17
5
15
5
5
14
95
4
3
9
8
14
4
7
3
79
11
7
3
19
6
14
7
5
29
80
13
4
7
4
2
21
8
4
3
4
5
25
83
5
9
6
14
4
18
2
2
4
2
10
71
6
7
4
8
19
11
10
11
1
4
10
8
23
73
8
8
1
18
6
6
1
70
2
6
9
13
1
4
18
7
3
34
72
23
19
15
10
4
4
24
8
2
22
10
3
12
3
11
18
14
8
5
40
84
8
3
2
13
7
24
9
2
10
5
13
7
13
12
4
4
6
4
78
8
8
12
10
4
20
29
4
13
7
16
14
17
7
18
23
17
13
11
5
2
30
81
12
13
26
5
2
9
27
11
3
21
22
15
19
18
8
18
7
14
3
6
32
83
17
20
3
14
8
23
9
31
18
14
17
17
4
22
4
8
2
10
28
82
7
29
16
19
8
6
19
2
18
9
10
9
1
15
10
5
21
62
7
12
10
9
1
16
12
2
2
9
5
3
26
51
1
19
19
9
8
14
11
2
11
6
1
18
50
29
28
21
10
8
11
12
14
3
28
43
23
30
8
3
14
27
10
3
2
12
6
7
65
50
3
2
15
1
11
5
1
21
36
12
3
13
7
6
37
37
1
17
13
7
1
3
7
17
29
19
2
5
7
4
26
36
8
5
7
16
3
10
6
5
2
10
20
10
1
13
6
1
10
23
9
2
11
11
2
10
3
5
3
11
6
12
2
17
16
34
21
13
7
20
7
12
13
45
24
3
26
17
14
11
6
10
5
11
13
42
18
13
3
1
9
12
9
4
9
14
20
16
9
11
16
18
4
9
3
23
26
12
2
21
32
14
2
10
2
18
6
3
6
7
16
9
8
34
45
10
12
24
5
15
3
14
3
2
2
10
8
12
46
18
8
7
30
10
2
9
2
12
37
19
8
18
4
12
8
5
30
40
11
10
11
3
1
13
3
1
10
4
32
33
6
15
3
10
4
14
20
1
1
10
1
25
42
7
18
15
6
1
6
20
35
9
6
10
2
48
46
16
24
12
25
6
2
22
32
12
10
2
4
10
8
10
3
8
37
50
17
23
23
12
12
4
6
19
