20
89
36
45
45
42
43
49
53
50
47
47
52
47
48
65
50
37
36
21
56
32
76
106
15
21
87
41
44
46
41
43
46
51
51
51
45
51
45
50
54
52
37
36
23
55
32
84
89
15
19
88
40
44
46
42
43
49
52
49
53
46
51
48
49
33
52
37
37
22
57
34
75
4
96
17
21
95
39
43
44
39
40
46
48
46
53
48
50
48
47
53
53
36
36
18
65
34
83
18
114
16
25
86
43
43
47
40
43
50
54
46
53
53
51
50
52
51
59
37
38
21
58
32
88
19
120
15
19
87
37
42
48
40
44
54
59
52
49
49
59
47
52
48
58
37
38
22
54
34
85
19
107
14
18
94
39
40
44
34
37
39
45
53
47
46
46
42
46
52
50
38
35
15
56
35
81
22
111
18
24
85
43
40
47
35
39
42
46
56
52
48
45
44
48
45
52
39
36
15
59
41
81
15
127
18
24
90
35
42
44
37
41
48
52
50
55
47
52
47
50
48
55
37
36
17
62
30
84
122
16
21
92
44
41
44
36
37
42
45
48
47
45
45
44
44
50
54
37
35
16
54
34
85
95
17
19
91
42
42
46
36
37
40
43
54
44
45
50
43
43
56
47
37
35
16
56
42
87
94
16
19
88
32
44
42
41
42
52
57
51
58
48
55
51
52
61
50
36
36
20
58
29
66
3
115
15
23
93
45
40
46
36
38
45
49
44
53
42
51
42
45
46
48
38
34
15
62
30
49
4
124
12
21
83
45
43
49
41
43
52
54
54
46
50
51
49
49
57
57
37
37
21
55
34
66
109
18
20
86
37
42
43
40
40
45
48
49
55
50
53
46
46
61
58
37
35
20
64
34
56
93
21
25
92
41
40
45
36
38
43
47
43
50
46
40
44
44
54
52
39
34
17
59
27
56
94
19
26
91
38
42
44
40
40
49
53
61
60
49
48
51
51
60
60
36
35
18
66
44
77
116
18
26
87
44
42
43
39
39
47
50
57
56
51
52
50
48
65
59
37
35
18
68
44
70
120
17
22
88
42
43
44
40
39
51
54
54
51
57
53
54
49
73
60
37
33
18
65
31
59
4
108
21
23
92
39
44
39
40
36
49
48
61
54
54
46
51
44
57
54
36
32
15
62
45
45
8
115
19
24
88
41
44
42
42
37
51
46
57
53
52
49
52
44
57
51
36
34
17
65
35
46
13
121
16
18
90
36
45
42
43
40
52
55
54
53
53
51
55
51
70
59
33
33
19
66
31
53
9
99
15
16
95
34
45
40
39
37
38
45
57
47
55
48
45
46
56
56
32
31
16
62
46
35
3
81
18
26
87
39
46
42
44
41
52
53
60
51
57
54
55
50
61
61
34
33
19
57
37
41
1
86
18
22
91
42
45
41
43
39
51
50
57
45
57
49
58
48
70
58
35
32
17
59
36
36
5
99
15
16
91
40
46
42
44
41
51
50
60
45
57
49
55
48
67
55
34
32
18
59
41
17
16
112
15
22
86
38
46
50
47
49
60
62
60
67
56
65
56
57
66
65
34
34
24
69
37
29
29
101
17
24
93
44
44
45
41
42
48
51
55
48
54
51
51
50
67
57
36
32
18
65
38
10
30
99
14
17
92
39
45
44
44
42
53
53
58
52
57
49
57
52
71
58
34
32
18
61
37
6
29
103
15
19
89
38
44
47
41
42
51
53
57
60
51
54
50
52
45
58
35
33
17
63
38
4
30
104
17
19
88
44
43
46
39
41
50
53
56
41
49
38
47
49
52
55
36
32
14
54
36
7
27
85
18
19
93
32
44
39
41
39
49
50
52
52
53
57
51
48
66
60
34
30
15
62
30
7
28
70
18
22
95
38
44
41
41
39
47
49
56
57
54
52
52
47
67
55
36
30
14
65
35
27
81
14
19
89
43
45
46
44
43
55
54
62
50
57
50
57
51
69
59
36
32
17
60
45
1
31
106
16
19
89
39
43
46
43
45
56
61
57
57
54
61
53
55
53
61
36
32
19
63
42
25
31
110
16
19
93
43
42
46
40
42
50
54
57
47
50
49
49
50
59
60
37
31
16
59
40
13
41
99
17
22
90
40
44
47
41
42
49
46
57
56
51
51
50
50
71
66
37
33
18
72
39
15
51
115
18
22
90
39
44
47
44
47
54
60
62
63
58
61
56
58
75
67
35
33
19
73
39
36
33
120
15
21
90
42
42
45
41
42
52
53
56
49
56
51
53
51
73
60
36
33
16
55
37
37
23
108
13
18
90
38
41
44
39
40
47
47
51
52
50
52
48
47
52
59
36
32
16
60
33
33
14
82
12
13
89
37
43
45
43
43
53
55
60
50
56
57
53
52
55
65
35
34
18
63
37
68
8
89
16
18
92
41
41
45
41
42
50
54
55
53
51
56
51
51
65
62
36
34
17
61
36
66
21
108
18
22
90
45
42
48
41
46
49
54
58
56
53
53
50
54
54
63
36
35
19
69
34
72
20
113
14
17
90
39
44
46
43
45
52
50
57
48
56
51
53
50
66
60
35
34
20
60
40
88
21
105
12
18
93
42
43
45
41
42
46
49
51
56
51
46
47
49
60
58
36
34
18
60
38
76
19
114
13
17
86
48
43
51
44
47
52
56
53
49
55
52
52
55
59
64
37
37
20
67
37
83
14
130
11
17
90
45
42
47
41
45
49
51
47
49
47
56
47
50
63
57
35
35
18
62
34
82
126
9
21
82
50
42
47
43
47
49
55
51
57
46
55
48
54
49
65
36
36
21
64
24
89
103
9
11
86
37
44
49
44
47
50
53
56
49
54
56
51
52
61
61
32
36
21
62
36
89
104
10
11
91
34
44
45
43
44
48
51
53
52
51
52
50
52
66
59
31
35
18
64
32
94
113
9
17
83
51
43
48
43
46
49
53
50
49
46
53
48
52
57
60
35
37
18
57
31
97
11
117
8
13
88
36
44
47
41
44
43
47
54
57
50
59
46
50
64
60
33
35
18
62
31
94
13
104
10
16
92
41
42
45
39
41
41
44
50
54
50
56
46
49
61
60
35
32
15
65
22
99
9
101
12
17
87
44
43
47
41
44
46
50
51
53
47
50
47
52
48
59
35
33
16
63
43
79
10
122
15
18
90
42
41
46
38
43
43
48
49
55
42
59
40
50
39
60
35
33
14
62
35
81
3
120
14
17
89
43
40
45
37
41
39
47
52
53
45
54
40
48
47
59
36
32
13
59
33
90
94
7
14
88
41
40
44
37
40
42
45
47
50
44
39
41
45
46
55
35
32
14
56
30
81
88
6
8
92
36
40
41
36
37
41
41
42
42
42
47
43
41
50
49
34
32
11
54
24
83
102
6
9
87
29
41
39
39
39
42
44
50
48
45
51
43
44
54
49
31
33
13
57
33
86
7
117
6
10
85
35
38
41
37
39
37
37
48
38
42
44
40
39
42
50
33
34
14
50
26
95
12
112
9
9
86
34
37
42
36
39
39
40
47
41
41
35
38
40
38
50
35
33
14
51
30
87
14
96
9
14
84
42
36
41
33
37
33
38
48
48
41
40
34
38
49
44
37
34
12
44
29
80
21
100
3
7
86
41
34
44
31
37
31
38
43
35
37
43
33
39
40
45
36
35
10
45
25
72
21
99
7
12
84
34
37
41
35
39
40
45
49
51
41
47
38
45
44
53
34
35
13
58
28
81
17
93
7
13
84
38
37
41
36
37
37
39
45
52
40
49
37
41
48
51
36
34
12
54
21
86
20
77
9
11
86
38
37
42
36
38
38
44
48
39
41
42
39
43
41
48
36
34
13
49
28
90
29
81
9
14
87
43
38
39
37
38
39
42
50
38
47
45
41
41
42
48
37
33
12
49
29
80
35
94
5
7
94
40
38
39
35
33
32
30
39
38
41
45
37
33
45
43
36
31
9
50
31
76
34
97
6
11
84
35
41
41
40
39
47
46
43
47
47
55
45
43
48
50
34
33
14
47
30
89
35
95
5
9
81
38
41
42
41
40
46
45
51
43
41
41
43
42
46
51
36
34
15
46
28
85
37
103
5
9
88
33
39
39
37
35
35
35
47
44
39
32
39
38
47
47
34
32
10
50
26
89
33
117
5
12
86
38
40
39
38
36
38
35
45
44
47
46
43
37
40
47
35
32
12
49
16
87
28
118
5
8
88
35
41
40
39
38
40
39
43
43
42
45
41
39
46
49
35
31
13
48
26
91
23
91
1
9
85
35
41
40
40
39
44
45
41
41
45
46
44
42
54
48
34
32
15
45
26
85
11
88
1
8
88
35
39
40
39
38
39
39
39
39
40
48
39
38
39
41
34
32
12
45
16
72
9
102
7
13
76
39
39
46
43
45
44
46
52
46
47
46
44
45
52
50
36
36
18
53
30
97
9
108
3
11
84
33
40
41
40
42
46
49
44
40
45
36
42
43
55
48
35
32
17
46
20
83
15
96
3
8
86
39
39
39
36
36
34
32
43
44
37
44
36
34
40
42
36
31
12
44
23
73
29
101
2
5
83
42
37
44
35
36
32
34
43
30
36
36
33
34
24
38
37
33
12
41
23
73
34
120
3
6
88
24
39
37
38
37
33
37
42
37
42
42
36
36
35
39
33
32
13
43
21
69
24
126
1
9
81
35
38
38
39
39
39
39
41
53
39
44
35
37
31
40
34
32
16
48
17
83
10
105
6
84
34
35
41
34
36
34
39
37
26
31
37
27
33
19
33
35
32
14
35
16
71
4
98
5
9
85
31
37
36
35
35
30
33
44
41
38
39
34
32
41
37
34
32
12
37
25
71
4
113
7
7
85
36
35
40
34
36
28
31
40
40
34
28
30
33
40
37
35
33
12
45
15
67
10
120
5
5
90
29
35
37
33
36
35
38
41
34
34
39
30
35
30
39
33
32
13
43
23
62
16
112
5
11
86
37
33
36
31
35
34
38
39
38
30
39
26
33
20
37
36
32
13
40
20
68
19
98
5
11
88
34
32
36
29
31
22
26
39
35
31
36
25
28
34
35
36
31
9
40
24
77
24
108
4
11
84
43
33
37
31
33
25
27
39
35
34
41
29
29
40
34
37
32
9
37
29
78
32
121
3
8
84
46
32
38
31
34
28
31
37
29
32
33
28
29
30
29
38
32
10
31
14
60
21
113
3
7
89
23
36
37
36
37
38
40
41
45
39
36
37
36
37
40
33
31
14
43
23
64
97
6
14
85
35
36
37
34
36
32
38
44
36
37
37
33
35
37
36
36
32
13
43
24
50
96
10
13
83
35
36
37
33
35
25
30
48
39
34
39
28
32
37
38
36
32
11
43
30
56
105
6
12
88
33
37
37
35
35
31
30
42
44
35
36
32
29
35
34
35
31
13
40
24
56
110
9
14
86
39
38
39
37
37
31
36
46
38
41
39
32
33
34
35
36
32
15
41
26
59
17
93
6
9
86
37
38
40
36
35
29
32
42
36
39
34
33
31
40
36
35
31
13
39
26
76
22
89
7
10
87
38
38
39
35
35
26
29
36
34
36
40
32
32
48
33
35
32
11
39
24
67
27
100
10
15
86
31
39
37
38
37
38
38
39
49
40
46
36
36
27
38
35
33
14
44
22
62
22
90
7
11
87
36
39
39
38
36
40
39
45
34
39
28
37
33
25
36
35
31
14
36
23
42
22
65
8
10
88
34
38
37
35
33
23
31
47
36
36
35
29
32
36
36
34
31
12
41
31
54
12
74
3
9
84
34
38
37
36
36
30
36
41
38
38
40
34
34
36
36
33
32
14
38
19
64
18
89
1
2
84
35
39
38
38
35
35
31
42
26
41
32
39
31
38
37
33
33
14
29
21
54
20
97
2
2
86
25
39
37
37
35
28
26
40
32
36
39
32
29
22
34
32
32
15
32
18
59
18
92
7
7
88
29
38
37
37
37
35
40
39
38
34
39
29
37
21
37
33
32
16
38
22
62
29
89
7
13
84
37
37
38
36
35
31
31
36
34
33
40
30
32
33
34
35
32
14
33
25
57
28
103
6
5
91
30
37
36
36
34
32
33
37
35
35
45
34
31
29
29
32
30
12
30
13
54
21
108
12
13
86
38
38
39
37
36
34
37
50
40
38
34
33
35
36
36
35
31
14
45
29
65
18
94
16
19
83
38
37
38
36
37
34
37
47
32
38
23
34
36
36
37
36
32
15
41
36
68
6
87
14
16
90
36
35
36
34
35
34
37
47
37
42
42
34
34
36
35
35
31
13
34
27
52
102
13
17
89
40
33
38
32
36
30
36
42
33
35
37
30
34
35
34
36
31
13
32
36
47
113
14
13
84
38
34
40
34
39
34
38
45
36
38
37
34
37
34
38
36
32
15
29
28
59
107
14
21
87
39
33
44
31
38
32
36
47
48
38
46
31
36
39
41
37
32
14
47
34
63
6
101
20
28
86
45
31
40
27
34
22
31
40
34
31
37
24
34
28
34
40
31
10
41
30
56
10
112
18
22
83
31
33
37
33
38
36
40
43
48
37
47
36
40
34
41
37
33
14
45
25
60
18
117
12
17
86
37
33
39
31
36
30
35
40
36
35
37
31
36
44
37
36
33
13
35
26
68
18
99
16
21
83
35
36
38
35
37
32
39
44
39
41
42
34
37
51
38
37
33
16
39
24
65
10
83
20
21
89
33
38
36
38
35
38
37
44
41
41
41
38
33
42
36
37
31
15
42
39
46
5
90
21
22
87
37
37
38
36
35
27
28
39
37
38
31
33
31
23
35
37
32
14
38
33
52
106
19
22
86
37
38
39
37
38
34
37
45
45
37
37
35
37
27
41
36
33
16
42
27
61
7
110
19
25
90
37
39
37
36
35
32
35
46
37
31
41
30
33
36
35
36
30
15
33
31
57
14
86
16
19
82
38
39
38
37
36
32
33
44
35
39
40
36
33
39
33
36
31
16
32
30
59
20
89
14
15
88
32
37
38
35
36
34
36
38
31
39
42
34
34
32
34
35
31
13
34
23
46
32
101
19
21
89
31
36
36
34
36
29
35
39
39
32
31
27
36
18
36
35
28
12
38
20
48
22
94
17
23
79
40
37
38
35
37
34
36
46
38
37
39
34
37
33
37
37
30
14
36
34
52
19
77
15
22
84
34
37
38
34
37
32
41
43
37
38
47
31
39
29
36
36
29
14
34
29
46
21
77
19
19
91
35
37
37
34
34
30
35
42
40
37
37
32
35
28
35
35
29
12
37
31
53
21
93
19
19
83
38
37
39
34
36
32
34
42
34
35
38
31
34
34
34
36
31
13
32
32
55
21
103
17
24
77
49
34
41
31
35
26
34
39
29
30
27
24
30
20
29
39
31
13
24
23
51
22
85
16
21
84
34
33
33
28
32
21
25
37
27
27
32
19
26
21
29
37
29
11
22
27
54
34
86
21
21
82
27
32
35
29
36
24
33
39
42
29
44
21
33
26
34
36
31
13
37
23
44
53
115
19
21
82
37
30
41
28
36
23
30
34
43
25
38
20
30
21
31
37
32
12
38
26
42
49
125
15
23
81
36
30
37
29
34
23
25
35
36
23
36
20
27
25
29
37
31
13
28
28
58
37
114
17
22
78
36
29
41
29
36
26
34
38
39
26
39
22
33
32
30
38
32
14
32
20
55
43
95
17
22
80
37
27
39
26
35
25
34
34
36
28
38
21
33
35
31
39
31
12
29
25
45
43
109
19
24
82
36
26
38
24
34
26
33
38
36
26
36
20
33
25
33
39
31
9
26
28
38
29
121
21
24
83
38
24
38
20
32
18
26
36
39
22
42
14
29
16
28
39
28
7
36
28
46
21
109
19
24
82
38
24
38
20
31
17
27
34
39
23
45
13
31
11
29
39
28
7
35
27
51
30
101
21
24
86
38
26
37
23
31
26
33
36
43
26
30
20
33
25
33
38
28
7
34
27
58
41
110
25
26
93
35
27
33
22
27
18
24
36
37
26
35
19
27
23
26
36
26
3
32
34
57
39
116
23
27
80
37
30
37
25
31
20
28
42
39
30
49
23
30
30
31
37
28
7
32
33
52
33
99
19
21
81
38
30
37
26
29
25
30
43
30
33
20
25
24
42
23
37
28
7
23
26
28
27
73
21
18
90
30
31
33
24
24
16
22
35
17
27
16
18
20
21
19
36
25
4
18
25
25
20
75
27
25
84
22
36
30
30
29
25
27
41
45
35
45
25
28
18
34
33
26
9
35
38
54
6
93
26
29
87
39
35
32
29
27
24
22
46
42
32
34
23
22
20
29
35
25
6
33
42
45
7
100
25
25
88
32
36
33
29
26
23
24
47
30
30
33
23
23
28
26
33
25
7
31
31
34
19
86
19
21
89
35
36
29
28
25
22
24
38
31
30
32
23
22
19
26
33
24
6
27
29
31
18
97
23
25
88
39
35
31
28
24
21
21
44
26
32
28
24
21
17
22
34
26
5
21
33
28
122
26
25
81
26
38
33
32
28
26
24
54
40
45
36
35
26
38
32
30
27
8
35
37
31
115
25
22
90
28
37
30
29
24
25
25
46
30
40
34
31
23
36
32
31
23
5
30
36
13
28
84
30
24
88
26
38
30
31
26
26
30
52
31
39
37
30
26
37
27
32
23
7
27
41
10
22
69
24
23
87
33
38
32
32
26
27
25
47
39
43
39
35
25
33
27
31
25
7
30
34
9
10
81
24
24
86
28
37
30
32
27
25
27
45
29
39
24
30
26
27
29
31
25
7
27
30
32
93
25
24
85
26
37
30
31
27
27
34
47
26
38
21
28
28
30
27
31
23
7
25
34
35
75
23
20
90
23
35
25
27
22
19
21
46
22
35
26
24
20
27
22
30
22
5
17
37
32
2
74
25
19
88
22
33
26
27
26
23
29
39
24
33
26
27
25
35
22
30
25
6
18
26
39
13
91
24
22
83
30
32
31
28
30
26
30
39
31
32
30
26
26
26
21
32
28
9
19
30
34
21
99
24
25
79
30
30
33
25
29
18
23
41
29
25
32
15
23
3
20
34
29
10
14
36
33
13
87
21
22
79
38
27
38
23
31
19
30
34
27
22
26
13
27
16
24
34
30
10
24
26
40
6
75
23
25
82
27
29
30
25
28
20
25
39
25
23
27
18
25
17
21
33
29
9
19
31
37
11
89
25
27
82
26
27
27
24
27
15
22
38
32
28
27
17
23
24
18
33
28
9
