4999
2668
1727
4923
4831
4905
504
4894
4835
4999
4141
2106
247
4995
2586
704
4834
4854
4812
2124
4999
2561
1655
4998
4859
4921
451
4899
4862
4999
4101
2010
237
4999
2460
658
4860
4873
4784
2120
4999
2553
1648
4996
4820
4898
464
4876
4824
4999
3937
2010
237
4999
2469
672
4822
4839
4597
1989
4999
2397
1547
4999
4838
4925
431
4885
4841
4999
3838
1882
236
4999
2319
624
4840
4855
4491
1981
4999
2388
1541
4999
4817
4989
435
4867
4821
4999
3736
1882
232
4999
2315
621
4818
4834
4362
1878
4999
2267
1464
4999
4816
4997
424
4868
4819
4999
3612
1794
221
4999
2211
591
4818
4834
4229
1830
4999
2213
1432
4999
4811
4999
413
4859
4814
4999
3524
1752
216
4999
2162
563
4812
4827
4111
1766
4999
2137
1384
4999
4799
4999
410
4851
4803
4999
3399
1695
205
4999
2099
538
4802
4818
3982
1700
4999
2062
1335
4999
4799
4999
391
4847
4802
4999
3301
1622
193
4999
2024
512
4801
4816
3872
1655
4999
2010
1299
4999
4787
4999
380
4838
4791
4999
3185
1587
178
4999
1972
493
4789
4805
3751
1598
4999
1942
1252
4999
4785
4999
361
4834
4788
4999
3081
1528
162
4999
1898
474
4786
4802
3637
1564
4999
1900
1220
4999
4776
4999
348
4826
4780
4999
2984
1478
147
4999
1850
469
4778
4794
3528
1514
4999
1840
1179
4999
4770
4999
332
4821
4774
4999
2887
1421
138
4999
1788
456
4772
4788
3424
1479
4999
1791
1146
4999
4765
4999
317
4814
4768
4999
2799
1381
131
4999
1734
447
4766
4782
3325
1435
4999
1738
1111
4998
4757
4955
306
4807
4761
4994
2713
1344
127
4999
1681
438
4759
4775
3225
1393
4999
1682
1076
4999
4752
4978
298
4801
4756
4999
2639
1303
128
4999
1627
426
4754
4769
3137
1305
4999
1569
1004
4999
2582
4999
285
2761
2436
4998
2205
1226
122
4999
1517
404
2577
2327
108
4800
131
69
4807
2732
4786
27
3139
2757
4819
78
100
10
4797
123
39
2808
2643
32
4414
281
4415
4321
4358
2196
4535
4313
489
157
4448
4389
587
1245
4433
4663
4366
169
4364
4802
4296
1525
4369
4822
317
84
4396
4338
388
847
4796
4787
4325
176
4318
4999
4248
1464
4068
4999
317
96
4357
4291
384
824
4980
4969
4220
198
4212
4989
4128
1675
4402
4990
360
104
4255
4181
434
940
4912
4909
4178
158
4165
4999
4076
1351
4147
4999
288
83
4213
4133
350
757
4939
4942
4092
186
4077
4999
3979
1557
4297
4999
337
99
4131
4042
406
877
4930
4917
4040
154
4022
4999
3916
1332
4216
4999
284
80
4078
3986
344
747
4975
4913
3973
168
3951
4999
3838
1401
4223
4999
303
89
4012
3913
365
790
4997
4914
3912
156
3889
4999
3767
1324
4246
4999
285
82
3953
3849
343
746
4999
4895
3856
152
3830
4999
3702
1276
4194
4999
276
81
3899
3789
332
720
4999
4901
3795
152
3765
4999
3630
1277
4235
4999
276
80
3838
3722
332
721
4999
4885
3742
142
3710
4999
3569
1197
4193
4999
259
75
3787
3667
310
676
4999
4884
3672
144
3640
4978
3495
1201
4200
4988
261
76
3729
3605
312
680
4999
4875
2357
96
2352
2704
2283
821
2663
2734
178
51
2426
2373
216
471
2803
2938
48
59
38
11
76
39
6
43
12
61
93
116
77
226
23
217
194
99
13
120
34
234
232
35
32
364
24
8
153
368
2
48
43
3
8
430
136
131
162
108
250
31
248
258
130
16
157
43
311
289
69
87
58
526
16
95
528
139
71
8
84
23
615
98
151
140
173
114
427
32
428
271
138
17
166
45
527
299
135
167
111
654
32
45
655
266
135
15
163
43
769
57
297
156
193
128
634
36
637
303
154
18
185
49
767
333
184
227
151
752
42
754
361
183
21
221
59
895
4
402
186
229
152
822
43
14
825
361
183
21
221
59
983
10
400
219
270
178
871
50
873
425
216
25
260
69
1042
474
223
274
182
970
51
15
974
434
220
26
266
71
1158
16
482
247
303
201
1007
57
1010
479
243
29
293
79
1206
532
260
319
211
1094
61
6
1098
503
255
30
308
82
1305
8
561
275
337
224
1144
65
1148
532
270
33
327
88
1368
26
592
293
359
238
1211
70
1215
566
288
36
348
94
1446
156
630
306
374
249
1272
73
2
1276
589
300
38
362
99
1518
312
655
323
395
262
1326
78
1330
620
316
41
382
105
1583
429
692
336
410
272
1387
82
2
1392
644
329
43
397
109
1655
570
717
350
428
285
1438
85
1442
671
343
45
413
114
1715
689
748
363
443
295
1494
89
1498
695
355
47
428
118
1781
815
776
375
458
304
1543
91
1547
718
367
49
443
122
1840
933
801
387
473
314
1593
94
1597
742
379
50
457
126
1898
1046
828
398
486
323
1641
97
1645
763
390
52
471
130
1956
1160
852
408
499
331
1685
99
1690
784
400
52
483
133
2009
1265
876
417
510
338
1729
99
1734
803
409
52
494
135
2062
1369
897
428
524
347
1773
102
1776
823
419
53
507
138
2114
1470
920
438
536
355
1816
105
1820
843
429
55
519
142
2164
1570
943
448
548
363
1856
107
1860
861
439
56
531
145
2213
1665
964
458
560
371
1897
110
1900
880
448
57
542
148
2260
1758
986
468
571
378
1936
112
1939
898
457
58
553
151
2306
1849
1006
477
582
385
1973
114
1976
916
466
60
564
154
2351
1936
1025
486
593
392
2010
116
2012
932
474
61
574
157
2394
2021
1045
494
604
399
2045
118
2047
948
483
62
584
159
2435
2104
1063
503
613
406
2080
120
2082
964
491
64
594
163
2476
2183
1081
511
623
412
2113
122
2115
979
499
65
604
165
2515
2261
1098
518
633
419
2146
125
2147
994
506
65
613
167
2553
2336
1115
526
642
424
2176
126
2178
1008
513
66
621
170
2590
2408
1132
533
651
430
2206
128
2208
1022
520
67
630
173
2626
2479
1147
541
659
436
2236
130
1
2237
1035
527
68
638
175
2660
2548
1163
547
667
441
2264
131
42
2265
1048
533
69
646
176
2693
2613
1178
553
675
446
2291
133
178
2293
1061
540
70
654
179
2726
2678
1192
560
683
452
2317
135
321
2319
1073
546
70
661
181
2757
2740
1206
566
691
456
2343
136
441
2344
1084
552
71
668
183
2787
2800
1220
572
697
460
2368
137
574
2369
1096
558
72
676
185
2816
2859
1233
578
704
465
2393
139
692
2393
1107
563
73
682
186
2844
2915
1245
584
711
470
2416
140
813
2415
1117
568
73
689
188
2872
2971
1258
589
718
474
2438
141
928
2438
1127
573
74
695
190
2898
3023
1270
594
724
478
2460
142
1040
2459
1137
579
75
701
191
2924
3074
1281
599
730
482
2482
143
1150
2480
1147
583
75
707
193
2948
3124
1292
604
736
486
2502
145
1254
2500
1156
588
75
713
195
2973
3173
1303
608
741
490
2522
146
1359
2520
1165
592
76
718
196
2996
3220
1313
613
747
493
2541
147
1458
2539
1173
596
77
723
198
3018
3265
1323
617
753
497
2559
148
1555
2557
1181
601
77
728
199
3040
3309
1333
621
758
500
2577
149
1649
2575
1190
605
78
733
200
3061
3351
1342
626
763
504
2594
150
1740
2592
1197
609
78
738
202
3081
3392
1352
630
768
506
2611
151
1829
2608
1204
612
78
743
203
3101
3432
1361
633
772
509
2628
152
1915
2624
1212
616
79
748
204
3119
3470
1369
637
777
512
2643
152
1998
2639
1219
619
80
752
205
3138
3507
1377
641
781
515
2658
153
2079
2654
1226
623
80
756
206
3155
3543
1385
645
785
518
2673
154
2158
2668
1232
626
81
760
207
3172
3578
1393
647
789
520
2686
155
2234
2682
1239
630
81
764
209
3189
3612
1400
651
793
523
2700
156
2308
2695
1244
632
81
767
209
3204
3644
1407
654
797
525
2713
157
2380
2708
1250
635
82
771
210
3219
3676
1415
656
800
527
2725
157
2449
2720
1256
638
82
775
211
3234
3706
1421
660
803
529
2737
157
2517
2732
1261
641
83
778
213
3248
3736
1427
662
807
532
2749
158
2582
2743
1266
643
83
781
213
3261
3764
1433
665
810
534
2761
159
2646
2754
1271
646
83
784
214
3274
3792
1439
668
813
535
2771
160
2708
2765
1276
648
83
787
215
3287
3818
1445
670
816
537
2781
160
2768
2775
1280
650
83
790
215
3299
3843
1451
673
819
539
2792
160
2826
2785
1285
652
84
792
216
3310
3868
1456
674
821
541
2801
161
2882
2794
1289
655
84
795
217
3322
3892
1461
677
824
543
2810
162
2936
2803
1293
657
84
798
218
3332
3915
1466
679
827
544
2819
162
2989
2812
1297
658
85
800
218
3343
3937
1471
681
829
545
2828
163
3041
2820
1301
660
85
802
219
3352
3959
1475
683
831
547
2835
163
3090
2828
1304
661
85
805
220
3362
3979
1480
685
834
549
2844
164
3139
2836
1308
663
85
807
220
3371
3999
1484
686
836
550
2851
164
3185
2843
1311
665
86
809
221
3379
4018
1488
688
837
551
2858
164
3231
2850
1315
667
86
811
221
3388
4036
1492
690
839
553
2865
164
3274
2856
1317
669
86
812
222
3396
4054
1496
691
841
554
2872
165
3316
2863
1320
670
86
814
222
3403
4071
1499
692
843
555
2878
166
3358
2869
1323
671
86
816
223
3411
4087
1502
694
845
556
2884
166
3397
2875
1325
672
86
817
223
3417
4103
1506
695
846
557
2890
166
3436
2880
1328
674
86
819
223
3424
4119
1508
697
848
558
2895
166
3473
2885
1330
675
87
820
224
3430
4133
1511
698
849
558
2900
166
3509
2891
1332
676
87
822
224
3436
4147
1514
699
850
560
2906
167
3544
2895
1334
677
87
823
224
3442
4161
1517
700
852
560
2910
167
3578
2900
1337
678
88
825
224
3447
4174
1519
701
853
561
2915
167
3611
2904
1339
679
87
826
225
3452
4186
1522
702
854
562
2919
167
3643
2908
1340
679
87
826
225
3457
4198
1524
703
855
562
2923
167
3673
2912
1342
680
88
828
225
3461
4209
1526
704
856
563
2927
168
3703
2915
1344
682
88
829
226
3466
4219
1528
705
858
563
2930
168
3732
2919
1345
682
88
830
226
3470
4230
1530
705
858
564
2934
168
3759
2922
1347
683
88
831
226
3474
4240
1532
706
858
564
2937
168
3786
2925
1348
684
88
832
226
3477
4250
1534
707
859
565
2940
168
3812
2928
1349
684
88
833
227
3480
4259
1535
707
860
566
2943
168
3836
2930
1351
685
88
833
227
3484
4267
1537
708
861
566
2945
168
3861
2933
1351
685
88
834
227
3486
4275
1539
709
862
566
2948
169
3884
2935
1352
686
88
834
227
3489
4283
1540
709
863
567
2950
169
3906
2937
1353
686
88
835
227
3491
4291
1541
709
863
567
2952
169
3928
2939
1354
686
88
835
227
3494
4298
1542
709
863
567
2954
169
3949
2941
1355
687
88
836
227
3497
4304
1543
710
864
568
2956
169
3969
2942
1356
687
88
836
228
3498
4311
1544
710
864
568
2958
169
3988
2944
1356
687
88
836
228
3499
4317
1545
711
865
568
2959
169
4007
2945
1356
688
88
837
228
3501
4322
1545
711
865
568
2960
169
4026
2947
1357
688
88
837
229
3502
4328
1547
711
865
568
2961
169
4043
2948
1358
688
88
837
228
3504
4333
1548
711
865
568
2962
169
4060
2948
1358
688
88
838
228
3505
4337
1548
711
865
568
2963
169
4076
2949
1358
689
89
838
228
3506
4342
1548
712
866
569
2964
169
4092
2950
1359
688
89
838
228
3507
4346
1549
712
866
568
2965
169
4106
2951
1358
688
88
838
228
3507
4350
1549
712
865
568
2965
169
4121
2951
1359
689
89
838
228
3507
4353
1549
712
866
568
2965
169
4135
2951
1359
688
88
838
228
3507
4357
1549
712
866
569
2966
169
4148
2951
1358
688
88
838
228
3508
4360
1550
712
866
569
2966
169
4161
2951
1358
689
89
839
228
3508
4363
1550
712
865
569
2966
169
4174
2951
1358
688
89
839
228
3508
4365
1550
712
866
569
2966
169
4185
2950
1358
688
88
838
227
3507
4367
1550
711
866
568
2966
169
4196
2950
1358
688
88
838
228
3507
4370
1550
712
865
568
2965
169
4207
2950
1358
688
88
838
228
3507
4371
1550
711
865
568
2965
169
4217
2949
1358
688
88
837
228
3506
4373
1550
711
865
568
2965
169
4227
2949
1357
688
88
838
228
3506
4375
1550
711
864
568
2964
169
4237
2948
1357
688
88
838
228
3505
4376
1549
711
865
568
2963
169
4246
2947
1357
687
89
837
228
3504
4377
1549
711
864
568
2963
169
4255
2947
1356
687
88
837
227
3503
4378
1549
711
864
567
2962
168
4263
2945
1356
687
88
836
228
3502
4378
1548
711
864
567
2961
169
4270
2945
1355
686
88
836
228
3500
4379
1548
710
863
567
2960
169
4278
2944
1354
686
88
836
227
3499
4380
1548
710
863
567
2959
169
4285
2943
1354
686
88
836
227
3498
4380
1547
709
863
566
2958
168
4291
2941
1354
686
88
835
227
3497
4379
1546
709
862
566
2956
168
4298
2940
1352
685
88
835
227
3494
4380
1546
709
862
565
2955
168
4304
2938
1352
684
88
834
227
3493
4379
1545
708
861
565
2954
168
4310
2937
1352
684
88
834
227
3492
4378
1544
708
861
565
2953
168
4315
2936
1351
684
88
833
227
3490
4378
1544
708
860
565
2951
168
4320
2934
1350
683
87
833
227
3488
4377
1543
707
860
564
2949
168
4325
2932
1349
683
88
833
227
3486
4376
1542
707
859
564
2948
168
4329
2930
1349
683
88
832
226
3484
4375
1541
706
858
564
2946
168
4333
2929
1348
682
88
832
226
3481
4374
1540
706
858
563
2944
168
4338
2927
1347
682
88
831
226
3479
4373
1540
706
858
562
2943
167
4341
2925
1346
682
88
831
226
3478
4371
1539
705
857
563
2941
167
4345
2924
1345
681
88
830
226
3475
4370
1538
705
856
562
2939
167
4348
2921
1344
680
87
829
226
3473
4368
1537
704
856
561
2937
167
4351
2920
1343
680
87
829
226
3470
4366
1536
704
855
561
2935
167
4353
2917
1342
680
87
828
225
3468
4365
1535
703
855
561
2933
167
4356
2915
1341
679
87
828
225
3465
4363
1534
702
854
560
2931
167
4358
2913
1340
679
87
827
225
3463
4360
1533
702
854
560
2928
166
4360
2911
1339
678
87
826
225
3461
4358
1532
702
853
560
2926
166
4362
2909
1338
678
87
826
224
3458
4356
1531
701
852
559
2924
166
4363
2906
1337
677
87
825
224
3455
4354
1529
700
851
558
2922
166
4365
2904
1336
676
87
825
224
3452
4351
1529
700
850
558
2920
166
4366
2902
1335
675
87
824
224
3449
4348
1527
700
850
558
2917
166
4367
2899
1333
675
87
823
224
3446
4346
1526
699
849
557
2915
165
4368
2897
1333
674
87
823
224
3444
4343
1525
698
848
556
2913
165
4369
2895
1331
674
86
822
223
3441
4340
1523
697
848
556
2910
165
4369
2892
1330
673
86
821
223
3438
4337
1522
697
847
555
2908
165
4369
2889
1329
673
87
820
223
3435
4334
1521
696
846
555
2905
165
4369
2887
1328
672
86
819
223
3431
4331
1519
696
845
554
2902
164
4369
2884
1326
671
86
818
222
3428
4328
1518
695
845
554
2900
165
4369
2881
1325
671
86
818
222
3425
4325
1517
694
843
553
2897
165
4369
2879
1324
670
86
818
223
3422
4322
1516
693
843
553
2895
164
4368
2876
1323
670
86
816
222
3419
4319
1514
693
842
552
2892
164
4367
2873
1322
669
86
815
222
3415
4315
1513
692
841
551
2889
164
4367
2871
1320
668
86
815
222
3413
4312
1511
691
840
551
2886
164
4366
2868
1319
668
86
814
221
3409
4308
1510
691
840
550
2884
163
4365
2865
1317
667
85
813
221
3406
4305
1509
690
838
550
2881
163
4364
2862
1317
666
86
812
221
3403
4301
1508
689
838
549
2878
164
4362
2859
1315
666
86
812
221
3399
4297
1506
688
837
549
2875
163
4361
2856
1314
665
85
811
220
3395
4294
1505
688
836
548
2872
163
4359
2854
1312
664
86
810
220
3392
4290
1503
687
836
547
2869
163
4358
2851
1311
663
85
809
220
3389
4286
1501
686
834
547
2867
162
4356
2848
1310
662
85
808
220
3385
4282
1500
686
833
547
2864
162
4354
2845
1308
662
84
807
219
3382
4278
1498
685
833
546
2860
162
4352
2842
1307
661
85
806
219
3378
4275
1497
684
832
545
2858
162
4350
2839
1306
660
85
806
219
3375
4270
1495
684
831
545
2855
162
4348
2836
1304
659
84
804
219
3371
4266
1494
682
830
544
2852
162
4346
2833
1303
659
85
804
219
3367
4262
1492
682
829
544
2849
161
4343
2830
1302
658
85
803
218
3364
4258
1490
682
829
543
2845
161
4340
2827
1300
657
84
801
218
3360
4254
1489
681
827
542
2843
161
4339
2824
1298
657
84
801
218
3357
4250
1488
680
826
541
2839
161
4336
2821
1297
656
84
800
218
3354
4245
1486
679
826
541
2837
161
4333
2818
1295
655
84
800
217
3349
4241
1484
678
824
541
2834
160
4330
2814
1294
654
84
799
217
3345
4237
1483
677
823
540
2830
160
4328
2811
1293
654
84
798
217
3343
4232
1481
677
823
540
2828
160
4325
2808
1291
653
84
797
217
3338
4228
1479
676
822
539
2824
160
4321
2805
1290
652
84
796
216
3334
4224
1478
676
821
538
2821
160
4319
2802
1288
652
84
795
216
3331
4220
1476
675
820
537
2817
160
4315
2799
1287
651
84
794
216
3327
4215
1475
674
819
537
2815
160
4312
2796
1285
650
83
793
216
3323
4211
1473
674
818
536
2811
159
4309
2793
1284
649
83
792
215
3319
4207
1471
672
817
536
2808
159
4305
2789
1283
649
84
791
215
3315
4202
1469
672
816
535
2805
159
4302
2786
1281
648
83
790
215
3312
4198
1468
671
815
534
2802
159
4299
2783
1280
647
83
789
215
3308
4193
1467
670
814
534
2798
158
4295
2780
1278
647
83
789
215
3304
4188
1464
670
813
533
2795
158
4292
2776
1277
646
83
788
214
3300
4184
1463
669
812
532
2792
158
4288
2773
1275
645
83
787
214
3296
4179
1461
668
811
531
2789
158
4284
2770
1274
644
83
786
214
3293
4174
1459
667
811
531
2786
158
4281
2767
1272
643
83
785
214
3289
4169
1458
666
810
531
2782
158
4277
2764
1270
642
82
784
213
3285
4165
1457
665
808
530
2779
157
4273
2760
1269
642
83
783
213
3281
4160
1454
665
807
530
2776
157
4270
2757
1268
641
83
783
213
3277
4156
1453
664
807
529
2773
157
4265
2754
1266
640
82
781
212
3273
4151
1451
663
806
528
2769
157
4261
2750
1264
639
82
780
212
3269
4146
1450
662
804
527
2766
156
4257
2747
1263
639
82
779
212
3266
4141
1448
661
803
527
2763
157
4253
2744
1262
638
82
778
212
3261
4136
1446
661
803
526
2760
157
4249
2740
1259
637
82
777
211
3257
4132
1445
660
802
525
2756
156
4245
2737
1258
637
82
777
211
3254
4127
1443
659
801
525
2753
156
4242
2734
1257
636
82
776
211
3250
4122
1441
658
800
524
2749
156
4237
2731
1255
635
81
775
210
3246
4118
1439
658
798
523
2746
155
4233
2727
1254
634
81
774
211
3242
4113
1437
656
798
523
2743
155
4228
2724
1252
634
81
773
211
3238
4108
1435
655
797
522
2740
155
4224
2720
1251
632
81
772
210
3234
4103
1434
655
796
521
2736
155
4220
2717
1249
632
81
771
210
3230
4098
1433
654
795
521
2733
155
4216
2714
1248
631
81
770
210
3226
4093
1430
653
794
520
2730
155
4211
2710
1246
630
81
769
209
3222
4088
1428
655
796
522
2729
157
4207
2710
1247
632
84
771
212
3220
4086
1430
656
797
525
2728
160
4206
2709
1249
634
86
772
214
3219
4083
1430
655
795
523
2723
158
4199
2704
1246
632
85
770
213
3214
4076
1427
655
795
522
2719
159
4193
2701
1244
632
85
769
213
3209
4072
1425
653
793
522
2715
158
4189
2697
1243
631
85
769
212
3205
4066
1424
652
792
521
2712
158
4182
2693
1242
630
85
768
212
3201
4060
1422
652
791
520
2709
158
4177
2690
1240
629
85
767
212
3197
4056
1420
651
790
520
2705
158
4171
2686
1238
628
85
766
212
3193
4050
1418
650
789
519
2701
158
4166
2683
1236
628
85
765
213
3188
4045
1416
649
788
518
2698
158
4160
2679
1235
627
85
764
211
3184
4039
1414
649
787
518
2695
158
4154
2676
1233
626
84
763
211
3180
4033
1413
648
786
517
2691
157
4149
2672
1232
625
85
762
212
3176
4028
1411
647
785
516
2686
157
4134
2668
1230
625
85
761
211
3172
4023
1409
461
561
370
1907
113
2644
1909
892
453
62
554
154
2194
2659
1040
50
2
50
52
27
6
35
36
4
11
83
5
91
102
56
13
2
85
98
14
34
53
66
43
214
13
157
217
106
54
7
66
17
203
173
125
81
5
86
96
51
12
2
76
85
12
29
26
32
20
104
7
99
104
50
26
4
30
7
101
98
55
31
1
34
36
19
5
28
31
4
10
5
6
3
20
1
47
19
9
4
1
5
26
41
7
1
3
1
7
1
9
6
3
1
4
2
7
13
14
15
8
3
13
15
2
5
6
9
5
27
2
16
27
14
7
1
9
1
24
16
16
13
14
15
7
3
12
14
1
4
4
5
3
16
2
17
16
9
5
1
6
16
15
8
5
6
6
3
2
5
1
