3
28
40
3
107
12
11
58
10
29
4
42
8
4
114
5
23
60
10
31
9
49
15
3
5
118
35
59
12
31
9
56
15
5
5
121
37
59
14
30
8
51
10
4
4
120
27
57
9
29
2
41
5
3
115
19
52
6
26
28
2
102
2
16
44
8
27
25
3
100
2
9
50
17
24
25
6
100
3
8
54
20
23
25
7
98
5
50
16
24
19
7
96
3
57
20
21
18
9
100
2
13
58
21
19
29
10
103
12
5
54
18
20
24
9
97
13
55
16
20
19
9
97
12
53
14
22
20
6
94
3
49
12
24
16
3
91
52
17
22
19
4
93
2
51
17
24
19
3
96
1
52
16
25
14
2
93
59
27
24
19
6
96
1
57
25
26
19
6
100
8
62
25
26
27
5
103
21
58
21
26
28
5
102
29
58
18
26
18
5
103
28
62
23
22
27
6
106
22
53
15
24
25
3
99
24
53
14
23
23
3
97
25
48
12
25
27
2
93
29
45
12
22
19
3
93
32
48
9
22
22
5
93
30
40
4
22
15
3
84
26
39
7
18
11
5
81
29
36
5
20
9
4
79
30
36
7
19
9
5
76
42
41
10
21
18
4
84
63
37
8
21
14
4
83
53
37
6
19
15
6
82
49
34
6
18
17
5
77
52
29
3
17
5
69
34
33
9
15
12
7
74
31
35
15
18
18
5
76
28
42
14
20
7
18
4
85
21
38
16
19
12
16
1
4
81
16
37
12
21
1
13
13
3
77
6
36
13
21
1
12
17
3
77
1
35
12
20
5
6
2
71
10
34
4
19
2
3
1
70
17
33
3
19
1
3
68
23
38
6
22
3
73
34
42
15
21
4
74
39
44
23
21
5
5
80
44
48
21
20
11
5
86
40
50
25
22
9
6
79
35
52
31
24
10
8
84
27
57
30
24
15
9
89
23
58
32
24
13
10
85
18
58
35
24
15
10
88
19
62
37
23
21
8
90
32
62
45
22
17
9
89
41
59
41
23
11
10
87
34
56
35
22
16
10
83
36
55
39
22
17
10
81
39
57
39
24
12
10
82
6
31
62
41
25
20
2
10
90
2
37
75
52
25
3
1
13
35
15
5
12
17
15
10
12
101
45
76
53
27
4
6
8
13
26
46
20
10
24
28
22
16
11
103
46
69
47
28
1
2
11
11
19
33
43
21
8
30
30
23
14
8
101
8
51
69
45
28
2
13
13
22
34
42
20
5
32
31
20
10
7
1
103
5
48
59
37
25
9
10
16
27
34
13
25
25
12
1
6
90
9
51
51
35
18
3
6
9
17
26
17
15
3
7
76
22
51
47
33
18
2
6
17
11
6
8
72
15
52
43
32
16
1
9
10
9
65
9
53
40
31
14
5
9
12
9
65
6
44
42
31
13
10
2
18
1
15
9
1
68
5
43
36
25
14
3
12
16
14
7
1
63
33
34
21
15
5
14
10
3
14
6
62
21
31
39
22
12
2
14
8
6
14
8
61
76
22
41
28
13
8
15
7
9
64
114
20
48
41
16
12
10
68
110
28
49
46
14
11
13
68
126
31
51
43
14
18
14
68
167
37
48
43
17
11
12
63
194
32
44
38
15
10
13
64
166
31
44
36
13
8
13
59
36
11
33
43
37
13
4
12
55
28
40
40
37
11
1
12
1
53
32
47
39
36
11
12
46
27
36
42
36
13
9
11
53
9
30
49
46
12
1
4
1
6
5
6
20
13
58
2
25
52
53
13
2
4
2
7
9
6
22
14
61
9
56
55
14
5
4
2
6
9
10
21
14
62
4
54
59
15
9
3
2
3
8
8
2
16
14
58
48
17
56
57
16
10
2
2
7
4
5
10
14
63
26
20
50
54
15
7
3
6
3
2
10
8
10
14
53
3
15
50
53
14
5
3
10
4
8
11
12
9
13
50
3
17
53
55
12
9
4
14
5
21
19
7
1
19
13
14
1
55
7
17
49
54
14
5
12
20
16
16
8
11
51
3
53
55
13
4
11
22
16
15
6
10
53
2
1
47
53
15
3
9
22
16
5
2
14
7
1
2
10
49
5
7
50
57
16
3
5
18
14
1
3
12
5
3
2
11
53
7
9
62
63
16
4
2
5
2
19
14
15
4
3
5
10
6
5
2
12
63
5
3
55
60
17
2
1
10
5
10
2
2
1
13
58
3
54
60
13
6
1
4
1
14
55
1
1
54
53
12
3
13
51
6
44
46
10
2
14
46
4
41
46
5
3
15
35
39
45
5
4
16
35
7
41
46
7
4
15
36
12
45
50
6
6
2
15
2
41
16
40
47
9
5
3
1
14
1
39
20
39
46
12
2
6
11
36
1
18
50
54
10
5
2
12
4
14
1
47
3
24
48
52
13
4
4
1
15
13
44
27
45
49
10
7
5
16
5
1
2
7
13
41
8
25
46
51
9
7
5
10
3
2
2
10
1
1
13
45
7
20
52
56
12
13
8
3
3
5
4
12
16
3
9
9
17
48
18
25
57
67
12
22
14
5
1
13
10
22
24
7
20
19
19
9
49
27
29
55
67
13
23
16
7
3
14
2
21
23
7
21
18
19
9
48
19
21
51
60
10
23
19
1
13
9
15
17
20
9
22
16
20
3
40
23
29
45
55
11
17
15
1
9
6
3
7
7
5
9
2
19
37
18
31
42
53
13
12
9
2
4
4
2
16
34
14
35
43
58
9
9
3
16
33
11
3
40
39
56
12
3
15
28
6
5
27
48
60
11
4
17
34
12
25
48
58
9
6
18
34
7
5
17
44
53
10
4
16
25
6
9
47
56
5
8
19
28
5
1
13
41
54
5
9
18
23
14
9
40
56
5
8
18
21
16
17
43
55
4
9
18
19
22
8
41
55
7
10
17
24
25
1
5
48
62
8
13
4
4
18
26
35
12
49
67
10
16
5
9
4
8
19
29
48
10
49
65
12
18
3
12
3
6
19
30
52
25
49
59
13
15
6
3
17
26
51
22
48
60
11
13
3
4
19
31
54
16
47
57
8
12
7
4
19
30
68
12
48
62
8
10
1
9
5
1
6
18
25
78
12
52
68
10
9
2
11
7
4
11
3
16
29
79
12
54
67
11
8
4
14
3
8
5
9
7
17
4
4
3
15
1
35
88
11
55
69
12
10
8
17
10
16
7
9
12
7
13
20
11
9
9
16
3
6
38
104
14
55
69
13
14
12
19
16
22
14
12
17
11
18
22
15
13
13
15
7
10
41
117
8
59
66
14
14
1
12
17
18
19
13
8
15
9
16
16
11
10
10
15
8
9
44
110
4
59
66
11
17
15
14
20
16
12
5
15
1
13
10
9
3
5
16
7
6
37
113
1
54
66
9
19
15
10
16
11
6
3
16
8
3
1
17
2
4
33
109
51
66
12
16
13
7
12
8
5
9
4
1
18
31
106
50
63
10
16
13
7
9
8
1
9
2
18
27
110
50
59
8
17
13
8
5
8
10
18
3
29
107
48
59
8
15
2
13
13
4
12
1
5
3
18
5
27
109
47
60
9
16
4
13
14
1
13
8
1
4
18
3
23
112
53
66
8
18
1
14
14
1
14
3
16
9
6
1
2
19
1
5
27
117
2
59
71
9
22
1
11
11
8
21
11
3
1
4
20
10
34
113
9
58
71
12
19
3
2
18
7
19
8
33
101
15
58
75
10
20
18
7
21
8
29
94
19
60
75
10
23
20
7
22
8
30
86
20
63
79
9
25
21
10
1
25
10
36
83
29
60
79
5
27
8
1
24
16
5
6
27
11
28
77
30
4
59
77
5
29
16
14
6
27
21
19
2
11
27
1
1
13
29
70
26
10
60
78
8
30
17
16
7
24
19
18
10
25
1
2
12
34
64
22
3
55
72
9
25
15
13
17
8
8
23
1
1
6
25
39
21
55
68
8
20
14
4
13
12
4
7
22
3
3
1
27
30
19
7
48
64
9
14
11
5
9
6
19
2
27
19
12
12
45
58
9
10
1
9
7
8
4
16
2
22
3
15
11
46
58
7
9
1
9
11
9
5
16
1
18
15
19
46
62
9
9
5
6
11
4
7
16
16
12
26
48
62
8
12
2
7
10
3
7
17
16
1
24
44
61
3
16
9
7
1
7
20
16
25
47
63
3
13
3
1
20
14
4
26
45
62
2
12
2
20
15
7
40
47
60
2
13
3
2
21
15
39
50
60
5
12
1
2
20
16
4
27
50
60
7
10
1
2
20
19
8
24
58
68
7
12
2
10
20
1
30
12
13
60
74
10
13
3
15
2
19
8
31
7
13
64
80
11
20
8
1
4
1
22
11
3
22
16
27
9
64
79
12
23
8
24
9
23
16
34
65
81
11
23
6
20
5
23
14
33
64
78
10
22
4
16
23
7
29
57
75
6
23
5
14
24
5
22
56
77
1
26
9
18
2
25
2
10
23
56
65
4
20
5
13
23
2
3
21
53
64
4
18
7
1
11
3
22
3
1
21
10
59
73
4
22
11
12
3
18
12
12
6
23
5
4
11
27
16
64
73
7
23
14
17
7
22
17
18
11
23
3
6
16
27
16
59
76
9
22
19
5
25
14
23
22
25
14
22
2
10
17
30
12
10
65
84
9
25
27
15
36
24
28
30
36
22
23
6
18
22
31
14
10
64
78
9
24
31
18
38
26
30
31
39
23
22
7
19
20
27
3
11
63
76
12
24
1
30
17
33
24
29
30
2
37
22
22
5
13
17
35
7
8
68
78
11
26
1
27
16
25
18
26
25
5
26
17
23
3
5
16
36
10
62
78
8
27
1
25
18
18
13
26
22
10
16
14
23
5
2
16
27
21
59
70
10
25
5
19
19
9
2
10
21
15
13
7
9
21
5
9
30
23
57
66
10
24
6
14
19
7
5
16
3
8
17
3
21
3
6
30
17
64
75
7
29
15
17
11
5
8
23
4
12
20
3
8
23
4
13
35
21
62
70
12
22
3
5
8
15
2
8
20
5
33
14
59
65
9
21
4
3
17
5
1
20
7
28
5
2
59
75
6
25
6
25
11
5
22
17
23
8
7
57
77
7
25
4
25
10
1
23
16
21
11
53
77
4
26
7
23
11
1
25
15
18
11
61
79
6
28
6
21
7
26
15
22
4
71
81
7
31
8
23
5
27
15
32
4
60
76
7
27
7
16
25
7
26
11
56
67
7
23
5
9
23
21
14
52
59
7
16
3
2
19
18
3
50
52
8
8
18
17
2
47
54
7
9
18
12
3
47
56
5
9
3
1
19
1
13
11
52
63
4
12
7
2
9
7
7
21
3
2
2
20
22
60
72
7
16
12
13
17
14
16
10
22
5
20
2
9
12
25
2
63
72
12
17
3
13
19
19
1
18
19
14
1
26
11
19
10
13
32
64
80
13
22
1
14
18
17
18
4
28
2
19
3
25
1
16
20
5
24
36
68
82
13
23
3
12
16
10
15
32
19
20
17
20
28
35
64
77
12
24
3
11
13
4
11
28
17
15
16
21
23
32
7
61
74
13
21
2
8
7
7
26
15
11
14
20
22
28
3
69
75
13
18
5
4
3
3
21
12
4
12
21
22
34
10
9
69
75
13
16
3
3
4
16
7
5
21
17
37
6
28
61
66
14
12
2
3
4
5
2
12
8
5
20
8
35
30
62
63
15
14
2
7
7
9
12
9
14
13
7
5
3
11
20
9
36
2
35
66
72
15
17
4
11
11
4
15
16
3
19
5
18
12
10
6
12
21
18
35
25
70
72
15
19
2
15
15
12
20
19
9
19
5
19
15
15
5
12
21
4
18
40
7
64
68
13
19
4
14
13
11
15
12
17
14
10
11
7
20
5
15
31
3
10
56
72
8
23
14
8
10
9
7
19
12
4
9
4
23
2
3
15
26
7
51
61
9
21
9
2
12
2
22
3
5
23
9
48
59
6
16
6
5
21
5
10
4
11
44
56
4
16
6
1
22
8
7
4
44
54
6
15
5
1
21
8
8
3
46
57
6
14
6
1
1
20
6
9
2
50
55
8
13
5
1
19
3
15
51
58
9
14
6
1
19
1
15
2
51
58
10
19
8
4
21
16
56
62
10
27
14
15
6
24
5
24
5
61
70
10
29
18
1
22
14
1
25
11
24
1
65
75
12
29
20
2
28
22
8
25
22
31
65
78
13
31
22
5
34
30
13
25
29
30
65
76
10
30
22
7
34
33
10
20
24
28
31
65
73
11
24
14
2
28
28
8
14
22
22
32
56
65
12
18
4
19
17
1
4
20
13
21
58
60
10
14
8
6
19
4
26
57
61
8
12
3
19
20
52
57
7
11
21
18
54
55
8
13
1
23
18
2
57
59
10
17
2
5
22
20
1
60
62
9
19
10
3
5
9
23
1
2
27
9
59
54
8
15
12
7
10
6
20
3
6
1
24
4
50
49
9
9
8
5
9
17
2
6
19
41
44
8
1
3
1
5
15
1
3
15
44
36
8
12
8
45
39
8
13
10
50
44
7
14
18
53
47
11
14
20
5
59
59
10
2
3
1
16
1
1
1
23
9
61
59
14
6
1
6
4
2
15
6
26
9
65
62
16
14
8
11
4
5
16
11
14
8
5
9
14
18
17
34
9
74
75
16
20
12
12
6
6
5
18
27
18
25
18
17
19
27
21
30
43
3
5
76
75
20
18
2
9
10
2
14
27
15
24
18
14
18
26
20
30
44
8
74
67
20
18
2
9
10
1
15
26
17
24
19
13
19
25
20
28
45
12
63
66
19
14
2
7
8
1
15
24
14
21
18
11
13
22
19
24
39
10
64
67
15
12
1
5
6
7
24
7
20
13
10
10
20
18
27
34
5
62
58
15
7
4
4
3
17
6
14
10
8
6
15
15
19
32
56
55
15
5
5
2
13
6
5
2
7
14
11
23
60
59
13
8
2
5
3
14
9
9
6
3
8
16
13
28
59
60
12
14
3
4
12
10
14
7
17
6
16
17
14
8
15
17
16
30
9
55
57
15
17
9
8
18
5
19
20
4
18
12
17
24
16
12
14
18
2
16
23
12
62
62
17
18
8
14
21
11
25
27
14
18
15
16
27
19
15
13
18
3
4
18
35
12
64
60
18
18
5
15
19
14
21
24
7
14
12
11
21
15
9
8
18
3
6
12
38
8
57
51
17
15
4
13
14
12
10
11
2
5
4
1
10
4
18
3
4
1
31
3
46
46
14
13
2
12
8
10
18
2
1
20
3
49
45
12
12
11
4
7
17
2
19
47
47
10
13
1
12
6
7
17
1
16
45
50
6
17
1
16
10
14
6
19
3
5
5
54
54
7
16
15
11
14
10
20
4
7
1
15
1
55
58
8
15
1
14
12
13
12
1
19
4
6
3
19
7
53
54
8
13
2
13
15
13
11
6
18
5
8
4
16
2
57
56
11
11
6
8
17
7
13
6
16
2
5
10
26
61
58
16
10
10
5
16
3
15
8
15
13
27
5
62
57
18
11
5
4
10
15
11
1
16
13
33
10
65
62
16
16
5
6
6
19
1
13
6
18
17
37
4
65
65
18
18
4
13
19
1
12
4
19
19
41
2
70
68
19
21
5
3
10
22
2
13
1
5
20
21
43
75
73
18
21
7
10
4
13
25
6
15
4
6
10
22
25
41
77
76
20
18
8
13
7
20
26
9
18
7
4
8
13
20
30
45
4
73
71
19
12
5
12
7
11
22
7
15
6
5
6
11
18
28
41
10
63
61
17
8
2
2
1
5
15
2
10
3
7
16
20
33
5
58
61
13
9
5
16
10
5
7
16
20
26
6
61
59
11
11
6
2
15
7
5
4
18
19
25
14
57
52
11
10
6
7
2
2
18
10
26
13
52
52
11
11
9
2
8
1
3
17
10
24
11
58
51
12
14
3
12
5
12
4
4
2
16
12
24
17
58
57
12
15
2
14
6
7
1
16
5
3
2
16
1
15
27
30
54
58
13
13
7
12
10
6
14
1
15
1
1
14
21
33
54
55
14
11
9
11
14
9
9
14
3
9
15
29
1
60
59
11
13
12
14
13
12
1
3
17
5
12
25
19
8
59
52
12
10
1
8
11
9
1
7
3
16
6
22
3
6
52
50
12
7
4
7
13
9
8
6
5
8
3
15
3
16
1
57
52
13
8
4
8
17
12
16
13
6
1
17
9
1
15
1
4
22
1
3
60
54
16
9
7
10
21
14
22
19
1
11
4
3
22
16
5
1
16
5
12
27
4
61
61
16
14
7
13
25
18
28
26
7
16
9
7
29
23
11
6
17
9
19
31
62
63
17
15
7
12
26
16
27
23
2
15
10
5
30
19
13
5
18
8
20
26
61
58
15
16
3
11
23
15
23
21
3
12
9
5
27
18
10
6
18
9
18
25
59
54
16
13
3
8
16
10
11
9
1
5
4
18
6
3
15
5
6
23
7
56
54
14
12
2
7
10
7
2
1
5
10
15
2
4
23
19
60
58
7
15
11
6
8
1
2
9
4
6
1
16
1
3
8
21
23
61
58
9
11
8
3
4
8
5
3
16
9
21
7
19
64
63
11
11
10
6
7
5
2
4
14
1
11
7
1
6
5
16
18
25
24
16
66
65
16
13
3
10
8
6
4
5
17
1
12
7
6
5
16
20
30
25
16
69
61
19
16
6
11
9
4
2
1
19
5
12
4
5
5
16
19
32
19
9
5
74
67
15
23
15
9
4
3
8
21
2
16
2
6
9
20
25
37
18
65
65
16
21
3
9
5
2
16
6
18
18
30
3
2
56
61
12
19
2
8
4
13
1
17
1
13
18
2
51
57
8
14
6
2
6
17
1
7
12
50
47
6
10
1
6
1
1
16
4
9
49
51
13
11
1
4
18
9
1
7
1
55
53
4
12
12
2
4
1
17
7
1
15
4
61
59
6
18
19
4
12
11
12
6
3
19
7
4
11
22
8
63
64
9
22
20
5
17
6
16
16
13
5
20
3
4
14
21
10
60
62
14
20
17
2
14
6
15
14
10
3
19
10
19
12
59
65
14
21
13
9
3
15
10
7
19
9
21
8
64
57
15
17
5
8
2
17
1
26
16
53
52
11
14
3
4
17
16
23
50
52
10
12
1
4
17
10
21
58
57
8
14
5
10
18
5
15
20
53
61
7
16
9
4
5
6
13
3
4
18
11
11
8
57
58
6
16
12
11
12
13
4
12
4
9
17
1
12
