17
12
21
35
3
5
52
86
170
14
19
15
2
34
48
1
54
88
166
11
20
15
1
33
54
10
8
52
88
156
9
18
14
4
21
60
9
3
12
54
83
162
15
17
13
5
32
54
8
3
52
81
175
23
4
18
10
3
38
51
9
5
11
56
84
165
20
7
19
7
5
11
40
56
13
8
27
61
87
146
27
13
16
1
13
31
29
10
32
58
90
147
25
8
18
2
7
21
39
47
21
9
12
60
90
152
24
5
18
4
9
25
39
54
23
9
10
60
88
159
25
10
16
2
7
23
37
50
18
10
1
22
59
93
148
20
6
17
5
9
24
44
62
23
6
9
2
34
56
92
151
31
14
20
11
2
40
53
6
32
65
105
159
22
7
19
12
9
42
60
6
4
23
55
107
168
27
12
21
14
12
16
6
56
70
15
3
30
70
94
170
43
27
24
13
1
17
13
57
5
69
21
5
37
82
87
159
38
21
23
11
18
17
48
13
68
23
5
28
77
94
159
44
20
25
9
15
17
49
72
22
5
19
86
102
167
44
22
27
8
14
17
56
65
19
7
17
86
99
177
37
12
26
7
15
23
62
68
6
23
4
7
24
82
100
173
39
22
24
1
8
21
1
54
61
6
17
4
10
26
81
97
172
43
23
23
13
44
46
6
3
12
27
83
101
175
33
8
22
9
42
49
4
10
12
76
101
166
28
6
21
2
46
42
10
1
70
93
152
36
17
21
41
36
12
13
77
101
160
30
12
20
37
37
9
71
105
175
18
17
31
32
6
61
102
177
11
18
33
37
4
61
107
167
20
22
4
36
40
3
68
104
177
25
22
3
24
32
3
72
102
189
21
23
3
25
36
2
73
97
195
29
25
4
42
39
4
77
90
194
31
2
27
6
46
44
4
82
95
180
34
6
29
9
52
49
5
84
94
187
34
8
28
11
3
54
52
4
85
89
189
33
6
29
15
12
57
63
2
2
86
93
175
38
4
30
15
16
1
58
64
12
3
89
97
169
39
9
30
13
17
7
60
66
18
3
95
94
169
47
22
28
12
18
14
71
73
26
6
12
101
85
186
48
21
28
10
5
20
23
73
79
34
2
2
9
6
105
76
179
59
32
31
8
20
27
1
82
14
86
40
3
11
11
16
116
84
166
64
34
32
6
18
27
81
85
38
8
10
22
116
88
167
48
22
30
5
13
26
74
78
33
5
8
101
87
157
42
20
25
3
18
63
71
22
8
97
83
155
55
29
28
8
57
66
10
11
109
82
155
56
28
30
63
57
10
110
83
156
43
12
24
61
46
9
99
83
155
37
7
22
45
37
10
87
86
153
32
1
23
40
36
7
84
86
135
35
1
26
50
38
4
96
83
134
30
24
51
39
3
93
91
146
28
23
4
42
38
83
98
145
19
23
6
37
35
79
108
128
8
20
10
34
36
70
113
135
12
21
11
36
36
71
112
158
12
22
14
41
42
77
104
158
12
23
17
3
44
50
81
90
148
14
24
17
4
9
2
43
59
84
86
144
15
24
16
15
2
42
65
2
7
1
81
82
150
14
25
17
23
8
11
58
69
19
6
3
84
83
159
19
27
20
31
14
24
5
68
79
34
12
6
8
93
91
151
20
28
21
34
11
30
9
72
86
44
13
12
6
93
88
149
14
27
20
35
12
38
14
70
85
50
15
15
4
91
86
157
20
28
17
29
4
34
8
64
84
47
11
12
93
77
153
24
28
13
23
30
5
77
88
46
7
17
1
98
66
141
26
27
10
25
6
40
18
80
93
2
52
18
28
8
2
103
71
132
25
26
6
21
5
39
19
74
92
7
49
19
24
5
4
96
74
151
24
28
4
16
1
38
19
83
93
46
15
24
5
3
99
81
178
25
29
11
36
18
79
92
3
41
16
24
11
6
102
83
174
26
30
4
30
13
79
88
32
9
20
7
8
100
78
156
30
30
23
4
73
84
24
17
5
10
103
86
167
29
29
16
62
83
16
14
9
99
101
170
25
29
8
75
76
9
8
6
99
104
166
21
31
70
70
1
3
98
100
148
14
32
56
64
86
99
144
12
29
64
59
84
100
155
7
25
56
55
82
94
149
1
27
4
46
49
75
102
146
25
8
43
47
69
116
158
25
12
40
49
67
123
164
27
16
48
56
72
113
166
28
20
7
55
64
77
114
158
30
24
18
55
68
9
80
115
162
25
26
29
5
17
3
50
71
22
6
5
69
48
105
175
25
26
34
12
27
13
42
77
34
16
9
7
72
161
95
178
29
26
37
18
35
20
58
82
42
23
14
8
86
271
81
171
30
25
42
23
47
31
73
87
52
31
22
5
13
84
379
71
170
1
31
26
47
29
59
41
73
97
1
64
38
43
21
16
90
423
69
184
32
26
4
50
36
66
47
78
98
13
68
46
48
24
18
88
404
82
191
32
27
50
33
72
51
73
105
9
75
48
58
32
16
89
332
93
175
8
33
25
46
24
73
49
79
110
5
78
40
73
34
10
94
183
110
158
8
30
20
41
20
70
45
85
108
5
75
36
77
20
5
92
36
113
158
5
28
19
38
18
69
42
76
108
7
73
35
73
17
1
89
107
154
10
28
15
31
9
59
33
81
105
10
63
27
60
23
91
101
144
12
29
13
30
6
59
35
87
108
12
60
24
64
29
3
100
91
143
18
28
9
27
6
58
36
86
105
7
54
22
56
29
3
100
88
165
14
26
2
18
46
24
73
97
40
13
45
29
3
97
14
79
181
7
22
7
33
14
50
83
24
3
32
16
3
85
30
79
173
21
1
24
7
53
71
12
21
10
74
89
153
20
15
65
69
5
20
9
82
29
90
154
1
19
5
58
59
10
80
41
87
153
19
3
2
46
57
5
3
67
53
83
153
21
10
3
2
42
59
2
65
35
91
150
23
16
12
10
54
66
4
7
69
37
87
150
23
23
23
19
2
55
74
13
1
18
71
49
81
153
23
22
23
16
49
71
9
3
7
63
28
80
147
22
21
27
22
7
51
73
17
5
6
5
61
28
86
136
24
26
33
6
29
15
46
76
29
15
11
6
4
66
32
80
143
27
29
39
8
36
20
55
80
39
17
16
5
5
67
49
73
155
23
32
45
15
42
25
54
78
48
21
20
1
10
69
34
82
151
27
35
49
19
46
29
45
81
54
26
20
10
13
66
32
87
134
25
37
50
18
49
30
41
84
58
27
20
10
11
58
42
91
131
24
36
48
19
46
27
41
82
56
23
19
7
10
63
34
90
150
26
32
41
12
39
16
52
76
49
16
14
1
3
63
34
92
152
27
28
33
1
32
7
49
74
44
7
10
69
32
94
135
28
24
30
34
5
59
84
48
1
20
74
40
83
125
25
16
25
33
3
69
88
47
1
27
1
75
53
73
120
26
13
17
25
59
82
39
23
78
53
77
124
1
27
7
7
17
63
79
30
14
81
43
81
127
8
11
27
4
2
12
65
81
27
19
3
79
45
96
122
22
13
29
3
9
64
80
22
19
5
85
49
104
135
4
32
3
7
68
83
19
19
96
54
105
143
11
32
2
71
79
11
14
1
100
43
106
148
43
58
27
63
72
4
12
7
90
40
101
139
35
42
24
62
77
8
22
7
96
64
95
133
31
25
25
2
64
76
8
20
11
9
96
62
95
139
33
12
30
46
63
11
85
62
87
141
20
25
1
57
61
12
88
66
90
131
31
70
22
2
54
58
4
87
34
96
146
51
87
15
6
40
39
2
97
25
91
169
40
8
24
12
13
13
45
56
13
4
87
48
80
171
54
49
32
11
15
17
3
36
49
18
6
2
35
84
40
81
160
64
71
18
9
19
1
25
12
41
47
22
14
8
7
15
80
48
79
156
84
84
36
4
15
24
11
48
81
23
13
6
3
36
94
47
81
168
90
59
29
11
2
24
15
34
23
52
63
31
26
10
3
49
108
50
80
172
92
73
27
12
3
27
19
40
29
46
67
36
34
12
2
3
45
95
51
77
160
108
134
41
14
23
4
34
20
43
68
34
21
11
7
34
121
40
97
158
107
124
32
13
22
10
35
20
37
47
33
24
7
11
57
100
47
113
170
110
104
27
2
10
3
22
14
35
20
41
64
34
29
12
12
72
91
55
113
183
101
56
28
11
19
6
32
15
31
74
34
23
14
5
76
108
49
106
178
113
118
27
6
8
16
31
52
19
7
12
83
91
36
107
165
99
81
23
7
8
12
43
54
16
4
2
8
69
101
45
112
160
122
94
11
8
6
9
36
55
13
14
71
107
37
105
171
128
121
31
2
42
51
3
16
77
101
20
88
166
103
76
36
36
47
9
66
101
1
86
153
127
97
17
40
45
19
64
106
18
90
174
110
93
31
35
35
11
59
103
8
100
185
88
77
28
25
23
7
39
86
97
182
99
95
20
37
43
16
35
89
3
85
171
91
76
27
32
34
9
34
100
3
82
159
84
59
24
28
33
9
17
94
79
156
80
59
24
20
42
8
8
93
68
150
66
42
25
32
44
2
14
88
5
70
128
62
39
26
4
1
45
57
3
2
21
87
10
84
128
54
31
24
7
10
8
40
59
17
5
5
11
85
17
88
139
43
23
25
10
18
6
17
7
38
59
27
16
7
5
78
20
74
138
39
24
28
13
25
14
30
21
36
64
38
27
18
2
18
79
25
72
126
36
13
27
18
1
35
23
42
31
45
71
50
35
24
4
18
77
37
75
124
38
12
29
19
2
36
22
43
28
51
70
52
32
30
15
3
15
90
32
72
135
27
2
29
22
43
26
54
40
51
73
59
35
32
5
7
1
87
13
70
141
19
24
23
48
25
64
49
45
85
9
66
38
38
16
10
3
74
17
73
131
16
24
22
7
46
27
64
50
44
81
1
65
40
42
21
10
3
79
8
83
125
7
25
26
7
47
27
64
49
52
76
62
39
34
8
9
71
2
88
141
9
22
23
3
42
19
56
38
53
84
57
30
32
10
3
7
74
2
96
153
4
26
23
10
36
15
48
28
51
79
50
26
27
5
75
86
143
3
26
25
36
8
49
29
48
82
53
22
34
19
70
78
126
3
21
23
34
6
48
28
57
84
53
20
37
10
70
1
73
130
22
19
25
36
12
63
75
42
10
27
70
64
128
1
24
11
10
21
51
78
29
23
73
68
117
22
3
10
57
70
18
15
70
68
103
18
46
57
7
5
65
65
108
17
37
58
1
60
69
120
20
43
57
63
62
120
22
1
41
68
2
10
68
63
113
25
4
3
56
66
2
7
73
9
71
115
23
8
5
58
64
2
2
67
10
65
123
20
10
4
4
41
61
1
3
57
11
51
122
18
14
8
44
55
1
55
48
118
16
15
12
43
57
6
52
10
52
120
17
17
18
4
41
68
14
5
48
20
61
125
20
21
24
3
9
48
71
21
1
7
57
19
61
128
25
25
27
2
11
47
72
27
2
10
2
65
21
62
110
27
27
35
11
22
9
47
73
36
12
18
6
5
66
18
68
105
18
31
3
46
25
38
23
52
78
48
24
25
18
3
16
47
29
66
110
18
32
18
49
29
42
28
47
77
49
26
20
11
7
18
46
24
63
107
19
28
12
46
26
41
24
47
78
8
49
23
21
13
5
15
59
28
61
96
15
32
50
24
48
27
41
13
87
5
57
28
34
11
5
17
55
29
73
86
21
33
49
19
49
28
44
83
56
21
32
7
6
13
57
28
82
108
16
28
21
47
23
47
28
58
79
54
24
27
13
9
13
55
39
95
128
16
26
47
18
51
31
59
4
87
3
58
28
35
14
6
10
58
23
102
117
20
21
37
5
41
22
57
87
48
16
29
21
61
32
101
99
15
14
22
24
6
47
68
31
1
16
8
56
13
96
99
20
21
24
3
9
48
71
21
1
7
57
19
61
128
25
25
27
2
11
47
72
27
2
10
2
65
21
62
110
27
27
35
11
22
9
47
73
36
12
18
6
5
66
18
68
105
18
31
3
46
25
38
23
52
78
48
24
25
18
3
16
47
29
66
110
18
32
18
49
29
42
28
47
77
49
26
20
11
7
18
46
24
63
107
19
28
12
46
26
41
24
47
78
8
49
23
21
13
5
15
59
28
61
96
15
32
50
24
48
27
41
13
87
5
57
28
34
11
5
17
55
29
73
86
21
33
49
19
49
28
44
83
56
21
32
7
6
13
57
28
82
108
16
28
21
47
23
47
28
58
79
54
24
27
13
9
13
55
39
95
128
16
26
47
18
51
31
59
4
87
3
58
28
35
14
6
10
58
23
102
117
20
21
37
5
41
22
57
87
48
16
29
21
61
32
101
99
15
14
22
24
6
47
68
31
1
16
8
56
13
96
99
15
18
28
10
30
19
47
66
33
18
19
3
48
14
55
143
18
18
31
10
32
21
46
66
35
14
16
1
3
52
16
62
153
18
19
6
37
19
38
29
44
66
41
19
20
12
10
48
31
55
133
19
22
43
22
46
34
48
73
10
49
30
28
19
13
50
41
56
125
20
24
45
22
48
32
46
74
51
25
28
20
4
14
53
39
53
128
20
26
2
46
22
48
29
39
72
51
24
26
10
3
14
52
38
51
124
21
25
3
43
20
42
24
39
70
45
21
18
12
2
13
50
17
57
110
17
23
38
16
36
18
42
66
40
18
16
8
2
10
47
14
65
98
12
22
38
13
38
19
35
67
40
18
19
8
2
9
47
37
74
105
14
22
5
35
16
32
15
22
64
33
15
13
2
4
8
42
17
80
121
15
21
4
35
17
33
18
45
70
34
18
19
4
8
47
20
77
113
16
18
31
12
31
17
53
73
7
32
17
19
9
4
5
56
23
80
109
16
16
2
26
10
27
13
49
68
27
15
14
4
5
2
55
13
89
114
17
15
23
7
25
12
48
59
24
13
13
3
55
30
84
118
18
12
8
20
6
21
8
37
71
21
11
15
10
3
41
26
70
111
16
7
15
17
5
56
74
4
21
7
18
11
2
59
21
71
97
14
6
10
11
53
66
1
20
19
6
60
22
68
106
16
5
7
9
53
70
22
22
12
59
30
65
120
17
8
9
11
56
70
27
1
21
12
60
39
67
127
16
8
7
13
1
50
70
27
5
24
8
53
31
71
115
16
6
8
20
10
50
71
31
9
30
16
62
44
68
122
16
7
12
1
26
18
34
69
35
13
32
15
55
45
56
135
17
11
17
9
31
24
47
64
39
23
32
25
54
37
45
127
17
14
22
15
36
31
52
68
43
28
30
26
56
44
41
110
18
14
5
26
20
40
35
47
78
3
47
33
32
26
1
52
27
48
102
18
14
21
30
25
42
36
40
66
47
35
29
28
4
46
28
54
113
16
21
8
39
29
50
43
37
71
9
54
42
34
6
10
40
42
51
129
16
26
46
27
56
46
44
74
12
59
41
33
14
14
52
35
50
119
16
29
40
52
41
60
49
45
72
4
60
47
29
23
5
23
46
30
51
110
15
34
62
39
72
58
51
22
83
21
71
54
41
31
2
26
46
37
51
108
16
34
57
27
62
46
45
73
2
60
39
28
31
19
43
22
43
107
15
31
10
50
26
50
36
36
63
48
32
16
14
3
18
39
15
39
96
17
32
48
21
46
32
33
62
45
27
19
11
1
15
40
16
43
91
14
31
5
46
23
40
26
36
65
41
23
15
5
16
40
5
47
102
10
28
46
19
39
24
46
71
12
40
23
19
11
7
17
47
16
48
118
11
26
6
40
21
31
17
27
64
31
23
15
9
7
14
39
17
48
119
11
21
7
32
18
22
10
31
62
23
21
13
3
7
10
42
8
48
106
12
12
5
21
5
12
3
48
56
12
6
11
3
7
1
47
9
52
105
10
5
11
12
2
3
33
49
5
1
7
7
43
1
55
108
11
1
7
32
47
1
3
14
1
44
6
40
105
10
4
36
48
3
3
47
6
32
92
9
6
5
37
49
11
6
3
47
35
102
10
1
8
14
4
31
55
21
13
38
8
34
121
11
2
3
13
4
23
16
37
61
32
12
17
9
40
15
30
119
12
6
20
12
35
28
48
2
66
45
28
26
27
49
20
46
109
13
6
24
11
44
36
53
73
18
55
28
41
30
56
32
58
124
14
10
19
33
25
51
44
51
72
4
61
40
42
33
2
4
55
49
54
133
15
16
37
24
56
48
45
7
73
12
64
41
45
32
6
52
43
48
128
18
21
41
22
58
52
44
9
74
13
67
44
46
47
7
54
45
50
113
16
25
48
35
66
59
51
6
77
7
72
53
46
52
14
48
41
50
119
13
24
12
50
36
70
57
48
79
12
73
52
45
39
4
14
45
43
63
134
16
25
11
50
31
68
51
29
76
18
71
48
42
23
2
11
49
57
67
138
17
28
14
52
31
70
52
36
77
2
71
41
41
25
1
12
48
52
65
133
19
29
5
52
30
69
50
56
77
7
69
40
41
27
1
14
52
65
67
130
17
31
52
27
64
42
47
75
2
66
36
36
20
13
47
75
71
131
14
32
52
26
60
37
48
75
61
31
33
27
1
13
47
71
69
125
18
33
49
22
52
31
47
81
54
26
28
17
1
13
49
51
66
112
17
33
3
45
15
43
21
47
75
47
13
27
4
11
49
48
67
105
16
28
39
8
34
10
47
70
38
6
23
6
5
7
50
59
63
119
13
21
4
31
6
24
38
62
24
8
9
4
45
58
73
142
16
18
27
3
21
41
61
3
20
13
7
3
50
54
81
137
20
18
27
24
1
44
26
69
22
22
12
4
2
57
56
78
131
16
14
12
23
7
21
1
42
62
16
2
19
14
10
2
54
38
85
144
11
13
6
21
6
20
2
48
60
1
14
4
20
19
10
49
34
82
134
11
10
20
3
21
8
54
61
14
8
20
20
5
55
42
64
117
15
8
17
5
22
12
42
1
59
12
15
22
5
1
56
32
65
101
13
7
15
8
23
15
27
55
11
18
18
13
2
49
25
68
101
11
2
8
12
10
24
21
32
48
12
16
12
19
3
49
22
70
119
13
10
10
26
21
42
50
16
21
17
20
47
17
77
118
13
6
11
10
32
26
39
53
25
24
22
25
1
51
26
88
101
14
2
15
10
38
30
43
57
8
34
25
28
14
3
55
22
99
95
15
3
23
19
46
37
44
61
10
42
35
30
28
3
53
10
103
96
15
9
31
24
53
44
39
3
64
18
50
40
33
31
3
6
53
18
86
98
16
