4864
4864
4864
4864
4864
4864
4864
4864
4864
4864
4864
4865
4864
4865
4865
4864
4865
4864
4864
4865
4864
4864
4811
4938
4932
4856
4856
4855
4855
4856
4856
4856
4855
4855
4856
4855
4856
4856
4856
4856
4856
4855
4856
4856
4856
4856
4856
4855
4802
4932
4926
4851
4851
4851
4851
4851
4851
4851
4851
4851
4851
4851
4851
4851
4851
4851
4852
4851
4851
4851
4851
4851
4851
4851
4798
4925
4919
4843
4844
4843
4843
4843
4844
4843
4843
4843
4844
4843
4843
4844
4843
4844
4844
4843
4844
4843
4843
4844
4843
4843
4790
4918
4912
4838
4838
4837
4837
4838
4838
4838
4837
4837
4838
4837
4838
4838
4838
4838
4838
4837
4838
4838
4837
4838
4838
4837
4785
4912
4906
4831
4831
4831
4831
4831
4831
4831
4831
4831
4831
4831
4831
4832
4831
4831
4832
4831
4831
4831
4831
4831
4831
4831
4778
4905
4899
4824
4825
4824
4824
4824
4825
4824
4824
4824
4825
4824
4824
4825
4824
4825
4825
4824
4825
4824
4824
4825
4824
4824
4772
4899
4893
4818
4819
4818
4818
4818
4819
4818
4818
4818
4819
4818
4818
4819
4818
4819
4819
4818
4819
4819
4818
4819
4818
4818
4765
4893
4886
4812
4812
4811
4811
4812
4812
4812
4812
4811
4812
4811
4812
4812
4812
4812
4812
4811
4812
4812
4812
4812
4812
4812
4759
4886
4880
4805
4806
4805
4805
4805
4806
4806
4805
4805
4806
4805
4805
4806
4805
4806
4806
4805
4806
4806
4805
4806
4806
4805
4753
4879
4874
4799
4799
4799
4799
4799
4799
4799
4799
4799
4799
4799
4799
4799
4799
4799
4799
4799
4799
4799
4799
4799
4799
4799
4746
4873
4867
4793
4793
4792
4792
4793
4793
4793
4792
4792
4793
4792
4793
4793
4793
4793
4793
4792
4793
4793
4793
4793
4793
4793
4740
4866
4861
4923
4923
4923
4923
4923
4924
4923
4923
4923
4923
4923
4923
4923
4923
4923
4923
4923
4923
4923
4923
4923
4923
4923
2953
4783
4777
4891
4892
4892
4893
4894
4896
4897
4898
4900
4902
4904
4906
4908
4910
4913
4915
4917
4918
4918
4917
4918
4918
4917
2940
4777
4771
2769
2775
2780
2784
2790
2795
2801
2806
2810
2816
2821
2826
2831
2836
2841
2847
2851
2857
2862
2867
2872
2877
2882
2080
3025
3027
32
30
29
28
26
25
23
22
21
19
18
16
15
13
12
10
9
7
6
5
3
2
107
108
109
110
111
111
112
113
114
115
116
116
117
118
119
120
121
121
122
123
124
125
125
212
139
140
92
92
93
93
93
93
93
94
94
94
94
94
95
95
95
95
95
95
96
96
96
96
96
102
96
96
60
60
60
60
60
60
60
60
59
60
59
59
59
59
59
59
59
59
59
59
59
59
59
22
56
56
6
8
8
8
8
8
8
8
7
7
7
7
7
7
7
6
6
6
6
6
6
6
5
3
3
7
7
7
7
7
7
7
7
8
8
8
8
8
8
8
8
9
9
9
9
9
9
25
10
10
16
16
16
16
16
16
16
16
16
16
16
16
16
16
16
16
16
16
16
16
16
16
15
16
16
8
8
8
8
8
8
8
8
8
8
8
8
8
8
8
8
8
8
8
8
8
8
1
7
7
1
1
1
1
1
1
1
1
1
1
1
1
1
1
1
1
1
1
1
1
1
4
2
2
2
2
2
2
2
2
2
2
2
2
2
2
2
2
2
2
2
2
2
2
2
2
1
1
1
1
1
1
1
1
1
1
1
1
1
1
1
1
1
1
2
45
190
339
467
606
730
858
978
1094
1210
1320
1429
1533
1635
1734
1829
1921
2011
2098
2181
2263
2342
2418
2492
2563
2632
2698
2763
2824
2885
2944
3000
3055
3108
3159
3209
3257
3303
3347
3391
3433
3473
3512
3550
3587
3622
3656
3689
3721
3751
3782
3810
3837
3864
3889
3914
3938
3961
3983
4004
4025
4044
4063
4082
4099
4116
4132
4148
4163
4177
4191
4204
4216
4228
4240
4251
4262
4272
4281
4290
4299
4307
4315
4322
4329
4336
4342
4349
4354
4359
4364
4369
4373
4377
4381
4384
4387
4391
4393
4395
4398
4400
4401
4403
4404
4405
4406
4407
4407
4407
4408
4407
4407
4407
4406
4405
4405
4404
4403
4402
4400
4399
4397
4395
4394
4391
4390
4387
4385
4383
4380
4378
4375
4372
4369
4366
4364
4361
4357
4354
4351
4347
4344
4341
4337
4333
4330
4326
4322
4318
4315
4311
4307
4303
4299
4294
4291
4287
4282
4278
4274
4269
4264
4261
4256
4303
4299
4294
4291
4287
4282
4278
4274
4269
4264
4261
4256
4197
4192
4187
4183
4178
4172
4168
4163
4158
4157
4152
4145
4141
4135
4129
4123
4119
4113
4107
4102
4097
4091
2668
364
359
362
347
348
341
348
345
329
342
342
343
340
362
334
328
327
331
319
322
327
316
320
355
343
70
73
71
76
76
78
78
80
87
83
85
86
85
79
88
92
93
91
98
97
96
99
99
134
95
165
122
124
122
122
122
123
123
123
126
125
125
126
124
122
125
127
126
125
128
128
126
127
127
145
125
97
75
75
74
72
72
71
73
72
73
73
74
74
72
74
72
72
72
72
72
73
72
70
71
114
74
43
3
17
17
16
13
14
12
14
14
13
14
15
16
14
17
13
13
13
12
13
14
13
11
11
21
15
8
9
6
6
6
7
7
7
9
8
9
9
8
7
7
9
9
7
10
10
9
8
8
8
15
33
21
22
20
18
19
19
19
19
21
21
22
22
20
21
19
21
21
20
21
22
21
19
20
86
21
16
26
14
15
13
11
12
11
12
12
13
13
14
14
12
14
12
12
12
12
13
14
12
11
11
34
12
5
49
4
5
3
1
2
1
2
2
3
3
4
4
3
4
2
3
3
2
3
4
3
1
1
75
3
5
5
3
2
3
2
3
3
5
4
5
5
3
5
3
4
4
3
4
5
4
2
2
49
3
1
1
2
32
6
7
5
3
5
3
5
4
6
6
7
7
5
6
5
5
5
5
6
6
5
4
4
58
5
1
2
1
1
1
1
1
2
62
5
6
4
2
3
2
3
3
5
4
5
5
4
6
3
4
4
3
4
5
4
2
2
38
3
3
4
1
1
1
1
3
2
3
3
1
3
1
2
2
2
3
4
2
1
4
5
2
2
1
2
1
3
3
4
4
2
4
2
3
3
2
3
3
2
1
32
2
5
5
3
1
3
2
2
2
4
3
4
4
3
5
2
3
3
2
3
4
3
1
1
102
3
4
5
1
2
1
2
1
3
2
4
4
2
4
1
2
3
2
3
4
2
1
78
2
5
5
2
1
3
1
3
2
4
3
5
5
3
5
3
4
4
3
3
5
3
1
1
34
3
5
49
4
5
3
1
2
1
2
2
3
3
4
4
3
4
2
3
3
2
3
4
3
1
1
75
3
5
5
3
2
3
2
3
3
5
4
5
5
3
5
3
4
4
3
4
5
4
2
2
49
3
1
1
2
32
6
7
5
3
5
3
5
4
6
6
7
7
5
6
5
5
5
5
6
6
5
4
4
58
5
1
2
1
1
1
1
1
2
62
5
6
4
2
3
2
3
3
5
4
5
5
4
6
3
4
4
3
4
5
4
2
2
38
3
3
4
1
1
1
1
3
2
3
3
1
3
1
2
2
2
3
4
2
1
4
5
2
2
1
2
1
3
3
4
4
2
4
2
3
3
2
3
3
2
1
32
2
5
5
3
1
3
2
2
2
4
3
4
4
3
5
2
3
3
2
3
4
3
1
1
102
3
4
5
1
2
1
2
1
3
2
4
4
2
4
1
2
3
2
3
4
2
1
78
2
5
5
2
1
3
1
3
2
4
3
5
5
3
5
3
4
4
3
3
5
3
1
1
34
3
5
5
2
2
1
2
2
4
3
4
4
2
4
2
2
3
2
2
4
2
1
39
2
5
6
2
3
1
2
2
4
4
5
5
3
5
2
3
4
3
4
4
3
1
1
66
3
5
6
2
3
1
2
2
4
3
4
5
3
5
3
3
4
3
4
5
3
1
1
68
2
5
6
2
1
3
2
2
2
5
4
5
5
3
5
3
3
3
3
3
4
3
1
1
36
2
5
6
3
1
3
2
3
2
5
4
5
5
3
6
3
3
4
3
4
5
3
1
1
19
3
5
6
2
3
2
3
2
4
3
5
5
3
6
3
3
4
3
4
5
3
2
1
43
3
6
6
2
4
2
3
2
5
4
5
5
3
6
3
4
4
3
4
5
4
1
1
42
3
6
7
3
1
3
2
3
3
5
4
5
5
4
6
3
4
4
3
4
5
3
1
1
3
6
7
3
1
3
2
2
3
5
4
5
5
3
6
3
4
4
4
4
5
4
2
1
3
6
7
3
1
4
2
3
3
5
4
6
6
3
6
3
4
5
4
4
5
4
2
1
37
3
6
7
3
1
4
3
3
3
6
5
6
6
4
7
3
4
5
4
4
5
4
1
1
56
3
7
7
3
1
4
3
3
3
6
5
6
6
4
7
3
4
5
4
4
6
4
2
2
10
3
6
7
3
1
4
3
3
2
6
4
6
6
4
7
3
4
5
4
4
6
4
2
2
2
3
6
7
3
1
4
3
3
3
6
5
6
7
4
7
4
4
5
4
4
6
4
2
1
41
3
6
8
3
1
4
3
4
3
6
5
6
6
4
7
4
5
5
4
5
6
4
2
1
43
3
6
7
3
1
5
3
4
3
6
5
6
6
5
7
4
5
5
5
5
6
4
2
2
19
3
7
8
3
1
5
3
4
3
6
5
6
6
5
7
4
5
5
4
5
6
5
2
2
3
7
8
3
1
5
3
4
3
6
5
6
7
5
7
4
5
5
5
5
6
5
2
2
26
3
7
8
3
1
5
3
4
3
7
5
7
7
5
8
4
5
6
5
5
6
5
2
2
50
3
7
8
3
1
5
3
4
3
7
5
7
7
5
8
4
5
6
5
5
7
5
2
2
31
3
8
8
3
1
6
3
4
4
7
5
7
7
5
8
4
5
6
5
5
6
5
2
2
6
3
7
9
3
1
6
4
4
3
7
5
7
7
5
8
5
5
6
6
6
7
5
2
2
1
3
8
9
3
1
5
4
4
3
7
6
7
7
5
9
5
5
6
5
5
7
5
2
2
49
3
8
9
4
1
6
4
5
4
8
6
7
7
5
9
5
5
6
5
5
7
5
2
2
48
3
8
10
4
1
6
4
5
3
8
5
7
8
6
9
5
5
7
6
6
7
6
2
2
3
8
9
4
1
6
4
4
4
8
6
7
8
6
9
5
6
6
6
6
8
5
2
3
16
4
8
9
4
1
6
4
5
4
8
6
7
8
6
9
5
5
6
6
5
8
5
2
2
61
4
8
10
4
2
6
4
5
4
8
6
8
8
6
9
5
6
6
6
6
7
5
2
2
61
3
8
10
4
2
6
4
5
4
8
6
8
8
6
9
5
6
7
6
6
8
6
3
2
33
4
8
10
3
1
6
4
5
4
8
6
8
8
6
9
5
6
7
6
6
8
5
3
2
23
4
9
10
4
1
7
4
5
4
8
7
8
8
6
10
5
6
7
7
6
8
5
2
2
44
3
9
10
4
1
7
4
5
4
8
6
8
8
6
10
6
6
7
7
6
8
6
3
2
1
47
4
9
10
4
1
7
5
5
4
9
6
8
8
6
10
6
6
7
7
6
8
5
3
2
1
8
4
9
10
4
2
7
5
5
5
9
6
8
8
6
10
5
7
7
7
6
8
6
3
2
19
3
9
11
4
1
7
4
5
4
9
7
8
9
7
10
5
6
7
7
6
8
6
3
2
72
3
9
11
4
1
7
5
5
4
9
7
8
9
7
11
6
7
8
7
6
9
6
3
3
74
4
9
11
4
2
7
5
5
5
9
7
9
9
7
10
6
7
7
7
7
9
6
3
3
32
4
10
11
5
2
7
6
5
5
9
7
9
9
7
10
6
7
8
7
7
9
6
3
3
8
3
9
11
5
1
7
6
6
5
9
7
9
9
7
11
7
7
8
7
7
9
7
4
3
29
4
10
11
4
2
8
5
5
5
9
7
9
9
7
11
6
7
8
8
7
9
6
3
2
53
4
10
12
5
2
8
6
6
5
9
7
9
9
7
11
6
7
8
7
6
9
7
3
3
37
4
10
12
5
1
8
6
6
5
9
7
9
9
7
11
6
7
8
8
7
9
7
3
3
1
4
10
11
4
1
8
5
6
5
10
7
10
9
7
11
7
7
9
8
7
9
7
4
3
13
4
10
12
5
2
8
6
6
5
10
7
9
9
7
12
7
7
8
8
7
9
7
3
3
57
4
10
12
5
2
8
5
6
5
10
7
9
9
7
11
7
7
8
8
7
9
7
3
3
1
30
4
10
12
5
2
8
5
6
5
10
7
10
10
7
12
7
8
9
9
7
10
7
4
3
1
7
4
11
12
5
2
9
6
6
5
10
8
10
10
7
12
7
8
9
8
7
10
7
4
3
1
22
4
11
13
5
2
9
6
7
6
10
8
10
10
7
12
7
8
9
8
8
10
7
4
3
1
28
4
10
12
5
2
9
6
7
5
11
8
10
10
8
12
7
8
9
9
8
10
7
4
3
1
16
5
10
13
5
2
9
6
6
5
10
8
10
10
8
12
7
8
9
9
8
10
7
4
3
1
4
11
13
5
2
9
6
7
5
10
8
10
10
8
13
8
8
9
9
8
10
8
4
2
16
4
11
13
5
2
9
6
7
6
11
9
10
11
8
13
8
8
9
9
8
10
8
4
3
1
36
4
11
13
5
2
9
6
7
6
11
8
10
10
8
12
7
9
9
9
7
10
7
4
3
1
49
4
11
13
5
2
9
7
7
6
11
8
10
10
8
12
7
8
9
9
8
10
8
4
3
1
11
4
11
14
6
2
10
7
7
6
11
8
10
11
8
13
8
8
9
9
8
10
8
4
3
1
8
4
11
14
5
2
9
7
7
6
11
8
10
10
9
13
8
9
10
10
8
11
8
5
4
1
59
5
12
14
5
2
10
7
7
6
12
8
10
11
9
13
8
8
10
9
8
11
8
4
3
1
72
4
12
13
5
2
10
7
7
6
12
9
10
11
8
13
8
8
9
9
8
11
8
4
3
53
4
12
14
5
2
10
7
7
6
12
9
11
11
9
13
8
9
10
10
8
11
8
4
3
1
30
5
12
14
5
2
10
7
7
6
12
9
11
12
9
14
9
9
10
10
8
11
8
4
3
1
54
4
12
14
6
2
10
7
7
6
12
9
11
11
9
14
8
9
10
10
9
11
8
4
3
1
62
4
12
14
5
3
10
7
7
6
12
9
11
11
9
14
8
9
10
10
9
11
8
4
3
1
53
5
12
14
5
2
10
7
8
6
12
9
11
12
9
14
9
9
10
10
9
11
9
5
4
1
34
4
12
14
6
2
10
7
8
7
12
9
11
11
9
14
9
9
10
10
8
11
9
5
3
1
51
4
12
14
6
2
11
8
8
7
12
9
12
12
9
14
9
9
11
10
8
11
8
4
3
1
82
5
12
14
6
2
11
8
8
7
12
9
11
12
9
15
9
10
11
10
9
12
9
5
3
1
49
5
13
14
6
3
11
8
8
6
12
9
11
12
9
14
9
9
11
11
9
11
9
4
3
1
36
4
13
15
6
3
11
8
8
7
12
10
12
12
10
14
9
9
11
10
9
12
9
5
3
1
52
5
13
15
6
3
10
8
8
7
12
9
12
12
10
15
9
10
11
10
9
11
9
5
3
1
70
5
13
15
6
2
11
8
8
7
13
9
12
12
9
15
9
10
11
11
9
12
9
5
4
1
49
5
13
16
6
3
11
8
9
7
13
10
12
12
9
15
9
10
11
11
9
12
9
5
4
1
18
5
13
15
6
3
11
8
8
7
13
9
12
12
10
15
9
10
11
11
9
12
9
5
3
1
49
5
13
15
6
3
11
8
8
7
13
10
12
12
10
15
9
10
11
11
9
12
9
5
4
1
111
5
13
16
6
3
11
8
8
7
13
10
12
12
9
15
9
10
11
11
9
12
8
5
3
1
140
4
13
16
6
2
11
8
9
7
14
10
12
13
10
15
9
10
11
11
9
12
9
5
4
1
118
5
13
16
6
3
11
8
9
7
14
10
12
13
10
15
9
10
12
11
9
12
9
5
4
1
116
5
14
16
6
3
12
9
9
7
13
10
12
13
10
16
9
10
12
12
9
12
9
5
4
2
126
4
14
16
6
2
12
9
9
7
14
10
12
13
10
16
9
10
12
11
9
12
9
5
3
1
104
4
14
16
6
2
11
8
9
8
14
10
12
13
10
16
10
10
12
12
10
13
10
5
4
1
50
5
14
17
7
3
12
9
9
7
14
10
12
13
10
16
10
10
12
12
10
12
10
5
4
2
25
5
14
17
6
3
12
9
9
8
14
11
13
13
10
16
10
10
12
12
9
13
10
5
4
1
54
5
14
17
7
3
12
9
9
7
14
10
13
13
10
16
10
11
12
12
10
13
9
5
4
1
63
5
14
16
6
3
12
9
9
8
14
10
13
13
10
16
10
10
12
12
10
12
10
6
4
1
34
5
15
17
6
3
13
9
9
8
14
11
13
13
11
16
10
11
12
12
10
13
10
5
4
1
20
5
14
17
7
3
13
9
9
8
14
11
13
13
10
17
10
11
12
12
10
13
10
6
4
2
46
5
14
17
6
3
12
9
8
8
14
10
13
14
11
17
10
11
12
12
10
13
10
6
4
2
81
5
15
17
7
3
13
9
9
9
15
11
13
14
11
17
11
11
12
13
10
13
10
5
4
2
49
5
15
17
7
3
13
9
9
8
14
11
14
14
11
17
10
11
12
12
10
13
10
6
3
1
26
5
15
17
6
3
13
9
9
8
15
11
13
13
11
17
10
11
13
12
10
14
10
6
4
1
56
5
15
17
7
3
13
10
9
8
15
11
14
14
11
17
10
11
13
13
10
14
10
6
4
2
66
5
15
18
7
3
14
10
10
8
15
11
14
14
11
17
10
11
13
12
10
14
10
6
4
1
45
4
15
18
6
3
13
10
10
8
15
11
14
14
11
18
11
11
13
13
11
14
10
6
4
1
10
5
15
17
7
3
13
10
9
8
15
11
14
14
11
17
11
11
13
13
10
14
11
6
4
2
26
5
15
18
7
3
14
10
10
8
15
12
14
14
11
18
11
11
13
13
10
13
10
6
4
2
68
4
15
18
7
3
14
10
10
9
15
11
14
14
11
18
11
11
13
13
10
14
10
6
4
2
73
5
16
18
7
3
13
10
9
8
16
11
14
14
11
18
11
12
14
13
11
14
11
6
4
2
34
5
16
18
7
3
14
10
10
8
16
12
15
14
12
18
11
12
14
13
11
14
10
6
4
2
43
5
16
18
7
3
14
10
10
8
16
11
14
14
12
17
10
12
13
13
10
14
10
6
4
2
90
5
16
18
7
3
14
10
10
9
16
11
14
15
12
18
12
12
14
14
11
14
11
6
4
2
52
5
16
18
7
3
14
10
10
9
16
12
14
15
12
18
11
12
14
13
11
15
10
6
4
2
12
5
16
19
7
3
14
11
10
9
16
11
14
15
12
18
11
12
13
14
11
14
11
6
4
1
29
5
16
19
7
