5
11
4
8
3
6
10
5
15
4
12
6
11
17
3
2
1
25
3
28
5
2
16
3
10
3
7
8
4
15
19
19
12
7
12
13
3
2
2
26
4
59
44
7
5
26
12
1
7
6
1
10
16
31
8
6
17
9
2
3
3
22
22
16
10
23
5
9
3
4
6
1
3
7
10
11
5
4
3
9
3
3
3
26
6
15
15
8
8
5
8
5
9
5
4
13
5
16
6
8
4
15
4
3
26
8
32
19
27
3
8
5
12
6
12
7
16
22
9
10
16
12
7
4
32
3
51
40
5
26
7
11
6
14
7
13
7
18
3
28
7
11
5
8
8
2
5
34
11
56
45
10
8
8
8
14
11
14
10
3
24
12
20
6
15
5
14
4
2
5
22
5
16
2
8
5
9
12
10
13
8
10
4
11
10
11
1
1
3
18
2
1
5
5
5
12
8
11
4
5
3
6
1
1
3
13
40
21
2
3
3
7
11
10
9
5
14
10
14
3
10
1
1
1
4
15
48
38
4
1
1
4
9
10
8
6
8
1
15
1
10
2
3
6
14
33
9
7
7
11
9
15
8
1
21
12
11
12
11
13
12
1
5
24
56
3
6
5
5
10
9
14
9
18
12
12
9
10
7
11
4
24
76
2
10
8
1
8
8
11
11
9
19
18
11
7
11
8
10
1
3
28
101
1
59
8
9
4
7
7
9
7
5
13
9
7
5
8
3
3
13
85
25
4
10
6
7
8
9
7
5
5
5
2
2
4
19
71
9
5
9
9
9
6
4
1
1
3
2
4
21
75
3
11
3
11
7
10
7
5
15
5
16
2
7
1
3
5
24
115
2
43
4
10
12
5
10
7
7
21
30
1
10
3
6
5
27
129
35
2
16
8
1
9
3
9
4
3
19
12
6
5
2
4
29
95
9
9
8
6
14
2
2
1
2
1
22
111
9
5
1
10
4
2
4
19
164
21
2
16
7
16
11
2
3
4
6
25
187
40
8
25
6
1
13
24
2
5
1
2
6
26
147
10
19
7
2
3
2
16
20
5
5
5
3
4
39
146
13
6
10
4
7
4
21
1
5
4
9
2
2
1
39
194
5
2
10
10
9
2
5
11
7
20
3
7
7
15
1
1
3
38
204
49
20
10
10
6
6
15
9
24
6
15
9
9
14
14
1
2
3
38
197
25
11
5
10
7
6
15
7
21
3
22
11
9
12
16
3
1
43
6
210
12
3
19
10
10
8
5
15
7
23
7
3
14
9
19
17
4
5
44
4
248
12
6
16
13
8
9
4
14
6
5
24
1
15
7
25
11
7
6
36
4
258
41
9
18
5
16
12
10
9
4
13
5
3
20
18
12
18
8
21
11
9
9
38
5
228
4
9
4
18
12
11
8
4
11
4
5
17
34
18
17
9
21
18
6
8
37
212
12
1
9
14
5
6
2
6
3
13
10
22
11
6
17
11
3
5
30
231
7
1
14
13
5
6
1
3
8
11
15
10
2
12
2
1
7
24
242
67
4
1
10
8
6
4
3
2
16
14
14
9
4
14
3
6
29
225
22
10
3
8
2
5
1
3
18
12
13
5
7
7
4
4
27
197
12
2
10
2
7
3
5
15
6
15
3
8
4
6
2
22
190
1
12
11
2
8
4
7
17
4
14
3
9
1
6
1
23
189
3
57
19
13
12
3
8
4
7
19
3
14
2
8
9
3
3
2
28
195
22
11
7
12
5
9
9
9
27
1
19
4
9
13
14
4
2
39
135
15
9
12
6
9
14
13
28
16
5
12
5
15
3
2
41
110
11
5
9
10
5
8
15
13
23
16
2
12
11
12
1
1
38
128
17
47
3
7
10
5
9
17
14
20
15
1
14
2
21
2
3
38
84
7
49
17
11
11
6
10
18
15
23
1
14
1
18
2
3
40
77
14
12
10
5
9
17
12
21
3
12
10
18
2
41
54
10
15
13
5
10
16
13
15
2
3
5
14
13
20
2
42
54
32
6
18
14
7
10
17
13
17
12
7
14
10
15
1
3
39
62
47
21
10
7
8
17
12
16
19
9
14
5
16
2
2
44
14
7
8
9
18
14
11
28
13
17
11
19
1
2
38
10
3
11
9
12
16
16
21
3
12
13
20
11
25
1
2
40
21
11
14
18
2
14
8
14
12
16
28
26
9
21
12
26
2
4
2
47
33
57
26
12
2
12
8
13
11
16
29
3
33
7
20
13
21
2
4
2
42
14
7
1
10
8
11
10
14
22
19
24
6
19
4
19
2
3
2
43
10
7
7
5
7
4
9
15
6
17
12
6
11
1
30
7
27
2
1
5
2
3
5
17
2
11
7
4
1
29
94
1
1
4
3
3
1
2
3
15
8
4
4
3
28
8
12
8
4
5
2
1
1
2
10
8
3
3
3
33
10
12
2
7
3
2
4
3
12
11
4
5
1
4
41
13
8
7
2
6
3
3
7
3
23
6
4
7
9
1
4
41
81
7
3
2
5
4
2
10
4
17
1
3
9
10
4
38
13
5
9
2
6
3
2
9
3
18
1
2
3
9
10
4
36
16
9
9
2
6
8
5
26
19
7
2
13
3
44
3
12
13
9
9
8
30
11
1
12
7
15
4
45
68
14
14
9
5
8
26
11
12
4
41
35
16
9
12
9
2
7
19
11
13
3
36
15
2
9
9
1
5
14
26
10
10
1
32
13
9
10
7
1
4
19
22
9
8
2
36
54
17
12
11
8
2
5
26
18
10
12
5
40
15
44
12
14
9
7
3
21
19
7
3
5
7
43
21
10
7
3
15
19
6
5
30
13
5
6
2
7
17
4
2
3
28
7
35
5
10
5
3
16
1
3
31
10
43
7
11
8
1
5
1
24
3
3
6
2
33
2
7
7
3
6
1
3
24
3
5
7
2
41
6
10
7
5
5
7
4
21
3
6
2
39
5
37
16
13
2
7
7
4
8
5
20
10
1
6
4
11
1
2
45
20
66
18
4
4
8
7
5
10
7
28
6
7
11
2
2
48
11
5
6
9
7
4
11
7
22
1
2
6
10
8
2
1
46
15
4
5
8
4
3
8
6
23
26
3
7
6
14
2
49
17
9
9
20
9
4
8
3
3
7
6
24
2
10
4
6
12
15
5
50
22
56
13
16
3
8
1
3
7
5
22
18
3
5
4
13
11
5
43
1
10
8
6
4
6
16
14
5
2
10
2
40
5
9
8
3
6
27
7
7
1
10
1
41
12
9
13
11
2
7
35
22
9
7
13
2
44
4
9
53
14
18
16
11
3
7
32
21
1
10
11
13
2
5
1
52
16
5
10
23
16
9
1
5
36
8
9
3
19
4
6
56
28
20
18
9
5
33
34
10
7
21
4
5
52
14
15
13
14
9
1
5
33
36
12
4
13
4
43
15
5
57
2
9
9
6
1
3
28
24
8
7
3
40
27
10
5
10
2
7
2
3
21
20
7
9
2
1
34
10
6
9
2
6
3
5
22
19
10
10
41
4
11
13
7
4
5
5
4
15
24
2
9
9
1
44
7
68
13
11
5
6
5
7
6
15
6
23
4
10
8
14
3
41
58
10
7
1
6
5
5
6
6
26
3
9
9
1
12
1
3
1
42
12
9
2
5
4
3
7
3
26
4
5
3
38
15
12
4
6
3
2
8
5
31
3
5
9
2
5
42
47
4
2
20
4
8
3
3
9
5
24
18
7
9
1
7
42
57
18
2
10
3
2
9
4
20
5
6
1
7
41
4
11
8
1
1
7
3
23
2
4
2
5
38
13
22
7
9
2
4
23
13
4
35
19
19
3
10
2
25
25
1
4
36
6
59
17
2
6
2
22
17
2
4
3
36
8
7
7
1
20
15
1
35
13
7
1
16
12
1
33
3
13
11
8
3
29
2
2
40
35
24
9
9
4
31
5
1
2
7
3
41
16
17
10
1
5
2
26
28
1
6
6
11
4
46
18
19
12
1
6
1
4
35
2
14
3
8
4
15
7
5
48
19
3
17
4
11
2
4
1
4
31
7
5
4
7
9
13
7
7
45
1
45
16
2
16
5
9
4
2
5
4
30
6
16
5
6
9
11
4
7
46
12
7
3
5
3
4
29
19
4
3
12
9
2
4
42
18
3
4
3
2
2
23
2
10
2
3
39
11
19
4
3
2
7
2
23
11
2
4
6
1
41
58
17
6
5
3
3
9
4
22
4
2
9
5
10
38
16
7
9
6
3
3
9
3
20
4
7
1
34
12
6
1
3
9
5
12
16
6
11
1
29
15
8
4
5
9
5
14
24
9
7
2
33
29
22
13
3
10
10
10
16
13
26
25
6
17
7
16
2
3
6
40
14
24
15
5
13
12
11
18
16
25
23
7
18
7
17
4
5
5
40
19
12
5
13
12
10
16
15
20
4
21
9
16
14
15
3
4
4
41
8
9
16
2
11
8
9
11
12
20
11
4
13
4
12
2
3
36
19
21
1
11
10
5
7
4
6
23
1
8
7
3
34
8
47
5
1
8
3
7
6
22
8
9
4
34
8
2
5
5
2
19
22
7
8
2
24
13
5
3
2
18
13
7
7
26
12
27
5
6
4
1
11
3
2
23
4
6
46
11
8
3
11
2
1
3
17
9
14
9
3
2
1
21
36
8
9
2
25
6
18
9
3
7
3
3
6
3
30
11
35
10
11
17
3
37
9
27
3
17
6
11
6
5
10
6
36
28
31
14
13
17
21
8
8
43
39
8
36
16
38
5
27
9
18
8
9
15
10
11
42
16
19
17
16
23
21
15
11
1
48
7
32
4
15
25
4
24
7
17
7
9
13
9
6
42
24
18
13
15
12
22
14
9
1
47
4
9
16
2
16
5
13
4
6
6
5
1
31
8
24
3
12
1
12
8
7
1
40
18
17
9
4
9
3
4
2
1
23
1
18
6
6
2
7
1
35
2
17
32
12
5
1
5
1
3
1
17
10
3
6
5
4
2
29
6
2
1
3
2
12
2
5
2
2
1
20
5
3
1
1
19
2
16
1
1
2
1
6
1
15
56
14
56
2
1
2
1
2
12
27
7
18
1
1
2
2
5
2
22
11
2
2
3
2
15
12
1
3
3
4
1
19
3
2
19
9
11
50
5
2
3
1
6
4
8
2
7
2
3
24
8
39
10
11
2
5
3
3
7
4
11
1
8
3
3
23
7
5
4
8
2
5
8
7
15
7
5
5
3
2
23
3
12
13
10
5
4
5
18
11
6
6
5
27
25
16
14
12
6
2
5
24
41
9
9
2
8
32
38
10
15
14
6
3
4
25
31
10
1
11
6
10
31
7
21
15
6
2
4
27
24
11
6
14
6
10
35
10
21
14
5
2
24
28
9
9
3
7
31
18
16
14
12
5
25
28
7
9
6
7
33
61
3
10
8
1
14
9
3
29
27
10
11
2
5
30
21
11
3
18
12
6
36
18
14
12
3
3
30
23
12
6
17
1
13
1
8
32
3
3
15
17
4
2
1
38
6
20
11
5
14
3
10
2
7
18
16
2
13
18
1
2
2
32
9
58
19
9
6
11
3
8
5
25
2
19
12
12
3
2
35
12
2
6
4
4
4
5
26
28
11
14
2
1
32
5
8
1
4
1
20
23
9
4
14
3
29
2
13
3
14
14
23
8
7
11
5
37
18
4
65
16
8
4
19
5
8
6
29
23
15
10
3
5
18
8
7
4
2
3
13
45
4
5
5
4
7
1
14
114
53
10
14
8
27
1
2
2
27
151
6
8
12
6
1
6
4
7
7
7
15
14
19
8
8
13
7
2
3
27
7
91
9
11
11
2
10
8
16
14
8
14
7
25
12
14
18
15
5
24
12
9
1
11
1
10
5
12
9
20
15
3
12
10
19
16
15
21
16
4
31
4
35
35
10
6
4
11
10
20
16
2
4
7
20
13
15
13
18
1
5
25
2
34
23
8
3
9
6
15
9
2
6
7
9
13
11
2
17
29
3
7
1
4
4
11
31
4
2
8
13
20
4
1
2
8
2
2
9
2
8
39
6
1
2
1
1
10
4
9
3
8
7
2
1
2
5
16
7
13
3
16
4
2
4
2
3
7
6
2
9
4
17
1
21
34
5
18
6
10
6
6
9
21
7
9
7
17
14
24
2
30
3
63
16
30
14
2
16
4
11
9
14
6
34
19
42
10
25
17
32
8
5
2
50
11
5
28
1
14
10
15
9
13
14
18
13
34
14
47
14
30
24
37
9
5
4
43
10
11
21
2
10
15
12
15
13
21
23
14
30
20
45
22
33
30
41
5
3
5
44
26
62
7
10
23
1
12
18
9
18
11
23
19
19
29
25
39
23
28
24
34
5
3
6
48
27
90
54
10
3
11
18
6
16
6
19
14
13
25
19
12
19
21
25
29
4
5
5
40
16
61
3
8
13
5
11
2
15
7
7
25
1
13
15
19
25
3
3
40
23
70
10
5
4
5
1
11
5
23
13
7
10
7
13
1
35
14
76
20
15
5
1
1
7
14
18
20
8
6
9
7
23
13
91
80
15
6
6
3
4
20
15
2
4
7
12
9
1
2
27
6
69
27
14
3
4
2
20
2
6
4
10
1
23
35
19
2
7
6
1
1
22
27
9
11
2
16
4
57
31
23
10
9
9
2
5
6
26
19
14
1
14
2
3
1
27
6
92
80
13
15
10
11
10
4
5
6
22
12
3
9
8
10
2
5
2
25
13
80
32
18
10
1
14
3
10
4
5
24
17
1
11
3
13
5
5
2
30
5
65
14
4
4
9
4
7
5
5
20
37
11
1
10
1
3
1
27
74
5
12
2
6
4
7
4
6
4
16
29
6
8
6
5
2
23
3
103
78
14
2
7
9
5
7
3
5
5
16
7
24
5
7
7
9
3
4
26
2
109
67
15
14
6
5
5
1
5
3
19
4
15
4
4
7
4
3
4
25
9
72
7
10
19
12
4
5
3
4
21
7
11
7
1
6
6
3
3
29
10
67
11
18
6
1
4
2
5
20
7
13
5
11
12
1
2
25
103
11
66
5
6
1
2
1
18
11
2
9
2
19
106
3
67
10
13
4
3
1
18
75
1
13
13
1
6
3
1
1
16
67
10
5
3
11
2
1
20
102
18
51
12
10
5
13
7
3
25
113
23
62
19
16
7
3
17
3
13
2
3
2
29
1
91
19
14
4
4
9
4
7
5
5
20
37
11
1
10
1
3
1
27
74
5
12
2
6
4
7
4
6
4
16
29
6
8
6
5
2
23
3
103
78
14
2
7
9
5
7
3
5
5
16
7
24
5
7
7
9
3
4
26
2
109
67
15
14
6
5
5
1
5
3
19
4
15
4
4
7
4
3
4
25
9
72
7
10
19
12
4
5
3
4
21
7
11
7
1
6
6
3
3
29
10
67
11
18
6
1
4
2
5
20
7
13
5
11
12
1
2
25
103
11
66
5
6
1
2
1
18
11
2
9
2
19
106
3
67
10
13
4
3
1
18
75
1
13
13
1
6
3
1
1
16
67
10
5
3
11
2
1
20
102
18
51
12
10
5
13
7
3
25
113
23
62
19
16
7
3
17
3
13
2
3
2
29
1
91
19
4
4
8
5
1
9
2
3
14
12
12
9
8
16
9
3
6
16
11
137
3
6
8
4
8
2
3
9
15
9
6
15
12
4
7
20
14
176
4
1
15
9
3
3
6
3
13
1
5
3
5
12
4
8
23
13
216
7
41
13
20
5
3
2
2
5
12
1
2
10
4
4
10
16
11
195
2
23
2
12
6
1
1
12
18
6
1
9
20
14
171
11
1
7
1
12
1
15
1
5
15
175
22
14
4
6
1
4
11
223
16
26
12
4
1
5
1
5
8
7
233
1
37
2
2
5
5
211
1
3
8
4
10
217
12
1
1
3
6
11
2
3
9
247
4
36
11
16
2
2
1
5
4
18
1
5
10
3
276
71
7
18
2
3
3
9
18
10
6
1
9
2
260
12
13
3
6
1
5
6
246
5
13
2
3
2
5
2
5
277
28
2
1
1
2
5
6
3
288
83
4
1
1
1
10
7
280
4
5
2
1
2
1
5
246
5
1
3
258
20
3
5
3
1
6
4
3
2
1
2
3
2
7
7
280
99
13
2
1
8
8
6
3
4
2
1
4
5
6
1
5
6
238
7
46
16
1
3
7
11
8
7
5
17
1
12
9
3
1
5
6
6
204
9
14
6
6
6
12
9
8
3
14
3
13
1
2
1
5
5
5
199
7
3
12
1
10
7
5
11
9
7
8
6
8
6
12
2
2
5
4
4
7
1
213
12
99
17
23
1
8
8
1
8
5
2
13
8
3
8
6
2
5
4
183
5
59
33
18
9
8
6
3
1
10
6
2
7
6
1
4
5
125
4
19
13
11
7
2
1
5
19
5
2
7
6
7
3
114
2
14
12
11
5
6
15
1
8
8
7
3
120
2
86
7
22
4
8
13
13
8
8
103
2
72
18
27
4
10
1
2
19
15
10
12
58
3
9
18
13
24
1
7
3
19
4
5
21
14
19
14
54
18
41
9
22
6
7
8
14
3
36
8
6
18
13
20
17
82
23
97
10
48
12
16
5
4
14
18
21
12
8
18
12
28
28
76
15
101
31
37
8
16
3
7
12
24
4
18
3
7
12
19
12
35
22
45
15
2
34
33
3
16
3
6
1
13
24
12
12
5
12
8
15
9
34
32
23
25
31
32
1
12
9
9
25
4
17
5
8
11
7
29
25
46
12
79
10
19
9
7
3
14
17
4
6
6
7
19
7
59
106
12
6
2
4
1
6
10
15
13
15
7
7
2
4
5
2
9
3
2
10
2
60
5
1
2
1
2
23
5
101
6
5
10
13
3
8
1
11
4
10
1
7
1
4
2
3
7
16
12
4
1
10
9
8
9
1
4
30
7
81
2
4
3
10
1
8
4
8
10
3
4
3
14
8
19
5
4
2
10
5
12
1
12
6
3
3
3
16
1
4
11
9
18
2
17
9
2
2
4
15
17
8
9
15
3
15
7
3
1
3
5
36
14
66
9
1
7
10
16
2
16
9
4
1
7
3
23
6
23
4
4
5
8
10
17
15
8
4
1
10
7
9
5
2
2
7
12
16
1
16
1
12
4
12
9
18
11
7
4
4
8
12
16
1
4
1
24
16
1
14
2
6
10
9
48
47
20
12
6
6
6
9
7
5
6
13
1
