3
73
2
13
5
33
1
2
74
4
2
14
7
1
1
5
76
3
3
15
7
1
3
8
76
5
4
15
9
2
5
76
6
3
14
10
31
2
2
75
7
2
13
10
2
4
5
74
7
4
13
12
2
6
8
72
6
1
2
13
11
2
5
4
6
72
9
1
3
12
13
46
3
3
2
3
73
9
1
3
13
13
1
1
5
5
73
7
2
4
13
12
2
1
7
10
74
7
5
6
13
14
3
3
9
12
74
6
5
4
12
14
29
4
5
6
9
73
7
3
4
12
13
51
9
7
5
6
74
12
3
4
11
19
8
6
9
10
74
11
6
5
12
20
4
3
10
13
76
7
9
7
12
19
7
4
7
10
75
10
6
6
12
19
43
8
5
6
7
75
11
4
5
12
15
7
5
6
10
75
10
4
6
14
19
6
5
7
11
73
11
3
3
14
19
7
4
5
9
73
8
1
2
13
17
37
5
3
2
5
74
8
2
13
17
3
3
1
3
6
73
7
1
13
15
4
2
5
10
73
5
1
14
16
5
3
4
8
72
6
13
15
48
5
3
1
4
72
5
12
14
30
2
1
4
6
73
2
1
14
11
7
11
73
1
14
10
2
1
4
10
73
3
1
13
12
62
1
3
6
74
3
14
12
50
3
6
75
1
14
12
6
10
74
1
1
14
9
7
11
73
3
1
14
8
25
2
1
4
7
74
4
1
13
15
50
6
3
5
6
74
7
2
13
16
5
3
8
10
74
7
1
3
14
18
3
2
8
11
73
7
2
3
13
16
24
4
3
5
7
71
7
1
12
16
52
6
4
3
5
72
9
1
12
19
6
3
5
8
73
7
1
2
13
18
3
2
7
9
71
5
1
13
16
1
2
2
3
6
70
4
11
14
56
6
4
2
3
70
5
11
16
11
5
4
5
6
71
5
1
13
17
3
3
7
10
71
4
1
13
15
26
2
2
5
9
71
3
12
13
74
5
1
2
5
71
2
13
15
24
4
3
6
72
2
13
14
6
9
70
2
13
8
3
2
5
8
70
3
1
12
13
35
5
3
2
5
71
5
1
1
11
15
12
6
4
4
6
72
8
2
1
12
17
6
2
8
11
72
5
3
3
1
13
18
6
2
8
11
71
6
3
3
1
12
17
25
11
7
5
7
71
10
1
2
2
12
22
14
11
7
5
6
72
11
3
1
12
23
9
5
7
10
72
8
1
3
1
14
21
6
4
6
11
71
7
2
2
13
19
14
8
5
4
8
72
8
3
1
13
19
36
11
5
4
6
73
9
1
4
1
13
21
9
4
7
10
73
9
3
4
14
21
9
6
9
14
74
10
6
6
14
22
19
13
7
7
11
75
14
6
7
14
25
42
12
6
5
9
76
12
4
6
1
14
25
14
6
8
12
76
12
1
5
7
1
16
28
13
6
9
14
75
11
6
7
1
16
23
10
3
7
11
74
11
4
6
15
18
18
14
6
5
8
74
13
2
7
1
16
26
11
5
8
10
74
12
4
6
2
17
23
1
8
6
10
13
73
10
4
4
2
16
23
11
11
8
7
10
71
11
3
4
2
16
25
4
41
14
9
5
6
72
13
1
3
3
15
26
2
15
1
10
1
8
8
72
14
3
5
3
17
27
12
2
9
9
11
73
13
5
5
2
17
27
4
10
1
7
7
10
72
11
4
3
1
17
24
57
10
6
5
6
73
10
1
3
2
17
22
47
11
6
6
7
74
11
1
4
2
18
24
9
3
8
10
74
8
2
4
1
19
22
6
4
1
6
10
73
3
2
3
17
17
66
5
3
4
7
72
5
2
1
17
17
58
5
1
6
7
72
3
3
1
17
16
5
2
9
11
72
3
2
4
2
18
21
3
1
9
12
73
4
2
3
1
17
14
45
6
1
5
9
74
6
2
5
1
17
16
70
8
3
5
8
75
8
2
7
2
17
22
12
5
2
8
12
75
6
5
7
2
18
18
6
3
9
14
75
5
7
8
2
19
20
54
9
5
6
10
75
7
4
6
2
17
20
86
11
6
6
8
76
10
4
6
2
17
24
24
9
4
9
12
77
8
7
8
3
18
22
8
5
10
15
77
8
1
8
8
3
18
21
28
8
7
6
11
76
8
5
8
2
17
21
72
8
7
4
7
75
9
2
6
2
18
22
24
10
7
7
10
75
9
4
5
3
18
23
7
6
8
12
74
7
5
6
2
19
21
32
11
7
5
9
73
10
4
3
2
18
24
88
13
2
7
1
4
6
73
11
2
3
3
2
17
25
36
9
5
5
7
74
10
2
3
2
19
22
8
5
7
11
74
11
1
3
3
2
20
23
106
9
7
5
9
73
12
2
2
2
1
19
25
228
53
11
8
2
72
16
7
5
1
18
28
396
32
10
8
1
3
72
21
13
15
1
20
24
636
8
7
2
1
7
74
18
14
2
20
1
21
26
766
6
6
1
2
8
75
16
13
2
18
19
23
613
41
3
3
1
8
78
10
7
4
9
20
18
264
29
4
3
5
10
81
4
1
9
1
20
17
5
5
9
14
81
6
5
10
1
20
18
9
6
10
15
78
9
8
10
2
19
22
10
1
6
7
11
77
9
1
6
8
2
17
21
7
9
1
6
7
9
76
9
4
7
2
18
21
8
6
1
11
13
75
7
1
7
7
3
19
20
8
6
10
14
74
9
1
7
6
3
18
21
1
10
2
6
7
10
74
10
1
4
5
3
16
23
40
12
3
8
2
6
7
75
11
2
2
5
3
17
23
11
2
8
2
7
10
75
9
2
4
6
3
19
22
13
3
8
1
8
12
74
10
2
1
6
6
3
19
23
16
4
8
1
5
10
74
12
2
1
5
4
3
17
25
31
18
6
10
3
5
7
75
14
6
3
6
6
3
17
29
17
8
10
4
7
9
75
14
7
3
7
7
4
18
30
13
6
9
2
8
11
73
14
4
3
7
5
4
17
23
3
16
8
11
4
7
9
73
16
6
4
6
5
4
16
27
66
19
8
12
7
5
7
73
16
7
4
6
5
5
15
30
15
21
8
13
6
8
9
74
20
9
5
9
8
1
5
17
31
19
8
12
4
10
13
74
19
9
5
11
9
4
17
33
18
7
11
4
9
13
74
16
8
4
10
7
5
15
29
61
18
6
10
4
6
10
74
16
8
2
7
8
5
16
29
38
15
1
7
3
7
10
75
14
5
2
6
8
4
18
26
15
3
7
1
10
14
76
12
5
1
9
9
4
19
25
14
3
6
9
15
75
11
3
2
8
8
4
18
24
71
17
4
8
1
6
11
76
15
5
4
6
7
4
18
26
65
18
5
8
2
7
10
77
14
8
3
7
9
4
19
27
19
6
10
2
9
15
77
17
8
5
9
9
4
20
30
19
6
11
2
8
15
77
18
8
6
9
8
3
19
32
37
18
5
11
2
5
10
76
17
6
6
7
8
3
18
30
52
19
7
12
3
5
8
76
20
8
8
6
7
4
18
33
18
8
12
3
8
13
77
20
8
9
9
9
4
19
33
18
7
11
2
8
14
76
19
8
8
10
9
1
4
19
32
6
30
20
9
12
3
6
9
72
20
9
7
7
4
5
17
33
60
18
10
13
4
5
6
73
19
8
7
5
3
7
17
32
20
8
13
4
7
7
72
19
7
7
5
3
7
18
35
22
9
15
4
9
11
70
19
7
7
6
2
7
17
37
1
19
9
14
5
7
9
71
20
7
7
5
3
6
17
28
1
37
21
10
13
5
5
6
72
20
6
6
3
4
6
16
32
20
10
14
5
8
10
73
20
7
6
5
5
7
17
34
7
17
7
12
3
9
13
73
18
5
4
6
5
6
17
30
17
15
7
11
2
7
11
73
16
5
4
4
5
5
15
29
18
59
19
10
13
5
6
8
74
19
7
5
2
6
6
15
30
14
7
19
10
13
5
8
11
75
19
7
5
6
7
7
16
32
23
17
7
12
5
10
15
76
17
6
4
9
8
6
17
31
37
17
7
10
4
9
13
76
17
7
5
7
7
5
16
30
38
29
15
5
10
2
5
9
76
17
5
7
3
7
5
16
29
37
7
16
4
10
2
6
10
77
19
4
7
4
7
5
18
30
42
15
6
10
3
10
15
78
18
7
7
8
8
5
19
30
60
15
5
10
2
9
14
77
17
6
7
8
7
5
18
28
64
27
17
7
9
2
5
9
77
18
6
7
7
7
5
17
30
71
24
19
10
10
4
6
10
79
20
9
9
8
9
3
2
6
18
32
81
17
9
9
4
8
13
79
20
9
9
9
9
4
6
18
31
83
14
5
8
2
8
14
77
16
6
7
9
6
6
18
28
99
18
15
5
9
2
6
10
78
19
7
9
9
7
4
6
18
27
108
32
13
6
9
3
5
9
79
19
10
10
9
8
5
1
5
18
26
110
13
7
9
3
9
13
79
17
11
8
11
8
2
2
5
18
3
29
121
12
3
9
1
8
14
78
19
9
9
11
7
2
5
18
2
28
140
29
7
8
5
10
76
18
5
9
7
5
1
5
17
19
153
64
9
8
3
7
77
18
3
9
5
5
4
6
18
26
148
3
12
1
9
7
11
79
23
5
11
8
8
7
7
19
3
31
171
8
8
8
15
79
25
3
12
10
8
9
6
19
30
191
25
2
6
5
12
78
21
11
7
6
7
6
18
23
196
73
5
5
10
80
18
3
9
7
8
6
6
18
18
201
26
4
8
9
13
82
20
8
10
11
10
8
3
6
19
7
23
221
1
8
11
17
82
19
4
11
13
11
7
3
6
19
5
20
245
18
6
8
15
82
19
11
10
10
8
1
5
19
19
243
76
6
5
11
82
18
1
9
7
9
7
6
19
17
234
42
5
7
12
81
18
9
6
8
7
6
20
17
236
5
8
15
80
16
8
7
7
4
6
21
16
242
4
6
13
79
14
7
6
6
1
6
20
13
242
56
6
4
9
79
17
9
3
5
6
6
19
16
230
42
6
5
11
81
16
9
5
6
6
6
21
15
224
6
9
16
81
17
2
10
9
8
7
6
21
3
20
214
2
1
7
9
17
81
21
5
12
12
9
9
6
20
6
20
200
83
7
7
13
82
21
7
12
10
10
9
2
6
20
8
15
175
74
8
8
12
83
20
4
12
9
10
10
2
7
20
5
20
137
5
7
10
16
83
18
5
11
13
12
9
4
7
21
8
16
127
7
9
17
82
20
6
12
13
11
7
2
6
20
8
18
106
62
7
5
12
83
18
4
11
9
11
6
6
20
4
17
81
74
6
5
11
82
17
4
9
8
9
5
2
6
19
6
16
53
1
7
9
15
83
18
6
8
11
10
3
4
6
21
9
18
47
7
9
17
83
18
6
9
13
11
3
3
7
20
9
18
31
34
6
6
13
83
18
4
8
10
9
1
7
19
6
18
8
62
4
5
10
83
17
3
7
8
9
1
2
7
20
4
16
3
8
14
84
13
3
5
10
10
3
7
21
5
12
4
10
17
84
14
4
6
11
11
3
7
20
6
14
4
6
13
83
15
3
7
9
9
1
1
6
19
4
13
44
3
4
10
83
15
3
5
8
9
1
2
7
20
5
12
2
7
14
84
15
4
5
10
11
3
7
21
7
14
9
17
83
11
5
3
13
10
3
6
20
8
11
1
7
14
81
11
5
3
11
8
1
7
19
6
11
60
5
10
82
8
3
1
8
9
7
19
2
10
20
7
12
82
7
1
9
9
1
7
20
2
10
1
10
17
82
10
4
2
12
10
1
8
20
8
6
9
16
82
8
6
2
12
10
3
7
19
7
9
52
3
5
11
83
13
5
6
9
9
2
3
8
19
6
13
30
5
7
12
84
15
8
8
11
12
2
5
9
20
10
14
4
9
16
84
13
5
6
12
12
1
4
9
20
8
14
3
8
16
83
13
4
5
12
10
3
8
19
6
12
45
5
6
12
84
15
7
7
11
10
4
8
18
7
15
50
4
6
12
85
14
6
6
10
12
2
5
8
20
6
14
4
9
16
83
13
6
4
12
11
5
8
20
7
14
3
7
16
82
13
5
5
11
10
1
8
19
7
14
29
2
4
12
82
10
2
3
8
8
7
19
3
10
41
3
10
82
9
2
5
8
6
19
1
10
1
6
14
83
10
2
1
9
9
1
7
21
3
11
8
16
83
8
2
1
10
9
7
20
4
9
10
2
5
12
83
10
2
3
7
8
7
19
2
11
33
1
4
5
11
83
12
5
2
7
8
7
19
5
14
3
7
13
82
10
5
1
9
9
2
7
20
7
14
3
8
16
83
13
4
5
12
10
3
8
19
6
12
45
5
6
12
84
15
7
7
11
10
4
8
18
7
15
50
4
6
12
85
14
6
6
10
12
2
5
8
20
6
14
4
9
16
83
13
6
4
12
11
5
8
20
7
14
3
7
16
82
13
5
5
11
10
1
8
19
7
14
29
2
4
12
82
10
2
3
8
8
7
19
3
10
41
3
10
82
9
2
5
8
6
19
1
10
1
6
14
83
10
2
1
9
9
1
7
21
3
11
8
16
83
8
2
1
10
9
7
20
4
9
10
2
5
12
83
10
2
3
7
8
7
19
2
11
33
1
4
5
11
83
12
5
2
7
8
7
19
5
14
3
7
13
82
10
5
1
9
9
2
7
20
7
14
5
8
12
79
10
2
1
8
6
9
17
5
13
5
7
14
79
11
4
1
9
7
10
18
5
15
40
3
5
10
81
10
3
8
7
9
18
3
12
49
1
5
10
82
9
2
8
8
8
18
3
10
1
9
16
83
7
1
9
9
9
19
3
10
1
9
16
81
7
1
8
8
8
19
3
10
19
2
6
12
82
7
4
8
8
8
18
4
12
27
4
6
11
83
10
5
1
9
10
1
9
20
5
17
4
9
14
84
13
7
4
11
10
2
9
20
9
12
4
9
16
84
13
8
5
13
11
2
8
20
10
12
26
4
7
13
84
12
8
4
12
11
4
8
19
8
15
60
3
6
11
85
12
10
5
12
12
2
7
8
19
11
11
2
8
14
84
12
9
4
13
11
2
2
7
19
12
15
1
10
16
84
10
7
3
15
12
5
8
19
10
12
8
3
8
15
84
12
8
4
14
13
6
8
18
9
14
53
2
5
6
10
83
14
9
5
11
12
1
3
8
18
9
15
1
1
5
9
12
83
12
10
3
12
11
4
9
18
12
14
5
10
15
81
11
6
3
12
9
9
18
7
14
4
8
12
80
10
5
3
10
8
10
17
5
12
58
1
3
5
9
80
10
5
1
8
7
9
17
5
13
21
3
6
11
81
9
4
1
8
7
9
17
5
12
3
9
15
80
7
4
11
7
10
18
4
10
2
6
12
79
6
7
5
9
17
9
57
1
4
9
80
6
3
4
9
17
8
29
6
10
81
5
2
5
5
9
18
2
8
8
14
81
4
3
9
7
8
19
4
8
7
14
80
2
2
8
5
8
18
2
9
67
1
5
9
79
5
5
4
9
18
7
64
1
4
9
80
6
1
5
5
9
18
5
8
14
82
3
3
10
8
9
19
3
8
9
15
82
2
2
11
9
9
18
3
3
54
6
12
83
3
4
9
9
8
17
1
6
62
4
3
7
12
84
9
10
11
11
2
9
18
8
12
1
3
10
16
85
7
7
13
13
3
9
19
8
10
1
11
17
84
4
6
14
12
3
9
18
5
7
16
2
8
14
84
6
8
13
12
4
10
18
7
9
59
6
10
81
5
2
5
5
9
18
2
8
8
14
81
4
3
9
7
8
19
4
8
7
14
80
2
2
8
5
8
18
2
9
67
1
5
9
79
5
5
4
9
18
7
64
1
4
9
80
6
1
5
5
9
18
5
8
14
82
3
3
10
8
9
19
3
8
9
15
82
2
2
11
9
9
18
3
3
54
6
12
83
3
4
9
9
8
17
1
6
62
4
3
7
12
84
9
10
11
11
2
9
18
8
12
1
3
10
16
85
7
7
13
13
3
9
19
8
10
1
11
17
84
4
6
14
12
3
9
18
5
7
16
2
8
14
84
6
8
13
12
4
10
18
7
9
59
1
5
9
80
6
7
6
6
10
17
4
8
7
2
7
10
81
6
8
7
7
11
18
6
9
2
2
10
15
80
7
11
10
7
11
18
10
10
1
2
3
10
15
80
7
11
1
11
8
11
18
9
11
34
2
3
3
8
10
81
8
10
3
9
8
11
17
7
10
47
3
2
3
8
10
82
8
10
2
9
11
1
12
18
8
11
2
1
2
11
15
83
7
11
2
12
11
2
12
19
10
10
1
1
2
10
16
81
6
9
2
12
10
12
18
7
10
40
1
1
2
7
12
83
5
10
1
9
10
11
18
7
8
46
2
1
3
7
11
84
7
10
3
9
12
1
12
18
7
9
1
2
2
11
16
85
5
11
2
13
13
3
12
19
9
9
1
2
10
17
85
5
10
1
13
13
3
11
19
9
10
41
2
6
12
84
6
6
2
8
10
11
18
2
9
81
4
9
82
2
4
5
7
11
18
1
5
14
7
11
81
1
4
6
7
12
19
2
7
8
12
80
1
3
7
6
12
19
1
7
23
5
10
80
4
3
5
5
11
18
2
68
1
3
8
80
4
2
1
2
5
11
18
7
17
6
10
81
3
7
11
18
4
8
14
81
2
7
7
11
19
3
8
13
80
14
1
10
8
12
18
8
2
41
6
5
3
6
7
9
80
5
18
2
10
8
12
17
13
11
20
6
4
3
7
11
81
9
14
5
10
10
2
12
19
10
15
10
2
5
2
9
15
81
11
12
4
11
8
12
18
11
20
3
2
6
12
84
6
6
2
8
10
11
18
2
9
81
4
9
82
2
4
5
7
11
18
1
5
14
7
11
81
1
4
6
7
12
19
2
7
8
12
80
1
3
7
6
12
19
1
7
23
5
10
80
4
3
5
5
11
18
2
68
1
3
8
80
4
2
1
2
5
11
18
7
17
6
10
81
3
7
11
18
4
8
14
81
2
7
7
11
19
3
8
13
80
14
1
10
8
12
18
8
2
41
6
5
3
6
7
9
80
5
18
2
10
8
12
17
13
11
20
6
4
3
7
11
81
9
14
5
10
10
2
12
19
10
15
10
2
5
2
9
15
81
11
12
4
11
8
12
18
11
20
3
10
6
1
6
12
80
10
9
4
8
6
12
17
4
20
68
11
3
4
2
3
8
80
11
9
5
6
7
12
