5
10
2
14
7
23
15
10
13
12
15
54
9
19
13
135
32
4
13
5
10
1
15
8
16
11
5
13
12
17
50
9
18
97
1
14
6
12
4
19
12
21
17
7
17
14
21
55
8
20
64
13
7
13
7
22
16
26
9
20
16
19
19
23
61
8
22
18
104
3
14
6
13
4
17
11
21
1
17
12
16
14
20
54
9
20
17
155
36
1
15
8
13
2
17
10
25
1
19
10
16
12
19
55
10
18
4
132
1
15
8
13
1
17
9
21
3
17
11
15
11
20
56
1
11
18
2
78
4
16
6
13
1
15
6
28
21
9
15
7
21
53
10
18
11
108
2
15
5
12
12
4
26
19
7
13
7
18
51
10
18
19
173
18
3
14
7
10
10
3
20
15
5
10
6
15
50
12
16
8
155
3
12
7
10
10
3
25
18
6
12
8
17
51
12
16
103
12
8
9
2
10
4
18
1
14
11
11
11
16
54
12
18
11
123
13
9
13
5
15
9
24
18
12
14
15
18
55
12
18
11
223
24
11
15
7
11
1
12
4
22
15
9
11
11
15
52
12
16
8
260
22
47
13
7
10
9
2
16
11
6
9
8
14
50
12
14
215
24
1
11
9
9
5
12
8
4
5
5
10
47
12
14
162
35
11
9
7
2
4
11
8
1
2
3
7
43
12
15
194
25
9
7
6
1
2
7
6
2
3
41
11
15
235
24
30
9
6
7
2
6
4
1
3
39
11
14
192
31
9
6
9
1
6
9
7
2
2
5
44
11
15
132
22
11
6
10
2
7
1
12
9
3
4
4
5
47
11
16
147
16
14
4
11
8
1
13
12
4
7
4
7
48
11
15
6
189
8
20
16
5
12
10
2
21
16
4
11
6
17
51
12
14
159
5
8
11
16
7
12
10
3
24
17
7
11
8
18
54
4
13
14
87
3
2
17
7
12
1
12
5
24
4
18
11
12
10
18
58
3
13
14
9
82
15
7
11
1
11
4
21
18
9
12
10
19
55
2
13
14
17
122
34
4
13
8
10
8
2
21
15
6
10
9
16
53
3
15
12
7
106
5
17
3
13
9
10
8
2
22
16
6
10
9
16
55
1
14
11
24
14
3
13
10
11
2
11
4
23
16
9
12
12
16
57
14
13
7
1
18
14
8
13
3
15
7
21
1
17
13
16
15
20
60
12
15
19
57
12
16
17
7
16
2
15
7
26
21
12
18
15
21
59
11
14
10
53
2
16
2
16
9
16
3
17
10
29
20
15
19
19
22
63
11
14
3
2
16
9
16
5
19
12
25
6
20
18
20
21
24
66
11
15
10
6
2
16
10
15
6
17
11
23
2
22
17
18
21
21
64
12
16
21
4
5
22
3
14
10
13
5
15
10
24
4
15
16
16
20
19
64
12
14
17
27
38
6
15
11
12
3
16
9
22
3
13
17
16
21
21
65
2
14
12
4
9
16
11
13
5
16
11
22
4
19
18
17
21
21
66
5
15
13
7
11
16
11
12
6
15
11
26
4
18
18
14
20
18
65
7
14
13
18
8
7
16
10
12
4
15
11
25
1
19
16
16
20
19
65
6
13
13
15
16
7
29
9
14
10
13
3
15
11
30
20
12
17
17
21
62
3
13
12
11
7
14
12
12
5
15
12
26
2
18
17
15
19
21
66
3
12
14
20
13
10
12
7
16
13
27
11
18
19
16
20
22
67
10
15
15
26
3
13
10
11
4
13
9
27
2
17
15
13
15
20
63
10
13
14
12
27
15
1
13
10
11
1
13
8
25
3
19
14
13
13
18
63
11
12
3
32
3
14
9
11
1
11
6
25
1
16
13
11
11
16
60
1
12
11
34
8
15
9
10
1
11
5
22
2
15
13
10
10
18
60
3
13
13
10
27
16
7
12
1
12
5
27
2
18
15
12
10
19
62
3
12
13
19
9
18
18
7
15
9
11
10
2
25
1
16
12
11
9
17
60
6
14
11
3
5
9
14
10
10
10
3
23
4
14
12
10
9
16
60
7
14
10
5
1
10
14
10
10
10
3
26
1
16
12
11
9
16
58
9
14
12
11
7
1
10
16
10
11
11
2
25
3
18
13
11
8
16
59
10
15
12
17
1
8
15
9
12
11
2
23
18
11
13
8
17
57
9
14
11
8
9
16
9
13
11
3
24
3
18
10
13
9
15
58
8
14
11
3
16
7
14
1
13
4
14
13
10
12
10
10
58
3
12
13
1
3
14
6
13
1
12
3
13
8
9
10
9
10
55
11
14
10
22
5
14
5
13
15
4
21
12
11
13
11
13
56
10
14
4
27
13
4
16
19
8
17
18
10
16
14
15
60
9
14
14
6
15
2
18
8
17
14
11
14
14
15
58
9
14
4
1
14
8
13
3
15
7
14
10
9
12
13
12
53
10
15
7
11
27
11
9
12
3
14
6
16
11
10
11
15
13
56
10
14
2
7
8
51
4
12
11
12
2
13
7
18
12
12
12
16
14
60
3
13
12
15
16
7
13
11
11
2
12
5
21
13
12
12
15
13
60
7
13
12
32
5
14
10
11
1
11
3
23
16
10
13
13
14
56
5
13
13
5
25
45
3
14
9
12
12
4
21
15
10
13
11
17
57
3
12
12
5
7
15
74
5
14
8
13
12
5
21
15
10
14
11
16
61
1
11
12
10
28
14
8
14
1
14
6
21
18
13
16
13
19
61
10
13
14
3
12
9
12
2
12
5
21
2
15
16
13
12
17
64
10
14
10
13
27
3
13
8
10
1
8
1
25
1
16
14
11
9
17
60
2
10
12
10
5
1
61
4
11
9
8
3
20
11
9
6
5
11
55
4
11
10
25
7
11
10
6
1
17
7
9
3
3
7
54
5
12
10
6
12
11
6
1
20
10
10
3
2
10
54
5
12
12
4
3
11
10
6
1
15
6
11
3
3
6
57
4
12
12
12
45
3
13
10
8
1
21
12
8
5
8
53
3
13
10
20
5
14
11
9
3
20
13
7
7
12
53
3
13
10
7
13
9
10
6
14
11
8
9
2
11
53
3
12
11
14
7
12
9
18
15
9
12
4
14
55
10
13
7
29
14
7
13
12
3
24
17
10
15
9
18
57
9
13
22
6
13
8
13
2
14
6
22
16
11
15
12
17
57
2
10
13
3
11
9
12
4
14
8
18
1
12
14
13
15
16
63
1
9
14
2
9
6
10
4
14
7
21
11
11
13
14
15
58
9
15
7
35
7
7
9
3
11
6
13
9
10
10
13
10
56
9
14
41
7
7
9
1
10
4
8
7
8
7
12
5
54
9
12
6
2
9
7
10
3
11
5
19
10
9
9
12
12
54
9
13
12
10
7
11
5
14
8
15
9
13
11
15
13
58
7
15
5
7
23
12
8
13
4
14
8
20
15
13
14
15
16
58
7
15
2
6
40
1
12
10
13
4
16
10
22
15
14
16
18
15
62
7
14
16
2
1
12
10
12
6
16
10
23
13
16
14
19
11
65
8
14
15
3
14
10
12
6
15
10
24
1
16
17
15
19
21
65
8
14
12
6
15
2
13
9
12
4
16
11
24
19
16
18
18
22
63
8
13
13
39
1
7
12
9
11
1
12
7
28
18
12
16
16
19
61
3
10
11
1
2
12
13
10
11
11
5
27
17
13
13
14
20
62
4
10
11
1
14
3
12
8
10
10
4
26
2
16
14
12
13
17
62
3
10
12
14
14
11
7
9
8
3
21
12
12
10
12
14
59
1
9
12
11
8
4
11
7
10
8
2
18
10
8
9
10
11
57
1
10
11
12
5
9
7
1
19
9
5
6
6
7
53
9
11
6
12
5
8
5
15
8
4
3
3
5
48
9
12
8
13
6
8
6
15
9
4
5
2
5
48
1
10
13
4
21
14
6
10
7
19
11
2
6
1
4
48
1
10
12
16
3
16
9
12
10
1
23
13
6
9
5
13
52
1
10
12
3
14
9
11
2
12
3
21
12
9
10
8
15
57
3
9
14
1
1
6
13
9
9
1
9
1
19
11
11
8
7
9
56
3
10
13
9
53
9
13
8
10
12
2
25
13
11
12
9
16
57
2
9
12
38
3
14
6
12
15
5
23
15
10
14
11
18
60
1
9
13
2
14
5
14
3
17
8
29
2
20
14
16
13
21
64
8
14
3
13
3
1
12
5
11
2
14
7
25
18
11
14
13
18
59
7
15
13
65
12
4
11
1
14
7
23
14
6
13
13
16
55
8
14
1
64
12
5
11
12
6
28
15
5
12
11
16
54
8
13
2
6
11
8
8
2
10
5
18
11
8
9
13
11
55
1
9
13
11
9
7
4
12
8
22
10
11
9
15
12
58
8
14
5
45
11
8
8
3
12
8
23
12
10
10
16
15
58
2
8
12
5
57
4
12
10
9
1
12
8
21
11
10
12
16
15
59
2
10
11
2
11
1
11
10
10
3
14
9
26
13
9
14
15
18
58
1
8
12
15
2
12
9
9
4
13
9
21
14
13
14
16
16
62
1
7
13
10
16
19
3
10
9
8
2
11
7
18
1
10
12
12
15
16
61
1
8
12
7
11
41
2
12
7
8
9
5
21
12
6
11
12
16
56
4
9
9
18
3
14
8
9
1
11
6
27
16
12
14
15
19
61
5
9
10
21
7
13
9
7
3
10
6
22
2
13
15
12
17
18
65
6
9
11
10
13
8
6
15
8
7
1
8
5
22
14
12
11
15
15
60
8
9
10
10
48
4
14
8
7
6
3
19
10
9
8
13
13
59
8
10
9
22
3
14
7
7
5
24
13
6
7
10
11
54
5
10
9
7
8
10
8
5
3
26
12
6
5
7
9
52
4
9
10
3
10
1
10
5
5
1
13
5
3
2
4
4
50
3
8
10
5
41
12
5
6
15
5
2
1
3
1
48
3
9
8
30
8
10
7
6
16
7
3
1
3
5
50
5
9
8
9
11
4
7
1
19
11
3
3
3
8
49
3
8
10
10
4
4
13
4
7
1
17
9
3
4
2
7
50
6
9
10
5
2
57
2
13
3
8
1
20
11
6
9
49
7
9
9
52
14
3
8
2
26
13
7
10
48
7
10
8
7
12
5
7
3
15
7
3
4
2
8
50
7
9
9
2
11
6
6
4
17
5
2
4
3
4
48
7
9
10
4
43
4
11
8
7
7
2
15
7
3
6
7
9
50
5
9
10
47
7
11
8
7
8
4
14
9
4
7
8
10
51
5
9
9
6
12
9
8
2
11
7
17
10
5
8
10
10
51
5
9
11
2
11
7
7
3
12
8
17
8
6
9
12
11
51
3
7
11
4
19
34
10
7
7
2
12
7
18
8
6
9
10
10
52
2
7
10
53
55
12
6
8
11
6
18
11
4
9
10
9
51
1
7
9
1
11
6
7
1
10
5
17
8
3
8
10
13
50
4
9
9
6
2
11
6
7
3
10
6
10
7
6
8
10
8
51
3
8
11
2
21
7
21
10
5
8
3
12
7
24
10
7
11
13
13
53
7
11
1
68
54
6
9
7
8
2
12
7
24
12
8
12
14
17
56
7
10
4
4
6
11
7
8
3
12
8
18
11
9
12
15
14
58
6
10
13
12
7
9
5
13
10
26
15
10
15
17
20
59
2
6
13
11
15
14
8
11
10
8
5
12
8
21
13
11
13
17
18
59
5
7
12
12
26
13
60
1
5
12
8
9
4
13
9
27
16
12
15
17
19
60
5
7
11
10
18
1
13
7
10
2
14
9
26
2
17
10
15
15
20
61
5
7
10
11
12
6
9
2
13
7
23
13
8
13
11
17
57
4
7
12
8
9
13
1
9
10
3
24
13
1
11
5
14
48
5
8
12
5
34
2
46
14
9
7
1
19
11
9
1
11
46
5
8
9
10
5
26
3
13
3
8
6
18
7
6
3
7
49
5
9
8
16
2
12
4
6
5
16
5
5
3
2
48
3
9
10
14
1
12
5
6
5
11
7
6
3
6
45
3
8
11
1
8
29
9
6
6
6
1
15
8
2
7
5
8
50
3
7
10
16
15
12
6
8
10
4
21
11
1
10
7
9
50
6
11
22
2
13
7
9
2
10
5
21
13
4
10
9
15
52
1
6
12
27
1
10
7
7
4
10
6
20
10
8
9
11
12
57
5
12
10
29
6
4
11
7
6
2
7
4
18
10
5
8
10
8
52
3
6
10
23
7
11
10
9
5
1
5
2
19
9
4
5
10
10
51
8
9
7
15
4
11
10
4
2
6
3
17
8
7
5
11
9
54
8
10
8
18
8
11
10
2
2
5
2
10
6
9
3
11
5
54
10
10
8
8
18
7
11
9
3
1
6
3
19
9
7
5
11
9
52
5
9
8
3
12
9
8
4
1
7
4
19
6
6
5
12
7
53
2
8
8
18
2
7
9
1
2
5
4
11
1
6
1
12
3
52
2
7
9
24
9
8
3
3
5
4
12
4
5
2
12
5
48
6
10
18
6
9
6
5
3
8
6
13
5
6
4
14
7
52
1
6
10
1
12
39
1
9
6
5
1
7
6
16
7
5
5
14
5
54
3
6
9
12
1
9
9
8
4
2
7
6
18
6
5
5
14
5
53
7
7
9
14
1
9
9
8
4
3
8
6
20
1
7
8
5
12
7
53
7
8
10
10
9
13
3
10
6
4
1
6
4
17
7
7
4
10
6
52
5
8
9
7
54
1
7
10
6
5
6
2
18
10
4
7
8
10
51
7
8
8
26
2
4
13
3
7
7
1
20
10
1
8
4
10
48
7
9
9
48
2
15
1
8
9
1
16
10
10
3
12
47
5
8
10
274
1
15
10
12
2
15
12
14
3
15
45
6
11
541
52
14
11
14
4
10
10
16
5
18
45
5
11
555
27
2
12
11
16
7
4
7
16
9
20
48
5
10
424
13
12
2
20
11
10
11
4
18
13
21
51
3
13
358
16
1
14
3
22
13
18
16
7
21
16
24
56
3
15
274
47
14
3
12
2
18
11
23
14
7
20
15
21
57
4
12
163
44
2
12
6
8
1
14
7
19
12
7
15
13
19
56
1
5
10
17
20
7
12
9
5
2
9
3
19
10
9
10
10
13
54
3
6
9
31
11
6
4
2
6
2
21
11
7
9
9
12
52
6
10
10
20
48
7
6
2
1
5
18
10
5
8
9
11
51
5
8
3
62
6
6
1
3
15
6
2
5
7
7
47
6
6
17
8
6
2
1
5
14
8
4
6
9
11
50
5
8
10
6
3
2
7
1
15
7
3
8
8
10
48
3
10
37
41
9
6
3
1
7
1
15
7
3
7
7
9
48
4
9
1
56
61
10
6
4
6
1
18
11
3
8
8
10
50
5
7
2
4
10
6
4
6
1
18
9
5
8
9
12
51
1
5
8
7
11
8
3
1
7
3
21
11
9
10
11
14
55
2
5
8
12
18
10
6
11
7
5
1
10
5
25
1
14
10
13
13
16
58
3
4
9
16
66
46
1
7
12
8
6
10
5
26
14
8
13
12
17
58
4
5
7
3
23
1
4
13
7
6
8
3
23
2
15
7
10
10
16
56
5
5
7
1
1
7
11
6
5
9
3
23
13
10
10
9
15
56
7
6
8
14
8
11
12
5
5
8
1
23
13
6
9
7
13
52
7
7
9
10
63
14
3
5
11
5
5
8
3
19
10
3
8
7
12
51
8
7
8
2
34
3
4
12
5
7
11
6
19
12
5
10
10
13
54
9
6
10
1
5
13
2
11
1
14
8
23
1
16
7
14
10
17
55
6
4
12
10
14
3
4
11
2
12
1
16
9
24
14
6
16
9
19
54
1
2
13
15
68
24
3
13
1
11
13
7
16
11
2
12
8
13
52
2
3
10
1
49
1
8
13
1
10
12
7
18
10
10
8
10
50
3
10
10
12
2
8
10
5
16
8
9
6
9
47
3
11
2
14
14
7
8
2
20
12
9
5
12
45
1
3
10
6
64
10
26
13
2
7
10
4
20
12
1
12
7
13
50
4
8
70
4
17
14
3
8
12
5
21
14
1
13
9
13
52
4
8
14
8
2
12
6
6
1
10
5
17
11
3
10
9
12
50
3
8
5
11
11
12
5
5
8
1
23
13
6
9
7
13
52
7
7
9
10
63
14
3
5
11
5
5
8
3
19
10
3
8
7
12
51
8
7
8
2
34
3
4
12
5
7
11
6
19
12
5
10
10
13
54
9
6
10
1
5
13
2
11
1
14
8
23
1
16
7
14
10
17
55
6
4
12
10
14
3
4
11
2
12
1
16
9
24
14
6
16
9
19
54
1
2
13
15
68
24
3
13
1
11
13
7
16
11
2
12
8
13
52
2
3
10
1
49
1
8
13
1
10
12
7
18
10
10
8
10
50
3
10
10
12
2
8
10
5
16
8
9
6
9
47
3
11
2
14
14
7
8
2
20
12
9
5
12
45
1
3
10
6
64
10
26
13
2
7
10
4
20
12
1
12
7
13
50
4
8
70
4
17
14
3
8
12
5
21
14
1
13
9
13
52
4
8
14
8
2
12
6
6
1
10
5
17
11
3
10
9
12
50
3
8
5
11
8
2
4
2
10
6
1
1
2
5
46
1
7
65
2
15
8
1
5
1
13
4
1
2
44
1
8
119
57
10
7
3
1
11
7
4
1
6
40
8
93
24
9
8
5
3
14
7
5
4
9
45
1
8
48
5
13
8
5
2
15
9
6
3
9
46
3
7
80
4
17
14
8
7
2
18
12
8
2
12
45
2
8
141
62
13
7
6
2
18
11
7
2
10
43
3
5
128
38
12
6
6
2
12
9
5
2
8
41
4
5
74
10
2
5
7
3
8
6
4
4
7
43
3
7
90
2
25
8
1
4
5
1
9
3
2
3
5
41
1
6
159
1
67
8
1
3
3
7
2
1
2
38
2
5
155
1
45
8
3
4
3
5
2
1
2
38
2
4
100
14
9
3
5
1
5
2
10
4
3
5
4
41
1
5
103
20
11
4
6
3
5
3
12
6
4
4
8
6
45
1
7
169
16
38
10
4
6
1
5
3
12
6
1
5
7
6
44
6
191
12
32
12
2
7
6
4
17
9
7
8
10
45
2
4
141
7
12
3
6
8
5
16
9
3
9
10
11
50
4
5
131
8
11
4
5
1
8
6
14
9
6
9
12
11
52
3
5
195
12
19
1
10
4
5
8
7
18
11
6
11
13
