4896
4879
4895
4896
4895
4896
4895
4895
4896
4895
4895
4896
4896
4896
4896
4895
4896
4896
4895
4896
4895
4895
4896
4979
4973
4902
4902
4888
4901
4902
4901
4901
4901
4901
4923
4901
4901
4902
4901
4901
4902
4901
4902
4902
4901
4902
4901
4901
4901
4972
4969
4887
4887
4871
4887
4886
4887
4887
4886
4887
4984
4887
4887
4888
4888
4888
4888
4886
4888
4887
4887
4887
4887
4886
4888
4964
4960
4884
4885
4870
4884
4885
4884
4884
4884
4884
4999
4884
4884
4884
4884
4904
4884
4884
4884
4884
4884
4884
4884
4884
4884
4960
4955
4877
4878
4862
4877
4877
4877
4877
4877
4877
4999
4877
4877
4878
4878
4982
4904
4876
4878
4878
4877
4878
4877
4876
4878
4951
4947
4869
4870
4854
4869
4869
4869
4869
4869
4869
4999
4869
4869
4869
4869
4998
4983
4869
4869
4869
4869
4869
4869
4869
4869
4946
4941
4865
4866
4851
4865
4865
4865
4865
4865
4865
4999
4865
4865
4866
4866
4999
4996
4864
4866
4865
4865
4866
4865
4864
4865
4938
4935
4856
4857
4841
4856
4856
4856
4856
4856
4856
4999
4856
4856
4857
4857
4999
4999
4856
4857
4857
4856
4857
4856
4856
4856
4932
4928
4852
4852
4837
4851
4852
4852
4851
4851
4851
4999
4851
4851
4852
4852
4999
4999
4851
4852
4852
4851
4852
4852
4851
4852
4926
4922
4844
4844
4829
4844
4844
4844
4844
4844
4844
4999
4844
4844
4853
4844
4999
4999
4843
4844
4844
4844
4844
4844
4843
4844
4919
4915
4838
4839
4824
4838
4838
4838
4838
4838
4838
4999
4838
4838
4922
4838
4999
4999
4837
4839
4838
4838
4838
4838
4838
4838
4913
4909
4832
4832
4817
4832
4832
4832
4832
4832
4843
4999
4832
4832
4999
4832
4999
4999
4831
4832
4832
4832
4833
4832
4831
4832
4906
4902
4985
4985
4980
4985
4980
4985
4985
4983
4943
4035
4985
4985
4709
4980
3988
4077
4984
4985
4985
4979
4972
4980
4985
4974
4822
4818
4969
4970
4972
4969
4973
4969
4969
4969
4807
3900
4969
4969
4568
4973
3846
3937
4968
4969
4969
4973
4889
4971
4969
4908
4815
4812
4968
4969
4967
4968
4966
4968
4969
4969
4649
3810
4968
4968
4430
4958
3753
3833
4968
4968
4969
4966
4725
4917
4968
4755
4809
4805
4959
4960
4960
4959
4960
4959
4959
4958
4516
3678
4958
4959
4291
4868
3615
3695
4959
4959
4959
4960
4582
4768
4959
4611
4803
4799
4953
4953
4953
4952
4953
4953
4953
4954
4374
3590
4953
4953
4161
4701
3524
3597
4952
4953
4953
4953
4445
4619
4953
4480
4796
4792
4947
4948
4944
4947
4947
4948
4947
4946
4243
3475
4947
4947
4032
4562
3404
3474
4947
4948
4948
4946
4304
4490
4947
4342
4790
4786
4939
4939
4888
4939
4933
4939
4939
4939
4114
3382
4939
4939
3909
4423
3307
3372
4938
4939
4939
4927
4174
4349
4939
4216
4784
4780
4934
4934
4736
4934
4848
4934
4934
4934
3987
3285
4934
4934
3788
4285
3206
3267
4934
4934
4934
4824
4043
4224
4934
4089
4777
4773
4926
4927
4586
4926
4680
4926
4926
4926
3867
3189
4926
4926
3672
4157
3106
3164
4926
4926
4926
4655
3921
4095
4926
3968
4771
4767
4920
4921
4455
4920
4537
4921
4921
4901
3748
3102
4920
4921
3559
4026
3015
3069
4920
4921
4921
4518
3799
3973
4920
3850
4765
4761
4888
4888
4295
4889
4380
4892
4893
4765
3627
3007
4900
4898
3446
3900
2919
2970
4913
4914
4914
4376
3682
3855
4913
3735
4758
4754
2779
2784
2627
2794
2649
2805
2810
2792
2322
2032
2835
2846
2246
2469
1997
2022
2861
2866
2871
2712
2386
2476
2890
2425
3016
3019
30
29
26
23
21
7
5
108
109
111
112
113
121
122
35
126
140
141
92
93
93
93
78
95
96
93
96
96
60
60
60
59
59
59
56
55
8
8
6
6
3
3
7
7
9
2
10
11
16
16
16
16
8
8
7
7
1
2
2
2
2
1
1
349
351
220
342
227
337
331
277
102
64
320
302
76
135
59
59
327
315
307
194
87
113
305
91
328
343
74
74
120
77
119
82
82
103
162
132
92
97
173
155
144
150
92
96
101
138
175
166
106
175
48
94
123
123
140
123
140
124
124
132
154
122
128
129
156
150
128
133
125
126
128
141
154
151
129
154
154
124
72
73
66
71
67
72
70
68
58
46
72
70
57
61
45
48
71
70
71
63
57
58
71
57
70
73
14
15
3
12
3
13
11
7
13
10
12
10
11
11
40
14
7
7
16
6
16
8
7
11
23
20
10
10
26
22
21
22
8
8
10
17
24
22
10
24
10
6
19
20
22
19
22
20
19
20
23
20
21
21
24
23
19
21
20
19
21
21
23
23
21
23
41
19
14
12
12
10
10
11
12
10
10
9
8
13
11
9
10
6
7
11
11
11
9
8
8
11
8
28
11
1
2
3
2
2
2
1
2
1
1
2
2
3
4
4
1
5
3
1
2
5
5
4
3
7
5
4
5
2
2
3
3
4
4
3
5
42
2
43
4
5
4
3
5
5
3
4
5
5
5
5
6
5
4
4
4
4
4
5
4
4
5
5
4
1
21
3
4
2
1
4
3
1
2
3
3
4
4
3
3
2
2
3
2
3
2
1
1
2
2
67
3
1
2
1
2
1
1
3
2
1
2
2
1
2
1
1
1
1
1
1
68
2
3
1
2
1
1
2
3
2
2
2
1
1
2
1
2
1
1
1
35
1
3
4
2
4
2
1
1
3
3
3
3
3
3
2
2
2
1
2
2
1
1
2
2
5
1
2
3
1
3
1
1
2
2
2
2
1
1
1
1
1
1
63
1
3
4
2
4
2
1
1
3
3
4
3
4
3
2
3
3
2
3
2
2
1
2
2
66
2
2
3
1
3
2
1
2
2
3
2
3
2
1
2
1
1
2
1
1
1
1
26
1
3
3
2
4
3
1
1
2
3
3
3
3
3
1
2
2
1
2
2
1
1
1
1
26
1
3
3
1
3
2
1
1
2
3
3
3
3
3
2
2
3
2
2
2
1
1
1
1
71
1
3
3
1
3
2
1
1
3
3
3
3
3
3
1
2
2
2
2
2
1
1
2
1
95
1
3
4
2
4
3
1
1
3
3
4
3
3
3
2
2
2
1
2
2
1
1
2
1
52
1
3
4
1
4
2
1
1
3
3
3
3
3
3
2
2
3
1
3
2
2
1
2
2
36
2
3
4
2
1
4
3
1
2
3
3
4
4
3
3
2
2
3
2
3
2
1
1
2
2
67
3
1
2
1
2
1
1
3
2
1
2
2
1
2
1
1
1
1
1
1
68
2
3
1
2
1
1
2
3
2
2
2
1
1
2
1
2
1
1
1
35
1
3
4
2
4
2
1
1
3
3
3
3
3
3
2
2
2
1
2
2
1
1
2
2
5
1
2
3
1
3
1
1
2
2
2
2
1
1
1
1
1
1
63
1
3
4
2
4
2
1
1
3
3
4
3
4
3
2
3
3
2
3
2
2
1
2
2
66
2
2
3
1
3
2
1
2
2
3
2
3
2
1
2
1
1
2
1
1
1
1
26
1
3
3
2
4
3
1
1
2
3
3
3
3
3
1
2
2
1
2
2
1
1
1
1
26
1
3
3
1
3
2
1
1
2
3
3
3
3
3
2
2
3
2
2
2
1
1
1
1
71
1
3
3
1
3
2
1
1
3
3
3
3
3
3
1
2
2
2
2
2
1
1
2
1
95
1
3
4
2
4
3
1
1
3
3
4
3
3
3
2
2
2
1
2
2
1
1
2
1
52
1
3
4
1
4
2
1
1
3
3
3
3
3
3
2
2
3
1
3
2
2
1
2
2
36
2
5
6
2
1
6
4
2
2
5
4
5
4
5
4
3
4
4
3
3
3
2
1
2
2
1
2
5
6
2
5
4
2
2
4
5
5
4
4
5
3
4
4
3
3
4
3
2
2
3
40
2
5
6
2
6
4
2
2
5
5
5
4
4
5
3
4
4
3
3
3
3
2
2
2
35
2
5
7
2
6
4
2
2
5
5
5
4
5
5
3
4
4
3
3
4
2
2
2
2
2
5
6
1
6
4
2
2
5
5
5
4
5
5
3
4
5
3
4
4
3
2
2
2
1
2
5
6
2
6
4
2
2
5
5
5
4
5
5
3
4
5
4
4
4
3
2
2
2
28
2
5
6
2
6
5
3
2
5
5
5
4
5
5
3
4
5
4
3
4
3
2
2
2
54
2
5
6
2
6
5
2
2
5
5
5
5
5
5
3
4
5
4
4
4
3
2
2
2
36
2
5
7
2
6
4
2
2
5
5
6
5
5
5
4
4
5
4
4
4
3
2
2
2
2
6
7
2
1
6
5
3
2
5
5
5
5
5
5
4
4
5
4
4
4
3
2
2
2
34
2
6
7
2
1
7
5
2
2
5
5
6
5
5
5
4
5
5
4
4
4
3
2
2
2
78
2
6
7
2
6
5
2
2
6
5
6
5
5
6
4
5
5
5
4
5
3
2
3
3
33
3
6
7
2
7
5
3
2
6
4
6
5
5
5
4
5
5
4
4
5
3
2
2
2
2
6
8
2
1
7
5
3
3
6
5
6
5
5
5
4
5
5
4
4
5
4
2
2
2
26
2
6
8
2
7
5
3
3
6
5
6
5
5
5
4
5
6
5
5
5
3
2
2
3
47
2
6
8
2
1
7
5
3
2
6
5
6
6
5
6
4
5
5
5
5
5
3
2
2
3
14
2
6
8
2
1
7
6
3
3
6
5
6
5
5
5
4
5
5
5
4
5
3
2
2
3
2
6
8
2
1
7
5
3
3
6
5
6
5
6
6
5
5
6
5
5
5
3
2
2
2
2
6
8
2
1
7
5
3
3
6
5
7
6
6
6
5
5
6
6
5
5
4
2
3
3
10
2
7
8
3
1
8
5
4
3
6
5
7
6
5
6
5
5
6
5
5
5
3
2
2
3
11
2
7
8
2
1
8
5
3
3
6
6
7
5
5
6
5
5
6
5
5
5
3
2
2
3
2
7
8
2
1
7
5
3
3
7
6
7
6
6
6
5
5
7
5
5
6
4
2
3
3
17
3
7
8
2
1
7
5
4
3
7
5
7
6
6
6
5
5
6
5
5
5
4
3
2
3
72
2
7
8
3
1
8
6
4
3
7
5
6
6
6
6
5
5
6
5
5
5
4
2
2
3
61
2
7
9
2
8
6
3
3
7
6
7
6
6
7
5
6
6
5
5
5
4
2
2
3
25
3
7
9
2
1
8
6
4
3
7
6
7
6
6
7
5
6
7
6
5
6
4
3
3
3
28
3
7
9
3
1
8
6
4
3
7
6
7
7
6
6
5
6
7
5
5
6
4
2
3
3
52
2
7
9
2
1
8
6
4
3
7
6
7
6
6
7
5
6
7
6
5
6
4
2
3
3
54
2
7
9
3
1
8
6
4
3
8
6
7
7
7
7
5
6
7
6
6
6
5
3
3
3
9
3
7
10
3
1
8
6
4
4
8
6
7
7
6
7
5
6
7
5
5
6
4
3
3
3
3
8
9
3
1
9
6
4
3
8
6
7
7
6
7
6
6
7
6
5
6
4
3
3
3
36
3
7
9
3
1
9
6
4
3
8
6
8
7
7
7
5
7
8
6
6
7
5
3
3
4
25
3
8
9
2
1
9
6
4
3
8
6
8
7
7
7
5
7
7
6
6
7
4
3
3
3
3
8
10
2
1
9
7
4
4
8
6
8
7
7
7
6
6
7
7
5
6
4
3
3
3
2
8
10
2
1
9
7
4
4
8
6
8
7
7
8
6
7
8
7
5
7
5
3
3
4
3
8
10
3
1
9
7
5
4
9
6
8
7
7
8
6
7
7
7
6
7
5
3
3
4
23
3
8
10
2
1
9
7
5
4
9
6
8
7
7
7
5
7
7
6
5
7
4
3
2
3
38
2
8
10
2
1
9
7
5
4
9
7
8
7
7
8
6
7
8
7
6
7
4
3
3
3
64
3
8
10
2
1
9
7
5
4
9
7
8
7
8
7
6
7
8
7
6
6
5
3
3
3
119
3
9
10
3
1
9
7
5
4
9
7
8
7
7
8
6
7
8
7
6
7
4
3
3
3
166
2
9
10
3
1
10
7
4
4
9
7
9
7
7
8
6
7
8
7
6
7
5
3
3
4
154
3
8
11
2
1
9
7
4
4
9
7
9
7
7
8
6
7
8
7
6
7
5
3
3
4
95
3
9
11
3
1
9
7
5
4
9
7
9
7
7
8
6
7
8
7
6
7
5
3
3
4
78
2
9
11
3
1
10
7
5
4
9
7
8
7
7
8
6
7
8
7
6
7
5
3
3
3
86
2
8
11
2
1
10
7
5
4
9
7
8
7
7
8
6
8
8
7
6
8
5
3
3
4
34
3
9
11
2
1
10
7
5
4
9
7
9
8
8
8
6
7
8
7
6
8
5
3
3
4
5
3
9
11
3
1
10
7
5
4
10
7
9
8
8
8
6
7
8
7
6
8
5
3
3
3
25
2
9
11
3
1
10
7
5
4
10
7
9
8
8
8
7
8
8
8
6
8
5
3
3
4
36
3
9
11
3
1
10
7
5
4
10
8
9
8
8
9
7
8
9
8
7
8
5
3
3
4
22
3
9
12
3
1
10
8
5
5
10
8
9
8
8
9
7
7
9
8
6
8
6
3
3
4
3
10
12
3
1
10
7
5
5
10
7
9
8
8
9
7
8
9
8
6
8
6
3
3
4
3
9
12
3
1
10
8
5
4
10
7
9
8
8
9
7
8
9
8
7
8
6
3
3
4
21
3
9
12
3
1
11
7
5
4
10
8
9
9
8
9
7
8
9
8
7
8
5
3
3
4
35
3
10
12
3
1
11
8
6
5
10
8
9
9
8
9
7
8
9
8
7
8
5
3
3
4
2
9
11
2
1
11
8
5
5
10
8
9
9
9
9
8
8
9
9
7
8
6
4
3
4
3
9
12
2
1
11
8
5
5
10
8
9
9
8
9
7
8
9
8
7
8
5
3
3
4
32
3
10
12
3
1
11
8
6
5
11
7
9
9
8
9
7
8
9
8
7
8
5
3
3
4
40
3
10
12
3
1
11
8
6
5
11
8
10
9
9
9
8
8
9
8
7
9
6
3
3
5
3
10
12
3
1
11
8
5
5
11
8
10
9
9
10
7
8
9
8
7
9
6
3
3
5
3
10
13
3
1
11
8
5
5
11
8
10
9
9
9
8
8
9
8
7
8
6
4
3
5
3
10
13
3
1
12
8
6
5
11
8
10
9
9
9
8
9
10
9
7
9
6
3
3
4
16
3
10
12
3
1
11
8
6
5
11
8
10
9
9
9
8
9
10
9
7
9
7
4
3
5
15
3
10
12
3
1
12
8
6
5
11
8
10
9
9
10
8
9
9
9
7
8
6
4
3
5
3
10
12
3
1
12
9
6
5
12
8
10
9
8
10
7
8
9
9
7
9
6
3
3
4
3
11
13
3
1
12
8
6
5
12
9
10
9
9
10
8
9
10
9
8
9
7
4
3
5
25
3
10
13
3
1
12
9
6
5
11
8
11
9
9
10
8
9
10
9
8
9
6
4
4
5
3
11
13
3
1
12
9
6
5
11
8
10
9
9
10
8
9
10
8
7
9
6
3
3
4
3
11
13
3
1
12
8
7
5
12
9
11
9
9
10
8
9
10
9
8
10
7
4
3
5
15
3
11
14
3
1
12
9
7
5
12
8
11
9
9
10
8
9
10
9
8
10
7
4
3
5
30
3
11
14
3
1
12
9
7
5
12
9
10
10
9
10
8
9
10
9
8
9
7
4
3
5
21
3
11
14
3
1
13
9
7
5
12
9
11
10
9
10
8
9
10
9
8
9
6
4
3
5
5
3
11
14
3
1
12
9
6
5
12
9
11
10
9
10
8
9
10
9
8
10
7
4
3
5
3
11
14
4
1
12
9
6
6
12
9
11
10
9
10
8
9
11
9
8
10
7
4
3
5
41
3
12
14
3
1
12
9
7
6
13
9
11
10
9
10
9
9
11
9
8
10
6
4
3
5
26
3
11
14
3
1
13
9
7
6
12
9
11
10
9
11
9
10
11
10
8
10
7
4
3
5
3
12
14
3
1
12
9
7
6
13
9
11
10
10
11
9
9
11
10
8
10
7
4
4
5
3
12
14
4
1
13
9
7
6
13
9
11
10
10
10
9
9
11
10
8
10
7
4
3
4
22
2
12
14
4
1
13
9
7
5
13
9
11
10
10
11
9
10
11
10
8
10
7
4
3
5
13
2
12
15
3
1
13
9
7
5
13
9
11
10
10
11
9
10
11
10
8
10
7
4
4
5
3
12
15
4
1
13
9
7
5
13
10
11
10
10
11
9
10
11
10
8
10
7
4
3
5
2
12
15
4
2
13
9
7
5
13
9
11
11
9
11
9
10
11
10
8
10
8
4
3
5
17
2
12
15
3
2
13
10
7
6
13
9
12
10
10
11
9
10
11
10
9
10
7
4
4
5
18
3
12
15
3
1
13
10
7
6
13
9
12
11
10
11
9
10
11
10
8
10
7
4
3
5
1
3
12
15
4
2
13
10
8
6
14
10
11
11
10
11
9
10
11
10
9
10
7
4
3
5
2
12
15
3
2
13
10
7
6
13
10
12
11
10
11
9
10
12
11
9
11
7
4
3
5
3
12
15
3
1
14
10
7
6
14
9
12
11
10
11
9
10
12
10
9
10
7
4
3
5
3
12
15
4
2
14
10
8
6
14
10
12
11
10
11
9
10
11
10
8
10
7
4
3
5
2
12
15
3
1
14
10
7
6
14
10
12
11
10
11
9
10
12
11
8
11
8
4
4
5
3
12
16
3
2
14
10
8
6
14
10
12
11
10
12
9
11
12
11
9
11
7
5
4
5
3
12
16
4
2
14
10
8
6
14
9
12
11
10
12
9
11
12
11
9
11
8
5
3
5
49
2
13
16
4
2
14
10
7
6
14
10
12
11
10
12
9
11
12
10
9
11
8
5
3
5
16
3
13
16
4
2
14
10
8
6
14
10
12
11
10
12
10
11
12
11
9
11
8
5
4
6
3
13
16
4
2
14
10
8
6
14
10
12
11
10
12
10
11
12
11
9
11
8
5
4
5
3
13
16
4
2
14
10
8
7
14
10
12
11
10
12
10
11
12
11
9
11
8
5
4
5
9
3
13
16
4
2
14
10
8
6
14
10
12
12
10
12
10
11
12
11
9
11
8
5
4
6
16
3
13
16
3
2
14
10
8
6
14
10
13
12
11
12
10
11
12
11
9
11
8
5
4
6
3
13
16
4
2
14
11
8
7
15
10
12
12
11
12
10
11
12
11
9
12
8
4
3
5
2
13
16
4
2
14
11
8
7
15
10
13
12
11
12
10
11
12
11
9
12
8
5
4
6
3
13
17
4
2
15
10
8
7
15
10
13
12
11
13
10
11
13
11
9
12
8
5
4
6
26
3
14
16
4
2
15
10
8
6
15
11
12
12
10
12
10
11
12
11
9
12
8
4
4
6
4
3
13
17
4
2
15
11
8
7
15
10
13
12
11
12
10
11
12
11
9
12
8
5
4
5
10
3
13
16
4
