214
374
346
418
399
32
72
63
40
24
358
331
139
180
164
129
120
249
212
50
16
142
119
22
35
53
57
4946
4914
4943
4905
4921
4902
4899
4895
4883
4882
4871
4868
4860
4854
4848
4840
4835
4828
4822
4815
12
4809
18
4802
4796
4790
4783
6
4777
4771
4764
4758
4752
4745
4739
4733
4726
4720
4714
4708
4701
4695
4689
4683
4676
4670
4664
4658
4652
4645
4639
4633
4627
1
4621
4615
4608
4
4602
19
4596
4590
4584
4578
25
4572
1
4566
4560
4554
21
4548
4542
4535
4530
6
4524
4517
4512
4506
4500
4494
4488
4482
4476
4470
4464
4458
4452
4446
4440
4434
4428
4423
4417
11
4411
13
4405
2
4399
6
4393
20
4387
26
4382
29
4376
42
4371
51
4399
39
4527
45
4673
53
4790
50
4926
59
4993
1
65
4997
5
44
4999
37
4999
46
4999
17
4999
12
22
4999
34
4999
20
4999
4999
23
1
4999
4999
4999
4999
13
4999
1
4999
4999
4999
30
4999
16
4999
8
5
4999
11
15
4999
4
9
4999
4999
4999
4
4999
2
4999
20
3
4999
5
4999
12
4999
1
16
4999
25
14
4999
13
4999
19
4999
24
4999
11
18
4999
15
4999
24
4999
1
24
4999
2
4999
4999
6
4999
5
15
4999
21
1
16
4999
8
7
21
4998
10
27
4999
1
32
4998
2
32
4999
8
7
29
4999
10
24
4999
19
4
3
17
4999
19
3
26
4999
10
8
3
34
4998
9
34
4998
10
29
4999
3
4
25
4997
40
6
24
4998
10
12
36
4998
9
44
4997
3
47
4999
11
2
1
50
4999
16
2
44
4997
1
15
40
4997
10
38
4998
25
5
41
4996
18
46
4996
35
4998
27
4996
14
4
1
34
4994
19
14
4996
13
4999
16
4997
22
11
4997
17
14
4995
8
13
4997
8
15
4999
12
2
16
4996
8
1
12
4997
2
6
4998
11
10
4991
7
8
4996
9
8
10
4992
8
16
4987
9
12
4996
2
8
4992
5
3
5
4995
13
9
17
4998
2
16
4997
6
2
4997
19
1
4996
14
10
1
4994
1
18
4998
4
22
4991
27
6
12
4994
28
4
10
1
4995
16
2
4989
3
12
4993
28
9
9
4985
26
5
4991
4
18
4981
6
18
5
4983
13
2
4980
24
9
4983
13
4991
2
4986
5
5
4985
33
10
4978
6
4978
7
4985
6
4985
19
4988
4992
8
6
4990
1
11
1
4982
35
4974
21
1
4974
2
28
6
4965
5
11
4948
5
4935
1
4927
7
1
4922
4922
3
4907
21
3
2
4907
1
4910
8
2
4
4897
3
14
4894
4904
53
4905
114
4900
138
4907
13
119
4908
121
4903
9
6
71
4906
8
4905
23
4907
2
4919
6
2
4
4923
2
17
3
4
3
14
4919
14
18
3
5
4
12
4899
4
7
1
4
7
12
4884
5
12
10
4872
2
4857
17
4845
2
1
4
4817
1
35
4803
39
4812
27
4803
3
10
30
4799
29
4792
22
4781
44
4766
15
40
4763
1
36
4764
6
35
4767
12
7
1
7
15
4766
14
1
1
34
4754
7
7
1
8
36
3015
5
5
3
11
8
1
2
5
4
7
30
7
6
8
3
23
17
5
10
5
1
1
5
10
10
1
77
7
2
3
8
11
10
19
16
3
1
10
9
5
2
7
12
2
162
59
14
6
9
12
10
21
16
43
33
6
1
18
14
11
16
20
27
6
4
16
15
26
21
49
39
2
21
12
8
19
24
8
118
39
7
20
21
8
25
12
52
34
16
9
22
3
9
13
20
20
7
6
84
16
3
18
14
3
18
2
41
21
28
5
17
2
12
14
13
23
11
81
72
4
28
7
10
9
1
32
2
10
6
5
33
12
20
10
2
5
7
4
17
10
30
47
4
14
8
6
31
15
16
10
1
7
10
7
15
12
34
88
3
11
7
2
3
24
10
22
14
9
9
11
5
14
14
11
81
7
11
4
8
1
17
5
29
7
12
14
5
24
28
56
35
1
12
4
12
17
4
23
3
3
12
14
3
15
20
33
32
15
18
7
8
23
1
3
19
10
26
4
5
4
16
17
6
21
27
55
82
18
12
4
16
14
7
22
2
11
11
2
16
24
38
103
1
4
3
10
4
20
1
6
3
11
32
25
57
4
1
10
7
6
3
16
12
24
2
10
4
5
3
6
9
7
2
19
29
26
33
10
17
12
5
7
1
16
16
23
18
1
7
5
12
12
7
22
23
21
78
14
7
23
7
18
16
16
10
19
22
31
3
4
13
4
5
20
20
16
26
41
15
98
16
3
19
16
21
18
11
17
21
32
6
4
11
6
4
20
20
18
28
33
17
50
13
19
3
18
22
21
15
23
27
28
2
8
12
8
1
20
23
21
28
30
28
22
20
3
23
7
24
26
29
22
39
39
32
15
18
16
6
20
26
28
25
37
31
53
13
9
11
12
19
10
34
31
22
9
10
3
5
10
15
14
29
31
73
3
8
16
8
37
29
15
22
13
10
3
10
4
31
34
38
5
10
1
38
26
16
6
14
2
3
3
1
31
30
4
3
3
36
21
14
10
6
37
27
24
4
4
38
19
17
21
12
1
11
49
31
58
25
5
11
5
10
3
37
32
34
16
5
1
5
35
31
1
14
8
3
2
1
45
25
12
4
12
8
6
2
2
49
16
64
3
10
10
6
2
53
2
56
6
9
12
5
3
1
54
17
10
18
6
21
8
5
13
69
27
7
8
7
20
4
21
12
23
9
9
3
6
16
81
76
8
10
9
27
6
17
11
23
6
2
10
9
10
4
18
75
69
5
4
4
19
3
13
7
22
8
5
7
2
11
80
4
20
20
17
15
28
14
6
22
17
26
4
3
6
1
15
20
15
19
91
2
18
19
1
26
5
23
32
19
11
25
23
30
11
3
10
8
4
21
25
20
27
97
4
60
5
18
17
27
18
7
24
19
25
5
3
6
16
20
17
19
90
8
59
12
3
16
19
34
24
12
31
20
30
5
6
15
7
9
18
23
20
21
90
5
13
6
4
6
16
29
22
8
39
23
27
6
13
8
7
12
19
16
13
97
5
5
9
13
32
23
10
50
30
21
4
18
4
4
8
17
16
12
88
20
14
12
10
6
26
17
5
48
26
21
5
17
1
5
4
9
9
17
88
34
36
12
3
4
17
14
45
22
21
2
16
1
4
4
6
7
19
89
31
2
1
5
7
20
15
44
21
21
3
16
1
5
9
8
10
70
30
6
4
18
7
39
16
20
1
10
4
4
1
8
70
31
28
7
3
26
5
32
14
19
2
8
5
1
5
1
9
81
23
67
18
18
6
14
2
5
91
15
34
5
3
15
1
16
5
22
6
12
10
74
9
6
9
4
21
2
13
5
22
5
6
3
13
64
16
23
2
19
7
12
14
2
61
21
53
2
21
9
15
3
7
3
5
49
18
27
15
9
11
5
3
1
3
45
18
17
17
2
12
5
8
9
25
16
13
1
1
24
5
25
11
15
10
5
8
28
19
51
3
4
35
9
1
27
17
18
10
5
5
1
5
3
9
19
15
28
10
3
3
37
7
3
24
18
20
5
8
4
1
4
6
3
12
11
15
15
12
10
40
9
8
28
24
21
4
12
6
1
8
11
7
19
23
14
19
4
24
22
49
20
18
35
33
28
8
19
7
8
18
23
19
27
19
1
24
25
11
24
10
24
50
26
21
36
35
32
6
10
24
6
14
23
28
25
28
13
4
18
25
12
21
8
23
52
29
23
39
35
30
7
12
26
9
7
22
28
26
28
7
23
8
22
6
23
52
30
22
46
39
26
15
22
9
7
22
28
28
28
18
25
14
31
13
32
58
39
28
58
45
29
1
7
28
29
13
12
28
36
34
30
27
38
11
15
21
5
23
55
32
19
49
33
17
24
21
7
6
22
28
27
13
21
47
3
4
8
11
47
25
7
40
18
13
20
20
5
11
17
15
6
25
9
9
14
45
26
5
44
18
21
13
25
1
5
8
16
14
14
25
1
5
10
37
19
40
14
15
20
3
1
9
5
11
30
10
2
9
31
19
39
11
16
8
4
25
6
4
10
27
21
1
24
14
30
14
14
23
3
21
29
1
18
21
13
11
8
3
32
19
16
7
4
37
3
15
29
8
12
9
12
1
3
17
35
5
5
4
3
35
5
16
18
11
8
12
2
27
41
4
9
6
6
43
10
19
6
23
10
11
10
7
7
5
30
18
1
5
3
6
40
10
19
7
15
2
5
9
12
2
5
7
32
5
3
9
13
43
16
29
19
14
6
3
13
6
18
9
8
11
5
7
33
20
3
13
12
3
15
51
19
8
35
26
14
6
10
14
13
14
5
11
16
10
3
33
51
3
45
6
25
16
2
13
5
2
4
3
38
21
2
2
57
11
9
34
26
7
5
1
12
9
7
5
4
8
3
4
40
7
6
9
63
15
17
42
35
7
9
12
18
7
7
8
14
8
6
41
3
3
11
10
10
59
16
16
42
38
7
9
11
22
7
11
8
14
10
5
42
49
5
5
6
9
61
20
18
42
37
8
7
7
14
23
9
14
8
14
11
2
28
39
2
5
7
58
20
15
41
34
8
3
2
14
21
5
8
7
12
9
19
5
3
7
13
52
23
10
42
34
10
1
2
26
16
19
7
6
10
14
11
23
6
4
11
15
54
26
10
41
32
7
2
3
1
17
15
6
4
10
16
13
32
32
11
5
9
54
23
6
36
25
6
2
18
10
5
1
7
11
8
32
28
8
3
7
55
20
3
30
21
8
3
8
5
17
10
6
1
8
10
5
27
3
4
7
53
19
2
29
20
3
2
5
16
8
7
7
9
5
25
10
9
12
54
22
3
31
19
6
3
11
21
6
8
3
7
12
7
28
47
1
9
4
1
6
59
16
2
25
13
6
7
1
18
6
7
3
5
9
3
27
69
56
8
20
3
2
5
11
3
1
2
27
35
1
55
9
22
2
1
1
13
2
5
15
15
6
10
5
11
64
17
3
35
13
7
5
29
23
5
9
10
14
5
10
51
4
16
14
7
13
70
21
8
37
19
15
12
17
24
12
14
3
17
20
8
10
73
9
1
4
64
13
1
27
12
4
6
7
15
8
5
5
7
10
2
11
34
4
3
57
11
26
10
4
4
14
3
5
3
5
15
9
1
3
7
8
53
13
26
12
14
1
16
13
3
12
3
5
22
52
3
4
53
10
19
11
18
13
8
1
11
1
20
77
4
2
60
8
10
9
19
8
3
2
11
1
4
19
42
10
1
3
64
9
3
8
10
18
11
2
6
15
1
3
8
1
1
15
15
12
18
12
7
13
71
20
13
20
21
17
16
11
19
9
14
16
4
14
18
12
4
6
12
44
16
28
22
10
20
76
28
19
27
25
20
26
10
11
16
15
13
22
27
21
17
10
18
84
11
19
16
1
17
75
28
17
27
21
17
14
3
32
10
15
13
9
17
25
19
8
5
12
55
12
20
16
11
21
75
33
18
35
24
18
17
8
18
15
20
14
15
21
28
23
11
8
11
11
12
15
19
7
24
75
36
19
44
31
17
11
8
20
19
9
14
21
28
24
8
3
15
38
6
12
16
21
74
35
15
47
28
16
9
23
14
10
10
14
23
19
15
79
7
16
12
3
19
76
35
14
48
27
19
19
28
16
19
15
15
23
19
5
1
10
59
1
3
12
67
29
8
45
26
12
5
25
15
15
9
8
16
12
3
13
5
58
16
35
17
3
14
17
3
3
2
8
15
4
1
2
63
11
32
17
6
2
10
2
16
6
8
2
8
14
52
10
62
6
25
13
5
13
12
7
7
4
1
4
16
52
1
10
61
2
20
9
6
2
12
10
9
7
8
1
2
15
7
3
1
61
1
19
7
9
4
11
7
3
10
3
4
5
18
2
4
5
2
62
1
13
4
9
3
10
8
2
4
7
19
47
12
7
4
3
65
3
8
3
11
4
4
10
2
5
8
14
56
5
12
1
66
2
5
5
12
9
6
5
9
8
7
8
11
19
9
1
3
5
69
5
7
7
11
9
7
7
10
7
6
10
2
2
14
6
10
65
10
12
9
13
5
10
2
2
13
4
5
10
3
37
3
9
10
13
67
15
16
11
16
6
9
5
8
11
12
9
11
3
55
6
11
10
14
74
20
16
10
16
9
13
9
9
15
7
13
15
5
1
20
9
21
15
4
21
79
29
5
26
15
21
17
16
17
7
19
3
19
23
13
5
5
19
28
28
14
32
89
40
17
38
27
24
23
16
24
15
23
14
26
34
25
10
10
38
17
20
25
12
30
89
41
18
37
26
20
14
4
21
14
13
16
24
33
26
5
2
77
11
6
12
19
81
36
11
34
18
14
7
24
20
11
9
2
16
23
18
46
12
18
14
22
81
39
13
44
19
16
10
26
14
10
9
18
24
19
2
15
11
17
76
33
6
46
13
9
1
28
27
4
8
1
11
19
13
13
3
6
70
26
47
10
4
6
24
7
2
9
5
56
65
21
48
11
6
8
23
4
6
34
61
14
44
10
1
2
19
4
4
63
12
44
14
1
19
6
6
10
60
9
37
12
3
15
2
7
49
55
7
30
7
2
13
6
48
61
7
25
5
2
4
12
1
5
14
2
68
2
17
2
5
1
3
10
1
13
14
2
3
74
9
17
7
14
8
11
2
8
5
22
8
2
3
1
67
3
1
78
8
6
4
6
8
7
1
5
15
15
4
4
1
65
8
77
1
17
1
8
4
11
15
17
5
85
8
3
9
20
11
2
17
8
5
7
8
21
7
16
8
1
11
89
14
1
6
15
10
24
12
2
12
12
16
10
13
2
14
72
3
19
3
5
83
10
7
3
19
2
6
12
9
8
10
11
93
21
2
4
86
12
2
2
26
9
12
14
10
12
1
20
61
20
3
6
9
90
17
5
9
11
32
50
17
11
16
12
16
5
24
43
27
9
8
14
90
23
10
23
21
30
19
28
3
20
12
13
15
20
11
19
2
78
31
10
14
93
30
15
36
27
4
34
4
39
14
27
10
18
17
21
13
26
6
97
13
8
86
30
10
42
26
3
24
17
19
23
9
16
8
12
9
15
10
57
10
4
5
82
29
6
50
27
21
6
2
23
18
6
10
4
9
6
7
10
27
15
1
80
24
2
56
27
16
1
23
13
6
10
5
1
7
11
58
11
2
81
24
1
57
29
14
5
27
13
6
7
4
11
20
86
13
1
88
22
2
50
25
21
5
25
13
4
11
5
6
13
25
51
14
87
17
41
19
17
10
21
8
8
15
3
7
6
27
13
24
10
3
18
97
29
10
49
33
4
26
19
29
21
19
22
16
22
9
17
24
43
21
13
11
17
100
26
8
38
26
8
27
13
23
18
16
22
19
22
8
20
18
83
17
2
4
7
95
17
22
12
2
20
10
15
5
8
7
13
14
8
11
51
2
22
7
12
92
22
1
22
16
5
23
10
15
16
11
13
11
19
19
3
12
2
13
5
29
15
9
18
93
25
3
23
18
4
28
11
4
15
14
13
14
22
24
8
15
4
34
15
38
27
21
28
106
34
13
29
25
15
40
13
54
15
21
16
18
31
34
17
25
7
72
6
29
21
11
24
103
33
10
26
18
12
35
12
32
10
19
16
19
29
32
17
25
10
66
9
37
15
9
20
107
30
10
19
8
10
33
7
4
17
15
20
28
29
15
24
11
25
26
43
21
29
28
114
32
13
20
9
18
42
3
17
22
24
32
33
18
28
4
5
42
28
48
29
33
35
118
39
20
24
16
20
48
4
21
19
25
37
39
25
28
1
6
102
20
51
28
28
33
123
42
25
23
19
22
51
24
1
8
28
16
30
39
40
28
30
10
101
7
36
12
16
20
112
34
19
18
18
12
38
13
3
22
13
24
26
30
21
19
4
44
12
40
17
18
26
118
40
27
29
30
11
44
21
18
8
29
10
28
29
37
28
25
26
6
39
19
21
30
118
46
28
41
39
10
46
19
31
18
34
18
29
27
36
31
31
75
31
6
9
21
113
42
23
42
39
3
37
12
19
29
11
21
14
24
23
23
41
83
32
9
14
114
39
25
50
45
39
8
3
24
34
7
19
10
20
21
23
94
30
21
7
12
107
38
23
59
52
33
9
39
32
35
14
22
6
18
18
22
122
15
85
23
4
53
38
9
2
12
24
18
7
8
114
12
49
74
9
40
22
13
4
2
94
9
60
82
8
38
19
2
17
7
4
1
60
1
23
77
3
35
17
17
5
3
74
1
30
16
14
2
3
38
80
2
25
14
3
14
3
7
72
1
5
83
8
23
16
14
5
16
8
7
7
43
8
90
13
20
14
12
16
6
8
7
14
2
11
5
100
20
21
15
17
4
15
5
11
9
3
3
44
26
26
9
15
103
29
1
23
13
37
11
4
11
16
9
15
12
9
12
1
25
79
28
24
7
15
98
32
20
8
39
9
36
12
14
9
14
19
12
14
5
23
45
33
15
8
16
97
32
19
5
44
4
24
11
11
8
22
19
14
16
7
32
53
43
29
10
34
111
46
12
30
18
62
17
40
47
17
20
28
19
28
31
23
57
25
54
36
32
8
36
110
48
11
26
18
60
6
33
10
15
24
10
30
33
24
53
58
45
24
23
28
107
43
5
16
9
53
27
5
7
16
6
25
28
18
49
42
38
33
23
4
28
114
44
11
18
14
53
2
27
10
8
16
19
12
28
31
21
48
3
42
27
23
26
109
40
9
18
14
50
1
22
29
4
12
17
9
24
27
17
47
10
54
31
29
4
30
112
45
13
27
19
55
3
24
12
12
18
10
27
29
21
53
20
47
47
29
26
5
28
118
47
19
37
28
57
3
19
19
17
6
27
29
22
53
13
57
25
14
14
22
112
48
20
49
37
44
27
25
10
8
19
22
19
40
5
4
21
5
7
17
101
44
14
56
41
32
24
32
23
7
7
8
13
11
32
12
31
18
8
14
98
42
12
62
46
31
27
36
22
6
2
6
9
6
35
20
32
27
15
2
8
92
40
9
67
47
27
3
37
19
3
3
2
4
4
28
23
50
21
12
3
91
36
4
64
45
30
12
37
19
5
4
28
28
21
40
22
3
10
93
40
6
67
51
43
22
42
41
25
14
10
6
6
4
41
25
5
40
18
4
8
88
36
1
59
45
40
18
34
16
12
5
2
3
2
42
20
44
29
11
2
86
28
42
29
37
10
25
3
5
37
12
75
45
20
6
9
95
35
36
22
51
16
29
1
11
9
10
4
55
14
47
42
28
12
16
99
39
33
18
52
18
30
10
15
16
8
57
15
5
45
32
18
22
95
41
33
12
54
18
30
12
16
18
9
59
19
35
54
32
19
20
97
40
26
3
56
20
26
13
17
19
9
63
33
68
45
30
11
16
102
37
