6
1
62
32
1760
8
6
12
5
3
2
1
10
66
24
1768
10
11
7
3
7
2
12
16
11
5
6
3
9
7
1
2
3
83
22
1772
5
7
2
1
1
20
8
3
20
12
4
86
23
1766
11
2
6
3
2
2
1
1
12
8
5
77
27
1775
13
5
3
1
1
3
5
8
9
6
15
8
11
85
39
1775
2
5
5
7
1
2
12
79
37
1776
2
2
6
11
2
10
18
1
2
2
74
32
1764
4
6
2
1
4
1
8
12
12
24
26
3
8
5
10
16
11
1
5
10
5
84
30
1746
4
3
6
2
5
9
7
9
4
5
5
3
11
10
3
2
5
91
34
1742
2
7
7
9
5
12
6
3
87
40
1747
2
1
5
7
8
7
7
4
1
4
3
77
39
1745
16
1
8
2
3
3
2
3
9
5
6
6
9
8
9
15
14
1
15
103
46
1691
8
6
3
16
4
9
7
13
11
8
10
13
13
13
16
22
13
2
4
13
13
99
56
1684
2
1
16
2
9
6
14
12
14
19
4
14
13
15
22
12
2
4
2
101
58
1696
1
12
9
5
5
6
10
10
4
9
13
11
8
1
3
2
102
59
1697
5
9
2
4
6
7
9
11
19
7
10
13
13
12
1
1
4
5
7
96
52
1688
5
5
6
2
5
6
24
8
11
12
7
14
15
1
7
109
51
1692
7
11
3
4
3
4
9
9
7
22
29
10
1
10
18
14
1
3
11
16
109
55
1704
1
2
1
2
1
4
1
5
3
3
4
8
7
99
54
1701
2
1
1
1
8
3
7
7
4
9
11
106
45
1689
15
11
6
1
3
10
8
14
33
6
12
3
9
18
17
3
1
3
19
19
117
39
1679
12
4
4
2
1
2
6
4
9
4
7
8
10
112
43
1681
10
1
6
8
9
10
5
2
7
1
12
15
14
2
118
44
1677
10
6
7
9
12
11
14
16
2
17
5
12
16
8
4
2
122
42
1666
2
4
4
12
4
5
9
12
10
28
4
18
6
14
10
7
2
7
112
50
1666
2
2
2
3
8
10
1
114
53
1673
3
7
6
111
60
1678
97
62
1660
10
1
106
54
1642
6
11
6
3
3
9
24
8
11
2
1
113
48
1653
12
4
16
36
23
6
20
11
31
10
15
30
12
18
12
5
10
13
7
6
131
42
1661
6
1
4
9
1
19
7
20
11
37
6
22
30
11
29
17
3
10
5
130
40
1653
6
5
5
4
5
4
6
6
18
8
8
6
9
103
42
1637
3
5
7
6
1
14
8
1
10
7
5
1
108
47
1644
6
3
12
1
1
1
3
3
8
11
109
53
1665
4
4
1
1
3
3
21
5
8
5
6
7
6
1
113
39
1667
4
2
4
5
9
2
9
12
4
104
31
1629
8
3
2
8
7
3
2
3
7
5
8
14
13
1
2
109
36
1624
2
6
2
5
4
10
11
6
3
8
18
8
1
112
33
1646
5
1
1
3
82
35
1644
6
4
19
5
2
1
11
5
12
6
2
4
4
84
38
1645
1
4
10
10
3
8
4
79
39
1651
1
17
3
3
1
1
73
38
1667
1
6
5
1
3
2
2
9
10
4
1
1
68
36
1662
9
2
10
8
10
6
2
9
7
11
7
41
10
7
16
16
7
1
4
2
7
65
31
1634
3
2
2
7
3
10
6
27
12
16
5
13
9
3
5
12
57
17
1616
2
2
2
7
10
9
5
27
11
7
13
16
10
1
5
47
8
1615
7
1
4
7
7
4
1
9
1
37
13
1615
1
1
2
2
6
5
5
7
4
5
16
5
7
38
17
1610
4
3
1
8
2
7
4
7
5
4
5
12
4
7
8
15
5
1
1
3
4
21
36
1608
4
1
12
37
1620
3
3
10
9
10
4
25
10
13
13
5
9
10
3
4
2
21
34
1629
3
5
1
2
1
3
5
33
1622
2
3
4
1
6
1
3
19
1612
3
19
11
2
8
2
22
13
8
14
6
9
7
4
5
2
7
14
1616
8
1
2
6
10
1621
10
18
8
9
11
2
9
7
11
3
1613
5
8
2
5
1
1
7
16
1603
3
3
1
1
1
3
25
1600
5
2
5
4
1
3
2
1
3
4
24
1606
24
8
20
12
15
10
29
3
20
11
4
5
9
15
2
22
1598
1
5
4
4
1
3
1
2
3
22
1570
1
4
1
4
18
5
1
1
2
20
1557
5
1
6
5
6
2
19
1558
5
6
2
21
1
5
27
1578
2
33
1569
43
1574
3
6
7
1
3
1
44
1597
12
17
5
13
2
4
2
5
30
1
14
2
6
7
13
11
2
19
5
19
35
1599
3
1
6
9
2
2
5
35
1586
1
2
5
5
1
4
4
5
35
1575
1
7
3
13
8
3
5
1
7
4
1
1
2
9
13
35
1581
5
4
1
1
3
2
4
19
11
6
8
4
1
5
8
1
2
3
18
18
33
1592
7
3
3
3
3
6
5
9
3
17
10
7
9
8
4
10
3
1
1
5
13
20
26
1580
4
4
3
3
4
3
2
5
5
3
1
3
5
27
1558
16
6
2
9
1
4
5
29
1567
6
20
1
1
2
10
36
1580
2
20
6
1
1
10
10
35
1573
4
7
2
4
13
36
1561
1
4
21
21
16
11
5
9
8
8
16
33
1564
2
13
1
2
10
7
11
25
1565
2
17
3
4
2
12
2
2
3
4
5
8
1
6
11
25
1555
2
5
7
1
6
36
10
9
10
12
2
7
3
1
22
16
31
1540
1
8
13
1
5
3
4
9
37
1539
4
8
15
1
2
4
1
9
37
1552
10
9
1
2
28
1551
23
1527
2
1
12
1
25
1523
1
2
14
9
6
16
1
6
1
15
13
28
1536
2
10
5
1
3
10
6
20
3
9
1
2
21
11
29
1530
1
8
9
5
5
21
8
13
5
8
5
9
6
2
3
7
19
9
28
1517
3
3
2
1
19
3
6
8
4
5
15
6
36
1514
7
11
1
2
10
41
1525
1
9
1
14
33
13
29
12
7
2
5
3
3
19
7
41
1528
16
2
45
1506
8
4
5
16
1
49
1505
2
6
1
29
21
20
4
7
1
3
5
6
39
1504
16
11
5
22
6
4
13
18
5
4
12
1
48
1506
2
10
3
4
8
2
7
5
24
2
24
11
8
10
4
3
2
5
7
3
28
3
45
1504
6
11
7
1
3
5
5
2
10
4
5
1
3
46
1496
1
17
1
12
3
8
2
11
15
11
3
12
6
5
9
6
2
51
1502
3
14
3
16
7
10
6
26
17
29
1
16
8
8
5
7
11
28
8
47
1492
1
13
1
8
3
3
1
8
11
18
8
7
7
9
3
5
17
48
1479
6
2
2
3
1
9
3
5
49
1471
8
6
4
5
3
2
7
14
9
2
5
5
6
2
5
49
1475
9
7
1
5
27
8
6
11
8
7
10
45
1475
7
5
2
8
5
6
20
18
15
13
4
9
12
12
4
16
5
38
1458
5
5
5
7
4
1
18
2
12
13
7
6
9
6
5
7
15
41
1441
5
2
13
2
12
49
1450
6
4
3
2
2
65
1468
4
5
1
2
18
14
13
8
5
9
1
3
7
68
1475
33
4
18
11
11
10
8
1
17
13
10
3
9
14
9
57
1468
26
6
10
8
7
5
22
10
5
7
6
7
11
9
44
1476
8
2
10
1
1
48
9
18
11
1
3
9
1
9
24
30
1484
1
1
2
1
9
10
3
1
5
7
4
2
25
2
26
1481
9
2
12
1
7
1
1
4
24
1467
3
10
2
8
5
1
1
30
1458
8
9
25
7
20
11
8
3
12
1
18
14
6
16
5
8
6
6
5
23
9
39
1472
1
4
1
7
9
5
2
29
25
18
7
12
6
2
1
16
45
1464
5
1
5
3
15
12
7
25
6
29
20
16
18
13
3
2
1
5
28
6
52
1446
10
6
5
4
7
8
7
41
22
16
12
14
21
6
5
31
10
59
1442
3
6
1
23
1
17
3
5
15
4
1
14
49
1448
11
4
9
5
19
12
2
11
18
39
1450
12
11
6
2
21
35
7
8
3
10
9
1
10
16
1
32
1446
9
1
2
16
3
37
1430
1
1
42
1442
3
2
40
1458
1
10
10
19
2
4
8
37
1454
2
4
3
3
2
28
22
1
14
4
7
13
15
2
8
13
37
1440
1
5
11
11
9
2
2
46
1438
3
1
3
43
1447
12
1
1
3
1
6
3
15
29
1441
3
7
29
14
12
46
3
9
2
2
2
30
30
1428
3
8
7
28
31
1433
1
35
32
1452
8
40
35
10
11
8
11
3
2
12
18
61
27
1465
10
9
21
10
8
10
1
3
15
13
3
1
6
12
76
21
1447
3
1
1
4
8
2
6
69
21
1439
1
1
5
2
1
19
5
5
5
8
7
3
19
26
74
13
1446
4
13
9
1
1
10
3
1
1
54
16
1441
1
8
18
4
8
4
3
1
9
22
19
1426
1
13
24
2
3
16
5
7
4
18
2
20
1412
5
5
2
10
9
12
20
7
16
4
14
6
2
3
20
5
18
1419
9
8
9
13
3
13
16
10
14
6
20
6
4
19
23
9
13
1424
3
3
14
12
3
7
13
5
6
23
1410
5
2
7
1
26
8
2
6
17
6
1
6
19
7
30
1402
5
6
4
35
34
2
9
6
13
22
19
25
1414
2
6
31
20
17
34
1
17
5
7
24
13
19
1418
2
3
5
17
8
3
5
3
25
7
3
9
2
17
5
1
3
6
5
19
15
1406
9
1
5
6
2
20
1395
11
3
4
8
11
5
6
19
1410
2
4
4
7
2
4
15
1
7
1
2
3
3
20
20
1416
5
3
21
3
20
1408
6
7
4
1
33
32
14
19
14
11
2
2
3
16
17
20
1397
1
1
1
2
2
11
2
1
6
18
24
1393
3
2
21
1
7
3
14
23
1400
7
5
9
10
6
10
18
12
11
2
9
8
10
19
36
1387
9
3
3
3
7
3
1
1
24
7
14
5
5
3
17
14
2
4
1
21
43
1373
3
1
6
1
5
4
4
5
41
17
14
8
10
21
15
1
5
15
18
39
1378
4
4
10
5
2
5
3
2
11
49
1389
2
2
1
13
9
7
3
28
9
20
30
12
18
17
3
3
3
5
17
48
1384
1
9
23
13
10
13
3
10
45
1356
2
24
7
5
17
40
1361
4
1
3
3
1
1
22
10
16
4
8
8
13
11
25
32
1385
8
11
8
9
10
8
8
3
27
21
21
21
16
8
25
20
6
1
2
20
23
29
1395
2
6
4
9
14
9
3
18
7
2
23
14
12
17
2
15
12
22
1383
10
1
24
10
2
10
9
18
18
1375
7
1
23
8
32
3
12
1
19
25
1387
6
16
6
1
6
12
5
6
2
3
7
28
1386
6
6
9
3
1
5
17
11
15
3
4
12
1
3
6
5
21
1373
3
7
25
9
7
7
1
8
12
27
1368
3
3
1
18
11
11
1
14
1
2
4
20
28
1369
5
1
16
5
5
1
21
20
1374
4
1
14
16
1368
3
13
2
3
3
17
3
7
4
6
1
13
1359
1
3
4
21
16
20
2
9
3
1
4
21
23
1367
5
2
1
1
28
1371
6
5
3
14
4
2
23
1
3
6
6
11
12
29
1353
8
7
5
4
18
7
14
7
1
3
2
22
66
27
1329
4
2
3
7
1
7
124
17
1334
1
17
7
6
175
18
1343
1
5
13
6
4
3
11
220
17
1341
1
5
1
11
5
3
4
1
5
248
22
1333
5
4
22
2
6
9
6
7
261
34
1333
3
2
24
12
14
4
25
8
16
157
46
1344
6
9
1
1
8
1
17
12
6
28
1
19
62
1337
3
3
11
10
8
36
3
84
1323
25
10
6
41
105
1332
5
3
2
10
2
36
9
104
1351
2
2
26
91
1347
7
19
30
80
1325
2
11
1
5
8
11
3
15
9
10
29
22
5
18
7
40
3
8
5
9
8
68
1327
32
3
2
15
1
12
56
1336
2
1
10
40
1338
1
12
12
4
9
5
13
30
16
10
13
2
21
5
11
26
1327
6
7
3
5
2
19
9
6
5
1
5
9
6
8
16
1324
3
1337
1333
2
1316
1
1303
1
1299
15
10
7
17
3
12
1303
1
4
14
19
26
13
7
5
17
6
36
1289
9
11
8
1266
1
5
2
29
16
1280
9
7
7
31
5
3
6
4
48
12
1298
1
15
5
3
4
37
15
1288
7
1
26
18
1272
1
3
41
24
1277
4
2
1
5
3
8
48
37
1283
2
21
47
42
1274
1
51
51
1264
1
7
9
11
1
15
4
2
5
9
59
53
1271
5
5
9
8
66
47
1284
3
5
1
4
5
3
10
4
2
68
36
1283
9
11
8
1266
1
5
2
29
16
1280
9
7
7
31
5
3
6
4
48
12
1298
1
15
5
3
4
37
15
1288
7
1
26
18
1272
1
3
41
24
1277
4
2
1
5
3
8
48
37
1283
2
21
47
42
1274
1
51
51
1264
1
7
9
11
1
15
4
2
5
9
59
53
1271
5
5
9
8
66
47
1284
3
5
1
4
5
3
10
4
2
68
36
1283
43
15
10
10
8
19
2
85
33
1264
5
6
5
14
6
12
11
5
8
9
86
30
1264
10
8
14
3
16
5
1
13
10
22
6
7
16
5
10
4
7
11
92
17
1278
10
12
3
3
6
2
29
7
7
1
3
16
8
8
2
18
19
94
12
1292
4
2
10
6
9
4
3
2
2
7
9
81
8
1284
2
2
5
1
5
2
19
17
7
15
1
6
2
2
99
6
1264
1
5
4
2
5
18
10
5
9
2
4
6
88
20
1268
2
1
7
2
8
3
11
2
8
23
8
23
11
1
5
12
2
9
13
6
85
24
1278
10
2
11
3
11
2
5
13
1
14
16
7
3
10
8
3
97
27
1271
8
2
5
3
1
6
7
3
7
3
3
82
37
1262
1
5
3
1
3
3
3
21
24
12
7
6
1
9
1
9
5
91
39
1261
2
1
3
5
7
1
6
1
80
41
1274
4
12
3
87
36
1274
7
6
9
3
7
1
5
25
7
4
9
12
6
2
2
21
8
104
32
1252
4
5
2
9
8
1
5
4
1
1
2
95
33
1239
14
3
37
4
8
3
4
16
97
31
1249
13
3
5
3
7
4
5
90
30
1254
5
8
3
8
3
36
10
9
5
7
16
8
6
11
108
23
1249
3
1
3
4
9
17
14
7
1
4
15
7
106
26
1254
5
10
9
1
88
23
1271
10
2
4
5
8
7
3
8
3
3
10
104
17
1278
13
13
5
3
13
14
2
7
6
6
13
18
112
12
1263
3
6
2
2
11
5
7
2
8
6
115
4
1245
1
1
19
1
8
9
113
7
1235
4
5
5
5
106
7
1231
10
2
1
16
5
4
1
2
3
5
4
18
110
3
1228
16
12
1
1
34
6
20
6
16
7
9
2
3
21
128
1215
7
3
3
4
5
1
4
7
117
1226
6
5
3
10
10
7
4
22
121
1233
1
1
2
2
7
2
9
117
1219
9
6
5
1
115
1204
7
5
3
9
6
1
14
2
3
5
2
3
3
7
11
119
1
1202
6
1
1
8
1
3
18
10
7
1
8
3
8
117
1204
5
1
1
8
1
4
5
128
1194
3
21
3
4
3
1
20
12
8
10
5
4
7
7
124
1192
22
13
12
7
7
4
6
1
12
32
20
9
9
25
13
5
5
9
9
26
132
1208
10
1
1
2
19
14
1
11
15
125
1216
8
5
3
15
2
2
3
5
1
1
1
9
119
1213
10
9
1
2
11
9
7
3
14
121
1191
7
6
1
3
2
1
1
108
1179
6
11
8
4
4
18
4
6
3
107
1198
9
3
111
1215
4
93
1198
6
5
87
1185
9
5
1
4
6
4
5
7
18
16
4
11
5
12
17
14
3
2
9
3
1
92
1198
10
2
1
2
4
8
3
7
7
10
12
11
18
11
7
19
17
1
9
10
85
1195
5
2
5
4
3
1
5
4
7
6
10
7
5
12
18
13
6
4
9
77
1176
5
6
3
1
3
5
13
10
8
12
11
15
17
14
8
69
1165
4
21
2
8
6
1
52
1181
19
15
8
7
13
4
15
7
14
18
6
9
17
49
1199
19
21
5
9
25
9
3
22
8
15
19
9
14
29
48
1188
5
1
6
21
6
1175
10
6
5
22
5
4
8
6
20
12
1191
11
2
10
2
13
22
11
7
12
20
15
1202
13
5
11
16
24
9
18
12
3
1197
4
2
9
7
3
1
9
2
1174
9
2
11
9
3
6
28
7
7
1
5
7
18
3
4
1167
22
8
11
27
30
7
22
7
29
29
35
34
26
7
7
15
23
7
27
30
1182
7
5
24
8
17
6
8
12
21
13
11
8
14
17
10
5
1180
2
22
5
16
6
8
3
11
14
4
7
13
6
1165
1
1
20
3
8
3
5
1164
1
5
3
2
3
1
1180
4
3
1
2
1
1
5
9
5
1181
5
1158
9
1
1
2
5
1
3
1154
1
10
1165
2
6
1163
1
3
1
22
2
1
7
1152
8
7
7
6
1
4
3
2
7
2
6
3
7
1150
1
1
10
1161
2
11
1166
11
8
5
3
4
1
3
3
1
5
6
5
6
1165
2
5
7
2
2
9
1157
12
11
8
3
6
10
1
1171
7
6
1
5
3
1
7
3
1177
7
4
4
6
10
1164
14
11
2
4
13
4
1
13
5
1154
9
7
5
5
21
2
2
5
11
1168
18
14
22
5
17
8
3
13
4
9
7
7
17
27
8
1178
22
19
7
12
27
6
7
3
18
15
17
1174
38
25
11
38
21
7
19
12
12
11
7
35
16
20
1169
28
26
9
4
3
9
22
2
4
8
13
12
15
15
27
23
1170
16
18
4
16
2
4
5
8
7
1
11
13
1168
20
10
5
1
7
15
9
13
1162
2
3
2
7
17
1141
5
6
1
16
6
1
1
19
1140
2
2
2
11
10
2
21
1161
5
5
14
8
7
19
1174
5
26
1162
8
9
6
1
2
9
3
1
6
2
3
10
24
1156
25
24
10
4
4
7
9
34
8
20
3
9
13
16
6
4
14
21
30
28
1160
9
8
3
2
34
1160
9
4
6
2
6
33
1141
4
1
2
1
37
1121
6
15
1
47
1138
10
18
2
12
5
46
1148
6
6
2
4
48
1138
11
12
3
4
1
3
1
44
1125
5
7
4
3
30
1131
10
9
3
1
1
33
1149
3
11
3
1
34
1130
9
5
2
43
1113
14
7
6
44
1130
2
45
1127
1
2
5
50
1118
17
15
22
1
17
44
1109
9
14
11
38
1109
20
21
4
10
22
2
4
3
6
36
1123
24
20
2
4
5
10
6
1
4
3
2
9
3
2
5
17
10
38
1123
14
9
1
12
8
39
1116
10
5
7
7
2
10
33
1114
12
2
1
4
4
34
1123
23
11
7
1
9
3
1
5
2
1
17
34
1122
5
4
8
