59
25
19
8
5
6
30
4
5
10
7
7
5
22
4
39
85
6
61
61
33
22
9
9
5
28
2
9
35
8
2
5
27
5
45
50
9
54
59
28
23
7
17
5
27
5
18
5
3
2
25
5
38
20
56
67
28
26
7
4
3
29
5
31
7
7
6
26
3
2
37
12
59
64
28
13
9
32
7
33
10
8
9
5
22
1
7
40
3
19
58
57
27
13
8
7
28
2
12
6
6
5
1
20
2
33
1
18
55
56
24
16
7
17
22
33
1
21
3
9
31
5
2
51
53
21
17
6
8
23
9
1
19
2
29
4
1
56
68
28
24
9
29
5
30
10
23
10
1
26
1
36
5
13
57
68
26
23
7
3
27
3
41
7
7
8
28
3
18
34
10
13
55
69
27
29
7
2
27
4
29
8
11
5
29
5
8
33
9
63
77
32
30
9
27
6
40
9
11
6
2
33
6
18
36
7
34
48
5
7
11
7
25
2
20
10
1
9
30
46
5
7
11
6
27
2
10
3
8
1
41
59
14
18
5
29
2
30
12
2
4
18
2
6
5
37
54
14
17
5
3
23
20
16
4
4
1
41
60
15
24
6
2
23
33
4
20
5
8
6
45
61
18
22
7
25
34
3
22
5
10
12
5
42
62
20
23
6
7
22
36
1
22
5
18
9
4
47
69
22
26
6
2
24
39
9
25
4
17
9
52
65
22
23
6
3
26
31
1
24
3
4
13
3
49
56
21
18
6
2
27
27
1
21
3
8
12
7
46
59
21
28
3
9
26
39
6
24
5
11
9
13
47
65
21
27
5
2
27
39
6
25
6
20
10
26
44
68
20
23
6
29
39
1
4
1
26
5
20
8
30
43
62
18
21
5
4
28
37
2
23
4
15
6
32
4
41
59
15
25
3
6
28
19
2
8
22
5
9
2
47
2
43
66
19
29
4
29
46
11
2
26
5
22
4
54
41
62
16
23
2
30
1
44
12
7
22
3
23
1
66
40
59
12
22
3
4
30
3
35
9
2
18
2
15
75
1
35
62
12
22
2
5
29
5
46
7
1
19
1
1
24
69
7
3
35
62
10
22
7
7
26
3
41
4
1
21
2
25
74
37
57
8
27
10
8
24
2
37
12
21
2
23
93
25
54
5
23
25
10
23
2
31
3
17
1
19
99
37
61
8
21
13
9
24
3
41
5
19
1
24
106
9
10
39
70
12
30
1
5
27
3
48
22
2
5
24
1
1
33
118
12
14
35
63
11
21
10
8
25
2
45
9
4
21
1
1
27
134
10
1
38
60
10
23
5
9
29
6
43
17
3
21
1
1
23
140
7
9
33
64
7
31
8
11
29
7
56
12
6
4
22
1
1
32
131
3
25
33
64
8
27
12
13
31
10
56
12
8
13
20
1
2
35
137
36
34
66
9
32
13
9
31
8
47
18
2
5
5
22
1
1
34
137
16
35
59
7
28
18
10
30
6
43
11
2
6
7
20
1
1
30
127
4
34
63
12
25
1
9
10
37
10
52
21
6
8
11
21
3
40
129
11
9
36
69
12
33
1
18
9
34
5
57
13
6
5
7
25
1
35
142
11
5
36
67
8
31
3
14
6
34
3
46
17
6
3
7
23
2
31
137
11
44
68
15
28
7
2
36
4
61
5
21
9
3
14
26
3
47
130
2
46
75
16
36
5
13
2
34
2
60
1
16
7
2
12
30
3
47
125
2
42
74
18
35
7
8
1
37
2
56
4
21
10
1
11
30
4
43
110
5
45
70
18
34
6
6
38
2
65
7
19
12
16
30
4
45
103
10
48
73
16
35
5
9
39
2
64
4
19
9
18
30
4
50
90
22
41
73
18
38
3
11
36
56
2
21
6
13
30
4
50
66
28
43
73
19
39
2
9
34
62
1
19
5
13
31
3
53
55
29
47
78
20
35
1
9
3
37
1
67
1
24
5
1
17
30
2
1
56
40
22
45
76
18
36
12
6
38
4
66
1
26
6
3
15
31
2
3
54
39
9
43
76
21
36
10
8
37
6
66
25
4
4
11
31
1
3
50
37
13
43
74
16
33
14
12
36
9
61
18
10
22
27
1
4
46
15
15
39
69
5
34
15
13
33
8
61
25
8
15
25
1
3
49
4
7
32
68
7
35
14
12
33
9
59
22
8
10
25
2
3
48
5
19
61
28
31
14
29
7
44
7
5
6
17
1
2
36
19
52
19
17
11
28
6
47
9
2
12
1
29
25
57
28
9
29
7
64
22
7
6
17
1
42
18
60
24
23
10
25
2
41
7
1
14
31
23
59
25
11
10
27
4
45
12
2
2
15
1
32
30
62
27
5
10
31
8
60
20
6
9
17
1
43
27
59
2
24
13
9
29
4
54
9
1
1
17
36
27
58
2
25
8
8
29
3
50
14
1
16
1
34
28
66
2
25
8
7
30
5
63
10
1
17
1
43
25
60
4
28
12
8
30
5
43
12
2
18
1
36
11
21
61
5
25
7
6
35
7
53
19
2
7
19
1
45
12
30
69
4
34
12
7
37
8
66
21
4
2
24
2
45
14
38
70
10
33
11
7
41
11
57
21
5
8
13
25
2
1
47
14
40
76
13
32
1
9
7
45
14
70
23
11
12
30
27
2
1
66
16
9
44
75
13
39
1
13
7
45
14
65
2
30
14
13
21
28
3
2
53
9
25
49
77
15
36
2
8
5
45
12
71
3
27
15
12
27
30
3
1
55
4
5
41
79
13
37
1
10
3
45
10
74
3
26
16
10
21
29
4
1
64
6
33
71
10
34
9
3
45
9
63
5
22
16
7
15
25
3
2
53
1
3
32
68
6
32
9
5
44
10
66
24
12
9
22
21
1
2
60
14
25
67
5
27
6
4
43
8
57
23
10
7
19
18
1
3
45
2
29
61
9
18
1
3
42
6
47
15
7
3
17
18
3
41
1
8
29
60
3
29
8
4
37
3
54
13
1
10
18
2
49
15
34
62
6
29
12
5
32
1
59
10
3
20
1
42
15
29
59
3
20
12
6
31
1
54
9
3
16
1
36
12
20
54
23
10
5
28
49
11
1
14
1
30
12
27
58
1
22
8
6
24
47
10
15
1
38
15
19
60
27
10
6
23
54
11
15
1
39
16
10
52
21
21
6
19
49
4
11
2
30
15
18
55
20
20
8
20
46
5
13
3
31
2
23
69
1
36
6
25
62
23
4
15
22
3
43
2
24
64
1
30
11
6
24
58
12
21
4
42
7
30
64
6
32
11
6
24
58
12
1
5
23
5
45
31
67
6
33
8
8
28
4
58
18
5
8
24
4
42
30
65
2
29
13
8
29
5
52
15
6
7
23
5
37
35
72
7
36
9
6
31
6
64
19
6
10
27
5
46
32
70
7
33
14
8
32
8
56
18
7
8
25
5
43
29
69
7
35
9
6
32
7
60
18
6
10
27
6
45
30
68
9
36
10
5
30
5
60
16
3
5
26
7
39
21
65
5
29
8
3
30
6
54
14
2
5
24
6
39
29
64
4
29
7
2
31
4
52
14
1
5
25
6
33
7
34
62
8
31
9
3
32
3
52
10
4
25
6
38
27
64
9
30
11
3
30
1
47
6
23
5
37
30
67
6
35
14
2
31
52
9
24
4
32
33
68
11
30
2
33
1
60
13
26
4
41
4
24
60
4
23
4
1
30
41
7
21
3
27
22
60
1
25
7
3
29
45
3
7
20
3
23
28
62
6
27
7
2
29
56
6
22
3
31
24
54
1
27
18
2
25
37
19
4
23
10
24
57
1
27
10
3
24
34
5
19
3
21
29
69
5
25
1
5
27
56
13
1
23
2
39
27
64
3
29
10
5
24
53
7
22
2
39
26
60
1
26
8
5
25
40
8
19
2
25
24
59
26
8
5
24
47
9
18
2
20
23
56
1
24
9
3
23
49
10
17
2
29
25
60
4
25
7
3
24
41
10
2
18
2
31
1
5
31
64
9
28
8
4
24
49
11
3
22
3
28
4
15
29
66
6
29
8
3
24
52
11
2
23
4
33
2
16
30
66
8
29
10
4
23
52
10
4
24
5
33
18
31
63
10
28
11
5
26
48
13
3
7
24
5
33
26
27
30
71
10
32
9
4
29
2
59
15
4
11
26
5
41
45
22
43
77
14
35
10
4
31
6
66
13
2
5
12
30
5
47
45
15
39
68
12
32
12
5
34
7
44
9
4
7
11
27
5
35
39
21
41
69
11
32
9
3
33
7
51
16
3
6
9
26
5
32
28
27
43
73
13
31
3
3
37
11
62
22
6
7
6
28
3
41
34
29
10
41
74
16
30
6
5
38
11
53
12
7
8
15
29
4
39
20
25
20
39
74
15
32
21
7
36
10
58
4
3
5
16
28
4
1
39
30
12
36
71
12
30
18
6
37
9
57
12
4
5
7
28
2
1
40
44
8
40
79
17
41
1
3
38
10
58
25
4
7
18
34
3
2
45
28
12
37
71
14
29
7
5
36
8
53
14
1
4
5
28
3
1
43
22
18
1
41
67
12
30
9
4
34
6
53
10
2
5
28
4
1
34
19
40
68
14
35
7
4
33
4
48
12
8
29
5
34
10
36
69
10
29
5
3
34
2
50
14
5
27
3
1
45
10
26
70
5
35
8
4
31
54
12
2
25
3
32
7
28
67
6
27
8
4
32
50
10
2
24
2
1
33
2
30
61
7
25
3
4
34
1
48
13
6
23
2
2
38
11
28
63
7
28
6
3
30
59
11
1
23
2
38
4
31
64
10
30
7
3
30
54
9
24
2
32
6
30
62
7
32
10
4
28
50
10
25
3
37
10
33
71
6
34
10
2
25
56
10
28
4
43
3
28
66
7
33
12
2
22
50
10
26
4
38
5
25
67
5
32
4
22
63
7
26
4
44
29
63
6
32
10
1
18
53
5
25
5
35
27
56
4
31
15
3
15
48
8
22
4
36
24
62
2
27
27
3
18
54
22
4
41
27
69
7
36
13
3
21
52
14
1
27
4
41
30
75
11
37
2
1
27
73
26
3
11
30
4
59
28
70
6
36
26
5
26
63
12
2
10
26
5
56
33
77
11
45
11
6
32
6
64
27
9
16
32
5
63
42
82
18
39
1
4
6
36
11
78
26
4
11
23
34
5
1
67
35
77
13
48
18
8
33
10
73
25
12
17
33
6
66
31
77
7
46
12
10
36
14
81
25
16
19
32
5
1
72
33
70
8
35
14
11
38
17
69
33
1
16
25
26
2
2
63
33
70
8
39
15
13
40
18
70
32
2
17
21
25
1
2
65
25
74
5
42
16
13
40
17
82
28
2
15
17
26
3
76
141
24
71
5
41
19
12
39
14
63
22
3
10
14
25
1
4
68
350
29
67
3
35
14
10
39
12
57
18
4
7
4
23
1
3
50
576
21
65
2
31
7
7
40
9
71
17
7
1
20
1
2
58
693
15
59
33
13
6
36
4
64
13
4
18
1
2
52
577
15
51
25
5
5
36
4
56
7
14
2
42
198
6
18
60
31
6
2
31
67
4
1
19
2
61
60
11
60
31
13
3
25
66
10
18
2
58
71
10
55
33
13
2
23
61
8
18
3
55
63
14
66
41
19
2
20
66
5
23
5
61
25
12
66
33
30
6
21
67
9
23
5
63
24
66
6
43
7
2
23
77
27
7
30
7
74
26
71
4
47
9
2
21
81
20
7
30
7
74
26
69
4
45
30
6
19
77
18
3
7
29
8
77
30
70
9
50
16
4
20
81
30
4
10
34
9
78
21
73
3
42
15
6
22
85
27
6
15
30
7
79
19
72
1
44
15
5
23
83
26
6
13
29
7
81
19
72
3
43
15
6
23
80
23
6
12
30
7
83
16
79
4
51
20
7
24
1
89
29
8
16
33
8
87
3
21
73
5
50
18
7
28
4
88
27
8
14
31
7
90
7
21
68
43
17
7
29
4
86
22
7
13
26
6
92
5
20
66
43
20
8
30
6
69
23
10
11
25
5
70
12
17
67
42
12
7
33
9
82
25
10
15
25
4
88
1
20
69
46
14
6
33
7
93
28
7
16
27
4
95
9
15
64
40
18
7
33
6
72
23
6
5
22
3
70
17
3
68
41
18
7
32
7
88
27
7
3
22
3
88
18
9
59
38
19
9
32
9
68
28
11
23
19
3
76
8
14
63
37
12
8
35
10
86
27
10
20
21
2
81
10
3
64
39
16
8
34
9
87
27
8
13
20
3
88
4
6
57
34
15
9
33
9
76
27
10
20
17
2
83
4
14
61
37
16
10
32
8
81
28
9
16
19
2
88
5
11
56
39
20
10
32
8
85
27
10
18
17
1
87
10
58
42
26
10
31
7
82
26
9
17
19
2
89
1
9
66
39
32
9
31
5
76
21
6
14
20
3
89
7
14
62
33
22
9
31
5
90
24
7
17
20
4
92
10
15
67
46
2
6
35
9
90
39
11
23
25
5
97
2
9
73
45
17
7
32
6
99
29
7
18
25
4
104
2
1
9
64
40
20
7
31
5
84
26
7
18
23
4
92
14
23
7
61
41
13
6
33
7
80
30
8
18
22
5
85
17
18
10
63
38
13
6
33
6
94
28
6
15
21
4
95
22
10
61
40
12
6
35
7
81
25
6
11
20
3
87
7
8
3
9
64
44
16
6
32
4
90
23
6
13
22
3
97
18
9
32
6
61
44
15
5
31
1
83
23
5
12
21
2
91
29
8
29
3
63
43
16
3
30
86
20
4
20
2
86
26
8
13
3
59
39
15
26
81
24
20
3
88
30
11
15
53
36
9
30
70
18
9
17
2
79
40
10
31
59
36
7
31
89
20
2
16
19
2
93
58
20
43
3
57
37
12
5
32
3
84
27
6
10
18
2
92
61
21
24
1
56
34
14
7
34
6
82
25
9
18
16
1
86
71
12
55
40
15
8
33
7
86
29
9
14
16
1
92
81
12
17
53
36
13
10
35
10
88
30
12
18
14
2
92
91
7
27
59
39
15
11
36
11
89
30
12
21
16
3
96
100
3
8
3
63
41
21
12
36
13
94
34
15
20
18
3
103
118
9
64
44
16
6
32
4
90
23
6
13
22
3
97
18
9
32
6
61
44
15
5
31
1
83
23
5
12
21
2
91
29
8
29
3
63
43
16
3
30
86
20
4
20
2
86
26
8
13
3
59
39
15
26
81
24
20
3
88
30
11
15
53
36
9
30
70
18
9
17
2
79
40
10
31
59
36
7
31
89
20
2
16
19
2
93
58
20
43
3
57
37
12
5
32
3
84
27
6
10
18
2
92
61
21
24
1
56
34
14
7
34
6
82
25
9
18
16
1
86
71
12
55
40
15
8
33
7
86
29
9
14
16
1
92
81
12
17
53
36
13
10
35
10
88
30
12
18
14
2
92
91
7
27
59
39
15
11
36
11
89
30
12
21
16
3
96
100
3
8
3
63
41
21
12
36
13
94
34
15
20
18
3
103
118
13
71
52
22
12
44
17
107
41
4
20
31
28
4
3
120
139
20
14
5
65
49
21
12
41
14
97
37
1
18
25
24
4
2
115
127
24
19
2
63
46
19
8
38
10
104
35
13
26
21
3
1
108
114
27
15
52
43
18
5
35
7
97
31
8
18
18
3
1
98
97
23
6
53
42
13
7
34
6
82
28
10
18
18
4
1
100
83
17
5
1
63
43
12
7
32
4
99
31
8
17
22
4
101
70
9
24
56
43
17
5
28
86
27
3
10
22
5
100
45
6
23
51
40
16
3
25
81
21
6
20
5
95
35
9
54
39
14
2
25
80
22
7
19
5
88
32
18
55
40
12
2
24
93
26
8
18
4
96
14
24
54
41
17
2
21
89
21
5
18
6
95
9
19
49
40
19
3
22
87
20
7
18
6
98
3
43
34
35
6
21
76
15
1
6
12
5
90
48
34
32
6
21
82
22
2
6
15
5
90
3
58
46
3
27
2
105
39
7
18
23
5
113
30
50
44
23
6
22
88
25
3
11
19
6
92
27
49
44
23
6
24
1
86
29
5
13
18
6
97
16
50
45
16
8
30
8
90
36
11
20
20
6
103
21
50
40
23
11
32
10
85
30
13
19
18
5
97
16
56
46
21
13
36
14
96
35
18
22
20
4
102
2
58
41
25
13
38
16
101
36
17
26
19
4
1
106
6
54
40
26
12
40
15
89
39
1
14
19
18
3
1
104
56
43
24
14
44
18
85
39
5
19
21
19
2
2
96
5
12
58
41
18
10
45
17
99
33
9
18
35
19
3
2
108
6
11
56
40
12
6
42
11
93
34
8
11
21
18
3
1
107
2
54
43
14
5
39
9
86
33
5
9
19
17
3
94
2
51
40
12
4
37
7
91
32
2
8
22
18
3
103
10
50
39
10
3
34
4
90
30
5
18
16
3
99
9
12
48
39
12
2
30
90
28
3
15
13
4
98
43
32
13
25
83
20
3
12
4
89
2
38
27
30
20
73
7
7
4
79
1
19
46
31
7
22
84
19
5
13
5
93
7
19
45
37
22
74
24
3
14
5
80
3
37
30
22
1
21
65
14
9
4
69
3
38
26
3
24
74
19
1
9
2
77
29
35
29
14
1
24
72
17
8
2
76
33
56
40
12
6
42
11
93
34
8
11
21
18
3
1
107
2
54
43
14
5
39
9
86
33
5
9
19
17
3
94
2
51
40
12
4
37
7
91
32
2
8
22
18
3
103
10
50
39
10
3
34
4
90
30
5
18
16
3
99
9
12
48
39
12
2
30
90
28
3
15
13
4
98
43
32
13
25
83
20
3
12
4
89
2
38
27
30
20
73
7
7
4
79
1
19
46
31
7
22
84
19
5
13
5
93
7
19
45
37
22
74
24
3
14
5
80
3
37
30
22
1
21
65
14
9
4
69
3
38
26
3
24
74
19
1
9
2
77
29
35
29
14
1
24
72
17
8
2
76
33
34
30
16
1
24
76
16
9
2
80
23
36
31
16
1
24
68
17
8
2
76
17
45
31
12
4
31
74
25
2
9
11
1
83
29
44
31
14
7
32
3
77
26
6
13
13
2
92
33
47
40
24
9
30
2
83
22
7
8
17
4
90
21
54
48
27
11
30
5
90
31
10
14
21
6
87
17
51
39
21
10
33
8
79
35
11
17
20
5
80
24
51
41
19
13
37
13
93
34
16
19
18
3
90
37
49
43
