4894
4942
4941
2742
4946
4999
4999
4944
4942
4941
4942
4943
4943
4888
4943
4943
4991
4990
4916
4828
4915
4918
2878
4911
4999
4999
4912
4917
4916
4917
4915
4915
4859
4914
4915
4982
4975
4914
4854
4913
4920
2628
4917
4999
4999
4916
4913
4913
4913
4914
4914
4848
4914
4914
4980
4976
4913
4839
4913
4978
2648
4910
4999
4999
4911
4914
4913
4914
4912
4913
4861
4912
4913
4970
4964
4896
4825
4895
4999
2532
4897
4999
4999
4896
4896
4895
4896
4896
4896
4830
4895
4896
4966
4960
4901
4833
4900
4998
2451
4900
4999
4999
4900
4901
4900
4901
4900
4900
4846
4900
4900
4958
4953
4885
4811
4885
4999
2412
4884
4999
4999
4884
4885
4885
4885
4885
4885
4824
4884
4885
4952
4945
4884
4818
4884
4999
2300
4885
4999
4999
4884
4884
4907
4884
4884
4884
4826
4884
4884
4945
4940
4875
4803
4875
4999
2263
4874
4999
4999
4874
4875
4983
4876
4875
4875
4817
4874
4875
4938
4932
4869
4800
4868
4999
2172
4869
4999
4999
4869
4870
4997
4869
4869
4869
4809
4868
4869
4932
4927
4864
4794
4863
4999
2120
4863
4999
4999
4863
4899
4999
4864
4863
4864
4806
4863
4864
4925
4920
4856
4786
4855
4999
2051
4855
4999
4999
4855
4985
4999
4858
4855
4855
4796
4855
4855
4919
4913
4851
4782
4850
4999
1987
4850
4999
4999
4850
4996
4999
4901
4851
4851
4796
4850
4851
4912
4907
4843
4773
4842
4999
1934
4842
4999
4999
4842
4999
4999
4989
4843
4843
4846
4842
4843
4906
4900
4837
4768
4837
4994
1868
4837
4999
4999
4837
4999
4999
4996
4837
4837
4978
4837
4837
4899
4894
4831
4761
4830
4996
1811
4830
4997
4999
4830
4999
4996
4999
4830
4830
4994
4830
4830
4893
4887
4851
2353
4828
4999
1728
4827
4999
4999
4826
4989
4998
4999
4826
4826
4999
4827
4827
4886
4881
4744
2241
4748
4783
510
4896
4836
4820
4895
4733
4777
4751
4894
4894
4752
4812
4864
4880
4874
1344
4156
4015
4537
4344
4999
2507
1849
720
2375
1302
4493
4455
4999
4227
4300
4212
4999
1587
4999
4204
4751
4857
4873
4868
1092
3971
4824
4281
4272
4980
2044
1504
576
1945
1051
4431
4397
4981
4109
4210
4113
4978
1296
4980
4096
4537
4680
4867
4861
884
3965
4938
4250
4237
4985
1665
1227
471
1571
853
4402
4373
4985
4083
4167
4069
4957
1048
4985
4055
4445
4551
4860
4855
1128
3773
4918
4081
4109
4973
2102
1549
597
2002
1089
4300
4268
4974
3922
4022
3910
4829
1333
4974
3892
4304
4424
4854
4848
866
3709
4933
3972
4064
4968
1628
1197
458
1541
836
4262
4234
4968
3866
3966
3851
4677
1026
4968
3832
4171
4284
4847
4842
1014
3576
4927
3862
3965
4963
1891
1392
537
1799
980
4183
4154
4963
3751
3853
3728
4552
1197
4963
3707
4061
4168
4841
4836
878
3483
4927
3734
3904
4954
1643
1208
463
1562
847
4133
4105
4954
3671
3781
3650
4414
1038
4954
3626
3927
4036
4835
4829
898
3383
4999
3641
3828
4945
1680
1235
475
1597
869
4072
4044
4950
3584
3694
3555
4290
1062
4950
3530
3824
3923
4828
4823
874
3277
4995
3520
3756
4870
1632
1199
460
1554
845
4014
3986
4941
3492
3610
3464
4164
1032
4941
3437
3703
3805
4822
4816
821
3193
4999
3426
3694
4716
1535
1127
433
1460
794
3963
3937
4925
3419
3537
3385
4044
969
4936
3356
3597
3693
4815
4810
836
3090
4999
3320
3622
4578
1558
1145
440
1486
809
3905
3878
4832
3331
3455
3294
3928
986
4929
3264
3490
3585
4809
4804
776
3008
4999
3224
3563
4447
1450
1064
408
1381
752
3857
3831
4672
3259
3386
3220
3812
916
4907
3188
3386
3478
4803
4797
780
2913
4973
3125
3488
4297
1455
1067
410
1388
755
3798
3774
4537
3179
3309
3137
3702
920
4800
3103
3288
3376
4796
4791
530
1964
2687
2068
2271
2645
997
731
281
954
520
2457
2448
2754
2138
2209
2121
2393
638
2868
2114
2198
2246
3033
3037
60
280
115
4
431
27
5
4
8
4
53
55
12
17
7
5
7
139
140
345
163
641
88
96
96
563
174
811
168
56
56
809
195
948
230
3
3
1035
232
10
10
1101
272
1218
277
16
16
1270
306
1373
321
7
7
1437
340
1517
361
1591
374
2
2
1658
394
1732
409
2
2
1793
426
1861
442
1
1
1921
457
1983
472
2041
485
2098
500
2154
513
2206
527
2258
539
2308
552
2357
563
2403
574
2447
584
2490
595
2533
605
2574
615
2614
625
2652
634
2689
643
2725
652
2759
660
2792
668
2825
676
2856
684
2886
691
2915
698
2944
705
2970
712
2997
718
3022
724
3047
730
3070
736
3093
742
3115
747
3136
752
3157
757
3176
762
3195
766
3213
771
3232
776
3248
780
3264
784
3280
788
3295
791
3310
795
3324
798
3337
802
3350
805
3362
808
3374
811
3386
814
3396
816
3407
819
3417
822
3427
824
3436
827
3445
829
3453
831
3461
832
3469
835
3476
837
3483
838
3489
839
3496
841
3502
843
3507
844
3513
846
3518
847
3522
848
3527
850
3531
851
3534
851
3539
853
3542
854
3545
854
3548
855
3551
856
3554
856
3556
857
3558
858
3560
858
3561
859
3563
859
3564
859
3565
860
3567
860
3568
861
3568
861
3568
861
3569
861
3569
861
3569
861
3569
861
3569
861
3568
861
3569
861
3568
861
3567
861
3566
861
3566
861
3564
860
3563
860
3562
860
3560
860
3559
859
3557
859
3556
859
3555
858
3553
858
3551
858
3548
857
3547
857
3545
856
3543
856
3540
855
3538
855
3536
854
3533
854
3531
853
3528
853
3525
852
3522
851
3520
851
3518
850
3514
849
3512
848
3509
848
3506
847
3502
846
3500
846
3497
845
3493
844
3490
844
3487
843
3484
842
3481
842
3477
841
3474
840
3471
839
3468
839
3464
837
3460
837
3457
836
3453
835
3449
834
3446
833
3442
833
3439
831
3435
831
3431
830
3427
829
3424
828
3420
827
3417
826
3413
825
3409
825
3406
824
3401
823
3397
822
3394
821
3390
820
3386
819
3382
818
3378
817
3374
816
3370
815
3367
815
3363
814
3359
812
3355
812
3351
811
3347
810
3343
809
3339
808
3335
807
3331
806
3327
805
3323
804
3319
803
3315
802
3311
801
3306
800
3303
799
3299
798
3294
797
3291
796
3287
796
3283
794
3279
794
3274
793
3271
791
3266
791
3262
790
3258
789
3254
788
3251
789
3251
791
3246
790
3241
788
3237
787
3233
786
3229
786
3224
784
3220
784
3216
783
3211
782
3208
780
3203
780
3192
779
2148
558
22
81
83
50
207
34
25
9
31
16
35
33
226
49
45
49
92
17
252
44
53
53
327
321
35
133
146
92
126
66
49
18
66
36
79
80
125
124
117
131
173
47
119
138
173
179
100
102
189
65
34
130
139
87
141
61
46
17
61
32
70
72
139
109
103
115
155
41
134
117
147
151
112
127
101
32
14
50
53
32
64
23
18
6
23
12
27
26
66
40
37
41
58
16
67
41
51
53
103
72
30
6
3
1
4
5
17
12
7
20
22
13
16
9
8
3
11
5
13
12
16
18
18
19
26
9
13
20
25
26
12
8
22
9
7
20
22
13
22
9
8
2
11
5
12
11
23
18
17
18
25
8
20
18
22
23
28
20
15
5
3
8
9
5
10
3
4
5
2
6
4
11
6
6
7
10
4
10
6
7
8
11
1
3
2
1
1
2
1
1
2
1
1
1
1
2
1
2
20
1
3
5
6
3
4
2
3
4
2
5
3
5
4
5
5
7
4
3
4
5
5
2
1
3
3
1
1
1
2
3
5
5
3
4
1
3
4
1
5
2
5
4
4
4
6
4
4
3
4
5
3
1
1
1
1
1
2
1
1
3
22
3
3
3
2
1
2
2
2
1
4
1
4
2
3
2
4
4
2
1
1
2
15
2
2
2
2
1
1
1
2
2
1
3
1
3
1
3
2
3
3
1
1
2
1
1
1
1
3
2
1
3
1
3
2
3
1
3
3
1
1
1
1
7
1
3
3
3
1
1
2
1
3
3
2
3
1
4
2
3
3
4
4
1
1
1
2
15
1
2
2
2
1
2
3
2
1
3
1
3
1
3
2
3
3
1
9
2
3
3
1
1
2
1
3
3
1
3
2
4
3
4
3
4
4
2
2
2
2
1
3
2
3
1
2
1
3
2
2
3
1
3
2
3
2
3
4
1
1
1
1
3
3
3
2
2
2
1
3
3
2
3
2
3
2
3
2
4
4
1
1
1
1
28
3
3
3
2
2
2
1
3
3
2
4
1
3
2
3
3
4
4
2
1
1
2
38
3
2
3
1
2
2
1
3
3
2
4
2
4
2
3
3
4
4
2
1
1
2
10
3
3
4
2
2
3
1
3
3
2
4
2
4
3
3
2
4
4
1
1
1
2
5
3
3
3
2
2
2
1
3
3
2
4
2
4
2
3
2
4
4
1
1
1
2
17
3
3
3
2
2
2
1
3
3
2
4
2
4
3
4
3
5
5
2
1
2
2
26
1
3
3
3
2
3
2
1
3
3
2
4
2
4
3
3
3
5
5
2
1
1
2
17
3
3
3
2
2
2
1
3
3
2
4
2
4
3
4
3
5
5
2
1
1
2
18
3
3
3
2
2
2
1
3
3
2
4
3
5
3
5
3
5
5
2
2
2
2
29
1
3
3
4
2
2
2
1
4
4
2
4
3
5
3
4
3
5
5
2
2
2
2
41
3
3
3
2
2
3
1
4
3
2
4
2
5
3
4
3
5
5
2
2
1
2
28
3
3
3
3
2
3
1
4
3
3
4
2
5
3
5
4
6
5
3
1
2
3
13
1
4
3
4
2
3
3
1
4
4
3
5
3
5
4
5
3
6
5
3
2
2
3
33
3
3
4
3
2
3
1
4
1
4
3
5
3
5
3
4
3
6
5
2
1
2
2
46
3
3
4
3
2
2
1
4
4
3
5
3
5
4
5
4
6
6
3
2
2
3
26
3
3
3
2
2
3
1
4
4
3
4
3
6
4
5
3
6
6
3
2
2
3
11
4
3
4
3
3
3
1
4
4
3
5
3
5
3
5
4
6
6
3
2
2
2
9
4
4
4
3
3
3
1
4
4
3
5
3
6
3
5
4
6
6
3
2
2
2
19
3
3
4
2
2
3
1
4
4
3
5
3
6
4
5
4
7
6
3
2
2
3
16
4
3
4
3
3
3
1
5
1
4
3
5
3
6
4
5
4
7
6
3
2
2
3
4
4
4
3
3
3
2
5
1
4
3
5
3
6
4
5
4
7
6
3
2
2
3
4
3
4
3
3
3
1
4
1
4
3
5
3
6
4
6
4
7
7
3
2
2
3
4
4
4
3
3
3
1
4
4
3
5
3
7
5
6
5
7
7
3
2
2
3
34
4
4
4
3
3
3
2
5
1
5
4
5
3
7
4
5
4
7
7
3
2
2
3
61
4
4
5
3
3
4
2
5
5
3
5
3
7
4
6
4
7
7
4
2
2
3
48
4
4
5
3
3
3
2
5
1
5
3
5
4
7
5
6
5
7
7
4
2
2
3
44
4
4
5
3
3
4
2
5
1
5
3
5
3
7
5
6
5
7
7
4
2
2
3
49
5
4
5
3
3
4
2
5
1
5
4
6
4
7
5
6
5
8
7
4
3
3
3
19
4
4
5
3
3
3
2
5
1
5
4
6
4
7
5
7
5
8
7
4
3
3
3
12
5
4
5
4
3
4
2
5
1
5
4
5
4
7
5
6
5
8
7
4
2
2
3
17
5
4
5
4
3
4
2
5
1
5
4
5
4
8
5
7
5
8
7
4
3
2
3
11
5
4
5
4
3
4
2
5
1
5
4
6
4
8
5
7
5
9
8
4
3
2
3
9
4
4
5
3
4
4
2
5
1
5
4
6
4
8
5
7
5
9
7
4
3
2
3
10
5
4
5
4
4
5
2
5
1
5
4
5
4
8
5
7
5
8
7
4
2
3
3
12
5
4
5
4
4
5
2
6
1
5
4
6
4
8
5
7
6
8
8
5
3
3
3
8
5
4
5
4
3
4
2
5
1
5
5
6
5
8
6
7
5
9
8
4
3
3
4
16
5
4
5
4
4
5
2
6
1
5
4
6
4
8
6
7
5
9
8
4
2
3
3
9
5
5
5
4
4
5
2
6
1
5
5
6
5
8
6
7
5
9
8
5
3
3
4
5
4
5
4
4
5
2
6
1
5
5
6
5
9
5
7
6
9
8
5
3
3
4
12
5
5
6
4
4
5
2
6
1
5
4
6
5
8
6
7
6
9
8
5
3
3
4
18
5
5
6
4
4
5
3
6
1
6
4
6
5
8
6
7
5
9
8
5
3
3
4
1
5
5
6
5
4
5
2
7
1
5
5
6
4
9
6
7
5
9
8
5
3
3
4
5
5
6
5
4
5
2
7
1
6
5
6
5
9
6
7
6
10
8
5
3
3
4
14
5
5
1
6
4
5
5
3
7
1
5
5
7
5
9
6
8
6
10
9
5
3
3
4
21
5
5
1
6
4
4
5
3
7
1
6
5
7
5
9
6
8
6
10
9
5
3
3
4
5
5
6
4
4
5
2
6
1
6
5
6
5
10
6
8
6
10
9
5
3
3
4
6
6
6
5
4
5
3
7
2
6
5
7
5
9
6
8
6
10
9
5
3
3
4
12
5
6
1
6
5
4
6
3
7
1
6
5
7
5
9
6
8
6
10
9
5
3
3
4
18
5
5
6
5
4
5
2
7
1
6
5
7
5
9
7
9
7
11
9
5
4
4
4
15
5
5
6
5
4
5
2
7
1
6
5
7
5
9
7
8
6
10
9
5
3
3
4
6
6
5
1
6
5
5
6
3
7
1
6
5
7
5
10
6
8
6
10
9
5
3
3
4
19
5
5
6
5
5
6
3
7
1
6
6
7
6
10
7
9
7
11
9
6
4
4
5
7
6
5
6
5
4
6
3
7
1
6
6
7
6
10
7
9
7
11
10
6
3
3
4
6
5
1
7
5
5
6
3
7
1
6
5
7
5
10
7
9
6
11
9
6
3
3
4
18
6
6
1
7
5
5
6
3
7
2
7
5
7
6
10
7
9
7
11
9
6
3
4
4
21
6
5
6
5
5
6
3
7
1
7
6
7
6
10
7
9
7
11
10
6
4
4
5
35
6
5
1
7
6
5
6
3
7
1
6
6
7
6
10
7
9
7
11
10
6
3
4
5
16
6
6
1
7
6
5
6
3
7
1
7
6
7
6
11
7
9
7
11
10
6
4
3
5
7
6
5
1
7
5
5
6
3
7
1
7
6
8
6
10
7
9
7
12
10
7
4
4
5
24
6
5
1
7
6
5
6
3
8
1
7
6
7
6
11
7
9
7
12
10
7
3
4
5
29
6
6
1
7
6
5
6
3
8
1
7
6
7
6
11
7
9
7
12
10
6
3
3
4
19
6
6
7
6
5
7
3
8
1
7
6
8
6
11
8
10
8
12
10
6
4
4
5
6
6
1
7
6
5
7
3
7
2
7
6
8
6
11
8
10
8
12
10
6
4
4
5
21
7
6
1
7
6
5
6
3
8
1
7
6
7
6
11
7
10
7
12
10
6
4
4
5
42
6
6
1
7
6
5
7
3
8
1
7
6
7
7
11
8
10
7
12
10
6
4
4
5
8
6
6
7
6
5
7
3
8
1
7
6
8
6
12
8
10
8
12
11
7
4
4
5
7
7
1
7
6
5
7
3
8
1
7
7
8
6
11
7
9
7
12
10
7
4
4
5
1
7
6
1
7
6
5
7
3
8
1
7
6
8
6
11
8
10
7
12
11
7
4
4
5
15
6
6
7
6
5
7
4
8
1
7
7
8
7
12
8
11
8
13
11
7
4
5
5
5
7
6
1
7
6
5
7
3
8
1
7
7
8
7
12
8
10
7
12
11
7
4
4
5
7
7
1
8
7
6
7
4
8
2
7
7
8
7
12
8
10
7
12
11
7
4
4
5
11
7
6
1
7
6
5
7
4
8
1
8
7
8
7
12
8
10
8
13
11
7
4
4
5
23
7
6
1
7
6
6
7
3
9
1
8
7
8
7
12
9
10
7
13
11
7
4
5
5
25
7
6
1
8
7
6
8
3
9
2
8
7
8
7
12
8
11
8
13
11
7
4
5
5
7
7
1
8
7
6
8
3
9
2
8
7
8
7
12
9
11
8
13
12
7
4
4
5
13
7
7
1
8
7
6
7
4
9
2
8
7
8
7
13
9
11
8
13
12
8
5
5
5
30
7
7
1
8
7
6
7
3
9
2
8
7
8
7
13
8
11
8
13
12
7
4
4
5
19
7
7
1
8
7
6
7
4
9
2
8
7
8
8
13
9
11
8
13
12
8
4
5
6
22
7
7
1
8
7
6
8
3
9
2
8
7
9
8
13
9
11
9
14
12
8
5
5
5
7
7
1
8
7
6
8
3
9
2
8
7
9
7
13
9
11
8
14
12
7
4
4
5
16
7
7
1
9
7
6
8
4
9
2
8
7
9
7
13
9
11
8
14
12
8
4
5
5
28
7
7
1
8
7
6
8
4
9
2
8
7
9
8
13
9
11
9
14
12
8
5
5
6
7
7
1
8
7
6
8
4
9
2
8
7
8
7
13
9
11
8
14
12
8
5
5
6
8
7
7
2
8
7
7
8
4
10
2
8
7
9
8
14
9
11
9
14
12
8
4
5
5
26
7
7
1
8
7
7
8
4
9
2
8
7
9
8
13
9
11
9
14
12
8
5
5
6
11
7
7
1
8
7
6
8
4
9
2
9
8
9
8
14
9
11
9
14
12
8
5
5
6
6
8
7
1
9
8
6
8
4
9
2
8
7
9
8
13
9
11
9
15
12
8
4
4
5
12
7
7
1
9
7
7
8
4
9
2
8
8
9
8
14
9
12
9
15
12
8
4
5
5
8
7
7
1
8
7
7
8
4
10
2
9
7
9
8
14
9
12
9
15
12
8
5
5
6
13
7
7
1
9
8
7
9
4
10
2
9
8
9
8
14
9
11
9
15
13
9
5
5
6
8
7
1
9
8
7
8
4
10
2
8
8
9
8
14
9
12
9
15
13
8
5
5
6
4
8
7
1
9
8
7
9
4
10
2
9
7
9
8
14
9
12
9
15
13
8
5
5
6
12
7
7
1
9
7
7
8
4
10
2
8
8
9
8
14
9
12
9
15
13
8
5
5
6
15
8
7
1
9
8
7
9
4
9
2
9
8
9
8
14
9
12
9
15
13
8
5
5
6
25
8
8
1
9
8
7
9
4
10
2
9
8
9
8
14
9
12
9
15
13
9
5
5
6
8
8
1
9
8
7
9
4
10
2
9
8
9
9
14
10
12
10
16
13
9
5
5
6
1
8
8
1
9
8
7
9
4
10
2
9
8
9
8
15
10
12
9
16
13
9
5
5
6
5
8
8
2
9
8
7
9
5
10
2
9
9
10
8
15
10
12
9
16
13
9
5
5
6
8
7
1
9
8
7
9
4
10
2
9
8
10
9
15
10
13
10
16
14
9
6
5
7
8
8
1
9
8
7
9
5
10
3
9
8
10
9
15
10
13
9
16
14
9
5
5
7
9
8
8
2
9
8
7
9
5
10
3
9
8
10
9
15
10
12
9
16
14
9
5
5
6
5
8
8
1
9
8
7
9
5
10
2
9
9
10
9
15
10
13
9
16
14
9
5
5
7
8
8
1
9
8
7
9
5
10
2
9
9
10
9
15
10
13
10
16
14
9
5
5
6
1
8
8
1
9
9
8
9
5
11
2
9
9
10
9
15
10
13
9
16
14
