77
57
35
43
42
45
39
54
44
73
27
34
36
57
35
58
41
55
42
32
19
85
10
48
79
78
54
33
38
42
43
41
54
46
72
25
52
40
56
38
53
47
51
42
32
16
86
9
31
75
74
54
33
36
44
41
42
52
44
71
25
39
28
53
37
48
42
51
42
32
14
84
6
75
77
53
33
37
41
42
41
53
45
66
23
39
46
54
38
53
48
51
41
33
23
82
9
75
75
53
32
38
39
44
38
51
42
70
23
46
45
52
36
54
45
51
42
32
20
82
15
77
77
55
36
38
45
39
37
49
39
71
30
37
21
58
32
56
37
54
45
29
18
84
5
5
77
80
57
37
40
42
41
37
48
39
72
27
41
34
58
36
52
40
53
44
29
24
86
77
80
58
37
41
42
41
37
48
40
71
27
40
48
52
38
47
43
55
43
29
19
84
77
77
55
39
36
45
42
37
50
40
70
31
42
38
53
35
50
40
55
44
31
24
85
5
69
62
46
34
38
44
46
38
51
41
65
24
41
33
55
40
47
40
49
42
32
14
77
6
64
71
43
30
37
40
41
37
52
41
57
21
37
30
56
35
48
38
46
43
30
6
66
8
64
74
48
30
37
38
41
36
53
42
57
25
37
32
52
32
45
45
47
42
30
20
68
14
82
82
60
27
39
40
48
38
51
41
86
21
45
39
59
39
57
44
51
39
31
12
107
5
91
73
65
33
41
47
47
39
52
41
88
22
46
39
60
38
58
46
56
41
30
9
115
13
46
96
77
71
34
42
45
47
39
52
41
84
23
48
47
59
39
60
48
57
44
29
12
121
9
21
90
77
70
32
47
44
51
39
52
43
98
21
52
51
60
43
62
54
56
44
30
13
113
17
91
75
63
34
44
48
47
42
56
47
95
27
48
45
64
45
63
55
56
44
30
15
113
21
88
77
66
32
42
45
47
43
57
48
88
23
44
52
63
47
66
58
55
42
32
13
116
22
42
87
74
63
33
41
44
47
41
56
46
95
21
44
43
63
42
68
50
52
41
31
12
108
33
38
84
75
60
34
42
44
47
40
55
46
88
23
49
36
63
38
64
46
51
41
30
8
108
38
81
71
59
29
42
39
48
40
54
48
86
16
55
47
63
44
59
52
50
39
31
2
108
40
79
68
56
27
38
38
44
40
52
47
82
15
45
37
57
39
59
42
48
39
30
8
102
28
28
78
72
56
28
40
39
42
38
51
42
81
17
42
26
51
34
60
41
47
41
27
8
101
26
29
79
65
56
28
38
41
40
40
52
44
84
19
40
30
58
40
61
50
47
42
27
10
102
27
76
59
55
30
36
44
40
40
54
45
75
22
42
44
58
41
52
50
47
42
28
11
99
34
77
77
57
29
39
42
43
38
53
44
80
20
41
54
57
42
55
51
50
41
28
9
95
38
2
81
75
58
31
39
45
41
38
52
44
81
23
30
39
61
39
61
48
51
42
27
13
100
47
33
77
68
57
33
39
48
42
37
52
42
76
20
46
33
56
35
47
39
49
44
27
6
106
47
79
72
58
28
38
39
44
38
54
45
85
16
54
50
60
41
53
47
51
43
28
9
103
64
81
65
56
32
36
39
42
37
52
43
75
20
38
33
57
37
51
40
55
43
28
10
102
53
78
66
59
26
41
42
42
36
47
38
76
11
37
11
51
30
47
27
50
43
26
99
42
23
78
69
57
23
40
37
42
36
51
41
80
10
40
38
54
32
49
41
48
42
27
3
97
74
75
64
48
23
38
35
44
34
51
40
76
11
41
41
56
31
47
42
46
39
28
7
101
67
75
61
49
18
37
34
45
36
53
43
78
7
41
34
58
35
57
39
43
38
30
100
62
75
60
59
19
36
37
46
37
52
42
78
10
39
30
56
33
52
35
42
38
30
96
61
18
72
57
51
16
40
34
48
34
50
38
75
4
40
15
57
29
52
38
39
39
28
97
74
74
61
57
20
39
37
44
35
50
37
75
8
41
8
58
27
54
35
43
41
28
96
84
74
63
55
20
35
33
45
35
49
39
72
9
36
49
51
40
44
37
46
40
29
3
96
88
73
61
52
18
34
32
43
35
51
40
74
5
30
38
56
30
51
36
45
40
29
96
94
28
76
66
55
22
33
35
43
36
52
40
75
9
35
29
59
26
51
30
46
40
29
5
96
106
7
74
64
53
21
37
34
47
37
53
43
74
8
45
34
57
36
51
38
43
40
30
95
119
75
63
53
21
36
36
47
39
55
45
75
9
45
33
60
33
56
39
45
38
31
96
124
77
64
50
22
36
35
47
39
53
45
73
6
35
46
50
41
51
48
46
39
31
7
94
127
4
73
60
53
21
37
38
47
40
52
46
72
10
35
33
52
41
57
45
45
40
31
95
125
3
77
66
59
24
37
39
44
40
56
47
83
18
51
43
70
38
63
44
47
40
31
5
96
135
81
70
58
27
40
42
46
39
56
45
88
15
48
38
63
39
67
41
49
39
31
12
97
135
80
71
59
29
37
45
46
41
56
47
79
17
47
37
66
40
67
41
51
40
32
8
104
157
10
86
77
63
33
39
42
47
39
55
45
75
23
56
47
71
41
64
54
55
42
31
12
114
172
30
86
78
68
36
42
42
45
36
49
40
84
26
47
30
59
36
62
42
57
45
28
15
110
163
85
77
67
36
41
45
42
35
45
34
89
23
44
19
55
26
52
36
56
45
26
13
101
169
90
75
64
32
42
38
42
33
44
35
85
18
45
34
53
36
53
41
57
44
26
8
110
172
34
82
62
62
31
43
39
41
35
43
36
78
14
45
45
57
38
59
39
54
45
25
2
105
191
52
80
69
58
33
41
43
43
36
45
37
78
18
51
37
59
35
63
44
54
45
26
7
101
187
80
83
65
31
38
44
42
39
45
40
91
21
49
22
57
38
64
45
54
43
27
11
100
161
79
67
56
30
38
47
40
40
45
40
78
20
33
31
54
33
56
43
51
41
29
4
98
173
9
76
70
46
26
36
41
40
39
46
42
74
17
32
53
51
40
50
42
50
42
30
11
97
161
50
75
65
51
25
35
39
39
38
45
41
75
16
30
40
51
36
48
45
46
43
29
9
94
150
70
56
55
24
37
37
43
37
47
40
70
11
36
40
50
35
45
42
44
42
30
4
91
148
66
63
49
21
34
36
42
38
46
41
70
10
44
31
52
34
43
37
44
41
31
3
87
116
68
60
46
21
33
39
37
39
49
43
68
13
25
32
52
34
47
42
43
41
31
88
116
55
67
58
49
22
38
38
42
39
49
42
72
11
28
34
52
36
54
37
42
42
31
90
112
21
75
57
54
26
38
39
44
38
46
38
79
15
50
17
56
30
57
32
43
41
30
7
99
87
73
63
58
25
37
41
42
38
48
40
75
16
43
34
62
34
61
38
45
41
30
11
94
77
7
74
73
55
23
36
38
43
37
46
40
74
15
40
50
58
39
52
48
46
41
30
10
93
65
1
66
78
64
63
25
38
34
43
36
47
40
81
18
47
46
59
39
58
52
47
41
30
11
93
48
1
47
70
67
60
27
39
39
44
39
49
43
76
17
41
45
62
44
62
50
47
41
30
9
91
60
75
67
49
28
39
38
44
37
46
42
78
19
42
43
58
39
57
46
50
41
30
12
101
53
5
79
69
57
30
38
40
46
36
46
41
76
20
45
40
58
35
52
47
54
43
31
14
99
40
5
62
80
74
59
34
38
43
44
37
45
41
78
17
41
26
58
38
52
44
55
45
30
13
102
31
49
80
73
60
36
39
44
42
37
48
41
79
21
41
37
59
36
60
43
54
45
29
12
99
32
76
74
58
37
40
47
46
40
48
43
74
25
42
48
60
41
57
42
55
45
31
9
95
39
82
77
59
38
38
48
43
40
48
43
78
24
41
30
57
39
53
44
58
45
31
18
101
30
7
50
84
77
61
36
37
46
45
40
48
44
67
21
44
45
56
39
50
47
57
45
32
18
105
24
62
78
73
58
37
38
48
45
42
49
45
66
23
40
41
57
43
53
45
55
45
32
10
98
34
79
77
60
36
40
47
41
41
53
46
92
27
41
42
57
43
58
49
58
44
31
19
93
32
86
77
60
36
39
44
43
40
49
45
79
24
43
52
55
45
54
53
59
44
32
10
102
18
4
35
85
74
63
35
38
43
42
40
48
45
82
23
38
44
52
43
52
54
57
43
31
13
102
33
3
51
85
73
69
30
37
43
39
39
51
44
84
23
37
39
57
40
57
45
55
44
30
20
102
18
2
81
67
62
27
34
37
39
36
47
40
71
13
38
38
54
37
53
36
53
44
30
7
98
10
4
74
62
51
25
40
35
39
33
40
35
67
11
34
30
46
32
41
35
49
44
28
5
90
25
8
71
59
51
24
35
37
38
31
39
32
69
8
31
11
39
18
41
30
47
45
27
3
86
12
17
36
65
62
49
22
28
40
33
35
41
36
67
6
17
8
37
29
44
32
44
45
28
79
7
11
66
57
45
19
32
34
35
36
47
40
65
5
27
27
54
35
36
26
42
43
29
75
24
3
66
47
47
22
30
31
38
35
48
40
65
5
36
46
47
29
51
37
42
41
32
88
12
13
9
59
56
46
22
30
36
39
37
47
41
57
8
31
33
50
34
47
34
39
40
32
1
83
4
20
65
61
66
42
21
29
36
37
38
48
41
58
10
32
33
50
31
34
32
39
40
32
1
75
11
9
34
55
50
38
22
28
38
36
42
49
44
51
9
27
29
48
34
44
39
36
39
33
71
6
56
54
47
19
34
34
41
40
48
43
59
5
33
28
54
33
46
33
40
39
34
75
17
9
80
65
57
24
35
38
41
40
45
43
82
11
35
23
47
35
43
36
49
41
33
2
106
21
22
59
81
67
57
29
34
47
37
44
51
47
80
21
33
21
48
39
46
42
50
43
31
5
107
21
15
41
74
54
59
26
36
37
39
41
51
45
79
11
35
50
55
40
47
44
49
43
31
3
107
25
8
88
69
64
31
37
40
42
40
49
45
91
13
42
46
57
41
57
46
54
44
30
7
122
29
14
88
81
63
29
38
41
42
41
53
48
91
14
44
47
60
45
61
52
54
45
31
4
121
31
10
31
80
64
58
30
38
40
42
39
50
45
83
13
41
37
56
41
51
47
51
44
30
110
33
1
20
83
71
64
30
39
40
41
38
51
44
85
17
42
41
59
40
58
46
51
44
29
5
114
39
83
66
64
26
40
37
42
37
49
43
90
13
43
49
60
43
59
47
52
42
29
4
117
42
85
71
63
33
39
43
39
38
44
39
87
18
35
31
53
38
51
41
55
43
28
7
115
32
5
16
81
60
65
32
39
46
39
37
44
37
83
15
33
32
53
34
53
44
53
44
28
114
19
31
78
63
65
34
41
41
42
33
42
35
83
18
44
44
53
35
50
47
53
44
27
9
109
34
84
83
57
33
40
41
41
30
39
30
87
21
50
31
51
32
50
40
57
45
28
13
106
29
91
69
64
34
41
42
39
28
39
30
91
14
37
35
52
29
51
39
59
45
26
2
117
29
12
87
71
74
35
41
38
39
29
41
32
87
16
33
36
51
30
48
45
59
46
27
6
121
30
35
85
76
64
34
38
43
39
32
41
32
88
14
38
26
51
31
54
38
57
46
27
3
113
18
90
72
69
36
37
42
41
34
46
36
92
16
36
45
54
34
62
43
58
45
28
6
122
25
86
72
64
33
37
42
40
36
50
39
85
19
34
41
55
34
58
45
58
43
30
7
115
25
4
85
63
57
30
37
40
42
36
49
37
78
10
45
27
56
29
52
41
54
42
30
2
115
27
47
81
67
57
25
35
37
42
37
48
39
85
6
47
29
54
37
45
34
48
41
30
1
106
28
77
65
62
22
37
34
40
35
49
38
84
9
35
40
50
33
51
34
47
40
30
105
18
79
62
60
23
38
31
42
33
47
37
79
5
40
29
52
28
52
32
49
40
31
110
6
80
65
59
25
37
36
41
36
46
38
84
7
36
22
49
34
45
29
50
41
31
107
10
45
84
63
65
26
39
35
39
35
48
39
84
6
37
19
52
29
47
37
52
42
30
113
14
12
83
70
63
28
38
35
38
36
47
41
84
6
38
35
51
32
48
35
54
43
30
6
110
6
81
70
63
30
37
37
37
37
45
41
81
11
32
48
48
35
48
37
56
42
30
7
110
22
86
66
65
31
37
41
37
38
48
43
86
11
36
33
50
35
52
40
54
42
29
115
23
40
88
66
64
38
36
49
38
41
50
44
86
20
39
28
51
37
51
41
55
43
30
12
115
23
7
87
70
65
37
35
41
38
40
54
48
85
25
40
32
55
39
52
52
54
43
30
17
113
33
88
81
63
31
37
39
39
41
55
51
92
21
39
54
57
50
58
57
53
41
31
14
121
27
86
71
58
34
36
44
40
44
55
51
89
25
39
58
58
49
59
58
53
41
31
18
115
27
1
19
89
75
61
37
38
43
39
42
58
49
94
27
49
43
59
45
59
56
54
43
30
20
117
25
3
13
89
76
69
38
40
47
40
42
56
47
96
27
54
44
61
46
62
56
55
45
30
23
120
23
84
70
69
36
39
44
42
39
55
45
91
23
48
50
63
44
67
58
55
44
30
16
114
29
84
69
66
34
39
42
41
36
55
43
95
20
54
40
63
41
71
53
55
44
29
8
117
32
82
64
66
33
42
43
39
35
50
39
92
18
43
5
61
32
68
39
53
44
28
7
112
27
4
79
55
65
32
43
41
40
34
47
38
87
14
37
20
57
32
57
35
50
43
28
9
109
11
79
66
61
28
45
36
42
32
47
38
84
14
35
48
54
35
52
47
51
41
29
9
109
8
77
68
58
25
45
35
41
34
47
39
84
10
41
37
54
34
51
45
51
40
30
3
107
1
12
78
58
61
27
40
35
42
34
48
41
86
9
49
49
54
34
55
45
50
40
30
2
108
4
9
10
78
67
61
29
39
38
40
34
46
39
88
11
37
35
52
34
57
41
51
42
29
5
106
15
75
66
59
32
39
39
40
34
45
39
83
11
43
41
54
35
52
39
52
43
30
3
105
17
2
77
64
59
29
36
38
39
32
42
36
80
10
37
26
48
28
40
33
53
43
29
6
108
9
4
79
61
61
25
36
36
38
31
38
32
84
10
33
27
43
27
40
32
52
43
28
2
97
2
23
81
62
61
27
35
37
38
29
38
30
71
6
36
33
41
26
44
34
51
43
28
110
11
80
62
60
25
34
34
36
27
38
28
70
8
32
19
43
23
43
26
51
43
28
3
115
13
79
61
61
22
38
28
38
24
38
25
93
4
35
21
49
17
48
23
51
43
28
1
98
76
57
54
21
35
33
37
25
36
23
75
2
27
10
38
17
38
22
49
43
27
106
47
72
56
58
26
35
33
34
26
36
26
78
6
26
21
43
25
46
24
48
44
26
100
2
14
78
63
68
28
39
33
36
26
41
29
85
10
37
33
50
24
48
36
51
44
26
3
105
16
77
64
59
30
36
37
36
31
42
33
79
14
40
37
46
33
37
43
52
44
27
6
107
10
79
63
59
31
34
39
33
34
43
36
84
15
34
38
49
36
45
45
51
44
27
10
104
31
78
62
59
29
36
38
37
34
44
37
80
12
38
36
51
34
50
40
48
44
28
5
106
18
15
75
62
60
30
36
40
36
38
44
40
83
13
38
35
52
41
53
38
48
43
28
4
103
13
76
60
59
28
36
40
36
41
45
43
78
13
26
27
49
41
49
44
48
42
30
7
102
14
79
59
58
30
35
41
38
43
45
45
81
14
35
38
47
39
47
40
49
41
30
10
106
2
35
83
68
62
30
34
41
35
43
46
46
86
13
46
43
48
41
44
44
50
42
30
8
109
35
76
64
57
27
33
40
33
42
48
47
76
12
34
41
50
40
45
51
47
42
30
7
100
20
72
56
53
25
32
39
35
41
46
46
78
10
38
34
50
38
51
39
44
41
30
98
16
71
56
49
19
36
33
36
37
44
41
73
5
31
34
49
32
47
32
43
40
30
97
26
27
71
57
55
21
37
32
39
36
45
40
72
6
37
39
52
33
52
34
43
40
30
7
96
21
45
71
56
57
22
36
34
40
36
43
38
79
7
42
22
46
32
52
33
42
40
30
98
28
70
55
52
23
36
38
36
36
42
36
77
6
30
17
45
33
41
32
44
40
29
98
37
71
51
56
31
32
43
33
35
42
35
75
11
30
32
50
29
39
34
48
42
29
6
97
38
17
73
65
59
29
37
33
36
30
40
32
79
10
29
45
45
26
41
35
48
42
28
8
99
34
57
76
72
57
31
38
35
37
30
38
28
78
15
32
37
46
27
38
35
48
43
27
14
103
29
1
76
62
60
34
35
41
35
30
37
27
81
12
30
29
42
23
43
33
51
44
27
6
101
51
74
66
61
30
34
39
33
31
38
28
81
12
28
14
46
23
50
33
51
43
28
8
95
64
14
75
62
58
32
37
39
36
28
36
25
80
10
33
24
46
19
48
29
51
43
27
4
98
45
50
72
63
59
31
41
36
39
26
34
24
79
7
40
28
48
18
47
23
50
43
25
3
104
46
76
64
58
33
36
39
36
29
38
28
76
11
35
17
46
19
45
29
51
43
26
4
101
65
78
63
60
31
34
37
34
30
40
31
79
8
31
29
42
24
43
33
52
42
28
99
65
8
69
58
57
24
38
33
37
29
41
32
76
3
30
26
50
24
45
27
48
41
28
96
69
14
45
72
59
61
24
39
31
40
28
41
34
80
2
30
24
50
24
49
30
50
42
28
99
74
16
11
80
66
64
29
40
34
42
31
45
39
81
8
37
24
45
32
50
39
53
42
29
6
104
60
9
84
69
61
34
39
37
41
35
49
44
82
16
48
37
52
37
49
45
55
42
31
14
105
68
17
85
65
65
33
39
35
38
34
48
43
85
10
39
33
54
35
47
39
57
43
30
6
103
61
14
31
80
55
64
31
40
34
39
33
45
40
83
4
37
25
48
32
50
28
52
43
29
3
106
70
4
78
69
61
27
38
32
39
33
46
39
79
9
45
25
53
27
49
26
52
42
30
8
106
65
76
63
65
28
35
32
40
34
48
41
78
7
47
31
57
30
54
31
53
41
31
6
102
47
72
48
61
28
34
37
36
36
43
38
78
5
33
19
49
30
50
28
51
