34
9
6
11
5
25
8
10
5
4
13
3
7
3
13
1
9
45
38
31
32
11
5
13
4
23
7
17
6
2
15
3
8
1
12
1
10
48
71
28
30
12
6
11
3
17
1
17
2
5
13
7
18
3
10
48
24
26
32
11
5
11
2
14
6
4
13
7
5
17
3
10
41
30
36
11
5
13
3
18
7
6
20
10
19
4
10
41
27
28
34
12
8
17
4
20
4
8
12
22
14
1
19
5
10
38
59
28
32
14
10
18
7
21
8
11
18
21
18
5
18
5
10
34
19
28
25
15
10
20
11
26
15
19
2
25
1
30
4
25
6
16
3
11
39
28
27
12
12
21
12
26
18
16
4
27
7
29
7
26
10
14
2
11
41
13
26
26
10
16
22
11
27
18
18
3
30
8
30
9
29
11
14
1
12
39
5
63
28
24
8
19
22
11
26
17
25
5
32
9
31
7
31
12
14
2
12
41
12
35
22
18
2
18
17
10
23
15
19
3
24
8
25
8
27
11
10
2
10
37
24
9
13
3
10
10
5
16
5
12
2
16
4
15
4
18
8
11
3
6
17
8
1
5
14
3
9
11
8
17
7
7
4
17
9
18
5
20
10
10
2
7
10
11
5
39
6
11
4
10
8
8
12
5
9
16
3
12
1
18
4
10
1
6
9
10
71
7
12
6
10
7
8
11
5
12
17
14
17
3
10
2
5
10
12
10
8
9
6
6
3
7
11
5
12
16
3
12
18
6
11
3
3
9
28
8
3
6
3
5
4
15
7
19
17
6
17
20
6
15
3
3
14
37
28
1
4
6
8
5
17
9
12
17
6
18
2
21
7
22
4
3
9
42
58
10
9
3
15
7
1
13
2
14
1
14
4
2
4
1
49
3
10
7
14
4
11
12
9
1
4
37
7
3
11
5
8
6
2
30
1
2
8
3
11
2
3
2
4
30
55
7
5
1
19
7
2
7
3
4
4
2
6
25
28
2
4
5
2
18
5
4
1
10
1
10
4
3
3
5
48
1
6
3
19
5
4
9
8
13
4
14
9
2
2
4
84
7
5
24
8
4
11
11
19
9
18
14
1
2
3
78
38
7
1
1
8
3
22
4
15
14
7
19
8
20
11
5
4
3
78
21
6
10
5
4
7
19
16
16
6
21
4
22
10
11
5
1
7
92
5
6
5
5
4
14
7
3
21
12
20
1
24
11
11
6
8
100
3
6
7
5
14
9
5
22
6
19
2
22
12
12
8
5
87
18
3
10
6
14
9
19
19
20
2
9
7
1
85
2
20
4
1
11
4
9
1
5
16
8
12
8
7
2
108
9
2
3
9
5
10
3
6
14
6
3
98
6
1
5
9
6
6
4
6
5
3
3
102
14
6
4
8
13
8
5
9
6
1
5
104
29
6
6
8
16
10
1
5
11
8
3
6
95
5
2
6
10
5
3
4
8
3
5
98
7
3
5
12
6
4
9
10
2
4
86
9
7
9
6
5
15
8
8
15
14
1
3
5
99
10
25
10
11
5
20
10
4
13
21
17
3
3
7
108
1
8
14
5
23
10
6
16
24
1
19
3
2
8
119
7
3
15
3
23
8
1
14
5
23
1
19
5
1
7
122
18
4
17
4
26
7
5
16
5
27
2
18
5
1
1
8
95
27
17
6
19
6
27
8
4
17
7
25
5
18
11
1
9
99
30
8
19
7
28
7
4
17
5
28
3
18
7
1
9
120
26
10
16
3
24
9
19
29
20
2
3
6
124
27
2
13
12
1
18
5
19
2
17
18
3
2
7
4
112
21
25
5
16
13
2
19
5
7
23
18
19
4
7
6
87
10
2
14
15
6
23
9
11
25
24
3
24
3
9
77
8
13
10
23
13
8
22
2
19
7
21
14
11
89
4
3
12
11
24
17
8
14
2
17
7
15
6
11
96
12
24
2
13
13
28
20
9
2
20
11
16
10
1
11
92
10
1
12
16
30
22
8
6
20
12
16
12
5
11
66
2
2
10
16
29
21
2
5
8
20
13
13
9
21
2
9
50
6
5
2
10
16
28
20
3
7
13
24
15
17
14
19
4
7
40
12
15
6
10
1
12
14
28
19
9
2
14
16
25
14
22
17
3
7
40
11
12
7
14
1
14
12
28
18
12
4
19
16
28
14
26
18
5
4
7
49
9
13
2
17
12
30
19
15
3
20
18
33
14
28
17
3
3
8
28
7
4
8
10
3
15
11
23
13
11
3
15
16
26
10
26
14
2
7
15
22
12
6
2
8
8
3
15
9
23
11
8
15
9
28
6
22
8
9
2
6
4
11
21
28
3
7
6
8
2
14
6
18
7
4
18
5
25
3
20
6
7
3
5
12
13
10
11
9
8
12
6
12
2
7
16
4
15
17
3
16
5
4
8
13
9
16
7
8
13
7
17
7
7
18
20
18
15
4
4
9
22
5
12
6
12
16
6
18
7
9
21
21
19
16
4
5
4
19
25
8
1
7
16
19
7
22
8
14
23
22
15
15
3
8
11
16
6
8
3
14
17
6
22
4
5
21
22
16
6
8
12
27
1
13
16
6
23
5
2
18
21
15
8
4
40
1
3
7
13
17
7
27
8
5
19
23
1
15
2
1
8
9
33
49
6
10
9
11
19
10
33
15
17
27
6
17
3
7
10
5
13
2
6
12
8
7
1
18
14
38
23
2
17
6
29
13
18
10
10
12
2
7
19
29
10
3
1
15
15
37
24
8
2
16
10
27
13
19
11
16
1
11
20
17
12
19
3
2
11
15
34
23
1
10
8
23
9
15
7
12
10
14
21
21
7
13
4
11
13
32
21
2
9
5
21
7
12
6
8
11
12
20
9
18
2
6
12
11
30
18
7
9
4
19
6
12
5
9
11
18
17
12
19
3
7
12
10
25
14
2
1
9
6
18
4
11
4
10
9
18
23
16
24
5
9
12
10
21
11
5
3
10
8
17
3
11
2
12
7
25
18
4
17
27
6
9
14
12
23
13
4
6
10
8
16
5
13
3
14
1
8
21
2
26
33
13
1
8
5
15
16
26
17
9
10
13
10
20
10
15
17
22
3
9
30
20
22
14
6
4
15
17
25
18
4
6
11
9
21
11
14
12
33
3
9
24
3
16
15
7
5
16
15
24
16
10
5
24
10
14
8
8
1
9
18
5
19
19
5
7
13
13
19
13
2
10
1
15
9
9
9
9
25
9
13
21
3
10
12
10
15
9
2
13
17
4
12
3
10
9
21
20
10
15
12
15
8
20
11
3
16
23
4
15
3
9
21
16
14
20
3
13
13
4
20
12
5
2
14
6
18
5
14
7
1
8
23
13
12
5
24
30
7
13
14
5
22
11
9
9
15
5
22
6
17
7
14
2
9
30
13
5
12
15
21
5
9
14
6
23
11
5
2
14
23
3
17
6
11
1
10
20
13
10
22
4
6
12
4
23
5
3
11
22
14
11
1
8
12
11
18
3
3
9
4
20
2
4
9
16
8
6
7
15
3
8
10
3
3
9
5
16
1
8
12
7
5
1
7
14
2
8
9
4
7
10
4
13
6
11
13
13
5
3
7
12
3
9
8
2
8
10
3
14
5
12
14
12
7
2
5
14
4
10
6
10
2
17
15
19
12
2
7
2
5
9
1
1
2
16
7
12
3
21
5
11
20
14
2
11
3
4
9
18
23
7
7
12
5
24
12
3
2
12
4
21
5
13
1
20
5
4
14
24
25
14
2
6
1
9
6
23
13
8
6
14
7
22
6
15
2
24
6
3
20
12
15
13
12
3
1
5
7
20
12
2
4
11
11
22
9
15
10
20
7
9
9
12
17
12
2
1
5
13
5
4
6
10
9
16
3
14
6
22
7
8
13
38
9
12
12
3
1
5
9
4
6
1
7
3
8
8
1
32
7
8
4
6
7
7
1
2
1
5
10
5
4
1
8
1
4
3
5
5
1
1
12
5
8
1
9
1
2
1
1
7
9
5
7
10
4
1
2
50
6
1
1
8
11
7
7
1
2
3
3
38
4
4
8
15
7
11
2
8
3
4
1
1
5
5
16
3
10
5
2
4
5
2
7
4
22
7
14
3
5
1
40
3
5
3
10
5
24
9
4
20
5
6
6
2
37
3
7
2
10
6
22
11
1
5
14
2
8
3
2
7
2
1
6
8
20
14
1
10
6
4
2
5
4
7
18
10
16
4
7
3
2
3
1
7
31
1
8
3
2
9
17
11
13
5
5
7
6
1
14
51
3
3
8
14
8
1
12
5
7
6
1
1
11
3
4
5
7
15
7
6
15
10
1
6
5
2
5
18
1
7
8
5
17
7
10
22
14
1
2
3
20
18
18
10
10
2
13
1
9
15
10
1
4
17
11
56
10
11
2
15
5
13
10
14
6
1
8
7
11
5
20
5
8
20
10
7
4
4
2
6
7
19
6
7
13
5
6
10
2
3
7
18
7
1
13
7
3
3
5
8
56
1
9
4
1
5
17
6
6
13
8
2
4
4
33
19
6
4
3
16
5
6
12
1
8
5
3
4
2
35
2
15
4
2
13
5
1
4
21
4
13
4
9
1
3
9
39
4
8
1
4
1
3
1
14
11
5
9
2
1
6
6
3
1
20
7
11
5
8
1
7
3
30
2
8
14
9
12
4
5
3
1
26
31
3
4
7
11
21
15
5
18
8
9
3
5
2
6
11
18
3
8
13
11
23
13
8
21
6
13
4
6
1
9
9
3
3
10
15
9
23
12
10
23
5
12
3
3
9
18
1
14
17
8
24
12
12
2
27
5
14
3
3
8
21
30
4
19
17
6
22
8
16
1
27
1
18
3
18
3
5
31
37
3
8
6
16
11
5
21
9
16
2
25
4
16
7
20
8
2
2
4
20
1
7
4
4
19
9
11
5
21
5
13
7
8
10
5
14
5
4
4
16
9
3
12
9
48
9
10
16
8
4
5
16
1
10
5
16
8
1
70
7
10
1
8
17
17
15
3
2
5
10
10
9
7
11
14
7
3
3
15
7
17
13
9
3
7
1
2
8
3
3
3
13
9
4
4
2
38
13
12
4
5
4
68
1
4
12
16
3
8
9
11
10
5
3
32
3
3
4
5
11
21
7
5
13
14
1
16
10
2
3
3
1
5
7
8
6
25
6
2
13
3
20
1
18
3
4
2
3
41
3
3
3
14
10
1
20
10
17
2
18
22
8
6
5
3
5
86
10
12
6
20
15
23
1
8
23
5
25
1
23
12
12
8
4
13
43
18
20
10
20
17
23
2
12
5
22
10
27
3
25
14
17
9
6
21
16
20
7
14
11
1
18
2
11
3
18
13
21
4
22
16
14
8
4
22
15
13
17
2
10
7
2
16
3
6
14
10
20
4
18
11
10
7
3
16
69
7
3
7
3
3
11
3
1
9
3
16
2
15
9
3
3
3
9
40
7
3
4
1
6
10
5
6
3
16
3
11
7
3
2
3
9
9
10
3
3
1
9
9
5
3
6
3
15
12
3
8
2
3
14
6
1
12
11
8
16
7
21
3
3
10
58
3
1
2
16
15
12
19
1
6
10
3
4
6
38
20
27
4
1
4
8
20
18
13
11
10
20
2
16
5
5
7
24
24
27
14
5
3
9
18
20
13
16
15
3
22
4
17
4
24
9
5
29
21
22
15
7
1
5
12
12
4
17
16
1
21
16
1
19
11
1
24
45
19
19
15
9
2
7
5
12
14
12
9
18
13
19
42
3
4
7
9
4
10
8
3
12
11
1
2
9
1
4
7
6
2
2
7
1
5
6
2
13
7
8
8
9
11
11
7
8
5
4
11
55
35
10
9
2
12
8
7
9
12
11
7
8
1
9
6
4
15
90
50
12
6
5
3
5
7
10
6
5
6
12
8
3
15
133
11
6
2
3
5
8
4
2
6
7
1
14
11
13
224
15
18
10
1
1
2
8
8
6
5
14
2
21
13
12
388
30
20
9
17
8
2
8
17
16
5
17
26
23
15
17
479
52
13
11
15
9
2
5
12
4
16
18
1
19
4
27
1
19
15
10
363
5
15
6
5
3
10
16
8
9
14
4
22
5
25
6
14
11
1
2
204
2
2
4
13
17
8
5
11
4
24
3
22
5
8
7
3
4
26
24
20
3
8
17
20
11
2
8
23
3
19
18
7
5
33
72
5
11
17
22
13
4
7
26
4
17
5
6
6
35
37
2
10
16
18
10
8
12
24
2
15
10
5
6
15
2
5
15
15
9
9
2
19
2
12
6
3
7
3
29
3
11
14
6
3
8
1
22
16
4
2
10
1
77
4
4
9
1
2
6
12
1
11
13
20
13
3
10
14
2
47
5
5
10
3
5
10
6
10
7
17
16
5
6
6
6
3
8
3
7
7
13
16
5
18
9
5
7
6
4
10
8
11
10
19
16
6
73
12
7
11
5
3
10
10
15
17
19
20
1
18
15
1
9
56
11
8
15
2
13
5
7
13
13
1
19
8
24
6
22
24
10
22
14
3
9
9
12
12
3
14
6
8
13
12
19
7
22
9
20
21
7
20
14
2
6
6
7
4
14
3
10
13
12
15
18
3
21
19
12
12
3
61
11
10
12
14
11
13
19
14
9
12
5
63
6
8
10
11
1
7
15
10
10
14
4
6
9
9
1
12
5
9
14
3
4
8
8
1
10
1
3
13
1
56
6
9
6
10
2
13
1
68
7
11
9
3
2
13
2
10
3
15
4
11
8
1
12
1
9
8
2
12
7
1
9
3
5
1
45
5
17
14
8
2
14
1
6
3
5
74
2
10
19
18
10
5
17
2
9
5
1
4
8
23
7
14
18
25
14
5
11
2
25
5
15
6
4
11
3
9
15
20
29
17
7
14
8
28
9
19
11
5
11
37
30
7
10
17
24
11
4
12
6
25
4
16
7
2
10
8
16
74
3
2
13
17
4
3
7
18
10
2
13
3
7
19
9
5
2
1
5
6
14
8
9
4
3
7
5
13
13
12
3
2
11
8
1
11
5
46
3
17
15
4
9
11
14
15
3
5
10
4
17
1
1
4
7
18
21
4
13
14
23
17
6
5
7
7
16
1
9
13
17
24
6
8
15
5
30
2
22
6
6
7
8
9
2
14
17
14
22
3
9
20
2
30
23
4
8
9
7
28
38
15
18
13
20
3
15
28
15
1
8
6
13
27
10
13
8
9
7
19
5
7
3
3
9
15
20
29
17
7
14
8
28
9
19
11
5
11
37
30
7
10
17
24
11
4
12
6
25
4
16
7
2
10
8
16
74
3
2
13
17
4
3
7
18
10
2
13
3
7
19
9
5
2
1
5
6
14
8
9
4
3
7
5
13
13
12
3
2
11
8
1
11
5
46
3
17
15
4
9
11
14
15
3
5
10
4
17
1
1
4
7
18
21
4
13
14
23
17
6
5
7
7
16
1
9
13
17
24
6
8
15
5
30
2
22
6
6
7
8
9
2
14
17
14
22
3
9
20
2
30
23
4
8
9
7
28
38
15
18
13
20
3
15
28
15
1
8
6
13
27
10
13
8
9
7
19
5
7
3
3
3
5
3
7
6
2
5
48
5
4
5
40
10
1
1
3
2
13
1
2
1
2
14
3
3
49
4
16
1
5
6
2
59
3
4
17
7
9
5
5
5
1
5
1
6
2
23
12
3
2
16
9
10
6
10
1
8
3
3
48
1
15
9
9
1
9
2
3
2
70
48
2
3
14
10
10
2
12
5
5
2
12
3
68
74
2
1
6
6
13
15
11
6
3
19
8
8
8
4
3
3
59
27
16
20
1
2
12
3
4
14
10
21
84
3
11
10
9
1
1
10
7
17
91
14
6
8
4
5
6
10
92
25
57
8
20
4
5
6
13
90
17
57
9
13
6
6
6
16
65
9
8
13
1
4
5
6
16
78
9
14
14
3
1
4
1
4
6
23
69
14
57
23
17
7
8
7
6
4
9
7
2
34
76
13
75
22
28
1
4
9
13
11
8
7
1
15
7
4
33
92
7
20
24
28
1
4
4
20
12
12
9
2
15
5
4
31
98
2
24
31
2
8
25
9
16
1
5
5
18
5
1
33
95
49
29
38
7
4
10
26
12
19
9
8
1
24
7
38
89
2
83
32
31
11
3
5
21
11
13
2
10
1
2
34
9
39
71
29
25
25
7
14
6
5
5
35
9
33
53
12
23
6
7
18
38
27
8
12
1
9
9
26
74
14
17
3
1
6
15
11
15
28
35
21
18
5
11
2
2
4
11
13
25
15
6
17
13
4
3
5
12
11
14
3
28
10
11
6
1
4
7
82
5
7
2
6
3
52
1
5
9
4
3
2
2
10
1
9
9
1
62
6
1
48
6
6
4
6
4
1
12
9
4
3
1
7
9
23
7
10
9
9
12
9
5
6
8
1
30
11
6
64
17
26
9
6
1
7
11
5
1
3
5
10
12
61
11
15
5
2
1
8
12
5
3
11
8
5
8
2
1
2
9
9
4
11
7
6
1
9
7
13
7
5
5
7
76
1
12
7
15
5
2
14
7
75
3
10
7
15
1
1
9
7
1
3
6
16
3
4
1
8
6
1
11
2
5
6
32
5
3
4
9
9
50
2
8
2
1
1
5
11
10
7
2
8
2
2
4
11
10
2
8
1
1
4
8
8
3
12
10
6
2
2
2
10
1
5
7
2
55
2
13
10
2
7
3
3
13
1
8
5
1
14
10
12
5
12
5
2
16
1
3
3
5
2
3
5
11
7
13
4
17
2
5
3
5
7
5
3
9
7
12
1
15
1
5
16
56
2
8
9
5
3
14
32
9
5
13
12
9
1
1
11
5
3
4
9
9
50
2
8
2
1
1
5
11
10
7
2
8
2
2
4
11
10
2
8
1
1
4
8
8
3
12
10
6
2
2
2
10
1
5
7
2
55
2
13
10
2
7
3
3
13
1
8
5
1
14
10
12
5
12
5
2
16
1
3
3
5
2
3
5
11
7
13
4
17
2
5
3
5
7
5
3
9
7
12
1
15
1
5
16
56
2
8
9
5
3
14
32
9
5
13
12
9
1
1
11
7
3
7
16
11
1
1
2
16
5
3
7
58
5
4
8
15
20
15
8
2
37
10
3
47
7
16
4
18
23
19
12
5
2
24
9
4
17
14
18
12
5
1
8
3
13
13
8
3
7
7
68
1
9
7
3
4
2
62
2
4
1
2
2
1
1
