18
22
21
18
19
15
23
21
29
18
31
27
25
16
33
22
14
11
20
21
54
34
10
17
20
23
18
22
16
26
21
28
16
22
30
16
35
22
13
12
21
25
66
1
35
2
12
11
20
11
17
11
21
15
20
7
21
12
27
9
40
12
6
4
14
14
50
13
6
20
10
15
12
18
16
16
6
60
12
21
11
38
9
4
3
14
11
58
12
25
24
27
23
23
24
25
26
30
19
43
28
25
20
38
27
18
15
25
28
1
83
4
16
19
18
19
15
19
20
19
30
14
38
22
22
16
32
17
12
9
17
19
77
17
6
22
24
25
27
20
25
23
23
28
15
32
27
24
21
32
20
16
15
24
18
83
10
10
26
26
29
26
24
24
27
25
29
20
28
30
30
22
33
29
19
16
25
23
90
4
8
29
23
33
20
26
18
25
22
26
21
28
27
28
17
32
21
18
13
22
21
91
4
1
12
32
31
26
28
23
26
27
26
43
20
40
29
27
21
38
24
24
18
27
23
10
98
15
9
24
24
21
22
22
21
28
26
47
14
22
26
34
20
33
27
19
14
26
23
5
93
12
34
30
35
27
30
27
30
31
27
21
25
30
35
24
30
24
25
22
33
23
1
93
10
21
39
39
40
34
33
28
30
32
44
27
37
32
33
27
35
30
31
27
35
33
13
21
6
18
37
34
38
28
29
26
29
32
37
23
39
35
29
27
39
34
28
23
32
30
11
17
5
16
28
30
30
27
23
26
26
28
39
24
18
32
27
24
37
33
24
20
28
28
9
17
21
1
15
26
33
21
35
16
31
23
29
41
24
19
32
26
27
39
29
24
21
28
30
3
17
9
1
18
25
37
25
40
19
38
23
34
35
29
40
43
27
35
36
34
25
25
33
31
2
20
1
19
34
40
34
43
26
43
25
37
30
32
36
38
29
36
35
37
30
30
36
37
5
31
3
1
16
29
38
26
42
20
41
22
33
30
34
55
29
18
30
36
25
26
27
33
28
2
26
12
17
18
23
38
20
43
19
41
25
35
37
33
44
34
18
32
32
28
25
26
35
25
4
26
7
5
2
19
32
41
32
43
31
42
34
40
37
28
21
35
33
34
34
32
29
30
40
28
3
36
13
27
34
29
34
29
34
32
34
25
27
25
30
28
27
36
26
24
23
34
22
1
30
14
24
28
18
28
20
30
31
33
35
11
51
34
28
26
34
27
22
19
30
29
3
38
1
31
17
29
31
29
30
31
30
39
37
33
18
32
30
41
29
29
29
26
23
35
25
1
51
29
7
29
28
33
29
31
29
32
34
24
14
20
22
32
24
36
21
23
22
34
16
42
2
30
26
30
27
26
28
28
34
33
11
48
30
20
27
38
23
23
24
34
20
56
9
34
26
41
26
38
30
37
37
34
15
34
28
37
27
34
26
25
27
37
23
7
68
17
6
27
20
36
25
31
28
30
31
25
7
26
20
31
20
34
21
16
20
30
21
3
68
15
1
19
20
24
25
23
28
29
36
24
11
38
23
29
26
31
21
11
15
29
16
67
5
23
24
26
27
26
30
34
39
27
14
26
26
33
29
30
23
15
16
31
20
72
6
30
28
37
32
33
32
35
36
10
18
5
27
34
26
26
23
20
20
32
15
81
15
19
28
23
29
25
33
32
38
23
25
28
28
31
33
36
30
18
18
32
28
88
18
17
27
18
31
23
37
34
37
32
20
29
38
35
31
30
17
19
33
30
91
11
27
26
32
30
33
35
35
34
12
17
20
33
40
26
30
27
20
23
35
21
95
9
24
21
26
23
23
25
26
27
16
21
80
32
16
17
35
26
18
20
30
28
95
12
27
26
28
31
28
31
29
29
25
21
28
35
26
25
32
30
22
23
34
26
1
90
1
15
29
27
30
31
30
32
28
31
30
21
40
29
27
27
33
26
24
25
36
24
80
3
20
33
30
34
32
31
31
28
33
36
29
36
31
25
29
34
31
26
27
35
34
6
89
13
25
44
37
45
37
41
34
33
36
45
35
26
35
37
25
36
35
35
34
40
32
18
86
19
28
46
44
44
45
39
42
33
40
50
36
51
39
33
33
37
35
40
37
42
36
26
92
9
16
35
32
28
32
21
29
24
28
40
22
50
27
22
22
36
27
27
24
29
23
15
88
1
10
27
22
24
22
21
23
26
25
32
6
29
19
28
16
31
17
19
17
26
14
5
69
10
30
23
29
24
27
27
30
29
34
13
32
25
32
23
31
23
22
20
30
23
4
74
3
11
29
23
23
25
21
24
24
25
41
19
35
23
19
18
40
25
21
19
27
25
10
71
1
10
25
21
22
25
21
24
28
28
32
14
34
21
26
22
31
20
18
16
26
21
6
68
7
29
20
31
21
27
20
33
29
24
14
28
22
33
22
30
22
18
16
26
18
62
2
11
28
22
31
19
29
18
32
27
37
18
23
25
34
18
33
24
19
16
26
23
5
61
13
25
25
25
25
24
22
30
28
32
21
26
26
27
21
30
24
19
16
25
24
4
63
16
30
31
35
32
34
27
35
32
30
25
23
27
40
25
31
29
24
22
30
26
2
57
10
23
31
30
31
35
26
35
32
20
20
31
27
43
22
32
23
21
20
30
20
50
10
20
28
23
29
26
25
29
28
18
18
48
22
23
18
32
21
19
18
27
22
45
10
29
26
40
27
38
26
32
30
17
23
9
23
37
20
30
21
21
20
30
22
56
9
23
23
31
26
34
30
34
36
29
9
23
26
40
28
28
23
18
18
32
20
46
14
18
23
17
27
21
31
29
34
37
14
61
27
26
28
36
25
18
17
31
23
37
3
11
30
25
32
24
28
27
29
31
20
17
46
21
26
23
31
23
21
22
32
20
48
11
12
33
28
32
29
29
31
31
34
23
13
33
28
27
25
31
28
26
25
34
22
1
39
13
11
32
31
30
33
24
32
27
29
34
12
37
15
25
23
36
18
27
26
32
19
5
45
12
4
16
37
41
38
43
30
40
30
36
38
18
27
16
29
32
31
22
34
34
40
15
5
53
12
5
16
37
39
34
35
28
31
30
33
28
27
29
31
26
24
32
26
34
32
36
19
5
55
9
1
9
30
34
29
31
25
24
29
27
32
17
17
29
24
17
35
24
29
28
30
19
10
67
7
3
16
32
39
32
41
30
33
34
34
34
19
31
31
30
28
29
31
33
32
36
24
9
79
13
3
17
33
38
29
39
25
31
32
32
30
22
42
28
29
25
24
29
30
28
32
27
6
91
18
9
23
31
25
34
25
27
30
28
17
9
14
27
29
23
34
25
23
23
29
18
95
18
14
23
31
27
30
29
26
31
29
22
25
38
30
24
21
35
26
24
24
30
20
103
25
10
23
24
26
23
27
21
30
26
22
18
29
20
26
15
27
21
19
18
26
18
1
107
27
8
14
27
27
34
29
35
29
35
35
23
22
34
28
35
26
32
27
20
22
34
24
85
28
1
15
28
24
33
27
32
27
31
33
30
20
30
27
30
25
33
28
19
20
31
29
74
26
9
27
21
31
22
32
23
28
30
28
14
27
23
29
21
30
23
18
19
28
21
69
25
15
36
27
39
22
39
23
34
32
37
27
25
27
37
22
32
25
25
25
33
22
6
44
22
1
17
47
33
53
30
48
28
39
34
36
27
27
48
26
26
29
32
31
38
24
7
42
12
15
36
34
39
32
38
27
33
29
30
24
56
23
37
23
32
24
29
27
34
23
46
12
4
19
23
17
23
20
21
24
23
34
2
44
18
22
18
36
17
19
19
25
18
44
11
4
25
28
23
28
21
27
26
31
26
11
33
23
20
28
28
20
23
23
28
16
54
9
11
5
27
27
27
29
25
26
28
28
22
12
41
20
23
25
32
19
23
23
28
14
46
4
8
4
24
25
25
26
23
22
27
25
29
7
26
19
25
16
30
18
20
18
24
9
53
2
4
22
22
21
20
18
19
24
23
25
11
38
22
19
17
30
18
16
10
19
12
75
3
5
22
24
23
25
22
25
28
28
28
7
22
19
23
23
31
17
18
13
22
14
70
7
12
29
28
30
29
29
29
30
28
26
17
26
31
23
30
24
22
17
26
23
4
76
12
3
12
30
24
30
24
29
23
28
23
28
22
12
24
35
18
28
23
20
15
24
22
2
69
17
9
26
22
25
24
24
24
28
28
41
14
75
23
30
22
27
21
19
16
25
17
3
53
14
2
12
28
22
27
22
24
22
27
28
38
12
40
28
24
23
32
24
22
18
26
24
10
32
21
4
2
12
28
23
27
22
23
20
23
25
36
12
44
23
20
20
36
20
21
18
24
20
10
10
31
4
5
18
33
31
32
30
28
27
30
31
40
17
49
28
29
27
34
28
27
27
32
25
11
16
33
1
12
24
26
24
23
19
19
23
24
31
16
21
24
21
20
31
22
21
20
25
19
1
30
7
19
30
31
32
29
27
24
28
28
36
18
38
26
26
23
30
25
28
28
31
27
9
6
29
2
14
33
32
36
30
32
25
30
27
33
18
26
27
30
23
30
27
28
30
33
25
5
6
34
5
11
29
28
32
29
29
25
27
27
29
13
23
21
27
22
29
21
25
26
32
20
36
2
16
30
28
32
28
31
27
31
31
32
17
26
24
35
22
29
25
25
24
32
24
5
31
2
6
20
18
23
19
23
21
25
28
23
9
31
19
23
19
32
21
15
13
24
15
1
19
6
9
21
21
24
26
26
30
29
35
23
10
43
24
19
23
30
25
17
16
30
21
10
23
11
13
25
25
28
30
32
37
36
42
24
16
20
31
32
30
26
29
20
21
36
25
6
25
16
29
25
31
31
32
37
35
44
22
18
36
26
30
33
33
25
22
22
36
28
20
9
27
22
28
30
30
35
34
43
19
11
25
23
28
34
31
24
21
21
34
23
2
1
15
7
21
27
21
31
25
32
30
38
25
13
22
30
25
32
33
30
20
20
31
20
5
13
3
18
28
29
25
29
23
26
27
32
34
27
38
36
24
26
34
33
23
21
29
35
5
5
9
8
20
29
32
23
31
19
25
26
30
32
21
27
28
24
26
32
29
24
22
28
35
8
38
2
8
22
34
38
33
34
28
23
28
28
31
23
21
32
29
24
30
32
30
26
30
32
12
91
5
11
23
34
30
36
23
33
14
32
24
37
26
27
42
19
22
29
29
23
27
34
16
190
5
3
14
22
23
13
17
15
10
22
16
37
15
18
16
31
13
28
17
18
13
17
24
9
344
12
17
18
9
17
4
10
10
12
30
10
67
5
12
34
6
13
7
12
14
537
8
19
15
22
16
20
13
17
13
25
9
21
10
27
13
7
14
6
682
1
10
3
7
7
9
21
4
47
3
9
32
3
1
5
696
4
10
8
9
2
9
11
6
16
5
30
4
12
31
6
7
3
518
13
12
23
23
28
23
30
20
25
22
26
18
22
16
34
15
29
9
19
15
23
10
100
46
1
17
26
27
25
27
24
26
25
30
35
27
65
23
17
24
30
20
22
18
28
17
5
82
8
21
23
25
25
27
27
28
31
23
9
14
18
27
22
27
14
19
17
28
16
7
81
7
22
21
23
23
24
24
27
29
25
17
41
18
25
21
31
15
17
16
26
22
65
15
27
29
28
32
29
34
33
40
32
20
21
28
30
34
28
28
23
23
33
23
62
4
16
29
26
32
28
33
31
36
37
32
12
14
30
39
31
30
32
24
23
32
30
6
38
3
16
30
23
29
21
27
22
30
31
35
24
54
25
29
26
30
29
21
18
25
30
12
14
1
12
20
37
28
34
26
30
27
33
37
28
21
43
29
30
34
28
31
29
24
30
29
14
1
8
10
24
45
32
39
28
34
25
33
35
27
24
21
30
33
27
29
35
33
27
31
30
8
16
27
37
32
32
27
29
21
29
29
51
25
49
27
31
22
33
28
31
23
26
28
17
25
34
35
37
31
31
29
25
31
33
49
32
37
33
30
30
30
34
35
24
28
40
27
61
23
37
48
41
49
35
43
29
36
34
39
35
27
32
42
26
28
35
40
30
34
40
24
155
8
18
29
30
36
28
33
29
27
27
28
42
27
37
24
30
21
36
28
31
23
29
30
18
191
19
32
32
40
28
37
30
31
27
29
45
35
16
25
23
21
36
30
34
28
34
32
19
226
18
30
45
37
48
32
45
30
35
33
38
25
28
27
45
20
32
30
38
35
41
31
25
252
22
30
43
40
42
37
42
36
38
39
45
27
21
31
43
28
33
33
40
38
45
33
26
267
15
23
31
46
42
48
40
44
39
37
41
43
33
73
32
34
31
30
34
41
40
46
31
19
200
17
24
32
44
44
44
42
42
40
38
44
41
32
52
35
37
36
30
35
41
41
46
33
23
102
24
21
28
41
42
39
42
37
40
37
43
40
36
30
37
29
39
35
34
39
37
43
31
19
83
45
13
30
36
34
35
33
35
34
36
39
39
31
54
41
31
37
33
37
33
29
37
38
16
73
64
8
27
27
28
26
27
26
29
32
35
31
28
15
37
29
34
27
34
24
19
28
36
9
64
47
9
21
22
28
17
30
16
28
26
28
27
27
30
32
21
30
30
28
20
13
21
23
6
61
3
24
6
23
17
24
8
22
10
19
22
24
27
27
31
32
21
24
36
30
17
8
14
30
7
52
3
19
2
21
16
21
11
19
11
16
19
21
23
26
2
33
19
22
29
30
14
5
12
32
5
44
4
21
6
27
23
31
19
33
19
28
26
30
31
32
37
35
27
31
30
32
22
15
22
29
8
53
9
14
5
22
16
22
7
24
6
20
18
24
34
24
45
25
15
22
34
28
14
8
16
25
6
48
5
4
18
14
18
9
21
10
20
19
21
27
22
19
24
18
21
29
23
11
8
16
23
6
35
1
8
19
28
23
25
27
25
27
28
31
31
27
36
24
28
30
25
26
22
19
28
29
16
37
14
2
8
20
11
19
18
20
19
22
22
27
2
28
9
22
16
31
19
14
12
22
17
10
26
31
10
14
14
18
22
24
24
28
27
33
10
27
17
31
23
27
21
12
15
25
21
34
22
4
15
25
22
31
26
33
24
30
28
34
24
37
24
30
19
32
27
21
22
30
29
5
35
6
9
18
31
28
37
33
41
26
31
31
39
25
38
27
27
19
36
26
29
28
35
28
15
28
18
14
18
37
27
44
33
47
27
35
30
43
16
29
18
41
21
28
18
32
30
36
21
18
25
5
15
11
19
40
29
49
34
48
26
32
27
33
25
25
19
43
19
33
25
31
27
32
25
13
22
9
24
28
32
31
31
34
23
26
26
48
28
60
25
27
22
35
26
26
20
25
31
16
25
13
23
23
28
17
25
21
20
24
24
43
23
24
18
20
18
33
21
23
16
21
25
20
30
5
11
25
33
30
31
30
34
25
33
31
31
28
22
34
24
28
25
28
23
28
27
16
30
18
12
24
35
28
30
26
30
24
31
29
36
22
34
15
34
21
30
18
27
21
27
23
13
24
9
23
32
26
27
28
26
29
32
35
31
24
59
22
33
29
32
24
26
23
29
26
9
21
8
17
28
26
27
28
28
32
33
38
36
18
37
27
30
34
28
24
26
25
32
22
14
30
1
9
17
17
13
16
13
20
23
27
26
11
10
15
15
20
34
16
17
15
22
17
5
28
12
3
15
19
23
21
23
24
24
30
33
29
19
17
27
28
27
27
28
19
18
27
21
5
21
9
9
12
18
12
20
16
19
25
28
20
11
29
18
19
21
23
20
13
11
21
16
21
8
9
15
8
17
10
17
21
26
14
10
35
15
11
21
28
19
11
8
17
18
27
13
21
27
30
27
32
30
32
33
41
32
22
27
32
29
39
29
29
27
23
32
23
18
29
3
9
18
28
27
26
29
25
29
28
34
23
18
31
25
23
30
27
23
25
20
30
20
9
22
11
23
32
31
32
35
30
33
30
33
28
26
24
30
31
29
21
33
28
24
32
30
5
29
17
33
37
42
33
42
33
39
32
38
36
42
25
38
32
35
24
38
36
32
37
35
17
34
19
35
38
40
29
38
30
35
27
34
38
45
30
37
21
32
38
39
37
32
36
35
20
42
15
27
39
35
37
37
37
34
31
33
35
29
7
32
35
30
27
32
34
31
36
32
15
39
6
8
20
26
29
26
29
28
26
24
25
16
22
17
19
24
23
27
23
25
23
27
23
5
33
15
24
34
35
31
35
30
31
26
29
29
30
50
23
20
26
32
26
32
27
31
26
12
32
14
29
37
36
38
36
37
34
35
37
25
36
28
28
34
36
26
30
34
29
34
31
17
35
12
25
24
34
22
33
26
31
30
34
27
30
37
23
26
32
26
23
27
22
28
22
16
34
6
20
16
28
15
28
21
24
29
30
27
19
43
26
26
22
30
24
23
16
24
25
2
32
20
16
24
20
18
23
14
27
23
20
30
24
19
27
13
29
21
18
11
19
23
35
9
23
22
31
24
29
27
24
33
29
28
25
17
14
32
19
25
16
24
17
23
26
10
45
5
21
28
26
31
22
32
19
35
29
15
17
16
20
39
18
28
20
24
18
23
24
4
36
4
18
21
20
17
16
16
10
23
18
30
21
53
16
22
10
30
15
18
10
12
12
6
37
8
19
23
25
21
20
18
15
25
22
40
14
33
16
22
18
30
17
21
14
17
18
12
38
8
17
30
27
31
22
28
16
28
21
26
20
4
16
30
18
25
16
25
18
21
15
10
36
10
19
31
28
27
24
23
19
24
19
33
25
34
20
24
15
22
20
26
20
21
17
10
43
3
9
18
30
27
22
23
16
17
18
14
28
19
57
19
18
12
30
20
25
19
19
16
12
45
9
19
28
30
20
26
16
18
17
13
27
21
31
14
19
10
28
12
26
18
19
13
10
36
19
30
33
36
27
27
27
23
28
24
47
29
30
26
33
21
22
25
32
24
27
28
23
41
24
31
40
42
37
35
35
29
28
29
42
36
32
30
33
29
33
29
37
29
31
28
30
52
5
11
20
27
33
21
28
18
19
12
15
30
27
6
16
10
14
35
17
27
19
20
18
13
41
14
25
34
34
34
27
30
20
20
18
35
19
20
28
17
29
21
31
23
25
27
12
37
19
28
37
37
37
28
36
22
23
24
36
28
40
22
32
23
33
23
35
27
28
21
20
51
11
16
24
27
27
22
17
18
14
15
18
32
21
71
19
